0 0 0
0.860233 -0.363318 0.353553
0.860233 0.360555 0.352136
0.860233 0.363318 -0.353553
0.860233 -0.360555 -0.352136
0.356371 -0.360555 -0.855570
0.356371 -0.863713 -0.352136
0.356371 -0.867179 0.353553
0.356371 -0.363318 0.857904
0.356371 0.360555 0.855570
0.356371 0.863713 0.352136
0.356371 0.867179 -0.353553
0.356371 0.363318 -0.857904
0.000000 0.000000 0.000000
0.860233 -0.363318 0.353553
0.860233 0.360555 0.352136
0.860233 0.363318 -0.353553
0.860233 -0.360555 -0.352136
0.356371 -0.360555 -0.855570
0.356371 -0.863713 -0.352136
0.356371 -0.867179 0.353553
0.356371 -0.363318 0.857904
0.356371 0.360555 0.855570
0.356371 0.863713 0.352136
0.356371 0.867179 -0.353553
0.356371 0.363318 -0.857904
0.000000 0.000000 0.000000
0.860233 -0.363318 0.353553
0.860233 0.360555 0.352136
0.860233 0.363318 -0.353553
0.860233 -0.360555 -0.352136
0.356371 -0.360555 -0.855570
0.356371 -0.863713 -0.352136
0.356371 -0.867179 0.353553
0.356371 -0.363318 0.857904
0.356371 0.360555 0.855570
0.356371 0.863713 0.352136
0.356371 0.867179 -0.353553
0.356371 0.363318 -0.857904
