33 atoms follow (x y z r g b radiusScale)
 -0.015570   0.008730  -0.018080   0.000000   1.000000   0.000000   1.850000
  1.103080  -0.016680  -0.038040   1.000000   1.000000   1.000000   1.200000
 -0.396420   1.067630  -0.011970   1.000000   1.000000   1.000000   1.200000
 -0.429220  -0.561580  -0.887110   1.000000   1.000000   1.000000   1.200000
 -0.456140  -0.660260   1.145400   1.000000   0.000000   0.000000   1.400000
 -0.313070   0.156740   2.500750   0.500000   0.500000   0.500000   1.900000
  1.161520  -0.093780   2.988610   1.000000   0.000000   0.000000   1.400000
 -1.226660  -0.599680   3.522810   1.000000   0.000000   0.000000   1.400000
 -0.598810   1.605330   2.339310   1.000000   0.000000   0.000000   1.400000
 -1.200870   3.453050   1.968430   1.000000   1.000000   0.000000   1.850000
 -0.067970   3.887310   2.708200   1.000000   0.000000   0.000000   1.400000
 -2.433750   3.163560   2.547820   1.000000   0.000000   0.000000   1.400000
 -0.870180   3.173930   0.610270   1.000000   0.000000   0.000000   1.400000
 -1.530750   5.148040   1.494810   1.000000   0.000000   0.000000   1.400000
 -2.826160   5.463800   1.120790   0.000000   1.000000   0.000000   1.850000
 -2.986410   5.204700   0.039460   1.000000   1.000000   1.000000   1.200000
 -2.983020   6.564840   1.260140   1.000000   1.000000   1.000000   1.200000
 -3.577590   4.910500   1.743520   1.000000   1.000000   1.000000   1.200000
  0.982850   5.307410   0.520970   0.000000   0.000000   1.000000   1.540000
  0.849210   5.190790   1.556720   1.000000   1.000000   1.000000   1.200000
  0.764220   6.267750   0.261270   1.000000   1.000000   1.000000   1.200000
  0.264020   4.664600   0.094960   1.000000   1.000000   1.000000   1.200000
  1.914540   5.053730   0.240110   1.000000   1.000000   1.000000   1.200000
  1.594620   2.270030   4.688910   0.000000   0.000000   1.000000   1.540000
  1.533450   0.534110   3.626620   1.000000   1.000000   1.000000   1.200000
  1.100830   2.885730   4.066960   1.000000   1.000000   1.000000   1.200000
  2.527350   2.603740   4.807690   1.000000   1.000000   1.000000   1.200000
  1.140550   2.273110   5.577790   1.000000   1.000000   1.000000   1.200000
 -3.625780   0.926290   3.788810   0.000000   0.000000   1.000000   1.540000
 -2.130490  -0.267790   3.691180   1.000000   1.000000   1.000000   1.200000
 -3.865270   1.201600   2.856030   1.000000   1.000000   1.000000   1.200000
 -3.216530   1.726590   4.233330   1.000000   1.000000   1.000000   1.200000
 -4.457730   0.670530   4.277010   1.000000   1.000000   1.000000   1.200000
28 bonds follow (x1 y1 z1 x2 y2 z2)
 -3.625780   0.926290   3.788810  -4.457730   0.670530   4.277010
 -3.625780   0.926290   3.788810  -3.216530   1.726590   4.233330
 -3.625780   0.926290   3.788810  -3.865270   1.201600   2.856030
 -1.226660  -0.599680   3.522810  -2.130490  -0.267790   3.691180
  1.594620   2.270030   4.688910   1.140550   2.273110   5.577790
  1.594620   2.270030   4.688910   2.527350   2.603740   4.807690
  1.594620   2.270030   4.688910   1.100830   2.885730   4.066960
  1.161520  -0.093780   2.988610   1.533450   0.534110   3.626620
  0.982850   5.307410   0.520970   1.914540   5.053730   0.240110
  0.982850   5.307410   0.520970   0.264020   4.664600   0.094960
  0.982850   5.307410   0.520970   0.764220   6.267750   0.261270
  0.982850   5.307410   0.520970   0.849210   5.190790   1.556720
 -2.826160   5.463800   1.120790  -3.577590   4.910500   1.743520
 -2.826160   5.463800   1.120790  -2.983020   6.564840   1.260140
 -2.826160   5.463800   1.120790  -2.986410   5.204700   0.039460
 -1.530750   5.148040   1.494810  -2.826160   5.463800   1.120790
 -1.200870   3.453050   1.968430  -1.530750   5.148040   1.494810
 -1.200870   3.453050   1.968430  -0.870180   3.173930   0.610270
 -1.200870   3.453050   1.968430  -2.433750   3.163560   2.547820
 -1.200870   3.453050   1.968430  -0.067970   3.887310   2.708200
 -0.313070   0.156740   2.500750  -0.598810   1.605330   2.339310
 -0.313070   0.156740   2.500750  -1.226660  -0.599680   3.522810
 -0.313070   0.156740   2.500750   1.161520  -0.093780   2.988610
 -0.456140  -0.660260   1.145400  -0.313070   0.156740   2.500750
 -0.015570   0.008730  -0.018080  -0.456140  -0.660260   1.145400
 -0.015570   0.008730  -0.018080  -0.429220  -0.561580  -0.887110
 -0.015570   0.008730  -0.018080  -0.396420   1.067630  -0.011970
 -0.015570   0.008730  -0.018080   1.103080  -0.016680  -0.038040
