33 atoms follow (x y z r g b radiusScale)
 -0.553080  -0.145970  -0.032330   0.000000   1.000000   0.000000   1.850000
  0.242740  -0.392500  -0.782070   1.000000   1.000000   1.000000   1.200000
 -0.679780   0.967660   0.065080   1.000000   1.000000   1.000000   1.200000
 -1.511650  -0.632370  -0.352970   1.000000   1.000000   1.000000   1.200000
 -0.159960  -0.715120   1.199310   1.000000   0.000000   0.000000   1.400000
 -0.170400   0.180830   2.515170   0.500000   0.500000   0.500000   1.900000
  1.286140   0.059640   3.083070   1.000000   0.000000   0.000000   1.400000
 -1.079480  -0.612750   3.515280   1.000000   0.000000   0.000000   1.400000
 -0.593420   1.586910   2.316800   1.000000   0.000000   0.000000   1.400000
 -1.184970   3.421240   1.859220   1.000000   1.000000   0.000000   1.850000
 -0.087110   3.940610   2.611000   1.000000   0.000000   0.000000   1.400000
 -2.406150   3.075040   2.425570   1.000000   0.000000   0.000000   1.400000
 -0.787140   3.096810   0.532250   1.000000   0.000000   0.000000   1.400000
 -1.565510   5.068470   1.296400   1.000000   0.000000   0.000000   1.400000
 -2.486220   5.880440   1.919920   0.000000   1.000000   0.000000   1.850000
 -3.397750   5.296650   2.213920   1.000000   1.000000   1.000000   1.200000
 -2.783170   6.694870   1.207660   1.000000   1.000000   1.000000   1.200000
 -2.036280   6.345050   2.838570   1.000000   1.000000   1.000000   1.200000
  0.878120   5.194820   0.319340   0.000000   0.000000   1.000000   1.540000
  0.842710   5.225130   1.356600   1.000000   1.000000   1.000000   1.200000
  1.622510   5.753580  -0.063310   1.000000   1.000000   1.000000   1.200000
 -0.057210   5.495310  -0.002020   1.000000   1.000000   1.000000   1.200000
  0.952770   4.188660   0.058390   1.000000   1.000000   1.000000   1.200000
  1.108760   2.401730   4.969150   0.000000   0.000000   1.000000   1.540000
  1.548800   0.656350   3.795330   1.000000   1.000000   1.000000   1.200000
  0.835270   3.039050   4.241670   1.000000   1.000000   1.000000   1.200000
  1.844840   2.812150   5.503120   1.000000   1.000000   1.000000   1.200000
  0.329060   2.246100   5.573290   1.000000   1.000000   1.000000   1.200000
 -3.701380   0.805010   3.513350   0.000000   0.000000   1.000000   1.540000
 -1.995910  -0.315040   3.641410   1.000000   1.000000   1.000000   1.200000
 -4.003370   0.969590   2.574810   1.000000   1.000000   1.000000   1.200000
 -3.390170   1.682900   3.885260   1.000000   1.000000   1.000000   1.200000
 -4.474330   0.471160   4.049610   1.000000   1.000000   1.000000   1.200000
28 bonds follow (x1 y1 z1 x2 y2 z2)
 -3.701380   0.805010   3.513350  -4.474330   0.471160   4.049610
 -3.701380   0.805010   3.513350  -3.390170   1.682900   3.885260
 -3.701380   0.805010   3.513350  -4.003370   0.969590   2.574810
 -1.079480  -0.612750   3.515280  -1.995910  -0.315040   3.641410
  1.108760   2.401730   4.969150   0.329060   2.246100   5.573290
  1.108760   2.401730   4.969150   1.844840   2.812150   5.503120
  1.108760   2.401730   4.969150   0.835270   3.039050   4.241670
  1.286140   0.059640   3.083070   1.548800   0.656350   3.795330
  0.878120   5.194820   0.319340   0.952770   4.188660   0.058390
  0.878120   5.194820   0.319340  -0.057210   5.495310  -0.002020
  0.878120   5.194820   0.319340   1.622510   5.753580  -0.063310
  0.878120   5.194820   0.319340   0.842710   5.225130   1.356600
 -2.486220   5.880440   1.919920  -2.036280   6.345050   2.838570
 -2.486220   5.880440   1.919920  -2.783170   6.694870   1.207660
 -2.486220   5.880440   1.919920  -3.397750   5.296650   2.213920
 -1.565510   5.068470   1.296400  -2.486220   5.880440   1.919920
 -1.184970   3.421240   1.859220  -1.565510   5.068470   1.296400
 -1.184970   3.421240   1.859220  -0.787140   3.096810   0.532250
 -1.184970   3.421240   1.859220  -2.406150   3.075040   2.425570
 -1.184970   3.421240   1.859220  -0.087110   3.940610   2.611000
 -0.170400   0.180830   2.515170  -0.593420   1.586910   2.316800
 -0.170400   0.180830   2.515170  -1.079480  -0.612750   3.515280
 -0.170400   0.180830   2.515170   1.286140   0.059640   3.083070
 -0.159960  -0.715120   1.199310  -0.170400   0.180830   2.515170
 -0.553080  -0.145970  -0.032330  -0.159960  -0.715120   1.199310
 -0.553080  -0.145970  -0.032330  -1.511650  -0.632370  -0.352970
 -0.553080  -0.145970  -0.032330  -0.679780   0.967660   0.065080
 -0.553080  -0.145970  -0.032330   0.242740  -0.392500  -0.782070
