33 atoms follow (x y z r g b radiusScale)
 -0.356230  -0.202120  -0.042470   0.000000   1.000000   0.000000   1.850000
  0.590310  -0.399150  -0.611080   1.000000   1.000000   1.000000   1.200000
 -0.552120   0.902050   0.040720   1.000000   1.000000   1.000000   1.200000
 -1.204580  -0.717850  -0.564130   1.000000   1.000000   1.000000   1.200000
 -0.228480  -0.794220   1.235360   1.000000   0.000000   0.000000   1.400000
 -0.232150   0.147940   2.517620   0.500000   0.500000   0.500000   1.900000
  1.223740   0.097140   3.103410   1.000000   0.000000   0.000000   1.400000
 -1.167250  -0.530450   3.576580   1.000000   0.000000   0.000000   1.400000
 -0.617700   1.547330   2.217200   1.000000   0.000000   0.000000   1.400000
 -1.189690   3.394150   1.777990   1.000000   1.000000   0.000000   1.850000
 -0.132310   3.841920   2.621420   1.000000   0.000000   0.000000   1.400000
 -2.431170   3.018150   2.263650   1.000000   0.000000   0.000000   1.400000
 -0.748210   3.148100   0.457380   1.000000   0.000000   0.000000   1.400000
 -1.586580   5.098660   1.368410   1.000000   0.000000   0.000000   1.400000
 -2.684920   5.782010   1.851540   0.000000   1.000000   0.000000   1.850000
 -3.608150   5.472480   1.295370   1.000000   1.000000   1.000000   1.200000
 -2.514630   6.881230   1.701480   1.000000   1.000000   1.000000   1.200000
 -2.832590   5.575670   2.944040   1.000000   1.000000   1.000000   1.200000
  0.954440   5.302320   0.606050   0.000000   0.000000   1.000000   1.540000
  1.482220   4.537600   1.046430   1.000000   1.000000   1.000000   1.200000
  1.552740   6.058280   0.312790   1.000000   1.000000   1.000000   1.200000
  0.256180   5.619360   1.315560   1.000000   1.000000   1.000000   1.200000
  0.406610   4.902440  -0.162260   1.000000   1.000000   1.000000   1.200000
  1.373370   2.428420   4.832010   0.000000   0.000000   1.000000   1.540000
  1.496460   0.805750   3.707320   1.000000   1.000000   1.000000   1.200000
  0.897500   2.962680   4.126690   1.000000   1.000000   1.000000   1.200000
  2.299740   2.783680   4.939660   1.000000   1.000000   1.000000   1.200000
  0.888950   2.533960   5.697980   1.000000   1.000000   1.000000   1.200000
 -3.672480   0.951640   3.717360   0.000000   0.000000   1.000000   1.540000
 -2.041910  -0.147910   3.768120   1.000000   1.000000   1.000000   1.200000
 -3.696040   1.153120   2.734710   1.000000   1.000000   1.000000   1.200000
 -3.316250   1.771210   4.170930   1.000000   1.000000   1.000000   1.200000
 -4.606180   0.792250   4.032600   1.000000   1.000000   1.000000   1.200000
28 bonds follow (x1 y1 z1 x2 y2 z2)
 -3.672480   0.951640   3.717360  -4.606180   0.792250   4.032600
 -3.672480   0.951640   3.717360  -3.316250   1.771210   4.170930
 -3.672480   0.951640   3.717360  -3.696040   1.153120   2.734710
 -1.167250  -0.530450   3.576580  -2.041910  -0.147910   3.768120
  1.373370   2.428420   4.832010   0.888950   2.533960   5.697980
  1.373370   2.428420   4.832010   2.299740   2.783680   4.939660
  1.373370   2.428420   4.832010   0.897500   2.962680   4.126690
  1.223740   0.097140   3.103410   1.496460   0.805750   3.707320
  0.954440   5.302320   0.606050   0.406610   4.902440  -0.162260
  0.954440   5.302320   0.606050   0.256180   5.619360   1.315560
  0.954440   5.302320   0.606050   1.552740   6.058280   0.312790
  0.954440   5.302320   0.606050   1.482220   4.537600   1.046430
 -2.684920   5.782010   1.851540  -2.832590   5.575670   2.944040
 -2.684920   5.782010   1.851540  -2.514630   6.881230   1.701480
 -2.684920   5.782010   1.851540  -3.608150   5.472480   1.295370
 -1.586580   5.098660   1.368410  -2.684920   5.782010   1.851540
 -1.189690   3.394150   1.777990  -1.586580   5.098660   1.368410
 -1.189690   3.394150   1.777990  -0.748210   3.148100   0.457380
 -1.189690   3.394150   1.777990  -2.431170   3.018150   2.263650
 -1.189690   3.394150   1.777990  -0.132310   3.841920   2.621420
 -0.232150   0.147940   2.517620  -0.617700   1.547330   2.217200
 -0.232150   0.147940   2.517620  -1.167250  -0.530450   3.576580
 -0.232150   0.147940   2.517620   1.223740   0.097140   3.103410
 -0.228480  -0.794220   1.235360  -0.232150   0.147940   2.517620
 -0.356230  -0.202120  -0.042470  -0.228480  -0.794220   1.235360
 -0.356230  -0.202120  -0.042470  -1.204580  -0.717850  -0.564130
 -0.356230  -0.202120  -0.042470  -0.552120   0.902050   0.040720
 -0.356230  -0.202120  -0.042470   0.590310  -0.399150  -0.611080
