33 atoms follow (x y z r g b radiusScale)
 -0.387710  -0.045910  -0.034750   0.000000   1.000000   0.000000   1.850000
  0.577760  -0.192650  -0.586130   1.000000   1.000000   1.000000   1.200000
 -0.617700   1.046390   0.099650   1.000000   1.000000   1.000000   1.200000
 -1.210580  -0.551540  -0.604500   1.000000   1.000000   1.000000   1.200000
 -0.287560  -0.707090   1.209330   1.000000   0.000000   0.000000   1.400000
 -0.173130   0.168190   2.522130   0.500000   0.500000   0.500000   1.900000
  1.295250  -0.038480   3.073820   1.000000   0.000000   0.000000   1.400000
 -1.001630  -0.642830   3.583170   1.000000   0.000000   0.000000   1.400000
 -0.657590   1.545260   2.284940   1.000000   0.000000   0.000000   1.400000
 -1.180930   3.440290   1.868180   1.000000   1.000000   0.000000   1.850000
  0.032160   3.814650   2.493770   1.000000   0.000000   0.000000   1.400000
 -2.363910   3.205990   2.545450   1.000000   0.000000   0.000000   1.400000
 -0.930880   3.103470   0.508750   1.000000   0.000000   0.000000   1.400000
 -1.527700   5.134430   1.383580   1.000000   0.000000   0.000000   1.400000
 -2.563740   5.911880   1.863610   0.000000   1.000000   0.000000   1.850000
 -3.090510   5.405270   2.713670   1.000000   1.000000   1.000000   1.200000
 -3.299700   6.105660   1.038940   1.000000   1.000000   1.000000   1.200000
 -2.150190   6.893800   2.218860   1.000000   1.000000   1.000000   1.200000
  0.859710   5.117970   0.316890   0.000000   0.000000   1.000000   1.540000
  1.419720   4.405640   0.782260   1.000000   1.000000   1.000000   1.200000
  1.408180   5.711690  -0.283530   1.000000   1.000000   1.000000   1.200000
  0.376710   5.650910   1.064960   1.000000   1.000000   1.000000   1.200000
  0.090920   4.623390  -0.201850   1.000000   1.000000   1.000000   1.200000
  1.025390   2.519880   5.017720   0.000000   0.000000   1.000000   1.540000
  1.429290   0.118940   4.010890   1.000000   1.000000   1.000000   1.200000
  0.999030   2.955200   4.113550   1.000000   1.000000   1.000000   1.200000
  1.687370   3.011480   5.581860   1.000000   1.000000   1.000000   1.200000
  0.124850   2.621220   5.439990   1.000000   1.000000   1.000000   1.200000
 -3.648810   0.738740   3.414140   0.000000   0.000000   1.000000   1.540000
 -1.960080  -0.534840   3.619400   1.000000   1.000000   1.000000   1.200000
 -3.641650   1.037860   2.457650   1.000000   1.000000   1.000000   1.200000
 -3.277830   1.497740   3.955270   1.000000   1.000000   1.000000   1.200000
 -4.597610   0.587300   3.688150   1.000000   1.000000   1.000000   1.200000
28 bonds follow (x1 y1 z1 x2 y2 z2)
 -3.648810   0.738740   3.414140  -4.597610   0.587300   3.688150
 -3.648810   0.738740   3.414140  -3.277830   1.497740   3.955270
 -3.648810   0.738740   3.414140  -3.641650   1.037860   2.457650
 -1.001630  -0.642830   3.583170  -1.960080  -0.534840   3.619400
  1.025390   2.519880   5.017720   0.124850   2.621220   5.439990
  1.025390   2.519880   5.017720   1.687370   3.011480   5.581860
  1.025390   2.519880   5.017720   0.999030   2.955200   4.113550
  1.295250  -0.038480   3.073820   1.429290   0.118940   4.010890
  0.859710   5.117970   0.316890   0.090920   4.623390  -0.201850
  0.859710   5.117970   0.316890   0.376710   5.650910   1.064960
  0.859710   5.117970   0.316890   1.408180   5.711690  -0.283530
  0.859710   5.117970   0.316890   1.419720   4.405640   0.782260
 -2.563740   5.911880   1.863610  -2.150190   6.893800   2.218860
 -2.563740   5.911880   1.863610  -3.299700   6.105660   1.038940
 -2.563740   5.911880   1.863610  -3.090510   5.405270   2.713670
 -1.527700   5.134430   1.383580  -2.563740   5.911880   1.863610
 -1.180930   3.440290   1.868180  -1.527700   5.134430   1.383580
 -1.180930   3.440290   1.868180  -0.930880   3.103470   0.508750
 -1.180930   3.440290   1.868180  -2.363910   3.205990   2.545450
 -1.180930   3.440290   1.868180   0.032160   3.814650   2.493770
 -0.173130   0.168190   2.522130  -0.657590   1.545260   2.284940
 -0.173130   0.168190   2.522130  -1.001630  -0.642830   3.583170
 -0.173130   0.168190   2.522130   1.295250  -0.038480   3.073820
 -0.287560  -0.707090   1.209330  -0.173130   0.168190   2.522130
 -0.387710  -0.045910  -0.034750  -0.287560  -0.707090   1.209330
 -0.387710  -0.045910  -0.034750  -1.210580  -0.551540  -0.604500
 -0.387710  -0.045910  -0.034750  -0.617700   1.046390   0.099650
 -0.387710  -0.045910  -0.034750   0.577760  -0.192650  -0.586130
