33 atoms follow (x y z r g b radiusScale)
  0.253420  -0.173210   0.062230   0.000000   1.000000   0.000000   1.850000
  1.355330  -0.275680   0.228780   1.000000   1.000000   1.000000   1.200000
 -0.055230   0.906150   0.023800   1.000000   1.000000   1.000000   1.200000
 -0.060670  -0.706730  -0.868710   1.000000   1.000000   1.000000   1.200000
 -0.411690  -0.808940   1.140910   1.000000   0.000000   0.000000   1.400000
 -0.292330  -0.011960   2.503770   0.500000   0.500000   0.500000   1.900000
  1.205210  -0.143400   2.950580   1.000000   0.000000   0.000000   1.400000
 -1.242510  -0.682420   3.534920   1.000000   0.000000   0.000000   1.400000
 -0.665440   1.442040   2.369740   1.000000   0.000000   0.000000   1.400000
 -1.141460   3.208040   2.154110   1.000000   1.000000   0.000000   1.850000
 -0.287150   3.737750   3.088310   1.000000   0.000000   0.000000   1.400000
 -2.454700   2.970500   2.501390   1.000000   0.000000   0.000000   1.400000
 -0.832750   3.287620   0.820570   1.000000   0.000000   0.000000   1.400000
 -2.326040   6.184500   1.494950   1.000000   0.000000   0.000000   1.400000
 -3.584620   6.135440   0.881420   0.000000   1.000000   0.000000   1.850000
 -3.608470   6.844610   0.016780   1.000000   1.000000   1.000000   1.200000
 -4.398580   6.411820   1.588840   1.000000   1.000000   1.000000   1.200000
 -3.753270   5.089820   0.527070   1.000000   1.000000   1.000000   1.200000
  2.222520   5.337250  -0.141090   0.000000   0.000000   1.000000   1.540000
  2.263130   6.027430   0.578300   1.000000   1.000000   1.000000   1.200000
 -2.023280   7.192010   1.744450   1.000000   1.000000   1.000000   1.200000
  2.198440   5.789450  -1.028640   1.000000   1.000000   1.000000   1.200000
  1.385870   4.808010  -0.022390   1.000000   1.000000   1.000000   1.200000
  1.821240   2.202910   4.511660   0.000000   0.000000   1.000000   1.540000
  1.599730   0.531340   3.539860   1.000000   1.000000   1.000000   1.200000
  1.554880   2.925530   3.867580   1.000000   1.000000   1.000000   1.200000
  2.774200   2.335810   4.777980   1.000000   1.000000   1.000000   1.200000
  1.246250   2.277970   5.324740   1.000000   1.000000   1.000000   1.200000
 -3.678980   0.836870   3.839410   0.000000   0.000000   1.000000   1.540000
 -2.120490  -0.263820   3.690670   1.000000   1.000000   1.000000   1.200000
 -3.809630   1.355320   2.990800   1.000000   1.000000   1.000000   1.200000
 -3.456690   1.487990   4.564620   1.000000   1.000000   1.000000   1.200000
 -4.526200   0.364880   4.074190   1.000000   1.000000   1.000000   1.200000
28 bonds follow (x1 y1 z1 x2 y2 z2)
 -3.678980   0.836870   3.839410  -4.526200   0.364880   4.074190
 -3.678980   0.836870   3.839410  -3.456690   1.487990   4.564620
 -3.678980   0.836870   3.839410  -3.809630   1.355320   2.990800
 -1.242510  -0.682420   3.534920  -2.120490  -0.263820   3.690670
  1.821240   2.202910   4.511660   1.246250   2.277970   5.324740
  1.821240   2.202910   4.511660   2.774200   2.335810   4.777980
  1.821240   2.202910   4.511660   1.554880   2.925530   3.867580
  1.205210  -0.143400   2.950580   1.599730   0.531340   3.539860
  2.222520   5.337250  -0.141090   1.385870   4.808010  -0.022390
  2.222520   5.337250  -0.141090   2.198440   5.789450  -1.028640
 -2.326040   6.184500   1.494950  -2.023280   7.192010   1.744450
  2.222520   5.337250  -0.141090   2.263130   6.027430   0.578300
 -3.584620   6.135440   0.881420  -3.753270   5.089820   0.527070
 -3.584620   6.135440   0.881420  -4.398580   6.411820   1.588840
 -3.584620   6.135440   0.881420  -3.608470   6.844610   0.016780
 -2.326040   6.184500   1.494950  -3.584620   6.135440   0.881420
 -1.141460   3.208040   2.154110  -0.832750   3.287620   0.820570
 -1.141460   3.208040   2.154110  -2.454700   2.970500   2.501390
 -1.141460   3.208040   2.154110  -0.287150   3.737750   3.088310
 -0.665440   1.442040   2.369740  -1.141460   3.208040   2.154110
 -0.292330  -0.011960   2.503770  -0.665440   1.442040   2.369740
 -0.292330  -0.011960   2.503770  -1.242510  -0.682420   3.534920
 -0.292330  -0.011960   2.503770   1.205210  -0.143400   2.950580
 -0.411690  -0.808940   1.140910  -0.292330  -0.011960   2.503770
  0.253420  -0.173210   0.062230  -0.411690  -0.808940   1.140910
  0.253420  -0.173210   0.062230  -0.060670  -0.706730  -0.868710
  0.253420  -0.173210   0.062230  -0.055230   0.906150   0.023800
  0.253420  -0.173210   0.062230   1.355330  -0.275680   0.228780
