33 atoms follow (x y z r g b radiusScale)
 -0.231980  -0.212830  -0.049780   0.000000   1.000000   0.000000   1.850000
  0.762270  -0.454620  -0.508550   1.000000   1.000000   1.000000   1.200000
 -0.397410   0.898370   0.016980   1.000000   1.000000   1.000000   1.200000
 -1.039640  -0.690450  -0.663530   1.000000   1.000000   1.000000   1.200000
 -0.286540  -0.803210   1.232200   1.000000   0.000000   0.000000   1.400000
 -0.211100   0.145000   2.504180   0.500000   0.500000   0.500000   1.900000
  1.297740   0.121370   2.968240   1.000000   0.000000   0.000000   1.400000
 -1.120890  -0.575540   3.562990   1.000000   0.000000   0.000000   1.400000
 -0.720860   1.510320   2.230040   1.000000   0.000000   0.000000   1.400000
 -1.129370   3.430060   1.932940   1.000000   1.000000   0.000000   1.850000
  0.112400   3.752810   2.536640   1.000000   0.000000   0.000000   1.400000
 -2.302460   3.224090   2.642670   1.000000   0.000000   0.000000   1.400000
 -0.932700   3.138430   0.559060   1.000000   0.000000   0.000000   1.400000
 -1.449330   5.168340   1.574350   1.000000   0.000000   0.000000   1.400000
 -2.678160   5.746780   1.849430   0.000000   1.000000   0.000000   1.850000
 -3.038230   5.447690   2.868600   1.000000   1.000000   1.000000   1.200000
 -3.436420   5.424700   1.087230   1.000000   1.000000   1.000000   1.200000
 -2.565920   6.861910   1.809770   1.000000   1.000000   1.000000   1.200000
  0.823900   5.172900   0.245210   0.000000   0.000000   1.000000   1.540000
  1.035450   5.069100   1.249640   1.000000   1.000000   1.000000   1.200000
  1.560370   5.651090  -0.254820   1.000000   1.000000   1.000000   1.200000
 -0.077030   5.666660   0.196160   1.000000   1.000000   1.000000   1.200000
  0.639780   4.211500  -0.120380   1.000000   1.000000   1.000000   1.200000
  0.959230   2.510600   4.873020   0.000000   0.000000   1.000000   1.540000
  1.569550   0.757990   3.638290   1.000000   1.000000   1.000000   1.200000
  1.400410   3.096210   4.187870   1.000000   1.000000   1.000000   1.200000
  1.258150   2.798050   5.781420   1.000000   1.000000   1.000000   1.200000
 -0.027230   2.670580   4.801370   1.000000   1.000000   1.000000   1.200000
 -3.647180   0.892930   3.397560   0.000000   0.000000   1.000000   1.540000
 -2.045540  -0.280630   3.643460   1.000000   1.000000   1.000000   1.200000
 -3.461030   1.177630   2.453970   1.000000   1.000000   1.000000   1.200000
 -3.435170   1.681780   3.979710   1.000000   1.000000   1.000000   1.200000
 -4.621680   0.688940   3.475450   1.000000   1.000000   1.000000   1.200000
28 bonds follow (x1 y1 z1 x2 y2 z2)
 -3.647180   0.892930   3.397560  -4.621680   0.688940   3.475450
 -3.647180   0.892930   3.397560  -3.435170   1.681780   3.979710
 -3.647180   0.892930   3.397560  -3.461030   1.177630   2.453970
 -1.120890  -0.575540   3.562990  -2.045540  -0.280630   3.643460
  0.959230   2.510600   4.873020  -0.027230   2.670580   4.801370
  0.959230   2.510600   4.873020   1.258150   2.798050   5.781420
  0.959230   2.510600   4.873020   1.400410   3.096210   4.187870
  1.297740   0.121370   2.968240   1.569550   0.757990   3.638290
  0.823900   5.172900   0.245210   0.639780   4.211500  -0.120380
  0.823900   5.172900   0.245210  -0.077030   5.666660   0.196160
  0.823900   5.172900   0.245210   1.560370   5.651090  -0.254820
  0.823900   5.172900   0.245210   1.035450   5.069100   1.249640
 -2.678160   5.746780   1.849430  -2.565920   6.861910   1.809770
 -2.678160   5.746780   1.849430  -3.436420   5.424700   1.087230
 -2.678160   5.746780   1.849430  -3.038230   5.447690   2.868600
 -1.449330   5.168340   1.574350  -2.678160   5.746780   1.849430
 -1.129370   3.430060   1.932940  -1.449330   5.168340   1.574350
 -1.129370   3.430060   1.932940  -0.932700   3.138430   0.559060
 -1.129370   3.430060   1.932940  -2.302460   3.224090   2.642670
 -1.129370   3.430060   1.932940   0.112400   3.752810   2.536640
 -0.211100   0.145000   2.504180  -0.720860   1.510320   2.230040
 -0.211100   0.145000   2.504180  -1.120890  -0.575540   3.562990
 -0.211100   0.145000   2.504180   1.297740   0.121370   2.968240
 -0.286540  -0.803210   1.232200  -0.211100   0.145000   2.504180
 -0.231980  -0.212830  -0.049780  -0.286540  -0.803210   1.232200
 -0.231980  -0.212830  -0.049780  -1.039640  -0.690450  -0.663530
 -0.231980  -0.212830  -0.049780  -0.397410   0.898370   0.016980
 -0.231980  -0.212830  -0.049780   0.762270  -0.454620  -0.508550
