33 atoms follow (x y z r g b radiusScale)
  0.083750  -0.149000   0.028480   0.000000   1.000000   0.000000   1.850000
  1.196110  -0.060400   0.111280   1.000000   1.000000   1.000000   1.200000
 -0.394230   0.863030  -0.056220   1.000000   1.000000   1.000000   1.200000
 -0.196120  -0.802510  -0.835370   1.000000   1.000000   1.000000   1.200000
 -0.400200  -0.795380   1.189660   1.000000   0.000000   0.000000   1.400000
 -0.308690   0.024990   2.536120   0.500000   0.500000   0.500000   1.900000
  1.140510  -0.166230   3.075460   1.000000   0.000000   0.000000   1.400000
 -1.238500  -0.711910   3.542500   1.000000   0.000000   0.000000   1.400000
 -0.635050   1.483310   2.325340   1.000000   0.000000   0.000000   1.400000
 -1.125110   3.223750   2.064920   1.000000   1.000000   0.000000   1.850000
 -0.136210   3.779400   2.825280   1.000000   0.000000   0.000000   1.400000
 -2.413020   3.124560   2.558220   1.000000   0.000000   0.000000   1.400000
 -0.907480   3.281240   0.715940   1.000000   0.000000   0.000000   1.400000
 -2.145590   5.905440   1.641810   1.000000   0.000000   0.000000   1.400000
 -3.282390   5.967180   0.820800   0.000000   1.000000   0.000000   1.850000
 -2.969030   6.037850  -0.254890   1.000000   1.000000   1.000000   1.200000
 -3.919560   6.845460   1.085870   1.000000   1.000000   1.000000   1.200000
 -3.864360   5.022640   0.956710   1.000000   1.000000   1.000000   1.200000
  1.825430   5.603780   0.012480   0.000000   0.000000   1.000000   1.540000
  1.746510   6.088560   0.882010   1.000000   1.000000   1.000000   1.200000
 -1.500890   6.766810   1.578640   1.000000   1.000000   1.000000   1.200000
  1.094100   5.918410  -0.589470   1.000000   1.000000   1.000000   1.200000
  1.704200   4.627450   0.170930   1.000000   1.000000   1.000000   1.200000
  1.695320   2.126680   4.604250   0.000000   0.000000   1.000000   1.540000
  1.545330   0.526800   3.637670   1.000000   1.000000   1.000000   1.200000
  1.422350   2.829310   3.939160   1.000000   1.000000   1.000000   1.200000
  2.671830   2.215240   4.793720   1.000000   1.000000   1.000000   1.200000
  1.189830   2.275650   5.452050   1.000000   1.000000   1.000000   1.200000
 -3.561880   0.830280   3.804290   0.000000   0.000000   1.000000   1.540000
 -2.150350  -0.378760   3.699830   1.000000   1.000000   1.000000   1.200000
 -3.820930   1.198670   2.909210   1.000000   1.000000   1.000000   1.200000
 -3.207560   1.593690   4.347930   1.000000   1.000000   1.000000   1.200000
 -4.369620   0.453580   4.253760   1.000000   1.000000   1.000000   1.200000
28 bonds follow (x1 y1 z1 x2 y2 z2)
 -3.561880   0.830280   3.804290  -4.369620   0.453580   4.253760
 -3.561880   0.830280   3.804290  -3.207560   1.593690   4.347930
 -3.561880   0.830280   3.804290  -3.820930   1.198670   2.909210
 -1.238500  -0.711910   3.542500  -2.150350  -0.378760   3.699830
  1.695320   2.126680   4.604250   1.189830   2.275650   5.452050
  1.695320   2.126680   4.604250   2.671830   2.215240   4.793720
  1.695320   2.126680   4.604250   1.422350   2.829310   3.939160
  1.140510  -0.166230   3.075460   1.545330   0.526800   3.637670
  1.825430   5.603780   0.012480   1.704200   4.627450   0.170930
  1.825430   5.603780   0.012480   1.094100   5.918410  -0.589470
 -2.145590   5.905440   1.641810  -1.500890   6.766810   1.578640
  1.825430   5.603780   0.012480   1.746510   6.088560   0.882010
 -3.282390   5.967180   0.820800  -3.864360   5.022640   0.956710
 -3.282390   5.967180   0.820800  -3.919560   6.845460   1.085870
 -3.282390   5.967180   0.820800  -2.969030   6.037850  -0.254890
 -2.145590   5.905440   1.641810  -3.282390   5.967180   0.820800
 -1.125110   3.223750   2.064920  -0.907480   3.281240   0.715940
 -1.125110   3.223750   2.064920  -2.413020   3.124560   2.558220
 -1.125110   3.223750   2.064920  -0.136210   3.779400   2.825280
 -0.635050   1.483310   2.325340  -1.125110   3.223750   2.064920
 -0.308690   0.024990   2.536120  -0.635050   1.483310   2.325340
 -0.308690   0.024990   2.536120  -1.238500  -0.711910   3.542500
 -0.308690   0.024990   2.536120   1.140510  -0.166230   3.075460
 -0.400200  -0.795380   1.189660  -0.308690   0.024990   2.536120
  0.083750  -0.149000   0.028480  -0.400200  -0.795380   1.189660
  0.083750  -0.149000   0.028480  -0.196120  -0.802510  -0.835370
  0.083750  -0.149000   0.028480  -0.394230   0.863030  -0.056220
  0.083750  -0.149000   0.028480   1.196110  -0.060400   0.111280
