33 atoms follow (x y z r g b radiusScale)
  0.332920  -0.167320   0.058360   0.000000   1.000000   0.000000   1.850000
  1.425420  -0.282120   0.270080   1.000000   1.000000   1.000000   1.200000
  0.052380   0.912340  -0.055210   1.000000   1.000000   1.000000   1.200000
  0.040120  -0.757940  -0.845660   1.000000   1.000000   1.000000   1.200000
 -0.398200  -0.715860   1.139310   1.000000   0.000000   0.000000   1.400000
 -0.292590   0.010410   2.538110   0.500000   0.500000   0.500000   1.900000
  1.191950  -0.145390   2.956160   1.000000   0.000000   0.000000   1.400000
 -1.216460  -0.762740   3.541450   1.000000   0.000000   0.000000   1.400000
 -0.668160   1.463890   2.399480   1.000000   0.000000   0.000000   1.400000
 -1.180200   3.201980   2.173810   1.000000   1.000000   0.000000   1.850000
 -0.373430   3.690260   3.179130   1.000000   0.000000   0.000000   1.400000
 -2.526220   3.075130   2.423220   1.000000   0.000000   0.000000   1.400000
 -0.687140   3.307020   0.894940   1.000000   0.000000   0.000000   1.400000
 -2.407450   6.353890   1.433350   1.000000   0.000000   0.000000   1.400000
 -3.707780   6.199610   0.929590   0.000000   1.000000   0.000000   1.850000
 -3.982750   7.025640   0.235230   1.000000   1.000000   1.000000   1.200000
 -4.442180   6.162810   1.763800   1.000000   1.000000   1.000000   1.200000
 -3.746060   5.203550   0.399660   1.000000   1.000000   1.000000   1.200000
  2.363170   5.148860  -0.204010   0.000000   0.000000   1.000000   1.540000
  2.087520   5.788720   0.511990   1.000000   1.000000   1.000000   1.200000
 -2.371150   7.017600   1.978870   1.000000   1.000000   1.000000   1.200000
  2.213290   5.584630  -1.091510   1.000000   1.000000   1.000000   1.200000
  1.784350   4.331160  -0.145750   1.000000   1.000000   1.000000   1.200000
  1.821570   2.168670   4.372980   0.000000   0.000000   1.000000   1.540000
  1.595380   0.548250   3.532360   1.000000   1.000000   1.000000   1.200000
  1.519850   2.882220   3.733720   1.000000   1.000000   1.000000   1.200000
  2.781290   2.319110   4.603760   1.000000   1.000000   1.000000   1.200000
  1.272980   2.242610   5.204740   1.000000   1.000000   1.000000   1.200000
 -3.611920   0.756720   3.830480   0.000000   0.000000   1.000000   1.540000
 -2.124570  -0.450790   3.731130   1.000000   1.000000   1.000000   1.200000
 -3.624070   1.212960   2.936580   1.000000   1.000000   1.000000   1.200000
 -3.426070   1.452610   4.523900   1.000000   1.000000   1.000000   1.200000
 -4.511520   0.359690   4.004960   1.000000   1.000000   1.000000   1.200000
28 bonds follow (x1 y1 z1 x2 y2 z2)
 -3.611920   0.756720   3.830480  -4.511520   0.359690   4.004960
 -3.611920   0.756720   3.830480  -3.426070   1.452610   4.523900
 -3.611920   0.756720   3.830480  -3.624070   1.212960   2.936580
 -1.216460  -0.762740   3.541450  -2.124570  -0.450790   3.731130
  1.821570   2.168670   4.372980   1.272980   2.242610   5.204740
  1.821570   2.168670   4.372980   2.781290   2.319110   4.603760
  1.821570   2.168670   4.372980   1.519850   2.882220   3.733720
  1.191950  -0.145390   2.956160   1.595380   0.548250   3.532360
  2.363170   5.148860  -0.204010   1.784350   4.331160  -0.145750
  2.363170   5.148860  -0.204010   2.213290   5.584630  -1.091510
 -2.407450   6.353890   1.433350  -2.371150   7.017600   1.978870
  2.363170   5.148860  -0.204010   2.087520   5.788720   0.511990
 -3.707780   6.199610   0.929590  -3.746060   5.203550   0.399660
 -3.707780   6.199610   0.929590  -4.442180   6.162810   1.763800
 -3.707780   6.199610   0.929590  -3.982750   7.025640   0.235230
 -2.407450   6.353890   1.433350  -3.707780   6.199610   0.929590
 -1.180200   3.201980   2.173810  -0.687140   3.307020   0.894940
 -1.180200   3.201980   2.173810  -2.526220   3.075130   2.423220
 -1.180200   3.201980   2.173810  -0.373430   3.690260   3.179130
 -0.668160   1.463890   2.399480  -1.180200   3.201980   2.173810
 -0.292590   0.010410   2.538110  -0.668160   1.463890   2.399480
 -0.292590   0.010410   2.538110  -1.216460  -0.762740   3.541450
 -0.292590   0.010410   2.538110   1.191950  -0.145390   2.956160
 -0.398200  -0.715860   1.139310  -0.292590   0.010410   2.538110
  0.332920  -0.167320   0.058360  -0.398200  -0.715860   1.139310
  0.332920  -0.167320   0.058360   0.040120  -0.757940  -0.845660
  0.332920  -0.167320   0.058360   0.052380   0.912340  -0.055210
  0.332920  -0.167320   0.058360   1.425420  -0.282120   0.270080
