33 atoms follow (x y z r g b radiusScale)
 -0.007430   0.004850  -0.004540   0.000000   1.000000   0.000000   1.850000
  1.111460  -0.011330  -0.023570   1.000000   1.000000   1.000000   1.200000
 -0.396830   1.060370   0.005520   1.000000   1.000000   1.000000   1.200000
 -0.414930  -0.562970  -0.878200   1.000000   1.000000   1.000000   1.200000
 -0.444910  -0.673830   1.153920   1.000000   0.000000   0.000000   1.400000
 -0.328200   0.148440   2.510830   0.500000   0.500000   0.500000   1.900000
  1.154190  -0.087160   2.985780   1.000000   0.000000   0.000000   1.400000
 -1.230600  -0.625100   3.532890   1.000000   0.000000   0.000000   1.400000
 -0.625630   1.590990   2.345790   1.000000   0.000000   0.000000   1.400000
 -1.173240   3.482600   1.956390   1.000000   1.000000   0.000000   1.850000
 -0.037920   3.881720   2.718680   1.000000   0.000000   0.000000   1.400000
 -2.384430   3.125270   2.515500   1.000000   0.000000   0.000000   1.400000
 -0.889870   3.198100   0.588260   1.000000   0.000000   0.000000   1.400000
 -1.554430   5.175130   1.568880   1.000000   0.000000   0.000000   1.400000
 -2.812120   5.480570   1.068680   0.000000   1.000000   0.000000   1.850000
 -2.871040   5.197780  -0.016690   1.000000   1.000000   1.000000   1.200000
 -2.976040   6.584270   1.171550   1.000000   1.000000   1.000000   1.200000
 -3.610300   4.933460   1.635380   1.000000   1.000000   1.000000   1.200000
  0.915850   5.302320   0.522390   0.000000   0.000000   1.000000   1.540000
  0.839890   5.126300   1.552930   1.000000   1.000000   1.000000   1.200000
  0.560030   6.232800   0.326320   1.000000   1.000000   1.000000   1.200000
  0.284150   4.598440   0.066940   1.000000   1.000000   1.000000   1.200000
  1.870550   5.201750   0.203210   1.000000   1.000000   1.000000   1.200000
  1.602760   2.258590   4.682510   0.000000   0.000000   1.000000   1.540000
  1.519330   0.533040   3.635100   1.000000   1.000000   1.000000   1.200000
  1.121240   2.893440   4.071780   1.000000   1.000000   1.000000   1.200000
  2.539800   2.574600   4.813810   1.000000   1.000000   1.000000   1.200000
  1.143200   2.247080   5.568410   1.000000   1.000000   1.000000   1.200000
 -3.622280   0.928940   3.789050   0.000000   0.000000   1.000000   1.540000
 -2.135090  -0.301830   3.706430   1.000000   1.000000   1.000000   1.200000
 -3.829570   1.183290   2.842450   1.000000   1.000000   1.000000   1.200000
 -3.178340   1.722630   4.212020   1.000000   1.000000   1.000000   1.200000
 -4.476740   0.739850   4.268550   1.000000   1.000000   1.000000   1.200000
28 bonds follow (x1 y1 z1 x2 y2 z2)
 -3.622280   0.928940   3.789050  -4.476740   0.739850   4.268550
 -3.622280   0.928940   3.789050  -3.178340   1.722630   4.212020
 -3.622280   0.928940   3.789050  -3.829570   1.183290   2.842450
 -1.230600  -0.625100   3.532890  -2.135090  -0.301830   3.706430
  1.602760   2.258590   4.682510   1.143200   2.247080   5.568410
  1.602760   2.258590   4.682510   2.539800   2.574600   4.813810
  1.602760   2.258590   4.682510   1.121240   2.893440   4.071780
  1.154190  -0.087160   2.985780   1.519330   0.533040   3.635100
  0.915850   5.302320   0.522390   1.870550   5.201750   0.203210
  0.915850   5.302320   0.522390   0.284150   4.598440   0.066940
  0.915850   5.302320   0.522390   0.560030   6.232800   0.326320
  0.915850   5.302320   0.522390   0.839890   5.126300   1.552930
 -2.812120   5.480570   1.068680  -3.610300   4.933460   1.635380
 -2.812120   5.480570   1.068680  -2.976040   6.584270   1.171550
 -2.812120   5.480570   1.068680  -2.871040   5.197780  -0.016690
 -1.554430   5.175130   1.568880  -2.812120   5.480570   1.068680
 -1.173240   3.482600   1.956390  -1.554430   5.175130   1.568880
 -1.173240   3.482600   1.956390  -0.889870   3.198100   0.588260
 -1.173240   3.482600   1.956390  -2.384430   3.125270   2.515500
 -1.173240   3.482600   1.956390  -0.037920   3.881720   2.718680
 -0.328200   0.148440   2.510830  -0.625630   1.590990   2.345790
 -0.328200   0.148440   2.510830  -1.230600  -0.625100   3.532890
 -0.328200   0.148440   2.510830   1.154190  -0.087160   2.985780
 -0.444910  -0.673830   1.153920  -0.328200   0.148440   2.510830
 -0.007430   0.004850  -0.004540  -0.444910  -0.673830   1.153920
 -0.007430   0.004850  -0.004540  -0.414930  -0.562970  -0.878200
 -0.007430   0.004850  -0.004540  -0.396830   1.060370   0.005520
 -0.007430   0.004850  -0.004540   1.111460  -0.011330  -0.023570
