33 atoms follow (x y z r g b radiusScale)
  0.019610  -0.025750   0.019470   0.000000   1.000000   0.000000   1.850000
  1.137870  -0.013540   0.044050   1.000000   1.000000   1.000000   1.200000
 -0.400230   1.017290   0.032000   1.000000   1.000000   1.000000   1.200000
 -0.347770  -0.591330  -0.872930   1.000000   1.000000   1.000000   1.200000
 -0.438500  -0.736460   1.156720   1.000000   0.000000   0.000000   1.400000
 -0.301140   0.031980   2.528040   0.500000   0.500000   0.500000   1.900000
  1.168220  -0.083840   3.026500   1.000000   0.000000   0.000000   1.400000
 -1.251440  -0.654530   3.551060   1.000000   0.000000   0.000000   1.400000
 -0.695210   1.481470   2.383400   1.000000   0.000000   0.000000   1.400000
 -1.121430   3.219550   2.035240   1.000000   1.000000   0.000000   1.850000
 -0.076490   3.781640   2.722080   1.000000   0.000000   0.000000   1.400000
 -2.402830   3.147750   2.547290   1.000000   0.000000   0.000000   1.400000
 -0.889680   3.151330   0.678380   1.000000   0.000000   0.000000   1.400000
 -1.880030   5.634100   1.665980   1.000000   0.000000   0.000000   1.400000
 -3.024440   5.792170   0.857700   0.000000   1.000000   0.000000   1.850000
 -2.789760   5.487480  -0.192720   1.000000   1.000000   1.000000   1.200000
 -3.355650   6.860640   0.863870   1.000000   1.000000   1.000000   1.200000
 -3.843320   5.146620   1.280210   1.000000   1.000000   1.000000   1.200000
  1.359860   5.661180   0.202600   0.000000   0.000000   1.000000   1.540000
  1.342530   5.467560   1.184160   1.000000   1.000000   1.000000   1.200000
 -1.279760   6.251850   1.503790   1.000000   1.000000   1.000000   1.200000
  0.536240   5.261510  -0.202950   1.000000   1.000000   1.000000   1.200000
  2.162190   5.208880  -0.190830   1.000000   1.000000   1.000000   1.200000
  1.653140   2.187260   4.671720   0.000000   0.000000   1.000000   1.540000
  1.532520   0.630200   3.594260   1.000000   1.000000   1.000000   1.200000
  1.296410   2.906600   4.068570   1.000000   1.000000   1.000000   1.200000
  2.614990   2.371650   4.866530   1.000000   1.000000   1.000000   1.200000
  1.143840   2.198720   5.530290   1.000000   1.000000   1.000000   1.200000
 -3.558140   0.979660   3.744080   0.000000   0.000000   1.000000   1.540000
 -2.125830  -0.240040   3.743960   1.000000   1.000000   1.000000   1.200000
 -3.834020   1.193110   2.805710   1.000000   1.000000   1.000000   1.200000
 -3.179470   1.819530   4.140560   1.000000   1.000000   1.000000   1.200000
 -4.364480   0.708420   4.266460   1.000000   1.000000   1.000000   1.200000
28 bonds follow (x1 y1 z1 x2 y2 z2)
 -3.558140   0.979660   3.744080  -4.364480   0.708420   4.266460
 -3.558140   0.979660   3.744080  -3.179470   1.819530   4.140560
 -3.558140   0.979660   3.744080  -3.834020   1.193110   2.805710
 -1.251440  -0.654530   3.551060  -2.125830  -0.240040   3.743960
  1.653140   2.187260   4.671720   1.143840   2.198720   5.530290
  1.653140   2.187260   4.671720   2.614990   2.371650   4.866530
  1.653140   2.187260   4.671720   1.296410   2.906600   4.068570
  1.168220  -0.083840   3.026500   1.532520   0.630200   3.594260
  1.359860   5.661180   0.202600   2.162190   5.208880  -0.190830
  1.359860   5.661180   0.202600   0.536240   5.261510  -0.202950
 -1.880030   5.634100   1.665980  -1.279760   6.251850   1.503790
  1.359860   5.661180   0.202600   1.342530   5.467560   1.184160
 -3.024440   5.792170   0.857700  -3.843320   5.146620   1.280210
 -3.024440   5.792170   0.857700  -3.355650   6.860640   0.863870
 -3.024440   5.792170   0.857700  -2.789760   5.487480  -0.192720
 -1.880030   5.634100   1.665980  -3.024440   5.792170   0.857700
 -1.121430   3.219550   2.035240  -0.889680   3.151330   0.678380
 -1.121430   3.219550   2.035240  -2.402830   3.147750   2.547290
 -1.121430   3.219550   2.035240  -0.076490   3.781640   2.722080
 -0.695210   1.481470   2.383400  -1.121430   3.219550   2.035240
 -0.301140   0.031980   2.528040  -0.695210   1.481470   2.383400
 -0.301140   0.031980   2.528040  -1.251440  -0.654530   3.551060
 -0.301140   0.031980   2.528040   1.168220  -0.083840   3.026500
 -0.438500  -0.736460   1.156720  -0.301140   0.031980   2.528040
  0.019610  -0.025750   0.019470  -0.438500  -0.736460   1.156720
  0.019610  -0.025750   0.019470  -0.347770  -0.591330  -0.872930
  0.019610  -0.025750   0.019470  -0.400230   1.017290   0.032000
  0.019610  -0.025750   0.019470   1.137870  -0.013540   0.044050
