33 atoms follow (x y z r g b radiusScale)
 -0.568140  -0.161980   0.016450   0.000000   1.000000   0.000000   1.850000
  0.191140  -0.462210  -0.751650   1.000000   1.000000   1.000000   1.200000
 -0.632230   0.958260   0.091860   1.000000   1.000000   1.000000   1.200000
 -1.562600  -0.596400  -0.266260   1.000000   1.000000   1.000000   1.200000
 -0.163850  -0.744840   1.238790   1.000000   0.000000   0.000000   1.400000
 -0.174370   0.178670   2.525530   0.500000   0.500000   0.500000   1.900000
  1.272860   0.097450   3.145630   1.000000   0.000000   0.000000   1.400000
 -1.106750  -0.602470   3.515520   1.000000   0.000000   0.000000   1.400000
 -0.693910   1.535760   2.217400   1.000000   0.000000   0.000000   1.400000
 -1.172700   3.383460   1.801130   1.000000   1.000000   0.000000   1.850000
 -0.081030   3.838990   2.600040   1.000000   0.000000   0.000000   1.400000
 -2.419670   3.070630   2.319220   1.000000   0.000000   0.000000   1.400000
 -0.730400   3.118700   0.480970   1.000000   0.000000   0.000000   1.400000
 -1.585390   5.067900   1.311790   1.000000   0.000000   0.000000   1.400000
 -2.538490   5.828270   1.963960   0.000000   1.000000   0.000000   1.850000
 -3.551860   5.361700   1.854900   1.000000   1.000000   1.000000   1.200000
 -2.550400   6.853960   1.510840   1.000000   1.000000   1.000000   1.200000
 -2.292720   5.912300   3.056440   1.000000   1.000000   1.000000   1.200000
  0.853100   5.312900   0.449800   0.000000   0.000000   1.000000   1.540000
  0.862810   5.335540   1.476150   1.000000   1.000000   1.000000   1.200000
  1.583870   5.870200   0.036320   1.000000   1.000000   1.000000   1.200000
 -0.090320   5.633790   0.167530   1.000000   1.000000   1.000000   1.200000
  0.902330   4.307740   0.178880   1.000000   1.000000   1.000000   1.200000
  1.201270   2.402070   4.944870   0.000000   0.000000   1.000000   1.540000
  1.479400   0.717800   3.862100   1.000000   1.000000   1.000000   1.200000
  0.953540   3.037040   4.206320   1.000000   1.000000   1.000000   1.200000
  2.083100   2.670450   5.327120   1.000000   1.000000   1.000000   1.200000
  0.511120   2.456330   5.663750   1.000000   1.000000   1.000000   1.200000
 -3.625320   0.915710   3.549960   0.000000   0.000000   1.000000   1.540000
 -2.002650  -0.252050   3.667830   1.000000   1.000000   1.000000   1.200000
 -3.874000   1.043860   2.589660   1.000000   1.000000   1.000000   1.200000
 -3.322810   1.806000   3.897550   1.000000   1.000000   1.000000   1.200000
 -4.429690   0.617520   4.060010   1.000000   1.000000   1.000000   1.200000
28 bonds follow (x1 y1 z1 x2 y2 z2)
 -3.625320   0.915710   3.549960  -4.429690   0.617520   4.060010
 -3.625320   0.915710   3.549960  -3.322810   1.806000   3.897550
 -3.625320   0.915710   3.549960  -3.874000   1.043860   2.589660
 -1.106750  -0.602470   3.515520  -2.002650  -0.252050   3.667830
  1.201270   2.402070   4.944870   0.511120   2.456330   5.663750
  1.201270   2.402070   4.944870   2.083100   2.670450   5.327120
  1.201270   2.402070   4.944870   0.953540   3.037040   4.206320
  1.272860   0.097450   3.145630   1.479400   0.717800   3.862100
  0.853100   5.312900   0.449800   0.902330   4.307740   0.178880
  0.853100   5.312900   0.449800  -0.090320   5.633790   0.167530
  0.853100   5.312900   0.449800   1.583870   5.870200   0.036320
  0.853100   5.312900   0.449800   0.862810   5.335540   1.476150
 -2.538490   5.828270   1.963960  -2.292720   5.912300   3.056440
 -2.538490   5.828270   1.963960  -2.550400   6.853960   1.510840
 -2.538490   5.828270   1.963960  -3.551860   5.361700   1.854900
 -1.585390   5.067900   1.311790  -2.538490   5.828270   1.963960
 -1.172700   3.383460   1.801130  -1.585390   5.067900   1.311790
 -1.172700   3.383460   1.801130  -0.730400   3.118700   0.480970
 -1.172700   3.383460   1.801130  -2.419670   3.070630   2.319220
 -1.172700   3.383460   1.801130  -0.081030   3.838990   2.600040
 -0.174370   0.178670   2.525530  -0.693910   1.535760   2.217400
 -0.174370   0.178670   2.525530  -1.106750  -0.602470   3.515520
 -0.174370   0.178670   2.525530   1.272860   0.097450   3.145630
 -0.163850  -0.744840   1.238790  -0.174370   0.178670   2.525530
 -0.568140  -0.161980   0.016450  -0.163850  -0.744840   1.238790
 -0.568140  -0.161980   0.016450  -1.562600  -0.596400  -0.266260
 -0.568140  -0.161980   0.016450  -0.632230   0.958260   0.091860
 -0.568140  -0.161980   0.016450   0.191140  -0.462210  -0.751650
