33 atoms follow (x y z r g b radiusScale)
 -0.571750  -0.157380   0.011410   0.000000   1.000000   0.000000   1.850000
  0.177600  -0.464330  -0.764290   1.000000   1.000000   1.000000   1.200000
 -0.623050   0.962360   0.087710   1.000000   1.000000   1.000000   1.200000
 -1.573210  -0.581010  -0.264010   1.000000   1.000000   1.000000   1.200000
 -0.162370  -0.740160   1.232680   1.000000   0.000000   0.000000   1.400000
 -0.171040   0.179550   2.527640   0.500000   0.500000   0.500000   1.900000
  1.272780   0.107240   3.137390   1.000000   0.000000   0.000000   1.400000
 -1.103340  -0.597470   3.513090   1.000000   0.000000   0.000000   1.400000
 -0.687220   1.536500   2.220730   1.000000   0.000000   0.000000   1.400000
 -1.169410   3.383390   1.804750   1.000000   1.000000   0.000000   1.850000
 -0.072800   3.844110   2.593440   1.000000   0.000000   0.000000   1.400000
 -2.416970   3.070010   2.327170   1.000000   0.000000   0.000000   1.400000
 -0.721230   3.113660   0.486710   1.000000   0.000000   0.000000   1.400000
 -1.592180   5.055640   1.319730   1.000000   0.000000   0.000000   1.400000
 -2.529230   5.842750   1.956170   0.000000   1.000000   0.000000   1.850000
 -3.550050   5.385920   1.874000   1.000000   1.000000   1.000000   1.200000
 -2.533810   6.853440   1.466540   1.000000   1.000000   1.000000   1.200000
 -2.271170   5.964110   3.042350   1.000000   1.000000   1.000000   1.200000
  0.839850   5.298630   0.445140   0.000000   0.000000   1.000000   1.540000
  0.833340   5.368280   1.490220   1.000000   1.000000   1.000000   1.200000
  1.561930   5.855080   0.018360   1.000000   1.000000   1.000000   1.200000
 -0.112830   5.581650   0.127830   1.000000   1.000000   1.000000   1.200000
  0.934640   4.299690   0.219590   1.000000   1.000000   1.000000   1.200000
  1.191650   2.399830   4.948280   0.000000   0.000000   1.000000   1.540000
  1.483770   0.714890   3.863300   1.000000   1.000000   1.000000   1.200000
  0.956910   3.056470   4.224780   1.000000   1.000000   1.000000   1.200000
  2.072810   2.646140   5.346470   1.000000   1.000000   1.000000   1.200000
  0.495450   2.441210   5.662220   1.000000   1.000000   1.000000   1.200000
 -3.644910   0.905020   3.553150   0.000000   0.000000   1.000000   1.540000
 -2.014960  -0.273230   3.626100   1.000000   1.000000   1.000000   1.200000
 -3.879160   1.019780   2.587270   1.000000   1.000000   1.000000   1.200000
 -3.309360   1.791320   3.881480   1.000000   1.000000   1.000000   1.200000
 -4.468640   0.657510   4.060020   1.000000   1.000000   1.000000   1.200000
28 bonds follow (x1 y1 z1 x2 y2 z2)
 -3.644910   0.905020   3.553150  -4.468640   0.657510   4.060020
 -3.644910   0.905020   3.553150  -3.309360   1.791320   3.881480
 -3.644910   0.905020   3.553150  -3.879160   1.019780   2.587270
 -1.103340  -0.597470   3.513090  -2.014960  -0.273230   3.626100
  1.191650   2.399830   4.948280   0.495450   2.441210   5.662220
  1.191650   2.399830   4.948280   2.072810   2.646140   5.346470
  1.191650   2.399830   4.948280   0.956910   3.056470   4.224780
  1.272780   0.107240   3.137390   1.483770   0.714890   3.863300
  0.839850   5.298630   0.445140   0.934640   4.299690   0.219590
  0.839850   5.298630   0.445140  -0.112830   5.581650   0.127830
  0.839850   5.298630   0.445140   1.561930   5.855080   0.018360
  0.839850   5.298630   0.445140   0.833340   5.368280   1.490220
 -2.529230   5.842750   1.956170  -2.271170   5.964110   3.042350
 -2.529230   5.842750   1.956170  -2.533810   6.853440   1.466540
 -2.529230   5.842750   1.956170  -3.550050   5.385920   1.874000
 -1.592180   5.055640   1.319730  -2.529230   5.842750   1.956170
 -1.169410   3.383390   1.804750  -1.592180   5.055640   1.319730
 -1.169410   3.383390   1.804750  -0.721230   3.113660   0.486710
 -1.169410   3.383390   1.804750  -2.416970   3.070010   2.327170
 -1.169410   3.383390   1.804750  -0.072800   3.844110   2.593440
 -0.171040   0.179550   2.527640  -0.687220   1.536500   2.220730
 -0.171040   0.179550   2.527640  -1.103340  -0.597470   3.513090
 -0.171040   0.179550   2.527640   1.272780   0.107240   3.137390
 -0.162370  -0.740160   1.232680  -0.171040   0.179550   2.527640
 -0.571750  -0.157380   0.011410  -0.162370  -0.740160   1.232680
 -0.571750  -0.157380   0.011410  -1.573210  -0.581010  -0.264010
 -0.571750  -0.157380   0.011410  -0.623050   0.962360   0.087710
 -0.571750  -0.157380   0.011410   0.177600  -0.464330  -0.764290
