33 atoms follow (x y z r g b radiusScale)
  0.014250  -0.010490  -0.007150   0.000000   1.000000   0.000000   1.850000
  1.132570  -0.007420   0.017040   1.000000   1.000000   1.000000   1.200000
 -0.395910   1.034490  -0.006610   1.000000   1.000000   1.000000   1.200000
 -0.355170  -0.584320  -0.893660   1.000000   1.000000   1.000000   1.200000
 -0.455400  -0.703110   1.138130   1.000000   0.000000   0.000000   1.400000
 -0.304140   0.041450   2.531170   0.500000   0.500000   0.500000   1.900000
  1.181750  -0.055290   3.019000   1.000000   0.000000   0.000000   1.400000
 -1.266380  -0.632650   3.561590   1.000000   0.000000   0.000000   1.400000
 -0.671080   1.492950   2.380950   1.000000   0.000000   0.000000   1.400000
 -1.124960   3.250520   2.018260   1.000000   1.000000   0.000000   1.850000
 -0.070490   3.767600   2.741830   1.000000   0.000000   0.000000   1.400000
 -2.389980   3.179260   2.533760   1.000000   0.000000   0.000000   1.400000
 -0.898460   3.105780   0.667820   1.000000   0.000000   0.000000   1.400000
 -1.790660   5.500880   1.665160   1.000000   0.000000   0.000000   1.400000
 -2.951730   5.766590   0.865970   0.000000   1.000000   0.000000   1.850000
 -2.792230   5.384190  -0.173400   1.000000   1.000000   1.000000   1.200000
 -3.220250   6.849170   0.864200   1.000000   1.000000   1.000000   1.200000
 -3.710330   5.145640   1.402910   1.000000   1.000000   1.000000   1.200000
  1.203640   5.631890   0.277210   0.000000   0.000000   1.000000   1.540000
  1.349270   5.298880   1.213540   1.000000   1.000000   1.000000   1.200000
 -1.083820   6.229230   1.267550   1.000000   1.000000   1.000000   1.200000
  0.547430   5.016520  -0.168610   1.000000   1.000000   1.000000   1.200000
  2.071420   5.588510  -0.220210   1.000000   1.000000   1.000000   1.200000
  1.635630   2.208360   4.676110   0.000000   0.000000   1.000000   1.540000
  1.506300   0.646190   3.627890   1.000000   1.000000   1.000000   1.200000
  1.272350   2.943870   4.096700   1.000000   1.000000   1.000000   1.200000
  2.607940   2.364870   4.838670   1.000000   1.000000   1.000000   1.200000
  1.158210   2.213450   5.552390   1.000000   1.000000   1.000000   1.200000
 -3.568170   0.984020   3.745070   0.000000   0.000000   1.000000   1.540000
 -2.139280  -0.203550   3.723250   1.000000   1.000000   1.000000   1.200000
 -3.863300   1.208570   2.815390   1.000000   1.000000   1.000000   1.200000
 -3.195830   1.822600   4.150110   1.000000   1.000000   1.000000   1.200000
 -4.357320   0.683070   4.276510   1.000000   1.000000   1.000000   1.200000
28 bonds follow (x1 y1 z1 x2 y2 z2)
 -3.568170   0.984020   3.745070  -4.357320   0.683070   4.276510
 -3.568170   0.984020   3.745070  -3.195830   1.822600   4.150110
 -3.568170   0.984020   3.745070  -3.863300   1.208570   2.815390
 -1.266380  -0.632650   3.561590  -2.139280  -0.203550   3.723250
  1.635630   2.208360   4.676110   1.158210   2.213450   5.552390
  1.635630   2.208360   4.676110   2.607940   2.364870   4.838670
  1.635630   2.208360   4.676110   1.272350   2.943870   4.096700
  1.181750  -0.055290   3.019000   1.506300   0.646190   3.627890
  1.203640   5.631890   0.277210   2.071420   5.588510  -0.220210
  1.203640   5.631890   0.277210   0.547430   5.016520  -0.168610
 -1.790660   5.500880   1.665160  -1.083820   6.229230   1.267550
  1.203640   5.631890   0.277210   1.349270   5.298880   1.213540
 -2.951730   5.766590   0.865970  -3.710330   5.145640   1.402910
 -2.951730   5.766590   0.865970  -3.220250   6.849170   0.864200
 -2.951730   5.766590   0.865970  -2.792230   5.384190  -0.173400
 -1.790660   5.500880   1.665160  -2.951730   5.766590   0.865970
 -1.124960   3.250520   2.018260  -0.898460   3.105780   0.667820
 -1.124960   3.250520   2.018260  -2.389980   3.179260   2.533760
 -1.124960   3.250520   2.018260  -0.070490   3.767600   2.741830
 -0.671080   1.492950   2.380950  -1.124960   3.250520   2.018260
 -0.304140   0.041450   2.531170  -0.671080   1.492950   2.380950
 -0.304140   0.041450   2.531170  -1.266380  -0.632650   3.561590
 -0.304140   0.041450   2.531170   1.181750  -0.055290   3.019000
 -0.455400  -0.703110   1.138130  -0.304140   0.041450   2.531170
  0.014250  -0.010490  -0.007150  -0.455400  -0.703110   1.138130
  0.014250  -0.010490  -0.007150  -0.355170  -0.584320  -0.893660
  0.014250  -0.010490  -0.007150  -0.395910   1.034490  -0.006610
  0.014250  -0.010490  -0.007150   1.132570  -0.007420   0.017040
