33 atoms follow (x y z r g b radiusScale)
 -0.362570  -0.058960  -0.046570   0.000000   1.000000   0.000000   1.850000
  0.594000  -0.249260  -0.599560   1.000000   1.000000   1.000000   1.200000
 -0.544180   1.043330   0.088210   1.000000   1.000000   1.000000   1.200000
 -1.208220  -0.522440  -0.618220   1.000000   1.000000   1.000000   1.200000
 -0.293130  -0.718010   1.201710   1.000000   0.000000   0.000000   1.400000
 -0.171660   0.167020   2.518790   0.500000   0.500000   0.500000   1.900000
  1.292100  -0.015300   3.063980   1.000000   0.000000   0.000000   1.400000
 -1.004050  -0.615070   3.589950   1.000000   0.000000   0.000000   1.400000
 -0.679100   1.537180   2.290750   1.000000   0.000000   0.000000   1.400000
 -1.175140   3.434330   1.871010   1.000000   1.000000   0.000000   1.850000
  0.051250   3.807290   2.490750   1.000000   0.000000   0.000000   1.400000
 -2.355930   3.200710   2.562000   1.000000   0.000000   0.000000   1.400000
 -0.951210   3.108860   0.503950   1.000000   0.000000   0.000000   1.400000
 -1.512050   5.120200   1.408550   1.000000   0.000000   0.000000   1.400000
 -2.564720   5.894390   1.855530   0.000000   1.000000   0.000000   1.850000
 -3.070430   5.423710   2.738150   1.000000   1.000000   1.000000   1.200000
 -3.311310   6.023800   1.027360   1.000000   1.000000   1.000000   1.200000
 -2.168960   6.904570   2.147430   1.000000   1.000000   1.000000   1.200000
  0.858200   5.133070   0.313760   0.000000   0.000000   1.000000   1.540000
  1.396490   4.408630   0.796390   1.000000   1.000000   1.000000   1.200000
  1.422600   5.704730  -0.295240   1.000000   1.000000   1.000000   1.200000
  0.391330   5.694020   1.053980   1.000000   1.000000   1.000000   1.200000
  0.081470   4.646020  -0.212360   1.000000   1.000000   1.000000   1.200000
  1.017340   2.521230   5.018170   0.000000   0.000000   1.000000   1.540000
  1.476360   0.222040   3.975330   1.000000   1.000000   1.000000   1.200000
  1.077860   2.946970   4.110910   1.000000   1.000000   1.000000   1.200000
  1.666450   2.979300   5.624000   1.000000   1.000000   1.000000   1.200000
  0.095930   2.679290   5.372840   1.000000   1.000000   1.000000   1.200000
 -3.674040   0.744930   3.419380   0.000000   0.000000   1.000000   1.540000
 -1.967090  -0.582390   3.575590   1.000000   1.000000   1.000000   1.200000
 -3.580850   1.051500   2.469340   1.000000   1.000000   1.000000   1.200000
 -3.305510   1.480920   3.992750   1.000000   1.000000   1.000000   1.200000
 -4.647950   0.646180   3.619500   1.000000   1.000000   1.000000   1.200000
28 bonds follow (x1 y1 z1 x2 y2 z2)
 -3.674040   0.744930   3.419380  -4.647950   0.646180   3.619500
 -3.674040   0.744930   3.419380  -3.305510   1.480920   3.992750
 -3.674040   0.744930   3.419380  -3.580850   1.051500   2.469340
 -1.004050  -0.615070   3.589950  -1.967090  -0.582390   3.575590
  1.017340   2.521230   5.018170   0.095930   2.679290   5.372840
  1.017340   2.521230   5.018170   1.666450   2.979300   5.624000
  1.017340   2.521230   5.018170   1.077860   2.946970   4.110910
  1.292100  -0.015300   3.063980   1.476360   0.222040   3.975330
  0.858200   5.133070   0.313760   0.081470   4.646020  -0.212360
  0.858200   5.133070   0.313760   0.391330   5.694020   1.053980
  0.858200   5.133070   0.313760   1.422600   5.704730  -0.295240
  0.858200   5.133070   0.313760   1.396490   4.408630   0.796390
 -2.564720   5.894390   1.855530  -2.168960   6.904570   2.147430
 -2.564720   5.894390   1.855530  -3.311310   6.023800   1.027360
 -2.564720   5.894390   1.855530  -3.070430   5.423710   2.738150
 -1.512050   5.120200   1.408550  -2.564720   5.894390   1.855530
 -1.175140   3.434330   1.871010  -1.512050   5.120200   1.408550
 -1.175140   3.434330   1.871010  -0.951210   3.108860   0.503950
 -1.175140   3.434330   1.871010  -2.355930   3.200710   2.562000
 -1.175140   3.434330   1.871010   0.051250   3.807290   2.490750
 -0.171660   0.167020   2.518790  -0.679100   1.537180   2.290750
 -0.171660   0.167020   2.518790  -1.004050  -0.615070   3.589950
 -0.171660   0.167020   2.518790   1.292100  -0.015300   3.063980
 -0.293130  -0.718010   1.201710  -0.171660   0.167020   2.518790
 -0.362570  -0.058960  -0.046570  -0.293130  -0.718010   1.201710
 -0.362570  -0.058960  -0.046570  -1.208220  -0.522440  -0.618220
 -0.362570  -0.058960  -0.046570  -0.544180   1.043330   0.088210
 -0.362570  -0.058960  -0.046570   0.594000  -0.249260  -0.599560
