33 atoms follow (x y z r g b radiusScale)
  0.417320  -0.057260   0.106070   0.000000   1.000000   0.000000   1.850000
  1.485270  -0.180820   0.415930   1.000000   1.000000   1.000000   1.200000
  0.140440   1.027610   0.027520   1.000000   1.000000   1.000000   1.200000
  0.213630  -0.599410  -0.850780   1.000000   1.000000   1.000000   1.200000
 -0.405420  -0.666570   1.087800   1.000000   0.000000   0.000000   1.400000
 -0.324300  -0.022970   2.531460   0.500000   0.500000   0.500000   1.900000
  1.186790  -0.110910   2.940090   1.000000   0.000000   0.000000   1.400000
 -1.211680  -0.855220   3.501860   1.000000   0.000000   0.000000   1.400000
 -0.739910   1.431100   2.469530   1.000000   0.000000   0.000000   1.400000
 -1.151480   3.202430   2.212510   1.000000   1.000000   0.000000   1.850000
 -0.516620   3.698620   3.322340   1.000000   0.000000   0.000000   1.400000
 -2.525810   3.049650   2.245120   1.000000   0.000000   0.000000   1.400000
 -0.453490   3.299470   1.034120   1.000000   0.000000   0.000000   1.400000
 -2.571310   6.611150   1.399490   1.000000   0.000000   0.000000   1.400000
 -3.873010   6.260700   1.022210   0.000000   1.000000   0.000000   1.850000
 -4.487160   7.187570   0.837610   1.000000   1.000000   1.000000   1.200000
 -4.372770   5.632940   1.818570   1.000000   1.000000   1.000000   1.200000
 -3.817910   5.661740   0.092230   1.000000   1.000000   1.000000   1.200000
  2.422330   4.728320  -0.264580   0.000000   0.000000   1.000000   1.540000
  2.061780   5.305070   0.468410   1.000000   1.000000   1.000000   1.200000
 -2.560500   7.335540   2.158260   1.000000   1.000000   1.000000   1.200000
  2.011790   5.031680  -1.122520   1.000000   1.000000   1.000000   1.200000
  2.091780   3.799150  -0.087540   1.000000   1.000000   1.000000   1.200000
  1.907920   2.327700   4.282890   0.000000   0.000000   1.000000   1.540000
  1.621990   0.653670   3.371940   1.000000   1.000000   1.000000   1.200000
  1.569320   2.977040   3.597820   1.000000   1.000000   1.000000   1.200000
  2.880350   2.496700   4.437250   1.000000   1.000000   1.000000   1.200000
  1.410680   2.494320   5.133800   1.000000   1.000000   1.000000   1.200000
 -3.532180   0.741740   3.749260   0.000000   0.000000   1.000000   1.540000
 -2.106490  -0.503950   3.722980   1.000000   1.000000   1.000000   1.200000
 -3.472060   1.293500   2.912880   1.000000   1.000000   1.000000   1.200000
 -3.362400   1.341490   4.531150   1.000000   1.000000   1.000000   1.200000
 -4.456810   0.372020   3.821750   1.000000   1.000000   1.000000   1.200000
28 bonds follow (x1 y1 z1 x2 y2 z2)
 -3.532180   0.741740   3.749260  -4.456810   0.372020   3.821750
 -3.532180   0.741740   3.749260  -3.362400   1.341490   4.531150
 -3.532180   0.741740   3.749260  -3.472060   1.293500   2.912880
 -1.211680  -0.855220   3.501860  -2.106490  -0.503950   3.722980
  1.907920   2.327700   4.282890   1.410680   2.494320   5.133800
  1.907920   2.327700   4.282890   2.880350   2.496700   4.437250
  1.907920   2.327700   4.282890   1.569320   2.977040   3.597820
  1.186790  -0.110910   2.940090   1.621990   0.653670   3.371940
  2.422330   4.728320  -0.264580   2.091780   3.799150  -0.087540
  2.422330   4.728320  -0.264580   2.011790   5.031680  -1.122520
 -2.571310   6.611150   1.399490  -2.560500   7.335540   2.158260
  2.422330   4.728320  -0.264580   2.061780   5.305070   0.468410
 -3.873010   6.260700   1.022210  -3.817910   5.661740   0.092230
 -3.873010   6.260700   1.022210  -4.372770   5.632940   1.818570
 -3.873010   6.260700   1.022210  -4.487160   7.187570   0.837610
 -2.571310   6.611150   1.399490  -3.873010   6.260700   1.022210
 -1.151480   3.202430   2.212510  -0.453490   3.299470   1.034120
 -1.151480   3.202430   2.212510  -2.525810   3.049650   2.245120
 -1.151480   3.202430   2.212510  -0.516620   3.698620   3.322340
 -0.739910   1.431100   2.469530  -1.151480   3.202430   2.212510
 -0.324300  -0.022970   2.531460  -0.739910   1.431100   2.469530
 -0.324300  -0.022970   2.531460  -1.211680  -0.855220   3.501860
 -0.324300  -0.022970   2.531460   1.186790  -0.110910   2.940090
 -0.405420  -0.666570   1.087800  -0.324300  -0.022970   2.531460
  0.417320  -0.057260   0.106070  -0.405420  -0.666570   1.087800
  0.417320  -0.057260   0.106070   0.213630  -0.599410  -0.850780
  0.417320  -0.057260   0.106070   0.140440   1.027610   0.027520
  0.417320  -0.057260   0.106070   1.485270  -0.180820   0.415930
