33 atoms follow (x y z r g b radiusScale)
  0.000040  -0.000010  -0.000050   0.000000   1.000000   0.000000   1.850000
  1.119020  -0.000030   0.000010   1.000000   1.000000   1.000000   1.200000
 -0.405120   1.049230  -0.000160   1.000000   1.000000   1.000000   1.200000
 -0.386630  -0.578540  -0.876010   1.000000   1.000000   1.000000   1.200000
 -0.445720  -0.680260   1.156160   1.000000   0.000000   0.000000   1.400000
 -0.328530   0.128790   2.516250   0.500000   0.500000   0.500000   1.900000
  1.153310  -0.065750   2.993810   1.000000   0.000000   0.000000   1.400000
 -1.241200  -0.623070   3.539810   1.000000   0.000000   0.000000   1.400000
 -0.680250   1.569270   2.367110   1.000000   0.000000   0.000000   1.400000
 -1.148270   3.393220   1.976550   1.000000   1.000000   0.000000   1.850000
 -0.032740   3.842910   2.703070   1.000000   0.000000   0.000000   1.400000
 -2.396590   3.163100   2.527880   1.000000   0.000000   0.000000   1.400000
 -0.860770   3.160480   0.618020   1.000000   0.000000   0.000000   1.400000
 -1.523860   5.174020   1.563220   1.000000   0.000000   0.000000   1.400000
 -2.705190   5.614340   0.974080   0.000000   1.000000   0.000000   1.850000
 -2.736060   5.314780  -0.106030   1.000000   1.000000   1.000000   1.200000
 -2.752840   6.730890   1.053260   1.000000   1.000000   1.000000   1.200000
 -3.572440   5.157870   1.517290   1.000000   1.000000   1.000000   1.200000
  0.752110   5.419080   0.513200   0.000000   0.000000   1.000000   1.540000
  1.278210   5.152060   1.339680   1.000000   1.000000   1.000000   1.200000
 -0.374700   5.552400   0.903900   1.000000   1.000000   1.000000   1.200000
  0.716300   4.631470  -0.126830   1.000000   1.000000   1.000000   1.200000
  1.136340   6.235320   0.077630   1.000000   1.000000   1.000000   1.200000
  1.620750   2.232060   4.685560   0.000000   0.000000   1.000000   1.540000
  1.514150   0.571950   3.635040   1.000000   1.000000   1.000000   1.200000
  1.173710   2.894830   4.077160   1.000000   1.000000   1.000000   1.200000
  2.569480   2.505580   4.829080   1.000000   1.000000   1.000000   1.200000
  1.151900   2.230040   5.566660   1.000000   1.000000   1.000000   1.200000
 -3.597440   0.959300   3.767070   0.000000   0.000000   1.000000   1.540000
 -2.135640  -0.268850   3.722780   1.000000   1.000000   1.000000   1.200000
 -3.833340   1.195340   2.822760   1.000000   1.000000   1.000000   1.200000
 -3.168740   1.771090   4.171720   1.000000   1.000000   1.000000   1.200000
 -4.434310   0.747940   4.267790   1.000000   1.000000   1.000000   1.200000
29 bonds follow (x1 y1 z1 x2 y2 z2)
 -3.597440   0.959300   3.767070  -4.434310   0.747940   4.267790
 -3.597440   0.959300   3.767070  -3.168740   1.771090   4.171720
 -3.597440   0.959300   3.767070  -3.833340   1.195340   2.822760
 -1.241200  -0.623070   3.539810  -2.135640  -0.268850   3.722780
  1.620750   2.232060   4.685560   1.151900   2.230040   5.566660
  1.620750   2.232060   4.685560   2.569480   2.505580   4.829080
  1.620750   2.232060   4.685560   1.173710   2.894830   4.077160
  1.153310  -0.065750   2.993810   1.514150   0.571950   3.635040
  0.752110   5.419080   0.513200   1.136340   6.235320   0.077630
  0.752110   5.419080   0.513200   0.716300   4.631470  -0.126830
  0.752110   5.419080   0.513200  -0.374700   5.552400   0.903900
  0.752110   5.419080   0.513200   1.278210   5.152060   1.339680
 -2.705190   5.614340   0.974080  -3.572440   5.157870   1.517290
 -2.705190   5.614340   0.974080  -2.752840   6.730890   1.053260
 -2.705190   5.614340   0.974080  -2.736060   5.314780  -0.106030
 -1.523860   5.174020   1.563220  -2.705190   5.614340   0.974080
 -1.148270   3.393220   1.976550  -1.523860   5.174020   1.563220
 -1.148270   3.393220   1.976550  -0.860770   3.160480   0.618020
 -1.148270   3.393220   1.976550  -2.396590   3.163100   2.527880
 -1.148270   3.393220   1.976550  -0.032740   3.842910   2.703070
 -0.680250   1.569270   2.367110  -1.148270   3.393220   1.976550
 -0.328530   0.128790   2.516250  -0.680250   1.569270   2.367110
 -0.328530   0.128790   2.516250  -1.241200  -0.623070   3.539810
 -0.328530   0.128790   2.516250   1.153310  -0.065750   2.993810
 -0.445720  -0.680260   1.156160  -0.328530   0.128790   2.516250
  0.000040  -0.000010  -0.000050  -0.445720  -0.680260   1.156160
  0.000040  -0.000010  -0.000050  -0.386630  -0.578540  -0.876010
  0.000040  -0.000010  -0.000050  -0.405120   1.049230  -0.000160
  0.000040  -0.000010  -0.000050   1.119020  -0.000030   0.000010
