33 atoms follow (x y z r g b radiusScale)
  0.377870  -0.124480   0.106310   0.000000   1.000000   0.000000   1.850000
  1.444910  -0.229260   0.430270   1.000000   1.000000   1.000000   1.200000
  0.092940   0.954710  -0.017170   1.000000   1.000000   1.000000   1.200000
  0.192000  -0.696380  -0.835580   1.000000   1.000000   1.000000   1.200000
 -0.444800  -0.694420   1.108650   1.000000   0.000000   0.000000   1.400000
 -0.302340   0.016020   2.514790   0.500000   0.500000   0.500000   1.900000
  1.168620  -0.139110   2.999420   1.000000   0.000000   0.000000   1.400000
 -1.177930  -0.779200   3.518620   1.000000   0.000000   0.000000   1.400000
 -0.756290   1.454160   2.452780   1.000000   0.000000   0.000000   1.400000
 -1.149750   3.195040   2.203180   1.000000   1.000000   0.000000   1.850000
 -0.459940   3.695740   3.287150   1.000000   0.000000   0.000000   1.400000
 -2.518750   3.094570   2.307530   1.000000   0.000000   0.000000   1.400000
 -0.615850   3.295480   0.940100   1.000000   0.000000   0.000000   1.400000
 -2.469980   6.476850   1.393440   1.000000   0.000000   0.000000   1.400000
 -3.813840   6.232890   0.987090   0.000000   1.000000   0.000000   1.850000
 -4.207190   7.152150   0.487940   1.000000   1.000000   1.000000   1.200000
 -4.475860   5.933470   1.835790   1.000000   1.000000   1.000000   1.200000
 -3.681850   5.418630   0.237640   1.000000   1.000000   1.000000   1.200000
  2.419490   4.960400  -0.242490   0.000000   0.000000   1.000000   1.540000
  2.026330   5.514000   0.492790   1.000000   1.000000   1.000000   1.200000
 -2.619520   7.173500   2.177440   1.000000   1.000000   1.000000   1.200000
  2.093720   5.312130  -1.120730   1.000000   1.000000   1.000000   1.200000
  2.095560   4.022670  -0.135590   1.000000   1.000000   1.000000   1.200000
  1.858390   2.213360   4.298030   0.000000   0.000000   1.000000   1.540000
  1.571790   0.563890   3.564140   1.000000   1.000000   1.000000   1.200000
  1.543960   2.934510   3.674470   1.000000   1.000000   1.000000   1.200000
  2.820800   2.363800   4.516530   1.000000   1.000000   1.000000   1.200000
  1.319510   2.273320   5.137830   1.000000   1.000000   1.000000   1.200000
 -3.505650   0.717020   3.767170   0.000000   0.000000   1.000000   1.540000
 -2.081760  -0.441640   3.717790   1.000000   1.000000   1.000000   1.200000
 -3.662980   1.283700   2.953490   1.000000   1.000000   1.000000   1.200000
 -3.300550   1.324740   4.533970   1.000000   1.000000   1.000000   1.200000
 -4.329200   0.194110   3.978150   1.000000   1.000000   1.000000   1.200000
28 bonds follow (x1 y1 z1 x2 y2 z2)
 -3.505650   0.717020   3.767170  -4.329200   0.194110   3.978150
 -3.505650   0.717020   3.767170  -3.300550   1.324740   4.533970
 -3.505650   0.717020   3.767170  -3.662980   1.283700   2.953490
 -1.177930  -0.779200   3.518620  -2.081760  -0.441640   3.717790
  1.858390   2.213360   4.298030   1.319510   2.273320   5.137830
  1.858390   2.213360   4.298030   2.820800   2.363800   4.516530
  1.858390   2.213360   4.298030   1.543960   2.934510   3.674470
  1.168620  -0.139110   2.999420   1.571790   0.563890   3.564140
  2.419490   4.960400  -0.242490   2.095560   4.022670  -0.135590
  2.419490   4.960400  -0.242490   2.093720   5.312130  -1.120730
 -2.469980   6.476850   1.393440  -2.619520   7.173500   2.177440
  2.419490   4.960400  -0.242490   2.026330   5.514000   0.492790
 -3.813840   6.232890   0.987090  -3.681850   5.418630   0.237640
 -3.813840   6.232890   0.987090  -4.475860   5.933470   1.835790
 -3.813840   6.232890   0.987090  -4.207190   7.152150   0.487940
 -2.469980   6.476850   1.393440  -3.813840   6.232890   0.987090
 -1.149750   3.195040   2.203180  -0.615850   3.295480   0.940100
 -1.149750   3.195040   2.203180  -2.518750   3.094570   2.307530
 -1.149750   3.195040   2.203180  -0.459940   3.695740   3.287150
 -0.756290   1.454160   2.452780  -1.149750   3.195040   2.203180
 -0.302340   0.016020   2.514790  -0.756290   1.454160   2.452780
 -0.302340   0.016020   2.514790  -1.177930  -0.779200   3.518620
 -0.302340   0.016020   2.514790   1.168620  -0.139110   2.999420
 -0.444800  -0.694420   1.108650  -0.302340   0.016020   2.514790
  0.377870  -0.124480   0.106310  -0.444800  -0.694420   1.108650
  0.377870  -0.124480   0.106310   0.192000  -0.696380  -0.835580
  0.377870  -0.124480   0.106310   0.092940   0.954710  -0.017170
  0.377870  -0.124480   0.106310   1.444910  -0.229260   0.430270
