33 atoms follow (x y z r g b radiusScale)
 -0.209150  -0.153080  -0.060640   0.000000   1.000000   0.000000   1.850000
  0.734680  -0.513100  -0.547840   1.000000   1.000000   1.000000   1.200000
 -0.233710   0.968210   0.013500   1.000000   1.000000   1.000000   1.200000
 -1.086100  -0.524110  -0.653360   1.000000   1.000000   1.000000   1.200000
 -0.290550  -0.741940   1.221100   1.000000   0.000000   0.000000   1.400000
 -0.246430   0.179670   2.515450   0.500000   0.500000   0.500000   1.900000
  1.219520   0.018300   3.055360   1.000000   0.000000   0.000000   1.400000
 -1.176320  -0.482380   3.583010   1.000000   0.000000   0.000000   1.400000
 -0.664340   1.572150   2.225020   1.000000   0.000000   0.000000   1.400000
 -1.196420   3.390890   1.807910   1.000000   1.000000   0.000000   1.850000
 -0.119520   3.813850   2.644440   1.000000   0.000000   0.000000   1.400000
 -2.444910   3.106530   2.344930   1.000000   0.000000   0.000000   1.400000
 -0.727700   3.099620   0.492510   1.000000   0.000000   0.000000   1.400000
 -1.617460   5.048870   1.306240   1.000000   0.000000   0.000000   1.400000
 -2.737650   5.746240   1.723270   0.000000   1.000000   0.000000   1.850000
 -3.606300   5.523700   1.050860   1.000000   1.000000   1.000000   1.200000
 -2.503900   6.843770   1.670030   1.000000   1.000000   1.000000   1.200000
 -3.012890   5.478300   2.776050   1.000000   1.000000   1.000000   1.200000
  0.927560   5.278050   0.669980   0.000000   0.000000   1.000000   1.540000
  1.216930   4.546600   1.354270   1.000000   1.000000   1.000000   1.200000
  1.709250   5.663790   0.164750   1.000000   1.000000   1.000000   1.200000
  0.399160   5.985900   1.197550   1.000000   1.000000   1.000000   1.200000
  0.242560   4.816050   0.042030   1.000000   1.000000   1.000000   1.200000
  1.457910   2.388220   4.794060   0.000000   0.000000   1.000000   1.540000
  1.554730   0.681300   3.677520   1.000000   1.000000   1.000000   1.200000
  0.903840   2.960330   4.181590   1.000000   1.000000   1.000000   1.200000
  2.345990   2.823350   4.926780   1.000000   1.000000   1.000000   1.200000
  1.001420   2.321790   5.679560   1.000000   1.000000   1.000000   1.200000
 -3.646300   0.958580   3.728820   0.000000   0.000000   1.000000   1.540000
 -2.084280  -0.136770   3.699450   1.000000   1.000000   1.000000   1.200000
 -3.861060   1.198600   2.780250   1.000000   1.000000   1.000000   1.200000
 -3.256080   1.777170   4.155770   1.000000   1.000000   1.000000   1.200000
 -4.487730   0.710630   4.204230   1.000000   1.000000   1.000000   1.200000
29 bonds follow (x1 y1 z1 x2 y2 z2)
 -3.646300   0.958580   3.728820  -4.487730   0.710630   4.204230
 -3.646300   0.958580   3.728820  -3.256080   1.777170   4.155770
 -3.646300   0.958580   3.728820  -3.861060   1.198600   2.780250
 -1.176320  -0.482380   3.583010  -2.084280  -0.136770   3.699450
  1.457910   2.388220   4.794060   1.001420   2.321790   5.679560
  1.457910   2.388220   4.794060   2.345990   2.823350   4.926780
  1.457910   2.388220   4.794060   0.903840   2.960330   4.181590
  1.219520   0.018300   3.055360   1.554730   0.681300   3.677520
  0.927560   5.278050   0.669980   0.242560   4.816050   0.042030
  0.927560   5.278050   0.669980   0.399160   5.985900   1.197550
  0.927560   5.278050   0.669980   1.709250   5.663790   0.164750
  0.927560   5.278050   0.669980   1.216930   4.546600   1.354270
 -2.737650   5.746240   1.723270  -3.012890   5.478300   2.776050
 -2.737650   5.746240   1.723270  -2.503900   6.843770   1.670030
 -2.737650   5.746240   1.723270  -3.606300   5.523700   1.050860
 -1.617460   5.048870   1.306240  -2.737650   5.746240   1.723270
 -1.196420   3.390890   1.807910  -1.617460   5.048870   1.306240
 -1.196420   3.390890   1.807910  -0.727700   3.099620   0.492510
 -1.196420   3.390890   1.807910  -2.444910   3.106530   2.344930
 -1.196420   3.390890   1.807910  -0.119520   3.813850   2.644440
 -0.664340   1.572150   2.225020  -1.196420   3.390890   1.807910
 -0.246430   0.179670   2.515450  -0.664340   1.572150   2.225020
 -0.246430   0.179670   2.515450  -1.176320  -0.482380   3.583010
 -0.246430   0.179670   2.515450   1.219520   0.018300   3.055360
 -0.290550  -0.741940   1.221100  -0.246430   0.179670   2.515450
 -0.209150  -0.153080  -0.060640  -0.290550  -0.741940   1.221100
 -0.209150  -0.153080  -0.060640  -1.086100  -0.524110  -0.653360
 -0.209150  -0.153080  -0.060640  -0.233710   0.968210   0.013500
 -0.209150  -0.153080  -0.060640   0.734680  -0.513100  -0.547840
