33 atoms follow (x y z r g b radiusScale)
 -0.092750  -0.091710  -0.026420   0.000000   1.000000   0.000000   1.850000
  0.941990  -0.381480  -0.347120   1.000000   1.000000   1.000000   1.200000
 -0.199670   1.023490   0.070270   1.000000   1.000000   1.000000   1.200000
 -0.828350  -0.489620  -0.773240   1.000000   1.000000   1.000000   1.200000
 -0.380010  -0.723110   1.202540   1.000000   0.000000   0.000000   1.400000
 -0.313340   0.143530   2.532890   0.500000   0.500000   0.500000   1.900000
  1.174120  -0.023110   3.011520   1.000000   0.000000   0.000000   1.400000
 -1.144010  -0.666310   3.589380   1.000000   0.000000   0.000000   1.400000
 -0.684610   1.569780   2.365880   1.000000   0.000000   0.000000   1.400000
 -1.189030   3.442970   1.863170   1.000000   1.000000   0.000000   1.850000
 -0.133060   3.909270   2.687790   1.000000   0.000000   0.000000   1.400000
 -2.456770   3.076850   2.272050   1.000000   0.000000   0.000000   1.400000
 -0.716320   3.143190   0.555820   1.000000   0.000000   0.000000   1.400000
 -1.598520   5.138880   1.432960   1.000000   0.000000   0.000000   1.400000
 -2.824310   5.766260   1.552640   0.000000   1.000000   0.000000   1.850000
 -3.492420   5.487360   0.695330   1.000000   1.000000   1.000000   1.200000
 -2.655760   6.876450   1.535300   1.000000   1.000000   1.000000   1.200000
 -3.330340   5.484690   2.512020   1.000000   1.000000   1.000000   1.200000
  0.935270   5.271810   0.516680   0.000000   0.000000   1.000000   1.540000
  0.936560   5.318190   1.559290   1.000000   1.000000   1.000000   1.200000
  1.708510   5.769010   0.102660   1.000000   1.000000   1.000000   1.200000
  0.009910   5.642220   0.212690   1.000000   1.000000   1.000000   1.200000
  0.934810   4.266670   0.265570   1.000000   1.000000   1.000000   1.200000
  1.505270   2.319630   4.746240   0.000000   0.000000   1.000000   1.540000
  1.512270   0.608540   3.662880   1.000000   1.000000   1.000000   1.200000
  1.000800   2.913550   4.111560   1.000000   1.000000   1.000000   1.200000
  2.441000   2.654770   4.834690   1.000000   1.000000   1.000000   1.200000
  1.068340   2.357090   5.642780   1.000000   1.000000   1.000000   1.200000
 -3.520990   0.952640   3.706160   0.000000   0.000000   1.000000   1.540000
 -2.035920  -0.351580   3.817810   1.000000   1.000000   1.000000   1.200000
 -3.774270   1.112220   2.749810   1.000000   1.000000   1.000000   1.200000
 -3.077890   1.792860   4.029690   1.000000   1.000000   1.000000   1.200000
 -4.352000   0.801420   4.238030   1.000000   1.000000   1.000000   1.200000
28 bonds follow (x1 y1 z1 x2 y2 z2)
 -3.520990   0.952640   3.706160  -4.352000   0.801420   4.238030
 -3.520990   0.952640   3.706160  -3.077890   1.792860   4.029690
 -3.520990   0.952640   3.706160  -3.774270   1.112220   2.749810
 -1.144010  -0.666310   3.589380  -2.035920  -0.351580   3.817810
  1.505270   2.319630   4.746240   1.068340   2.357090   5.642780
  1.505270   2.319630   4.746240   2.441000   2.654770   4.834690
  1.505270   2.319630   4.746240   1.000800   2.913550   4.111560
  1.174120  -0.023110   3.011520   1.512270   0.608540   3.662880
  0.935270   5.271810   0.516680   0.934810   4.266670   0.265570
  0.935270   5.271810   0.516680   0.009910   5.642220   0.212690
  0.935270   5.271810   0.516680   1.708510   5.769010   0.102660
  0.935270   5.271810   0.516680   0.936560   5.318190   1.559290
 -2.824310   5.766260   1.552640  -3.330340   5.484690   2.512020
 -2.824310   5.766260   1.552640  -2.655760   6.876450   1.535300
 -2.824310   5.766260   1.552640  -3.492420   5.487360   0.695330
 -1.598520   5.138880   1.432960  -2.824310   5.766260   1.552640
 -1.189030   3.442970   1.863170  -1.598520   5.138880   1.432960
 -1.189030   3.442970   1.863170  -0.716320   3.143190   0.555820
 -1.189030   3.442970   1.863170  -2.456770   3.076850   2.272050
 -1.189030   3.442970   1.863170  -0.133060   3.909270   2.687790
 -0.313340   0.143530   2.532890  -0.684610   1.569780   2.365880
 -0.313340   0.143530   2.532890  -1.144010  -0.666310   3.589380
 -0.313340   0.143530   2.532890   1.174120  -0.023110   3.011520
 -0.380010  -0.723110   1.202540  -0.313340   0.143530   2.532890
 -0.092750  -0.091710  -0.026420  -0.380010  -0.723110   1.202540
 -0.092750  -0.091710  -0.026420  -0.828350  -0.489620  -0.773240
 -0.092750  -0.091710  -0.026420  -0.199670   1.023490   0.070270
 -0.092750  -0.091710  -0.026420   0.941990  -0.381480  -0.347120
