33 atoms follow (x y z r g b radiusScale)
  0.025570  -0.041140   0.033380   0.000000   1.000000   0.000000   1.850000
  1.143830  -0.016980   0.054670   1.000000   1.000000   1.000000   1.200000
 -0.405540   0.997380   0.045980   1.000000   1.000000   1.000000   1.200000
 -0.337560  -0.605600  -0.861580   1.000000   1.000000   1.000000   1.200000
 -0.421300  -0.757930   1.170190   1.000000   0.000000   0.000000   1.400000
 -0.307370   0.034250   2.529930   0.500000   0.500000   0.500000   1.900000
  1.164050  -0.106570   3.027690   1.000000   0.000000   0.000000   1.400000
 -1.241630  -0.677030   3.546600   1.000000   0.000000   0.000000   1.400000
 -0.711370   1.478740   2.380620   1.000000   0.000000   0.000000   1.400000
 -1.110130   3.208580   2.036420   1.000000   1.000000   0.000000   1.850000
 -0.086900   3.800750   2.745690   1.000000   0.000000   0.000000   1.400000
 -2.386990   3.135170   2.543190   1.000000   0.000000   0.000000   1.400000
 -0.912700   3.178630   0.674110   1.000000   0.000000   0.000000   1.400000
 -1.935300   5.684860   1.686470   1.000000   0.000000   0.000000   1.400000
 -3.069680   5.837570   0.832880   0.000000   1.000000   0.000000   1.850000
 -2.806950   5.544160  -0.212820   1.000000   1.000000   1.000000   1.200000
 -3.480410   6.873200   0.870170   1.000000   1.000000   1.000000   1.200000
 -3.784430   5.085970   1.280230   1.000000   1.000000   1.000000   1.200000
  1.452510   5.666970   0.161110   0.000000   0.000000   1.000000   1.540000
  1.355160   5.601760   1.154700   1.000000   1.000000   1.000000   1.200000
 -1.405520   6.355270   1.443100   1.000000   1.000000   1.000000   1.200000
  0.571000   5.418220  -0.243740   1.000000   1.000000   1.000000   1.200000
  2.134230   4.994940  -0.139300   1.000000   1.000000   1.000000   1.200000
  1.664710   2.174820   4.662700   0.000000   0.000000   1.000000   1.540000
  1.538190   0.568840   3.632280   1.000000   1.000000   1.000000   1.200000
  1.313780   2.895870   4.057940   1.000000   1.000000   1.000000   1.200000
  2.618850   2.370140   4.883500   1.000000   1.000000   1.000000   1.200000
  1.134490   2.176620   5.509110   1.000000   1.000000   1.000000   1.200000
 -3.555640   0.963870   3.751090   0.000000   0.000000   1.000000   1.540000
 -2.124060  -0.281790   3.738130   1.000000   1.000000   1.000000   1.200000
 -3.803340   1.177950   2.804550   1.000000   1.000000   1.000000   1.200000
 -3.164700   1.798100   4.148090   1.000000   1.000000   1.000000   1.200000
 -4.383430   0.722780   4.254570   1.000000   1.000000   1.000000   1.200000
28 bonds follow (x1 y1 z1 x2 y2 z2)
 -3.555640   0.963870   3.751090  -4.383430   0.722780   4.254570
 -3.555640   0.963870   3.751090  -3.164700   1.798100   4.148090
 -3.555640   0.963870   3.751090  -3.803340   1.177950   2.804550
 -1.241630  -0.677030   3.546600  -2.124060  -0.281790   3.738130
  1.664710   2.174820   4.662700   1.134490   2.176620   5.509110
  1.664710   2.174820   4.662700   2.618850   2.370140   4.883500
  1.664710   2.174820   4.662700   1.313780   2.895870   4.057940
  1.164050  -0.106570   3.027690   1.538190   0.568840   3.632280
  1.452510   5.666970   0.161110   2.134230   4.994940  -0.139300
  1.452510   5.666970   0.161110   0.571000   5.418220  -0.243740
 -1.935300   5.684860   1.686470  -1.405520   6.355270   1.443100
  1.452510   5.666970   0.161110   1.355160   5.601760   1.154700
 -3.069680   5.837570   0.832880  -3.784430   5.085970   1.280230
 -3.069680   5.837570   0.832880  -3.480410   6.873200   0.870170
 -3.069680   5.837570   0.832880  -2.806950   5.544160  -0.212820
 -1.935300   5.684860   1.686470  -3.069680   5.837570   0.832880
 -1.110130   3.208580   2.036420  -0.912700   3.178630   0.674110
 -1.110130   3.208580   2.036420  -2.386990   3.135170   2.543190
 -1.110130   3.208580   2.036420  -0.086900   3.800750   2.745690
 -0.711370   1.478740   2.380620  -1.110130   3.208580   2.036420
 -0.307370   0.034250   2.529930  -0.711370   1.478740   2.380620
 -0.307370   0.034250   2.529930  -1.241630  -0.677030   3.546600
 -0.307370   0.034250   2.529930   1.164050  -0.106570   3.027690
 -0.421300  -0.757930   1.170190  -0.307370   0.034250   2.529930
  0.025570  -0.041140   0.033380  -0.421300  -0.757930   1.170190
  0.025570  -0.041140   0.033380  -0.337560  -0.605600  -0.861580
  0.025570  -0.041140   0.033380  -0.405540   0.997380   0.045980
  0.025570  -0.041140   0.033380   1.143830  -0.016980   0.054670
