33 atoms follow (x y z r g b radiusScale)
 -0.541330  -0.122500  -0.015190   0.000000   1.000000   0.000000   1.850000
  0.303160  -0.298160  -0.733310   1.000000   1.000000   1.000000   1.200000
 -0.738260   0.976650   0.104710   1.000000   1.000000   1.000000   1.200000
 -1.452940  -0.655040  -0.395740   1.000000   1.000000   1.000000   1.200000
 -0.182370  -0.716410   1.212490   1.000000   0.000000   0.000000   1.400000
 -0.157080   0.173400   2.521880   0.500000   0.500000   0.500000   1.900000
  1.316400   0.014530   3.076220   1.000000   0.000000   0.000000   1.400000
 -1.095660  -0.619310   3.503320   1.000000   0.000000   0.000000   1.400000
 -0.583950   1.577830   2.307070   1.000000   0.000000   0.000000   1.400000
 -1.185170   3.428350   1.860340   1.000000   1.000000   0.000000   1.850000
 -0.102170   3.934660   2.616000   1.000000   0.000000   0.000000   1.400000
 -2.417970   3.153440   2.440280   1.000000   0.000000   0.000000   1.400000
 -0.785990   3.094230   0.535090   1.000000   0.000000   0.000000   1.400000
 -1.586320   5.082390   1.292360   1.000000   0.000000   0.000000   1.400000
 -2.510720   5.889470   1.930180   0.000000   1.000000   0.000000   1.850000
 -3.366570   5.285350   2.331180   1.000000   1.000000   1.000000   1.200000
 -2.901140   6.637080   1.189960   1.000000   1.000000   1.000000   1.200000
 -2.020610   6.440680   2.777830   1.000000   1.000000   1.000000   1.200000
  0.890970   5.158820   0.298710   0.000000   0.000000   1.000000   1.540000
  0.985970   5.111540   1.334790   1.000000   1.000000   1.000000   1.200000
  1.656550   5.649250  -0.139400   1.000000   1.000000   1.000000   1.200000
 -0.031030   5.609010   0.116270   1.000000   1.000000   1.000000   1.200000
  0.805250   4.189930  -0.034510   1.000000   1.000000   1.000000   1.200000
  1.085030   2.416880   4.969110   0.000000   0.000000   1.000000   1.540000
  1.549840   0.555650   3.838390   1.000000   1.000000   1.000000   1.200000
  0.837660   3.068360   4.245690   1.000000   1.000000   1.000000   1.200000
  1.852310   2.784350   5.490800   1.000000   1.000000   1.000000   1.200000
  0.306660   2.310190   5.585890   1.000000   1.000000   1.000000   1.200000
 -3.663120   0.784650   3.497770   0.000000   0.000000   1.000000   1.540000
 -2.023740  -0.336940   3.580550   1.000000   1.000000   1.000000   1.200000
 -3.925370   0.897770   2.539740   1.000000   1.000000   1.000000   1.200000
 -3.415260   1.690530   3.849640   1.000000   1.000000   1.000000   1.200000
 -4.443600   0.429280   4.008450   1.000000   1.000000   1.000000   1.200000
28 bonds follow (x1 y1 z1 x2 y2 z2)
 -3.663120   0.784650   3.497770  -4.443600   0.429280   4.008450
 -3.663120   0.784650   3.497770  -3.415260   1.690530   3.849640
 -3.663120   0.784650   3.497770  -3.925370   0.897770   2.539740
 -1.095660  -0.619310   3.503320  -2.023740  -0.336940   3.580550
  1.085030   2.416880   4.969110   0.306660   2.310190   5.585890
  1.085030   2.416880   4.969110   1.852310   2.784350   5.490800
  1.085030   2.416880   4.969110   0.837660   3.068360   4.245690
  1.316400   0.014530   3.076220   1.549840   0.555650   3.838390
  0.890970   5.158820   0.298710   0.805250   4.189930  -0.034510
  0.890970   5.158820   0.298710  -0.031030   5.609010   0.116270
  0.890970   5.158820   0.298710   1.656550   5.649250  -0.139400
  0.890970   5.158820   0.298710   0.985970   5.111540   1.334790
 -2.510720   5.889470   1.930180  -2.020610   6.440680   2.777830
 -2.510720   5.889470   1.930180  -2.901140   6.637080   1.189960
 -2.510720   5.889470   1.930180  -3.366570   5.285350   2.331180
 -1.586320   5.082390   1.292360  -2.510720   5.889470   1.930180
 -1.185170   3.428350   1.860340  -1.586320   5.082390   1.292360
 -1.185170   3.428350   1.860340  -0.785990   3.094230   0.535090
 -1.185170   3.428350   1.860340  -2.417970   3.153440   2.440280
 -1.185170   3.428350   1.860340  -0.102170   3.934660   2.616000
 -0.157080   0.173400   2.521880  -0.583950   1.577830   2.307070
 -0.157080   0.173400   2.521880  -1.095660  -0.619310   3.503320
 -0.157080   0.173400   2.521880   1.316400   0.014530   3.076220
 -0.182370  -0.716410   1.212490  -0.157080   0.173400   2.521880
 -0.541330  -0.122500  -0.015190  -0.182370  -0.716410   1.212490
 -0.541330  -0.122500  -0.015190  -1.452940  -0.655040  -0.395740
 -0.541330  -0.122500  -0.015190  -0.738260   0.976650   0.104710
 -0.541330  -0.122500  -0.015190   0.303160  -0.298160  -0.733310
