33 atoms follow (x y z r g b radiusScale)
 -0.058760   0.001360   0.001720   0.000000   1.000000   0.000000   1.850000
  1.036280  -0.169570  -0.159940   1.000000   1.000000   1.000000   1.200000
 -0.295670   1.097350   0.091780   1.000000   1.000000   1.000000   1.200000
 -0.637110  -0.452390  -0.842880   1.000000   1.000000   1.000000   1.200000
 -0.453590  -0.680380   1.173090   1.000000   0.000000   0.000000   1.400000
 -0.294250   0.127860   2.531910   0.500000   0.500000   0.500000   1.900000
  1.207330  -0.051140   2.978410   1.000000   0.000000   0.000000   1.400000
 -1.166370  -0.698920   3.540470   1.000000   0.000000   0.000000   1.400000
 -0.699610   1.551580   2.421010   1.000000   0.000000   0.000000   1.400000
 -1.179600   3.444740   1.907680   1.000000   1.000000   0.000000   1.850000
 -0.137240   3.925050   2.738800   1.000000   0.000000   0.000000   1.400000
 -2.452860   3.141110   2.355150   1.000000   0.000000   0.000000   1.400000
 -0.731480   3.140010   0.597750   1.000000   0.000000   0.000000   1.400000
 -1.528810   5.140940   1.401460   1.000000   0.000000   0.000000   1.400000
 -2.807020   5.669890   1.382370   0.000000   1.000000   0.000000   1.850000
 -3.325530   5.384290   0.428520   1.000000   1.000000   1.000000   1.200000
 -2.733490   6.788050   1.439280   1.000000   1.000000   1.000000   1.200000
 -3.407070   5.293230   2.251370   1.000000   1.000000   1.000000   1.200000
  0.894540   5.287480   0.481870   0.000000   0.000000   1.000000   1.540000
  0.599970   5.468550   1.468640   1.000000   1.000000   1.000000   1.200000
  1.458400   6.039260   0.110570   1.000000   1.000000   1.000000   1.200000
 -0.005230   5.173050  -0.034680   1.000000   1.000000   1.000000   1.200000
  1.366000   4.389330   0.462100   1.000000   1.000000   1.000000   1.200000
  1.536360   2.308650   4.699730   0.000000   0.000000   1.000000   1.540000
  1.545430   0.561730   3.649960   1.000000   1.000000   1.000000   1.200000
  0.999930   2.940010   4.131400   1.000000   1.000000   1.000000   1.200000
  2.442120   2.696600   4.855800   1.000000   1.000000   1.000000   1.200000
  1.082210   2.199060   5.582140   1.000000   1.000000   1.000000   1.200000
 -3.584190   0.944240   3.750570   0.000000   0.000000   1.000000   1.540000
 -2.073250  -0.391710   3.713140   1.000000   1.000000   1.000000   1.200000
 -3.828770   1.161190   2.803520   1.000000   1.000000   1.000000   1.200000
 -3.109430   1.748600   4.115920   1.000000   1.000000   1.000000   1.200000
 -4.421620   0.798180   4.274090   1.000000   1.000000   1.000000   1.200000
28 bonds follow (x1 y1 z1 x2 y2 z2)
 -3.584190   0.944240   3.750570  -4.421620   0.798180   4.274090
 -3.584190   0.944240   3.750570  -3.109430   1.748600   4.115920
 -3.584190   0.944240   3.750570  -3.828770   1.161190   2.803520
 -1.166370  -0.698920   3.540470  -2.073250  -0.391710   3.713140
  1.536360   2.308650   4.699730   1.082210   2.199060   5.582140
  1.536360   2.308650   4.699730   2.442120   2.696600   4.855800
  1.536360   2.308650   4.699730   0.999930   2.940010   4.131400
  1.207330  -0.051140   2.978410   1.545430   0.561730   3.649960
  0.894540   5.287480   0.481870   1.366000   4.389330   0.462100
  0.894540   5.287480   0.481870  -0.005230   5.173050  -0.034680
  0.894540   5.287480   0.481870   1.458400   6.039260   0.110570
  0.894540   5.287480   0.481870   0.599970   5.468550   1.468640
 -2.807020   5.669890   1.382370  -3.407070   5.293230   2.251370
 -2.807020   5.669890   1.382370  -2.733490   6.788050   1.439280
 -2.807020   5.669890   1.382370  -3.325530   5.384290   0.428520
 -1.528810   5.140940   1.401460  -2.807020   5.669890   1.382370
 -1.179600   3.444740   1.907680  -1.528810   5.140940   1.401460
 -1.179600   3.444740   1.907680  -0.731480   3.140010   0.597750
 -1.179600   3.444740   1.907680  -2.452860   3.141110   2.355150
 -1.179600   3.444740   1.907680  -0.137240   3.925050   2.738800
 -0.294250   0.127860   2.531910  -0.699610   1.551580   2.421010
 -0.294250   0.127860   2.531910  -1.166370  -0.698920   3.540470
 -0.294250   0.127860   2.531910   1.207330  -0.051140   2.978410
 -0.453590  -0.680380   1.173090  -0.294250   0.127860   2.531910
 -0.058760   0.001360   0.001720  -0.453590  -0.680380   1.173090
 -0.058760   0.001360   0.001720  -0.637110  -0.452390  -0.842880
 -0.058760   0.001360   0.001720  -0.295670   1.097350   0.091780
 -0.058760   0.001360   0.001720   1.036280  -0.169570  -0.159940
