33 atoms follow (x y z r g b radiusScale)
 -0.567450  -0.163130   0.016710   0.000000   1.000000   0.000000   1.850000
  0.193460  -0.462290  -0.750230   1.000000   1.000000   1.000000   1.200000
 -0.633760   0.957180   0.091910   1.000000   1.000000   1.000000   1.200000
 -1.560720  -0.599690  -0.267040   1.000000   1.000000   1.000000   1.200000
 -0.163760  -0.745530   1.239340   1.000000   0.000000   0.000000   1.400000
 -0.175270   0.178270   2.525210   0.500000   0.500000   0.500000   1.900000
  1.272550   0.096090   3.146790   1.000000   0.000000   0.000000   1.400000
 -1.107600  -0.603050   3.516490   1.000000   0.000000   0.000000   1.400000
 -0.694110   1.535920   2.217530   1.000000   0.000000   0.000000   1.400000
 -1.173360   3.383580   1.800540   1.000000   1.000000   0.000000   1.850000
 -0.082690   3.838210   2.601000   1.000000   0.000000   0.000000   1.400000
 -2.420000   3.071220   2.317800   1.000000   0.000000   0.000000   1.400000
 -0.731820   3.119500   0.479690   1.000000   0.000000   0.000000   1.400000
 -1.584430   5.069790   1.310910   1.000000   0.000000   0.000000   1.400000
 -2.540100   5.825730   1.965260   0.000000   1.000000   0.000000   1.850000
 -3.552430   5.357780   1.851760   1.000000   1.000000   1.000000   1.200000
 -2.552770   6.854030   1.517660   1.000000   1.000000   1.000000   1.200000
 -2.296260   5.903990   3.058620   1.000000   1.000000   1.000000   1.200000
  0.855610   5.314850   0.450080   0.000000   0.000000   1.000000   1.540000
  0.868320   5.329000   1.480660   1.000000   1.000000   1.000000   1.200000
  1.588740   5.871590   0.040270   1.000000   1.000000   1.000000   1.200000
 -0.088510   5.644110   0.172270   1.000000   1.000000   1.000000   1.200000
  0.896110   4.313900   0.171540   1.000000   1.000000   1.000000   1.200000
  1.202970   2.402530   4.944260   0.000000   0.000000   1.000000   1.540000
  1.478480   0.717610   3.862350   1.000000   1.000000   1.000000   1.200000
  0.952630   3.034010   4.203590   1.000000   1.000000   1.000000   1.200000
  2.084540   2.675080   5.324180   1.000000   1.000000   1.000000   1.200000
  0.513600   2.458020   5.663790   1.000000   1.000000   1.000000   1.200000
 -3.621950   0.916980   3.549620   0.000000   0.000000   1.000000   1.540000
 -2.000920  -0.249520   3.674810   1.000000   1.000000   1.000000   1.200000
 -3.871770   1.047560   2.589960   1.000000   1.000000   1.000000   1.200000
 -3.323210   1.807210   3.900430   1.000000   1.000000   1.000000   1.200000
 -4.424310   0.612740   4.059240   1.000000   1.000000   1.000000   1.200000
28 bonds follow (x1 y1 z1 x2 y2 z2)
 -3.621950   0.916980   3.549620  -4.424310   0.612740   4.059240
 -3.621950   0.916980   3.549620  -3.323210   1.807210   3.900430
 -3.621950   0.916980   3.549620  -3.871770   1.047560   2.589960
 -1.107600  -0.603050   3.516490  -2.000920  -0.249520   3.674810
  1.202970   2.402530   4.944260   0.513600   2.458020   5.663790
  1.202970   2.402530   4.944260   2.084540   2.675080   5.324180
  1.202970   2.402530   4.944260   0.952630   3.034010   4.203590
  1.272550   0.096090   3.146790   1.478480   0.717610   3.862350
  0.855610   5.314850   0.450080   0.896110   4.313900   0.171540
  0.855610   5.314850   0.450080  -0.088510   5.644110   0.172270
  0.855610   5.314850   0.450080   1.588740   5.871590   0.040270
  0.855610   5.314850   0.450080   0.868320   5.329000   1.480660
 -2.540100   5.825730   1.965260  -2.296260   5.903990   3.058620
 -2.540100   5.825730   1.965260  -2.552770   6.854030   1.517660
 -2.540100   5.825730   1.965260  -3.552430   5.357780   1.851760
 -1.584430   5.069790   1.310910  -2.540100   5.825730   1.965260
 -1.173360   3.383580   1.800540  -1.584430   5.069790   1.310910
 -1.173360   3.383580   1.800540  -0.731820   3.119500   0.479690
 -1.173360   3.383580   1.800540  -2.420000   3.071220   2.317800
 -1.173360   3.383580   1.800540  -0.082690   3.838210   2.601000
 -0.175270   0.178270   2.525210  -0.694110   1.535920   2.217530
 -0.175270   0.178270   2.525210  -1.107600  -0.603050   3.516490
 -0.175270   0.178270   2.525210   1.272550   0.096090   3.146790
 -0.163760  -0.745530   1.239340  -0.175270   0.178270   2.525210
 -0.567450  -0.163130   0.016710  -0.163760  -0.745530   1.239340
 -0.567450  -0.163130   0.016710  -1.560720  -0.599690  -0.267040
 -0.567450  -0.163130   0.016710  -0.633760   0.957180   0.091910
 -0.567450  -0.163130   0.016710   0.193460  -0.462290  -0.750230
