33 atoms follow (x y z r g b radiusScale)
 -0.049320   0.033150  -0.005970   0.000000   1.000000   0.000000   1.850000
  1.056220  -0.079120  -0.143990   1.000000   1.000000   1.000000   1.200000
 -0.343220   1.115320   0.078220   1.000000   1.000000   1.000000   1.200000
 -0.585300  -0.453040  -0.860300   1.000000   1.000000   1.000000   1.200000
 -0.432950  -0.668200   1.158820   1.000000   0.000000   0.000000   1.400000
 -0.314940   0.137530   2.523890   0.500000   0.500000   0.500000   1.900000
  1.188340  -0.051990   2.949960   1.000000   0.000000   0.000000   1.400000
 -1.188600  -0.673030   3.542550   1.000000   0.000000   0.000000   1.400000
 -0.648870   1.578870   2.407850   1.000000   0.000000   0.000000   1.400000
 -1.196950   3.436980   1.932750   1.000000   1.000000   0.000000   1.850000
 -0.122100   3.921090   2.721590   1.000000   0.000000   0.000000   1.400000
 -2.447080   3.117840   2.449070   1.000000   0.000000   0.000000   1.400000
 -0.749200   3.109820   0.626900   1.000000   0.000000   0.000000   1.400000
 -1.538580   5.096020   1.376460   1.000000   0.000000   0.000000   1.400000
 -2.804410   5.645110   1.304320   0.000000   1.000000   0.000000   1.850000
 -3.279980   5.384670   0.321250   1.000000   1.000000   1.000000   1.200000
 -2.712820   6.760890   1.382660   1.000000   1.000000   1.000000   1.200000
 -3.450590   5.264790   2.138150   1.000000   1.000000   1.000000   1.200000
  0.926390   5.304380   0.501240   0.000000   0.000000   1.000000   1.540000
  0.662070   5.418480   1.507320   1.000000   1.000000   1.000000   1.200000
  1.322630   6.151610   0.118260   1.000000   1.000000   1.000000   1.200000
  0.023320   5.050240   0.032760   1.000000   1.000000   1.000000   1.200000
  1.558320   4.506260   0.421760   1.000000   1.000000   1.000000   1.200000
  1.550730   2.294950   4.707200   0.000000   0.000000   1.000000   1.540000
  1.591270   0.642450   3.489920   1.000000   1.000000   1.000000   1.200000
  1.029340   2.887070   4.084250   1.000000   1.000000   1.000000   1.200000
  2.467090   2.672100   4.824550   1.000000   1.000000   1.000000   1.200000
  1.097240   2.282290   5.596260   1.000000   1.000000   1.000000   1.200000
 -3.598860   0.955800   3.755100   0.000000   0.000000   1.000000   1.540000
 -2.077480  -0.335030   3.753830   1.000000   1.000000   1.000000   1.200000
 -3.835230   1.167840   2.804980   1.000000   1.000000   1.000000   1.200000
 -3.160240   1.775100   4.133100   1.000000   1.000000   1.000000   1.200000
 -4.438970   0.775120   4.262990   1.000000   1.000000   1.000000   1.200000
28 bonds follow (x1 y1 z1 x2 y2 z2)
 -3.598860   0.955800   3.755100  -4.438970   0.775120   4.262990
 -3.598860   0.955800   3.755100  -3.160240   1.775100   4.133100
 -3.598860   0.955800   3.755100  -3.835230   1.167840   2.804980
 -1.188600  -0.673030   3.542550  -2.077480  -0.335030   3.753830
  1.550730   2.294950   4.707200   1.097240   2.282290   5.596260
  1.550730   2.294950   4.707200   2.467090   2.672100   4.824550
  1.550730   2.294950   4.707200   1.029340   2.887070   4.084250
  1.188340  -0.051990   2.949960   1.591270   0.642450   3.489920
  0.926390   5.304380   0.501240   1.558320   4.506260   0.421760
  0.926390   5.304380   0.501240   0.023320   5.050240   0.032760
  0.926390   5.304380   0.501240   1.322630   6.151610   0.118260
  0.926390   5.304380   0.501240   0.662070   5.418480   1.507320
 -2.804410   5.645110   1.304320  -3.450590   5.264790   2.138150
 -2.804410   5.645110   1.304320  -2.712820   6.760890   1.382660
 -2.804410   5.645110   1.304320  -3.279980   5.384670   0.321250
 -1.538580   5.096020   1.376460  -2.804410   5.645110   1.304320
 -1.196950   3.436980   1.932750  -1.538580   5.096020   1.376460
 -1.196950   3.436980   1.932750  -0.749200   3.109820   0.626900
 -1.196950   3.436980   1.932750  -2.447080   3.117840   2.449070
 -1.196950   3.436980   1.932750  -0.122100   3.921090   2.721590
 -0.314940   0.137530   2.523890  -0.648870   1.578870   2.407850
 -0.314940   0.137530   2.523890  -1.188600  -0.673030   3.542550
 -0.314940   0.137530   2.523890   1.188340  -0.051990   2.949960
 -0.432950  -0.668200   1.158820  -0.314940   0.137530   2.523890
 -0.049320   0.033150  -0.005970  -0.432950  -0.668200   1.158820
 -0.049320   0.033150  -0.005970  -0.585300  -0.453040  -0.860300
 -0.049320   0.033150  -0.005970  -0.343220   1.115320   0.078220
 -0.049320   0.033150  -0.005970   1.056220  -0.079120  -0.143990
