33 atoms follow (x y z r g b radiusScale)
 -0.535370  -0.113670  -0.015470   0.000000   1.000000   0.000000   1.850000
  0.325330  -0.254720  -0.720340   1.000000   1.000000   1.000000   1.200000
 -0.762080   0.979320   0.119950   1.000000   1.000000   1.000000   1.200000
 -1.426310  -0.659750  -0.422870   1.000000   1.000000   1.000000   1.200000
 -0.189550  -0.719040   1.211910   1.000000   0.000000   0.000000   1.400000
 -0.153910   0.170670   2.528290   0.500000   0.500000   0.500000   1.900000
  1.318200  -0.002470   3.074030   1.000000   0.000000   0.000000   1.400000
 -1.101390  -0.615380   3.501320   1.000000   0.000000   0.000000   1.400000
 -0.582060   1.573530   2.308230   1.000000   0.000000   0.000000   1.400000
 -1.184710   3.439870   1.857520   1.000000   1.000000   0.000000   1.850000
 -0.098780   3.925080   2.618400   1.000000   0.000000   0.000000   1.400000
 -2.413830   3.174610   2.441120   1.000000   0.000000   0.000000   1.400000
 -0.788810   3.085680   0.538940   1.000000   0.000000   0.000000   1.400000
 -1.601980   5.090000   1.293120   1.000000   0.000000   0.000000   1.400000
 -2.522610   5.898070   1.932750   0.000000   1.000000   0.000000   1.850000
 -3.354900   5.294650   2.379210   1.000000   1.000000   1.000000   1.200000
 -2.949430   6.613690   1.181440   1.000000   1.000000   1.000000   1.200000
 -2.017260   6.485230   2.746780   1.000000   1.000000   1.000000   1.200000
  0.891880   5.143160   0.296930   0.000000   0.000000   1.000000   1.540000
  1.038320   5.035170   1.309470   1.000000   1.000000   1.000000   1.200000
  1.663550   5.602460  -0.158490   1.000000   1.000000   1.000000   1.200000
 -0.001360   5.654840   0.185760   1.000000   1.000000   1.000000   1.200000
  0.716920   4.182580  -0.084270   1.000000   1.000000   1.000000   1.200000
  1.074740   2.422070   4.972030   0.000000   0.000000   1.000000   1.540000
  1.567010   0.526200   3.838750   1.000000   1.000000   1.000000   1.200000
  0.850420   3.059310   4.228860   1.000000   1.000000   1.000000   1.200000
  1.858840   2.775990   5.478050   1.000000   1.000000   1.000000   1.200000
  0.295920   2.368310   5.595080   1.000000   1.000000   1.000000   1.200000
 -3.641470   0.769950   3.489320   0.000000   0.000000   1.000000   1.540000
 -2.027360  -0.317240   3.577440   1.000000   1.000000   1.000000   1.200000
 -3.875380   0.870590   2.522390   1.000000   1.000000   1.000000   1.200000
 -3.364660   1.673860   3.826070   1.000000   1.000000   1.000000   1.200000
 -4.450300   0.462100   3.986670   1.000000   1.000000   1.000000   1.200000
28 bonds follow (x1 y1 z1 x2 y2 z2)
 -3.641470   0.769950   3.489320  -4.450300   0.462100   3.986670
 -3.641470   0.769950   3.489320  -3.364660   1.673860   3.826070
 -3.641470   0.769950   3.489320  -3.875380   0.870590   2.522390
 -1.101390  -0.615380   3.501320  -2.027360  -0.317240   3.577440
  1.074740   2.422070   4.972030   0.295920   2.368310   5.595080
  1.074740   2.422070   4.972030   1.858840   2.775990   5.478050
  1.074740   2.422070   4.972030   0.850420   3.059310   4.228860
  1.318200  -0.002470   3.074030   1.567010   0.526200   3.838750
  0.891880   5.143160   0.296930   0.716920   4.182580  -0.084270
  0.891880   5.143160   0.296930  -0.001360   5.654840   0.185760
  0.891880   5.143160   0.296930   1.663550   5.602460  -0.158490
  0.891880   5.143160   0.296930   1.038320   5.035170   1.309470
 -2.522610   5.898070   1.932750  -2.017260   6.485230   2.746780
 -2.522610   5.898070   1.932750  -2.949430   6.613690   1.181440
 -2.522610   5.898070   1.932750  -3.354900   5.294650   2.379210
 -1.601980   5.090000   1.293120  -2.522610   5.898070   1.932750
 -1.184710   3.439870   1.857520  -1.601980   5.090000   1.293120
 -1.184710   3.439870   1.857520  -0.788810   3.085680   0.538940
 -1.184710   3.439870   1.857520  -2.413830   3.174610   2.441120
 -1.184710   3.439870   1.857520  -0.098780   3.925080   2.618400
 -0.153910   0.170670   2.528290  -0.582060   1.573530   2.308230
 -0.153910   0.170670   2.528290  -1.101390  -0.615380   3.501320
 -0.153910   0.170670   2.528290   1.318200  -0.002470   3.074030
 -0.189550  -0.719040   1.211910  -0.153910   0.170670   2.528290
 -0.535370  -0.113670  -0.015470  -0.189550  -0.719040   1.211910
 -0.535370  -0.113670  -0.015470  -1.426310  -0.659750  -0.422870
 -0.535370  -0.113670  -0.015470  -0.762080   0.979320   0.119950
 -0.535370  -0.113670  -0.015470   0.325330  -0.254720  -0.720340
