33 atoms follow (x y z r g b radiusScale)
  0.162830  -0.191710   0.014290   0.000000   1.000000   0.000000   1.850000
  1.271570  -0.170780   0.163590   1.000000   1.000000   1.000000   1.200000
 -0.249900   0.843270  -0.117940   1.000000   1.000000   1.000000   1.200000
 -0.107010  -0.847500  -0.851150   1.000000   1.000000   1.000000   1.200000
 -0.431120  -0.779470   1.155940   1.000000   0.000000   0.000000   1.400000
 -0.290220   0.014950   2.513340   0.500000   0.500000   0.500000   1.900000
  1.160930  -0.146190   3.049660   1.000000   0.000000   0.000000   1.400000
 -1.273450  -0.631400   3.525870   1.000000   0.000000   0.000000   1.400000
 -0.638950   1.468390   2.310640   1.000000   0.000000   0.000000   1.400000
 -1.123560   3.203490   2.107500   1.000000   1.000000   0.000000   1.850000
 -0.203880   3.729880   2.991510   1.000000   0.000000   0.000000   1.400000
 -2.401570   3.031050   2.560480   1.000000   0.000000   0.000000   1.400000
 -0.896310   3.247190   0.753780   1.000000   0.000000   0.000000   1.400000
 -2.228700   6.047830   1.563280   1.000000   0.000000   0.000000   1.400000
 -3.438690   6.064360   0.834890   0.000000   1.000000   0.000000   1.850000
 -3.284750   6.423990  -0.213480   1.000000   1.000000   1.000000   1.200000
 -4.173810   6.727940   1.346890   1.000000   1.000000   1.000000   1.200000
 -3.838400   5.010220   0.803200   1.000000   1.000000   1.000000   1.200000
  2.045350   5.490260  -0.067650   0.000000   0.000000   1.000000   1.540000
  2.145600   6.154520   0.672470   1.000000   1.000000   1.000000   1.200000
 -1.949590   6.835510   1.750820   1.000000   1.000000   1.000000   1.200000
  1.728540   5.977650  -0.882710   1.000000   1.000000   1.000000   1.200000
  1.347320   4.817100   0.193820   1.000000   1.000000   1.000000   1.200000
  1.759890   2.174200   4.570510   0.000000   0.000000   1.000000   1.540000
  1.542050   0.574770   3.602180   1.000000   1.000000   1.000000   1.200000
  1.459550   2.871640   3.913740   1.000000   1.000000   1.000000   1.200000
  2.718830   2.333660   4.799000   1.000000   1.000000   1.000000   1.200000
  1.212600   2.263650   5.401140   1.000000   1.000000   1.000000   1.200000
 -3.615530   0.793070   3.845930   0.000000   0.000000   1.000000   1.540000
 -2.163650  -0.239470   3.709010   1.000000   1.000000   1.000000   1.200000
 -3.748480   1.188260   2.933940   1.000000   1.000000   1.000000   1.200000
 -3.349030   1.537410   4.459460   1.000000   1.000000   1.000000   1.200000
 -4.472810   0.393420   4.163830   1.000000   1.000000   1.000000   1.200000
28 bonds follow (x1 y1 z1 x2 y2 z2)
 -3.615530   0.793070   3.845930  -4.472810   0.393420   4.163830
 -3.615530   0.793070   3.845930  -3.349030   1.537410   4.459460
 -3.615530   0.793070   3.845930  -3.748480   1.188260   2.933940
 -1.273450  -0.631400   3.525870  -2.163650  -0.239470   3.709010
  1.759890   2.174200   4.570510   1.212600   2.263650   5.401140
  1.759890   2.174200   4.570510   2.718830   2.333660   4.799000
  1.759890   2.174200   4.570510   1.459550   2.871640   3.913740
  1.160930  -0.146190   3.049660   1.542050   0.574770   3.602180
  2.045350   5.490260  -0.067650   1.347320   4.817100   0.193820
  2.045350   5.490260  -0.067650   1.728540   5.977650  -0.882710
 -2.228700   6.047830   1.563280  -1.949590   6.835510   1.750820
  2.045350   5.490260  -0.067650   2.145600   6.154520   0.672470
 -3.438690   6.064360   0.834890  -3.838400   5.010220   0.803200
 -3.438690   6.064360   0.834890  -4.173810   6.727940   1.346890
 -3.438690   6.064360   0.834890  -3.284750   6.423990  -0.213480
 -2.228700   6.047830   1.563280  -3.438690   6.064360   0.834890
 -1.123560   3.203490   2.107500  -0.896310   3.247190   0.753780
 -1.123560   3.203490   2.107500  -2.401570   3.031050   2.560480
 -1.123560   3.203490   2.107500  -0.203880   3.729880   2.991510
 -0.638950   1.468390   2.310640  -1.123560   3.203490   2.107500
 -0.290220   0.014950   2.513340  -0.638950   1.468390   2.310640
 -0.290220   0.014950   2.513340  -1.273450  -0.631400   3.525870
 -0.290220   0.014950   2.513340   1.160930  -0.146190   3.049660
 -0.431120  -0.779470   1.155940  -0.290220   0.014950   2.513340
  0.162830  -0.191710   0.014290  -0.431120  -0.779470   1.155940
  0.162830  -0.191710   0.014290  -0.107010  -0.847500  -0.851150
  0.162830  -0.191710   0.014290  -0.249900   0.843270  -0.117940
  0.162830  -0.191710   0.014290   1.271570  -0.170780   0.163590
