33 atoms follow (x y z r g b radiusScale)
 -0.485080  -0.089550  -0.047440   0.000000   1.000000   0.000000   1.850000
  0.439310  -0.110610  -0.682830   1.000000   1.000000   1.000000   1.200000
 -0.831540   0.966540   0.111670   1.000000   1.000000   1.000000   1.200000
 -1.279130  -0.702060  -0.549930   1.000000   1.000000   1.000000   1.200000
 -0.191750  -0.712390   1.184590   1.000000   0.000000   0.000000   1.400000
 -0.194390   0.151450   2.526770   0.500000   0.500000   0.500000   1.900000
  1.268310  -0.056360   3.065360   1.000000   0.000000   0.000000   1.400000
 -1.072410  -0.613920   3.575100   1.000000   0.000000   0.000000   1.400000
 -0.586320   1.570590   2.378120   1.000000   0.000000   0.000000   1.400000
 -1.193790   3.465770   1.865670   1.000000   1.000000   0.000000   1.850000
 -0.044190   3.952550   2.541810   1.000000   0.000000   0.000000   1.400000
 -2.386200   3.113050   2.460150   1.000000   0.000000   0.000000   1.400000
 -0.874180   3.104540   0.534800   1.000000   0.000000   0.000000   1.400000
 -1.604790   5.120770   1.324960   1.000000   0.000000   0.000000   1.400000
 -2.550200   5.943120   1.909850   0.000000   1.000000   0.000000   1.850000
 -3.249450   5.353440   2.558600   1.000000   1.000000   1.000000   1.200000
 -3.138150   6.453360   1.101890   1.000000   1.000000   1.000000   1.200000
 -2.038760   6.724940   2.533100   1.000000   1.000000   1.000000   1.200000
  0.896510   5.088870   0.303040   0.000000   0.000000   1.000000   1.540000
  1.231300   4.519430   1.114930   1.000000   1.000000   1.000000   1.200000
  1.655310   5.537330  -0.182640   1.000000   1.000000   1.000000   1.200000
  0.207060   5.761640   0.684740   1.000000   1.000000   1.000000   1.200000
  0.355750   4.452230  -0.302150   1.000000   1.000000   1.000000   1.200000
  1.044930   2.451470   5.014250   0.000000   0.000000   1.000000   1.540000
  1.512750   0.382840   3.882050   1.000000   1.000000   1.000000   1.200000
  0.934350   2.914990   4.129780   1.000000   1.000000   1.000000   1.200000
  1.850000   2.826110   5.471580   1.000000   1.000000   1.000000   1.200000
  0.243710   2.656140   5.574850   1.000000   1.000000   1.000000   1.200000
 -3.526320   0.750880   3.410500   0.000000   0.000000   1.000000   1.540000
 -2.009180  -0.359850   3.683440   1.000000   1.000000   1.000000   1.200000
 -3.767510   0.849640   2.445120   1.000000   1.000000   1.000000   1.200000
 -3.125860   1.621240   3.713570   1.000000   1.000000   1.000000   1.200000
 -4.359600   0.582790   3.933370   1.000000   1.000000   1.000000   1.200000
28 bonds follow (x1 y1 z1 x2 y2 z2)
 -3.526320   0.750880   3.410500  -4.359600   0.582790   3.933370
 -3.526320   0.750880   3.410500  -3.125860   1.621240   3.713570
 -3.526320   0.750880   3.410500  -3.767510   0.849640   2.445120
 -1.072410  -0.613920   3.575100  -2.009180  -0.359850   3.683440
  1.044930   2.451470   5.014250   0.243710   2.656140   5.574850
  1.044930   2.451470   5.014250   1.850000   2.826110   5.471580
  1.044930   2.451470   5.014250   0.934350   2.914990   4.129780
  1.268310  -0.056360   3.065360   1.512750   0.382840   3.882050
  0.896510   5.088870   0.303040   0.355750   4.452230  -0.302150
  0.896510   5.088870   0.303040   0.207060   5.761640   0.684740
  0.896510   5.088870   0.303040   1.655310   5.537330  -0.182640
  0.896510   5.088870   0.303040   1.231300   4.519430   1.114930
 -2.550200   5.943120   1.909850  -2.038760   6.724940   2.533100
 -2.550200   5.943120   1.909850  -3.138150   6.453360   1.101890
 -2.550200   5.943120   1.909850  -3.249450   5.353440   2.558600
 -1.604790   5.120770   1.324960  -2.550200   5.943120   1.909850
 -1.193790   3.465770   1.865670  -1.604790   5.120770   1.324960
 -1.193790   3.465770   1.865670  -0.874180   3.104540   0.534800
 -1.193790   3.465770   1.865670  -2.386200   3.113050   2.460150
 -1.193790   3.465770   1.865670  -0.044190   3.952550   2.541810
 -0.194390   0.151450   2.526770  -0.586320   1.570590   2.378120
 -0.194390   0.151450   2.526770  -1.072410  -0.613920   3.575100
 -0.194390   0.151450   2.526770   1.268310  -0.056360   3.065360
 -0.191750  -0.712390   1.184590  -0.194390   0.151450   2.526770
 -0.485080  -0.089550  -0.047440  -0.191750  -0.712390   1.184590
 -0.485080  -0.089550  -0.047440  -1.279130  -0.702060  -0.549930
 -0.485080  -0.089550  -0.047440  -0.831540   0.966540   0.111670
 -0.485080  -0.089550  -0.047440   0.439310  -0.110610  -0.682830
