33 atoms follow (x y z r g b radiusScale)
 -0.013370   0.007650  -0.015080   0.000000   1.000000   0.000000   1.850000
  1.105340  -0.015940  -0.034950   1.000000   1.000000   1.000000   1.200000
 -0.396170   1.065620  -0.008790   1.000000   1.000000   1.000000   1.200000
 -0.425570  -0.562360  -0.885090   1.000000   1.000000   1.000000   1.200000
 -0.453510  -0.663120   1.147370   1.000000   0.000000   0.000000   1.400000
 -0.317110   0.154650   2.503550   0.500000   0.500000   0.500000   1.900000
  1.159660  -0.092590   2.987740   1.000000   0.000000   0.000000   1.400000
 -1.227510  -0.607420   3.525880   1.000000   0.000000   0.000000   1.400000
 -0.598330   1.602840   2.337860   1.000000   0.000000   0.000000   1.400000
 -1.194030   3.461840   1.965690   1.000000   1.000000   0.000000   1.850000
 -0.064140   3.883240   2.718730   1.000000   0.000000   0.000000   1.400000
 -2.426670   3.161270   2.538230   1.000000   0.000000   0.000000   1.400000
 -0.884130   3.179970   0.602390   1.000000   0.000000   0.000000   1.400000
 -1.530730   5.153450   1.510420   1.000000   0.000000   0.000000   1.400000
 -2.824290   5.458450   1.111580   0.000000   1.000000   0.000000   1.850000
 -2.958400   5.196560   0.027840   1.000000   1.000000   1.000000   1.200000
 -2.986030   6.558950   1.247620   1.000000   1.000000   1.000000   1.200000
 -3.581900   4.900470   1.721600   1.000000   1.000000   1.000000   1.200000
  0.972690   5.310550   0.518410   0.000000   0.000000   1.000000   1.540000
  0.853220   5.180190   1.545210   1.000000   1.000000   1.000000   1.200000
  0.735150   6.258830   0.268010   1.000000   1.000000   1.000000   1.200000
  0.278910   4.654350   0.091010   1.000000   1.000000   1.000000   1.200000
  1.918760   5.085700   0.228660   1.000000   1.000000   1.000000   1.200000
  1.595740   2.268400   4.686700   0.000000   0.000000   1.000000   1.540000
  1.528740   0.533040   3.629570   1.000000   1.000000   1.000000   1.200000
  1.105650   2.891250   4.069280   1.000000   1.000000   1.000000   1.200000
  2.530850   2.594230   4.807830   1.000000   1.000000   1.000000   1.200000
  1.141770   2.267640   5.575560   1.000000   1.000000   1.000000   1.200000
 -3.626300   0.925360   3.790170   0.000000   0.000000   1.000000   1.540000
 -2.132410  -0.280340   3.694010   1.000000   1.000000   1.000000   1.200000
 -3.857480   1.197320   2.854190   1.000000   1.000000   1.000000   1.200000
 -3.208910   1.723980   4.230300   1.000000   1.000000   1.000000   1.200000
 -4.464600   0.685830   4.275730   1.000000   1.000000   1.000000   1.200000
28 bonds follow (x1 y1 z1 x2 y2 z2)
 -3.626300   0.925360   3.790170  -4.464600   0.685830   4.275730
 -3.626300   0.925360   3.790170  -3.208910   1.723980   4.230300
 -3.626300   0.925360   3.790170  -3.857480   1.197320   2.854190
 -1.227510  -0.607420   3.525880  -2.132410  -0.280340   3.694010
  1.595740   2.268400   4.686700   1.141770   2.267640   5.575560
  1.595740   2.268400   4.686700   2.530850   2.594230   4.807830
  1.595740   2.268400   4.686700   1.105650   2.891250   4.069280
  1.159660  -0.092590   2.987740   1.528740   0.533040   3.629570
  0.972690   5.310550   0.518410   1.918760   5.085700   0.228660
  0.972690   5.310550   0.518410   0.278910   4.654350   0.091010
  0.972690   5.310550   0.518410   0.735150   6.258830   0.268010
  0.972690   5.310550   0.518410   0.853220   5.180190   1.545210
 -2.824290   5.458450   1.111580  -3.581900   4.900470   1.721600
 -2.824290   5.458450   1.111580  -2.986030   6.558950   1.247620
 -2.824290   5.458450   1.111580  -2.958400   5.196560   0.027840
 -1.530730   5.153450   1.510420  -2.824290   5.458450   1.111580
 -1.194030   3.461840   1.965690  -1.530730   5.153450   1.510420
 -1.194030   3.461840   1.965690  -0.884130   3.179970   0.602390
 -1.194030   3.461840   1.965690  -2.426670   3.161270   2.538230
 -1.194030   3.461840   1.965690  -0.064140   3.883240   2.718730
 -0.317110   0.154650   2.503550  -0.598330   1.602840   2.337860
 -0.317110   0.154650   2.503550  -1.227510  -0.607420   3.525880
 -0.317110   0.154650   2.503550   1.159660  -0.092590   2.987740
 -0.453510  -0.663120   1.147370  -0.317110   0.154650   2.503550
 -0.013370   0.007650  -0.015080  -0.453510  -0.663120   1.147370
 -0.013370   0.007650  -0.015080  -0.425570  -0.562360  -0.885090
 -0.013370   0.007650  -0.015080  -0.396170   1.065620  -0.008790
 -0.013370   0.007650  -0.015080   1.105340  -0.015940  -0.034950
