33 atoms follow (x y z r g b radiusScale)
  0.358890  -0.151230   0.074020   0.000000   1.000000   0.000000   1.850000
  1.440690  -0.259270   0.338360   1.000000   1.000000   1.000000   1.200000
  0.079500   0.926030  -0.065550   1.000000   1.000000   1.000000   1.200000
  0.109990  -0.755880  -0.834280   1.000000   1.000000   1.000000   1.200000
 -0.417370  -0.691120   1.126720   1.000000   0.000000   0.000000   1.400000
 -0.302430   0.016450   2.531770   0.500000   0.500000   0.500000   1.900000
  1.179340  -0.142050   2.991230   1.000000   0.000000   0.000000   1.400000
 -1.188340  -0.776310   3.534040   1.000000   0.000000   0.000000   1.400000
 -0.710190   1.465850   2.421100   1.000000   0.000000   0.000000   1.400000
 -1.165020   3.216830   2.184340   1.000000   1.000000   0.000000   1.850000
 -0.426010   3.673300   3.247740   1.000000   0.000000   0.000000   1.400000
 -2.517810   3.088620   2.368160   1.000000   0.000000   0.000000   1.400000
 -0.656450   3.284070   0.912440   1.000000   0.000000   0.000000   1.400000
 -2.436230   6.419880   1.410300   1.000000   0.000000   0.000000   1.400000
 -3.766190   6.222060   0.959090   0.000000   1.000000   0.000000   1.850000
 -4.113130   7.089270   0.335560   1.000000   1.000000   1.000000   1.200000
 -4.464580   6.054800   1.818700   1.000000   1.000000   1.000000   1.200000
 -3.702660   5.289530   0.332290   1.000000   1.000000   1.000000   1.200000
  2.402010   5.056050  -0.225110   0.000000   0.000000   1.000000   1.540000
  2.027140   5.643840   0.495010   1.000000   1.000000   1.000000   1.200000
 -2.522520   7.021960   2.077240   1.000000   1.000000   1.000000   1.200000
  2.134070   5.452240  -1.107330   1.000000   1.000000   1.000000   1.200000
  1.956980   4.160530  -0.147650   1.000000   1.000000   1.000000   1.200000
  1.828450   2.174020   4.326900   0.000000   0.000000   1.000000   1.540000
  1.627590   0.590660   3.475660   1.000000   1.000000   1.000000   1.200000
  1.525360   2.881020   3.681370   1.000000   1.000000   1.000000   1.200000
  2.797860   2.303800   4.526920   1.000000   1.000000   1.000000   1.200000
  1.302890   2.276030   5.170010   1.000000   1.000000   1.000000   1.200000
 -3.551900   0.732100   3.795580   0.000000   0.000000   1.000000   1.540000
 -2.090570  -0.433650   3.726290   1.000000   1.000000   1.000000   1.200000
 -3.689820   1.256920   2.951200   1.000000   1.000000   1.000000   1.200000
 -3.359790   1.378480   4.533330   1.000000   1.000000   1.000000   1.200000
 -4.383540   0.225760   4.016290   1.000000   1.000000   1.000000   1.200000
28 bonds follow (x1 y1 z1 x2 y2 z2)
 -3.551900   0.732100   3.795580  -4.383540   0.225760   4.016290
 -3.551900   0.732100   3.795580  -3.359790   1.378480   4.533330
 -3.551900   0.732100   3.795580  -3.689820   1.256920   2.951200
 -1.188340  -0.776310   3.534040  -2.090570  -0.433650   3.726290
  1.828450   2.174020   4.326900   1.302890   2.276030   5.170010
  1.828450   2.174020   4.326900   2.797860   2.303800   4.526920
  1.828450   2.174020   4.326900   1.525360   2.881020   3.681370
  1.179340  -0.142050   2.991230   1.627590   0.590660   3.475660
  2.402010   5.056050  -0.225110   1.956980   4.160530  -0.147650
  2.402010   5.056050  -0.225110   2.134070   5.452240  -1.107330
 -2.436230   6.419880   1.410300  -2.522520   7.021960   2.077240
  2.402010   5.056050  -0.225110   2.027140   5.643840   0.495010
 -3.766190   6.222060   0.959090  -3.702660   5.289530   0.332290
 -3.766190   6.222060   0.959090  -4.464580   6.054800   1.818700
 -3.766190   6.222060   0.959090  -4.113130   7.089270   0.335560
 -2.436230   6.419880   1.410300  -3.766190   6.222060   0.959090
 -1.165020   3.216830   2.184340  -0.656450   3.284070   0.912440
 -1.165020   3.216830   2.184340  -2.517810   3.088620   2.368160
 -1.165020   3.216830   2.184340  -0.426010   3.673300   3.247740
 -0.710190   1.465850   2.421100  -1.165020   3.216830   2.184340
 -0.302430   0.016450   2.531770  -0.710190   1.465850   2.421100
 -0.302430   0.016450   2.531770  -1.188340  -0.776310   3.534040
 -0.302430   0.016450   2.531770   1.179340  -0.142050   2.991230
 -0.417370  -0.691120   1.126720  -0.302430   0.016450   2.531770
  0.358890  -0.151230   0.074020  -0.417370  -0.691120   1.126720
  0.358890  -0.151230   0.074020   0.109990  -0.755880  -0.834280
  0.358890  -0.151230   0.074020   0.079500   0.926030  -0.065550
  0.358890  -0.151230   0.074020   1.440690  -0.259270   0.338360
