33 atoms follow (x y z r g b radiusScale)
 -0.438260  -0.237040  -0.005200   0.000000   1.000000   0.000000   1.850000
  0.492800  -0.382640  -0.613710   1.000000   1.000000   1.000000   1.200000
 -0.693500   0.855310   0.072180   1.000000   1.000000   1.000000   1.200000
 -1.275790  -0.808580  -0.484390   1.000000   1.000000   1.000000   1.200000
 -0.221430  -0.799330   1.270690   1.000000   0.000000   0.000000   1.400000
 -0.210690   0.163340   2.538340   0.500000   0.500000   0.500000   1.900000
  1.239670   0.048900   3.132350   1.000000   0.000000   0.000000   1.400000
 -1.148380  -0.602610   3.534710   1.000000   0.000000   0.000000   1.400000
 -0.642570   1.543730   2.212380   1.000000   0.000000   0.000000   1.400000
 -1.189640   3.411810   1.765810   1.000000   1.000000   0.000000   1.850000
 -0.122150   3.842110   2.600760   1.000000   0.000000   0.000000   1.400000
 -2.460350   3.070010   2.213110   1.000000   0.000000   0.000000   1.400000
 -0.702500   3.198790   0.444220   1.000000   0.000000   0.000000   1.400000
 -1.606890   5.100370   1.388740   1.000000   0.000000   0.000000   1.400000
 -2.678720   5.780600   1.939360   0.000000   1.000000   0.000000   1.850000
 -3.640830   5.436100   1.478900   1.000000   1.000000   1.000000   1.200000
 -2.537730   6.874790   1.729390   1.000000   1.000000   1.000000   1.200000
 -2.727320   5.619960   3.048350   1.000000   1.000000   1.000000   1.200000
  0.946620   5.290630   0.557900   0.000000   0.000000   1.000000   1.540000
  1.458230   4.608760   1.132600   1.000000   1.000000   1.000000   1.200000
  1.561340   5.906310   0.046350   1.000000   1.000000   1.000000   1.200000
  0.315740   5.806490   1.199640   1.000000   1.000000   1.000000   1.200000
  0.316400   4.749300  -0.080580   1.000000   1.000000   1.000000   1.200000
  1.322930   2.461320   4.843330   0.000000   0.000000   1.000000   1.540000
  1.474140   0.619990   3.876480   1.000000   1.000000   1.000000   1.200000
  0.886910   3.088980   4.192560   1.000000   1.000000   1.000000   1.200000
  2.238540   2.793540   5.059340   1.000000   1.000000   1.000000   1.200000
  0.786980   2.437510   5.685060   1.000000   1.000000   1.000000   1.200000
 -3.594370   0.953840   3.654530   0.000000   0.000000   1.000000   1.540000
 -2.063340  -0.286710   3.649230   1.000000   1.000000   1.000000   1.200000
 -3.723950   1.237830   2.701400   1.000000   1.000000   1.000000   1.200000
 -3.310250   1.766350   4.165130   1.000000   1.000000   1.000000   1.200000
 -4.462800   0.626010   4.021410   1.000000   1.000000   1.000000   1.200000
28 bonds follow (x1 y1 z1 x2 y2 z2)
 -3.594370   0.953840   3.654530  -4.462800   0.626010   4.021410
 -3.594370   0.953840   3.654530  -3.310250   1.766350   4.165130
 -3.594370   0.953840   3.654530  -3.723950   1.237830   2.701400
 -1.148380  -0.602610   3.534710  -2.063340  -0.286710   3.649230
  1.322930   2.461320   4.843330   0.786980   2.437510   5.685060
  1.322930   2.461320   4.843330   2.238540   2.793540   5.059340
  1.322930   2.461320   4.843330   0.886910   3.088980   4.192560
  1.239670   0.048900   3.132350   1.474140   0.619990   3.876480
  0.946620   5.290630   0.557900   0.316400   4.749300  -0.080580
  0.946620   5.290630   0.557900   0.315740   5.806490   1.199640
  0.946620   5.290630   0.557900   1.561340   5.906310   0.046350
  0.946620   5.290630   0.557900   1.458230   4.608760   1.132600
 -2.678720   5.780600   1.939360  -2.727320   5.619960   3.048350
 -2.678720   5.780600   1.939360  -2.537730   6.874790   1.729390
 -2.678720   5.780600   1.939360  -3.640830   5.436100   1.478900
 -1.606890   5.100370   1.388740  -2.678720   5.780600   1.939360
 -1.189640   3.411810   1.765810  -1.606890   5.100370   1.388740
 -1.189640   3.411810   1.765810  -0.702500   3.198790   0.444220
 -1.189640   3.411810   1.765810  -2.460350   3.070010   2.213110
 -1.189640   3.411810   1.765810  -0.122150   3.842110   2.600760
 -0.210690   0.163340   2.538340  -0.642570   1.543730   2.212380
 -0.210690   0.163340   2.538340  -1.148380  -0.602610   3.534710
 -0.210690   0.163340   2.538340   1.239670   0.048900   3.132350
 -0.221430  -0.799330   1.270690  -0.210690   0.163340   2.538340
 -0.438260  -0.237040  -0.005200  -0.221430  -0.799330   1.270690
 -0.438260  -0.237040  -0.005200  -1.275790  -0.808580  -0.484390
 -0.438260  -0.237040  -0.005200  -0.693500   0.855310   0.072180
 -0.438260  -0.237040  -0.005200   0.492800  -0.382640  -0.613710
