33 atoms follow (x y z r g b radiusScale)
  0.078020  -0.140480   0.025380   0.000000   1.000000   0.000000   1.850000
  1.190820  -0.050050   0.092890   1.000000   1.000000   1.000000   1.200000
 -0.404840   0.869560  -0.051400   1.000000   1.000000   1.000000   1.200000
 -0.210480  -0.790880  -0.838020   1.000000   1.000000   1.000000   1.200000
 -0.391270  -0.792470   1.189740   1.000000   0.000000   0.000000   1.400000
 -0.313280   0.022460   2.543330   0.500000   0.500000   0.500000   1.900000
  1.141060  -0.165210   3.066370   1.000000   0.000000   0.000000   1.400000
 -1.241390  -0.723180   3.551120   1.000000   0.000000   0.000000   1.400000
 -0.632850   1.483410   2.324970   1.000000   0.000000   0.000000   1.400000
 -1.123370   3.233780   2.057570   1.000000   1.000000   0.000000   1.850000
 -0.133810   3.782250   2.821140   1.000000   0.000000   0.000000   1.400000
 -2.406910   3.129990   2.557080   1.000000   0.000000   0.000000   1.400000
 -0.913590   3.271430   0.705680   1.000000   0.000000   0.000000   1.400000
 -2.124500   5.893430   1.659720   1.000000   0.000000   0.000000   1.400000
 -3.262400   5.961210   0.812260   0.000000   1.000000   0.000000   1.850000
 -2.953250   6.004100  -0.260660   1.000000   1.000000   1.000000   1.200000
 -3.880170   6.858510   1.068080   1.000000   1.000000   1.000000   1.200000
 -3.832550   5.013110   0.999150   1.000000   1.000000   1.000000   1.200000
  1.794210   5.614140   0.023570   0.000000   0.000000   1.000000   1.540000
  1.706720   6.058750   0.913020   1.000000   1.000000   1.000000   1.200000
 -1.637200   6.595150   1.488630   1.000000   1.000000   1.000000   1.200000
  1.033430   5.893090  -0.560550   1.000000   1.000000   1.000000   1.200000
  1.752160   4.621230   0.156300   1.000000   1.000000   1.000000   1.200000
  1.690470   2.125920   4.610780   0.000000   0.000000   1.000000   1.540000
  1.544450   0.536730   3.618800   1.000000   1.000000   1.000000   1.200000
  1.418680   2.825730   3.943330   1.000000   1.000000   1.000000   1.200000
  2.668070   2.213540   4.796850   1.000000   1.000000   1.000000   1.200000
  1.187520   2.280230   5.459290   1.000000   1.000000   1.000000   1.200000
 -3.559740   0.838950   3.799650   0.000000   0.000000   1.000000   1.540000
 -2.152710  -0.403510   3.722590   1.000000   1.000000   1.000000   1.200000
 -3.808700   1.195910   2.897140   1.000000   1.000000   1.000000   1.200000
 -3.188310   1.605810   4.326960   1.000000   1.000000   1.000000   1.200000
 -4.380900   0.498880   4.255110   1.000000   1.000000   1.000000   1.200000
28 bonds follow (x1 y1 z1 x2 y2 z2)
 -3.559740   0.838950   3.799650  -4.380900   0.498880   4.255110
 -3.559740   0.838950   3.799650  -3.188310   1.605810   4.326960
 -3.559740   0.838950   3.799650  -3.808700   1.195910   2.897140
 -1.241390  -0.723180   3.551120  -2.152710  -0.403510   3.722590
  1.690470   2.125920   4.610780   1.187520   2.280230   5.459290
  1.690470   2.125920   4.610780   2.668070   2.213540   4.796850
  1.690470   2.125920   4.610780   1.418680   2.825730   3.943330
  1.141060  -0.165210   3.066370   1.544450   0.536730   3.618800
  1.794210   5.614140   0.023570   1.752160   4.621230   0.156300
  1.794210   5.614140   0.023570   1.033430   5.893090  -0.560550
 -2.124500   5.893430   1.659720  -1.637200   6.595150   1.488630
  1.794210   5.614140   0.023570   1.706720   6.058750   0.913020
 -3.262400   5.961210   0.812260  -3.832550   5.013110   0.999150
 -3.262400   5.961210   0.812260  -3.880170   6.858510   1.068080
 -3.262400   5.961210   0.812260  -2.953250   6.004100  -0.260660
 -2.124500   5.893430   1.659720  -3.262400   5.961210   0.812260
 -1.123370   3.233780   2.057570  -0.913590   3.271430   0.705680
 -1.123370   3.233780   2.057570  -2.406910   3.129990   2.557080
 -1.123370   3.233780   2.057570  -0.133810   3.782250   2.821140
 -0.632850   1.483410   2.324970  -1.123370   3.233780   2.057570
 -0.313280   0.022460   2.543330  -0.632850   1.483410   2.324970
 -0.313280   0.022460   2.543330  -1.241390  -0.723180   3.551120
 -0.313280   0.022460   2.543330   1.141060  -0.165210   3.066370
 -0.391270  -0.792470   1.189740  -0.313280   0.022460   2.543330
  0.078020  -0.140480   0.025380  -0.391270  -0.792470   1.189740
  0.078020  -0.140480   0.025380  -0.210480  -0.790880  -0.838020
  0.078020  -0.140480   0.025380  -0.404840   0.869560  -0.051400
  0.078020  -0.140480   0.025380   1.190820  -0.050050   0.092890
