33 atoms follow (x y z r g b radiusScale)
 -0.547510  -0.134200  -0.021850   0.000000   1.000000   0.000000   1.850000
  0.274180  -0.346870  -0.755360   1.000000   1.000000   1.000000   1.200000
 -0.709060   0.972480   0.086760   1.000000   1.000000   1.000000   1.200000
 -1.483490  -0.645420  -0.371190   1.000000   1.000000   1.000000   1.200000
 -0.171830  -0.715450   1.207530   1.000000   0.000000   0.000000   1.400000
 -0.162210   0.176990   2.518130   0.500000   0.500000   0.500000   1.900000
  1.302360   0.036960   3.078770   1.000000   0.000000   0.000000   1.400000
 -1.086870  -0.618020   3.507500   1.000000   0.000000   0.000000   1.400000
 -0.587950   1.582140   2.310540   1.000000   0.000000   0.000000   1.400000
 -1.187350   3.422050   1.861440   1.000000   1.000000   0.000000   1.850000
 -0.096250   3.942190   2.613390   1.000000   0.000000   0.000000   1.400000
 -2.415270   3.116230   2.435010   1.000000   0.000000   0.000000   1.400000
 -0.785950   3.099050   0.532420   1.000000   0.000000   0.000000   1.400000
 -1.572010   5.074230   1.293700   1.000000   0.000000   0.000000   1.400000
 -2.496430   5.882440   1.924930   0.000000   1.000000   0.000000   1.850000
 -3.378730   5.282340   2.271350   1.000000   1.000000   1.000000   1.200000
 -2.842620   6.663950   1.197850   1.000000   1.000000   1.000000   1.200000
 -2.026330   6.390090   2.809790   1.000000   1.000000   1.000000   1.200000
  0.886670   5.176960   0.305840   0.000000   0.000000   1.000000   1.540000
  0.914240   5.181840   1.354950   1.000000   1.000000   1.000000   1.200000
  1.637740   5.709270  -0.104990   1.000000   1.000000   1.000000   1.200000
 -0.045540   5.552740   0.052770   1.000000   1.000000   1.000000   1.200000
  0.887700   4.189150   0.014440   1.000000   1.000000   1.000000   1.200000
  1.097050   2.409850   4.968170   0.000000   0.000000   1.000000   1.540000
  1.549940   0.596950   3.823730   1.000000   1.000000   1.000000   1.200000
  0.830770   3.060830   4.250670   1.000000   1.000000   1.000000   1.200000
  1.846300   2.797310   5.501110   1.000000   1.000000   1.000000   1.200000
  0.318800   2.264710   5.577010   1.000000   1.000000   1.000000   1.200000
 -3.684380   0.797930   3.505590   0.000000   0.000000   1.000000   1.540000
 -2.012610  -0.339860   3.608920   1.000000   1.000000   1.000000   1.200000
 -3.974880   0.932940   2.558890   1.000000   1.000000   1.000000   1.200000
 -3.427080   1.694670   3.872760   1.000000   1.000000   1.000000   1.200000
 -4.447810   0.427640   4.031110   1.000000   1.000000   1.000000   1.200000
28 bonds follow (x1 y1 z1 x2 y2 z2)
 -3.684380   0.797930   3.505590  -4.447810   0.427640   4.031110
 -3.684380   0.797930   3.505590  -3.427080   1.694670   3.872760
 -3.684380   0.797930   3.505590  -3.974880   0.932940   2.558890
 -1.086870  -0.618020   3.507500  -2.012610  -0.339860   3.608920
  1.097050   2.409850   4.968170   0.318800   2.264710   5.577010
  1.097050   2.409850   4.968170   1.846300   2.797310   5.501110
  1.097050   2.409850   4.968170   0.830770   3.060830   4.250670
  1.302360   0.036960   3.078770   1.549940   0.596950   3.823730
  0.886670   5.176960   0.305840   0.887700   4.189150   0.014440
  0.886670   5.176960   0.305840  -0.045540   5.552740   0.052770
  0.886670   5.176960   0.305840   1.637740   5.709270  -0.104990
  0.886670   5.176960   0.305840   0.914240   5.181840   1.354950
 -2.496430   5.882440   1.924930  -2.026330   6.390090   2.809790
 -2.496430   5.882440   1.924930  -2.842620   6.663950   1.197850
 -2.496430   5.882440   1.924930  -3.378730   5.282340   2.271350
 -1.572010   5.074230   1.293700  -2.496430   5.882440   1.924930
 -1.187350   3.422050   1.861440  -1.572010   5.074230   1.293700
 -1.187350   3.422050   1.861440  -0.785950   3.099050   0.532420
 -1.187350   3.422050   1.861440  -2.415270   3.116230   2.435010
 -1.187350   3.422050   1.861440  -0.096250   3.942190   2.613390
 -0.162210   0.176990   2.518130  -0.587950   1.582140   2.310540
 -0.162210   0.176990   2.518130  -1.086870  -0.618020   3.507500
 -0.162210   0.176990   2.518130   1.302360   0.036960   3.078770
 -0.171830  -0.715450   1.207530  -0.162210   0.176990   2.518130
 -0.547510  -0.134200  -0.021850  -0.171830  -0.715450   1.207530
 -0.547510  -0.134200  -0.021850  -1.483490  -0.645420  -0.371190
 -0.547510  -0.134200  -0.021850  -0.709060   0.972480   0.086760
 -0.547510  -0.134200  -0.021850   0.274180  -0.346870  -0.755360
