33 atoms follow (x y z r g b radiusScale)
 -0.381580  -0.047900  -0.036360   0.000000   1.000000   0.000000   1.850000
  0.582610  -0.205520  -0.587070   1.000000   1.000000   1.000000   1.200000
 -0.599370   1.046990   0.098650   1.000000   1.000000   1.000000   1.200000
 -1.210080  -0.542200  -0.607480   1.000000   1.000000   1.000000   1.200000
 -0.290470  -0.709960   1.208470   1.000000   0.000000   0.000000   1.400000
 -0.170820   0.168060   2.520920   0.500000   0.500000   0.500000   1.900000
  1.294210  -0.033770   3.072160   1.000000   0.000000   0.000000   1.400000
 -1.001660  -0.635430   3.583750   1.000000   0.000000   0.000000   1.400000
 -0.664250   1.542540   2.285240   1.000000   0.000000   0.000000   1.400000
 -1.180060   3.438850   1.869680   1.000000   1.000000   0.000000   1.850000
  0.038010   3.811580   2.492230   1.000000   0.000000   0.000000   1.400000
 -2.362150   3.206800   2.549280   1.000000   0.000000   0.000000   1.400000
 -0.934930   3.105880   0.506870   1.000000   0.000000   0.000000   1.400000
 -1.522750   5.131060   1.388010   1.000000   0.000000   0.000000   1.400000
 -2.564140   5.907520   1.861590   0.000000   1.000000   0.000000   1.850000
 -3.084480   5.408250   2.720460   1.000000   1.000000   1.000000   1.200000
 -3.303580   6.085000   1.036280   1.000000   1.000000   1.000000   1.200000
 -2.155090   6.896930   2.202020   1.000000   1.000000   1.000000   1.200000
  0.857840   5.121060   0.317290   0.000000   0.000000   1.000000   1.540000
  1.420510   4.402500   0.783890   1.000000   1.000000   1.000000   1.200000
  1.407000   5.710300  -0.287110   1.000000   1.000000   1.000000   1.200000
  0.375260   5.660990   1.067060   1.000000   1.000000   1.000000   1.200000
  0.082340   4.625760  -0.201990   1.000000   1.000000   1.000000   1.200000
  1.023410   2.520540   5.018050   0.000000   0.000000   1.000000   1.540000
  1.442240   0.140660   4.004150   1.000000   1.000000   1.000000   1.200000
  1.016540   2.951560   4.111570   1.000000   1.000000   1.000000   1.200000
  1.682080   3.007010   5.590560   1.000000   1.000000   1.000000   1.200000
  0.117030   2.635140   5.424390   1.000000   1.000000   1.000000   1.200000
 -3.655990   0.739220   3.416380   0.000000   0.000000   1.000000   1.540000
 -1.963240  -0.551070   3.601520   1.000000   1.000000   1.000000   1.200000
 -3.622750   1.037130   2.459950   1.000000   1.000000   1.000000   1.200000
 -3.285270   1.493190   3.964580   1.000000   1.000000   1.000000   1.200000
 -4.613380   0.604780   3.668560   1.000000   1.000000   1.000000   1.200000
28 bonds follow (x1 y1 z1 x2 y2 z2)
 -3.655990   0.739220   3.416380  -4.613380   0.604780   3.668560
 -3.655990   0.739220   3.416380  -3.285270   1.493190   3.964580
 -3.655990   0.739220   3.416380  -3.622750   1.037130   2.459950
 -1.001660  -0.635430   3.583750  -1.963240  -0.551070   3.601520
  1.023410   2.520540   5.018050   0.117030   2.635140   5.424390
  1.023410   2.520540   5.018050   1.682080   3.007010   5.590560
  1.023410   2.520540   5.018050   1.016540   2.951560   4.111570
  1.294210  -0.033770   3.072160   1.442240   0.140660   4.004150
  0.857840   5.121060   0.317290   0.082340   4.625760  -0.201990
  0.857840   5.121060   0.317290   0.375260   5.660990   1.067060
  0.857840   5.121060   0.317290   1.407000   5.710300  -0.287110
  0.857840   5.121060   0.317290   1.420510   4.402500   0.783890
 -2.564140   5.907520   1.861590  -2.155090   6.896930   2.202020
 -2.564140   5.907520   1.861590  -3.303580   6.085000   1.036280
 -2.564140   5.907520   1.861590  -3.084480   5.408250   2.720460
 -1.522750   5.131060   1.388010  -2.564140   5.907520   1.861590
 -1.180060   3.438850   1.869680  -1.522750   5.131060   1.388010
 -1.180060   3.438850   1.869680  -0.934930   3.105880   0.506870
 -1.180060   3.438850   1.869680  -2.362150   3.206800   2.549280
 -1.180060   3.438850   1.869680   0.038010   3.811580   2.492230
 -0.170820   0.168060   2.520920  -0.664250   1.542540   2.285240
 -0.170820   0.168060   2.520920  -1.001660  -0.635430   3.583750
 -0.170820   0.168060   2.520920   1.294210  -0.033770   3.072160
 -0.290470  -0.709960   1.208470  -0.170820   0.168060   2.520920
 -0.381580  -0.047900  -0.036360  -0.290470  -0.709960   1.208470
 -0.381580  -0.047900  -0.036360  -1.210080  -0.542200  -0.607480
 -0.381580  -0.047900  -0.036360  -0.599370   1.046990   0.098650
 -0.381580  -0.047900  -0.036360   0.582610  -0.205520  -0.587070
