33 atoms follow (x y z r g b radiusScale)
 -0.458940  -0.249650  -0.004880   0.000000   1.000000   0.000000   1.850000
  0.456160  -0.405820  -0.634850   1.000000   1.000000   1.000000   1.200000
 -0.710330   0.844300   0.064530   1.000000   1.000000   1.000000   1.200000
 -1.308870  -0.825740  -0.456360   1.000000   1.000000   1.000000   1.200000
 -0.207400  -0.793870   1.271070   1.000000   0.000000   0.000000   1.400000
 -0.213710   0.172430   2.534120   0.500000   0.500000   0.500000   1.900000
  1.228900   0.025110   3.147760   1.000000   0.000000   0.000000   1.400000
 -1.135130  -0.601970   3.535720   1.000000   0.000000   0.000000   1.400000
 -0.672210   1.547620   2.225550   1.000000   0.000000   0.000000   1.400000
 -1.186950   3.425490   1.766970   1.000000   1.000000   0.000000   1.850000
 -0.115790   3.854910   2.593460   1.000000   0.000000   0.000000   1.400000
 -2.449030   3.051880   2.200230   1.000000   0.000000   0.000000   1.400000
 -0.709110   3.182540   0.444240   1.000000   0.000000   0.000000   1.400000
 -1.606730   5.111810   1.383660   1.000000   0.000000   0.000000   1.400000
 -2.671230   5.777880   1.962530   0.000000   1.000000   0.000000   1.850000
 -3.641220   5.408480   1.538780   1.000000   1.000000   1.000000   1.200000
 -2.560120   6.872830   1.741560   1.000000   1.000000   1.000000   1.200000
 -2.678470   5.624330   3.074180   1.000000   1.000000   1.000000   1.200000
  0.940370   5.292150   0.549790   0.000000   0.000000   1.000000   1.540000
  1.389390   4.637850   1.205070   1.000000   1.000000   1.000000   1.200000
  1.603430   5.791810  -0.022880   1.000000   1.000000   1.000000   1.200000
  0.340740   5.918840   1.111600   1.000000   1.000000   1.000000   1.200000
  0.281270   4.717220  -0.031760   1.000000   1.000000   1.000000   1.200000
  1.312220   2.460950   4.857020   0.000000   0.000000   1.000000   1.540000
  1.479760   0.642430   3.848430   1.000000   1.000000   1.000000   1.200000
  0.881500   3.078760   4.193450   1.000000   1.000000   1.000000   1.200000
  2.209270   2.819540   5.106000   1.000000   1.000000   1.000000   1.200000
  0.747430   2.416890   5.678770   1.000000   1.000000   1.000000   1.200000
 -3.560210   0.948040   3.626030   0.000000   0.000000   1.000000   1.540000
 -2.054350  -0.295210   3.643430   1.000000   1.000000   1.000000   1.200000
 -3.727530   1.280790   2.695100   1.000000   1.000000   1.000000   1.200000
 -3.243650   1.728810   4.165620   1.000000   1.000000   1.000000   1.200000
 -4.412810   0.605400   4.015040   1.000000   1.000000   1.000000   1.200000
28 bonds follow (x1 y1 z1 x2 y2 z2)
 -3.560210   0.948040   3.626030  -4.412810   0.605400   4.015040
 -3.560210   0.948040   3.626030  -3.243650   1.728810   4.165620
 -3.560210   0.948040   3.626030  -3.727530   1.280790   2.695100
 -1.135130  -0.601970   3.535720  -2.054350  -0.295210   3.643430
  1.312220   2.460950   4.857020   0.747430   2.416890   5.678770
  1.312220   2.460950   4.857020   2.209270   2.819540   5.106000
  1.312220   2.460950   4.857020   0.881500   3.078760   4.193450
  1.228900   0.025110   3.147760   1.479760   0.642430   3.848430
  0.940370   5.292150   0.549790   0.281270   4.717220  -0.031760
  0.940370   5.292150   0.549790   0.340740   5.918840   1.111600
  0.940370   5.292150   0.549790   1.603430   5.791810  -0.022880
  0.940370   5.292150   0.549790   1.389390   4.637850   1.205070
 -2.671230   5.777880   1.962530  -2.678470   5.624330   3.074180
 -2.671230   5.777880   1.962530  -2.560120   6.872830   1.741560
 -2.671230   5.777880   1.962530  -3.641220   5.408480   1.538780
 -1.606730   5.111810   1.383660  -2.671230   5.777880   1.962530
 -1.186950   3.425490   1.766970  -1.606730   5.111810   1.383660
 -1.186950   3.425490   1.766970  -0.709110   3.182540   0.444240
 -1.186950   3.425490   1.766970  -2.449030   3.051880   2.200230
 -1.186950   3.425490   1.766970  -0.115790   3.854910   2.593460
 -0.213710   0.172430   2.534120  -0.672210   1.547620   2.225550
 -0.213710   0.172430   2.534120  -1.135130  -0.601970   3.535720
 -0.213710   0.172430   2.534120   1.228900   0.025110   3.147760
 -0.207400  -0.793870   1.271070  -0.213710   0.172430   2.534120
 -0.458940  -0.249650  -0.004880  -0.207400  -0.793870   1.271070
 -0.458940  -0.249650  -0.004880  -1.308870  -0.825740  -0.456360
 -0.458940  -0.249650  -0.004880  -0.710330   0.844300   0.064530
 -0.458940  -0.249650  -0.004880   0.456160  -0.405820  -0.634850
