33 atoms follow (x y z r g b radiusScale)
 -0.445400  -0.067340  -0.053900   0.000000   1.000000   0.000000   1.850000
  0.507110  -0.110080  -0.644290   1.000000   1.000000   1.000000   1.200000
 -0.783990   0.995390   0.084860   1.000000   1.000000   1.000000   1.200000
 -1.225310  -0.673090  -0.585720   1.000000   1.000000   1.000000   1.200000
 -0.221080  -0.693370   1.189980   1.000000   0.000000   0.000000   1.400000
 -0.208290   0.152240   2.529870   0.500000   0.500000   0.500000   1.900000
  1.264110  -0.052620   3.064440   1.000000   0.000000   0.000000   1.400000
 -1.024150  -0.663360   3.602690   1.000000   0.000000   0.000000   1.400000
 -0.592020   1.568400   2.353540   1.000000   0.000000   0.000000   1.400000
 -1.190270   3.452470   1.857840   1.000000   1.000000   0.000000   1.850000
 -0.031640   3.921200   2.525190   1.000000   0.000000   0.000000   1.400000
 -2.372650   3.135590   2.501630   1.000000   0.000000   0.000000   1.400000
 -0.921680   3.094640   0.505690   1.000000   0.000000   0.000000   1.400000
 -1.575490   5.120770   1.372530   1.000000   0.000000   0.000000   1.400000
 -2.555880   5.944570   1.887890   0.000000   1.000000   0.000000   1.850000
 -3.189550   5.404730   2.638110   1.000000   1.000000   1.000000   1.200000
 -3.205930   6.308470   1.048020   1.000000   1.000000   1.000000   1.200000
 -2.072780   6.831880   2.379560   1.000000   1.000000   1.000000   1.200000
  0.909990   5.107640   0.294340   0.000000   0.000000   1.000000   1.540000
  1.362960   4.402380   0.880690   1.000000   1.000000   1.000000   1.200000
  1.570180   5.651540  -0.238790   1.000000   1.000000   1.000000   1.200000
  0.340890   5.689840   0.935110   1.000000   1.000000   1.000000   1.200000
  0.222050   4.603420  -0.313640   1.000000   1.000000   1.000000   1.200000
  1.040810   2.490800   5.019560   0.000000   0.000000   1.000000   1.540000
  1.413150   0.129100   3.993700   1.000000   1.000000   1.000000   1.200000
  0.930880   2.966850   4.141980   1.000000   1.000000   1.000000   1.200000
  1.782080   2.925800   5.528340   1.000000   1.000000   1.000000   1.200000
  0.197360   2.602160   5.543770   1.000000   1.000000   1.000000   1.200000
 -3.552200   0.762190   3.386540   0.000000   0.000000   1.000000   1.540000
 -1.953220  -0.430480   3.748420   1.000000   1.000000   1.000000   1.200000
 -3.817660   0.992830   2.450370   1.000000   1.000000   1.000000   1.200000
 -3.219500   1.606640   3.816000   1.000000   1.000000   1.000000   1.200000
 -4.356400   0.437840   3.880850   1.000000   1.000000   1.000000   1.200000
28 bonds follow (x1 y1 z1 x2 y2 z2)
 -3.552200   0.762190   3.386540  -4.356400   0.437840   3.880850
 -3.552200   0.762190   3.386540  -3.219500   1.606640   3.816000
 -3.552200   0.762190   3.386540  -3.817660   0.992830   2.450370
 -1.024150  -0.663360   3.602690  -1.953220  -0.430480   3.748420
  1.040810   2.490800   5.019560   0.197360   2.602160   5.543770
  1.040810   2.490800   5.019560   1.782080   2.925800   5.528340
  1.040810   2.490800   5.019560   0.930880   2.966850   4.141980
  1.264110  -0.052620   3.064440   1.413150   0.129100   3.993700
  0.909990   5.107640   0.294340   0.222050   4.603420  -0.313640
  0.909990   5.107640   0.294340   0.340890   5.689840   0.935110
  0.909990   5.107640   0.294340   1.570180   5.651540  -0.238790
  0.909990   5.107640   0.294340   1.362960   4.402380   0.880690
 -2.555880   5.944570   1.887890  -2.072780   6.831880   2.379560
 -2.555880   5.944570   1.887890  -3.205930   6.308470   1.048020
 -2.555880   5.944570   1.887890  -3.189550   5.404730   2.638110
 -1.575490   5.120770   1.372530  -2.555880   5.944570   1.887890
 -1.190270   3.452470   1.857840  -1.575490   5.120770   1.372530
 -1.190270   3.452470   1.857840  -0.921680   3.094640   0.505690
 -1.190270   3.452470   1.857840  -2.372650   3.135590   2.501630
 -1.190270   3.452470   1.857840  -0.031640   3.921200   2.525190
 -0.208290   0.152240   2.529870  -0.592020   1.568400   2.353540
 -0.208290   0.152240   2.529870  -1.024150  -0.663360   3.602690
 -0.208290   0.152240   2.529870   1.264110  -0.052620   3.064440
 -0.221080  -0.693370   1.189980  -0.208290   0.152240   2.529870
 -0.445400  -0.067340  -0.053900  -0.221080  -0.693370   1.189980
 -0.445400  -0.067340  -0.053900  -1.225310  -0.673090  -0.585720
 -0.445400  -0.067340  -0.053900  -0.783990   0.995390   0.084860
 -0.445400  -0.067340  -0.053900   0.507110  -0.110080  -0.644290
