33 atoms follow (x y z r g b radiusScale)
 -0.532560  -0.110280  -0.016470   0.000000   1.000000   0.000000   1.850000
  0.335400  -0.237400  -0.716060   1.000000   1.000000   1.000000   1.200000
 -0.771210   0.977890   0.124990   1.000000   1.000000   1.000000   1.200000
 -1.415120  -0.662060  -0.434750   1.000000   1.000000   1.000000   1.200000
 -0.191960  -0.719890   1.210600   1.000000   0.000000   0.000000   1.400000
 -0.153240   0.169510   2.530840   0.500000   0.500000   0.500000   1.900000
  1.316470  -0.008970   3.073240   1.000000   0.000000   0.000000   1.400000
 -1.103420  -0.612450   3.501410   1.000000   0.000000   0.000000   1.400000
 -0.581700   1.571430   2.310300   1.000000   0.000000   0.000000   1.400000
 -1.185410   3.446100   1.856360   1.000000   1.000000   0.000000   1.850000
 -0.094600   3.921350   2.618760   1.000000   0.000000   0.000000   1.400000
 -2.410880   3.179260   2.440790   1.000000   0.000000   0.000000   1.400000
 -0.791060   3.081790   0.540490   1.000000   0.000000   0.000000   1.400000
 -1.607760   5.092480   1.293510   1.000000   0.000000   0.000000   1.400000
 -2.527780   5.902880   1.933550   0.000000   1.000000   0.000000   1.850000
 -3.349780   5.298130   2.398490   1.000000   1.000000   1.000000   1.200000
 -2.969070   6.604220   1.176900   1.000000   1.000000   1.000000   1.200000
 -2.016080   6.504700   2.732860   1.000000   1.000000   1.000000   1.200000
  0.891110   5.134350   0.296160   0.000000   0.000000   1.000000   1.540000
  1.060400   4.998570   1.309250   1.000000   1.000000   1.000000   1.200000
  1.665830   5.586920  -0.166910   1.000000   1.000000   1.000000   1.200000
  0.008630   5.683110   0.218620   1.000000   1.000000   1.000000   1.200000
  0.685610   4.200650  -0.099800   1.000000   1.000000   1.000000   1.200000
  1.070610   2.424050   4.973940   0.000000   0.000000   1.000000   1.540000
  1.577030   0.515340   3.836120   1.000000   1.000000   1.000000   1.200000
  0.856860   3.050920   4.219180   1.000000   1.000000   1.000000   1.200000
  1.861480   2.773580   5.472560   1.000000   1.000000   1.000000   1.200000
  0.291480   2.397040   5.598420   1.000000   1.000000   1.000000   1.200000
 -3.631480   0.763470   3.484990   0.000000   0.000000   1.000000   1.540000
 -2.026980  -0.309190   3.585480   1.000000   1.000000   1.000000   1.200000
 -3.854130   0.860740   2.514960   1.000000   1.000000   1.000000   1.200000
 -3.334580   1.663520   3.815680   1.000000   1.000000   1.000000   1.200000
 -4.452800   0.482400   3.977660   1.000000   1.000000   1.000000   1.200000
28 bonds follow (x1 y1 z1 x2 y2 z2)
 -3.631480   0.763470   3.484990  -4.452800   0.482400   3.977660
 -3.631480   0.763470   3.484990  -3.334580   1.663520   3.815680
 -3.631480   0.763470   3.484990  -3.854130   0.860740   2.514960
 -1.103420  -0.612450   3.501410  -2.026980  -0.309190   3.585480
  1.070610   2.424050   4.973940   0.291480   2.397040   5.598420
  1.070610   2.424050   4.973940   1.861480   2.773580   5.472560
  1.070610   2.424050   4.973940   0.856860   3.050920   4.219180
  1.316470  -0.008970   3.073240   1.577030   0.515340   3.836120
  0.891110   5.134350   0.296160   0.685610   4.200650  -0.099800
  0.891110   5.134350   0.296160   0.008630   5.683110   0.218620
  0.891110   5.134350   0.296160   1.665830   5.586920  -0.166910
  0.891110   5.134350   0.296160   1.060400   4.998570   1.309250
 -2.527780   5.902880   1.933550  -2.016080   6.504700   2.732860
 -2.527780   5.902880   1.933550  -2.969070   6.604220   1.176900
 -2.527780   5.902880   1.933550  -3.349780   5.298130   2.398490
 -1.607760   5.092480   1.293510  -2.527780   5.902880   1.933550
 -1.185410   3.446100   1.856360  -1.607760   5.092480   1.293510
 -1.185410   3.446100   1.856360  -0.791060   3.081790   0.540490
 -1.185410   3.446100   1.856360  -2.410880   3.179260   2.440790
 -1.185410   3.446100   1.856360  -0.094600   3.921350   2.618760
 -0.153240   0.169510   2.530840  -0.581700   1.571430   2.310300
 -0.153240   0.169510   2.530840  -1.103420  -0.612450   3.501410
 -0.153240   0.169510   2.530840   1.316470  -0.008970   3.073240
 -0.191960  -0.719890   1.210600  -0.153240   0.169510   2.530840
 -0.532560  -0.110280  -0.016470  -0.191960  -0.719890   1.210600
 -0.532560  -0.110280  -0.016470  -1.415120  -0.662060  -0.434750
 -0.532560  -0.110280  -0.016470  -0.771210   0.977890   0.124990
 -0.532560  -0.110280  -0.016470   0.335400  -0.237400  -0.716060
