33 atoms follow (x y z r g b radiusScale)
 -0.276190  -0.142090  -0.066370   0.000000   1.000000   0.000000   1.850000
  0.648990  -0.452720  -0.618000   1.000000   1.000000   1.000000   1.200000
 -0.346000   0.976790   0.025020   1.000000   1.000000   1.000000   1.200000
 -1.172990  -0.549490  -0.603010   1.000000   1.000000   1.000000   1.200000
 -0.237150  -0.749150   1.209480   1.000000   0.000000   0.000000   1.400000
 -0.245690   0.156190   2.509330   0.500000   0.500000   0.500000   1.900000
  1.264480   0.112820   2.966320   1.000000   0.000000   0.000000   1.400000
 -1.044160  -0.611250   3.626660   1.000000   0.000000   0.000000   1.400000
 -0.657520   1.560250   2.275430   1.000000   0.000000   0.000000   1.400000
 -1.149310   3.404810   1.896950   1.000000   1.000000   0.000000   1.850000
  0.095470   3.781180   2.487740   1.000000   0.000000   0.000000   1.400000
 -2.309080   3.135320   2.611170   1.000000   0.000000   0.000000   1.400000
 -0.965000   3.101830   0.521870   1.000000   0.000000   0.000000   1.400000
 -1.477740   5.130360   1.524400   1.000000   0.000000   0.000000   1.400000
 -2.613840   5.846220   1.845020   0.000000   1.000000   0.000000   1.850000
 -3.053850   5.492390   2.813830   1.000000   1.000000   1.000000   1.200000
 -3.381980   5.737580   1.033110   1.000000   1.000000   1.000000   1.200000
 -2.337010   6.931050   1.937260   1.000000   1.000000   1.000000   1.200000
  0.844270   5.161780   0.290090   0.000000   0.000000   1.000000   1.540000
  1.169060   4.584780   1.089810   1.000000   1.000000   1.000000   1.200000
  1.605330   5.515210  -0.262520   1.000000   1.000000   1.000000   1.200000
  0.266160   5.907640   0.695670   1.000000   1.000000   1.000000   1.200000
  0.192620   4.551850  -0.262280   1.000000   1.000000   1.000000   1.200000
  0.990530   2.512570   4.960750   0.000000   0.000000   1.000000   1.540000
  1.510000   0.648900   3.724510   1.000000   1.000000   1.000000   1.200000
  1.308270   3.039670   4.167710   1.000000   1.000000   1.000000   1.200000
  1.460900   2.838590   5.778800   1.000000   1.000000   1.000000   1.200000
  0.011870   2.689640   5.065470   1.000000   1.000000   1.000000   1.200000
 -3.688390   0.851240   3.378640   0.000000   0.000000   1.000000   1.540000
 -1.933700  -0.314570   3.853290   1.000000   1.000000   1.000000   1.200000
 -3.665190   1.369880   2.520540   1.000000   1.000000   1.000000   1.200000
 -3.406250   1.482600   4.103950   1.000000   1.000000   1.000000   1.200000
 -4.628370   0.563690   3.555280   1.000000   1.000000   1.000000   1.200000
29 bonds follow (x1 y1 z1 x2 y2 z2)
 -3.688390   0.851240   3.378640  -4.628370   0.563690   3.555280
 -3.688390   0.851240   3.378640  -3.406250   1.482600   4.103950
 -3.688390   0.851240   3.378640  -3.665190   1.369880   2.520540
 -1.044160  -0.611250   3.626660  -1.933700  -0.314570   3.853290
  0.990530   2.512570   4.960750   0.011870   2.689640   5.065470
  0.990530   2.512570   4.960750   1.460900   2.838590   5.778800
  0.990530   2.512570   4.960750   1.308270   3.039670   4.167710
  1.264480   0.112820   2.966320   1.510000   0.648900   3.724510
  0.844270   5.161780   0.290090   0.192620   4.551850  -0.262280
  0.844270   5.161780   0.290090   0.266160   5.907640   0.695670
  0.844270   5.161780   0.290090   1.605330   5.515210  -0.262520
  0.844270   5.161780   0.290090   1.169060   4.584780   1.089810
 -2.613840   5.846220   1.845020  -2.337010   6.931050   1.937260
 -2.613840   5.846220   1.845020  -3.381980   5.737580   1.033110
 -2.613840   5.846220   1.845020  -3.053850   5.492390   2.813830
 -1.477740   5.130360   1.524400  -2.613840   5.846220   1.845020
 -1.149310   3.404810   1.896950  -1.477740   5.130360   1.524400
 -1.149310   3.404810   1.896950  -0.965000   3.101830   0.521870
 -1.149310   3.404810   1.896950  -2.309080   3.135320   2.611170
 -1.149310   3.404810   1.896950   0.095470   3.781180   2.487740
 -0.657520   1.560250   2.275430  -1.149310   3.404810   1.896950
 -0.245690   0.156190   2.509330  -0.657520   1.560250   2.275430
 -0.245690   0.156190   2.509330  -1.044160  -0.611250   3.626660
 -0.245690   0.156190   2.509330   1.264480   0.112820   2.966320
 -0.237150  -0.749150   1.209480  -0.245690   0.156190   2.509330
 -0.276190  -0.142090  -0.066370  -0.237150  -0.749150   1.209480
 -0.276190  -0.142090  -0.066370  -1.172990  -0.549490  -0.603010
 -0.276190  -0.142090  -0.066370  -0.346000   0.976790   0.025020
 -0.276190  -0.142090  -0.066370   0.648990  -0.452720  -0.618000
