33 atoms follow (x y z r g b radiusScale)
  0.135880  -0.186280   0.021680   0.000000   1.000000   0.000000   1.850000
  1.243760  -0.140070   0.176250   1.000000   1.000000   1.000000   1.200000
 -0.295130   0.842180  -0.103560   1.000000   1.000000   1.000000   1.200000
 -0.113560  -0.837930  -0.852320   1.000000   1.000000   1.000000   1.200000
 -0.444930  -0.792730   1.160160   1.000000   0.000000   0.000000   1.400000
 -0.282420   0.019120   2.512810   0.500000   0.500000   0.500000   1.900000
  1.168230  -0.151900   3.083040   1.000000   0.000000   0.000000   1.400000
 -1.264840  -0.637730   3.516750   1.000000   0.000000   0.000000   1.400000
 -0.667130   1.463170   2.323610   1.000000   0.000000   0.000000   1.400000
 -1.117270   3.228460   2.092890   1.000000   1.000000   0.000000   1.850000
 -0.176640   3.736010   2.953380   1.000000   0.000000   0.000000   1.400000
 -2.397170   3.040950   2.557420   1.000000   0.000000   0.000000   1.400000
 -0.913290   3.253040   0.739620   1.000000   0.000000   0.000000   1.400000
 -2.203010   5.991810   1.580440   1.000000   0.000000   0.000000   1.400000
 -3.398630   6.053480   0.830450   0.000000   1.000000   0.000000   1.850000
 -3.149590   6.313980  -0.231630   1.000000   1.000000   1.000000   1.200000
 -4.131040   6.781730   1.248440   1.000000   1.000000   1.000000   1.200000
 -3.798040   4.999100   0.914920   1.000000   1.000000   1.000000   1.200000
  1.990610   5.527000  -0.047770   0.000000   0.000000   1.000000   1.540000
  2.044680   6.154660   0.726410   1.000000   1.000000   1.000000   1.200000
 -1.946200   6.920160   1.702420   1.000000   1.000000   1.000000   1.200000
  1.544920   5.989490  -0.811920   1.000000   1.000000   1.000000   1.200000
  1.428000   4.747580   0.224140   1.000000   1.000000   1.000000   1.200000
  1.739900   2.160900   4.569760   0.000000   0.000000   1.000000   1.540000
  1.509700   0.493380   3.741520   1.000000   1.000000   1.000000   1.200000
  1.435520   2.882140   3.941570   1.000000   1.000000   1.000000   1.200000
  2.698300   2.314200   4.802890   1.000000   1.000000   1.000000   1.200000
  1.193560   2.207720   5.404260   1.000000   1.000000   1.000000   1.200000
 -3.593120   0.794040   3.836300   0.000000   0.000000   1.000000   1.540000
 -2.156070  -0.225240   3.655340   1.000000   1.000000   1.000000   1.200000
 -3.787510   1.182030   2.932960   1.000000   1.000000   1.000000   1.200000
 -3.316610   1.545190   4.436360   1.000000   1.000000   1.000000   1.200000
 -4.411100   0.355770   4.201420   1.000000   1.000000   1.000000   1.200000
28 bonds follow (x1 y1 z1 x2 y2 z2)
 -3.593120   0.794040   3.836300  -4.411100   0.355770   4.201420
 -3.593120   0.794040   3.836300  -3.316610   1.545190   4.436360
 -3.593120   0.794040   3.836300  -3.787510   1.182030   2.932960
 -1.264840  -0.637730   3.516750  -2.156070  -0.225240   3.655340
  1.739900   2.160900   4.569760   1.193560   2.207720   5.404260
  1.739900   2.160900   4.569760   2.698300   2.314200   4.802890
  1.739900   2.160900   4.569760   1.435520   2.882140   3.941570
  1.168230  -0.151900   3.083040   1.509700   0.493380   3.741520
  1.990610   5.527000  -0.047770   1.428000   4.747580   0.224140
  1.990610   5.527000  -0.047770   1.544920   5.989490  -0.811920
 -2.203010   5.991810   1.580440  -1.946200   6.920160   1.702420
  1.990610   5.527000  -0.047770   2.044680   6.154660   0.726410
 -3.398630   6.053480   0.830450  -3.798040   4.999100   0.914920
 -3.398630   6.053480   0.830450  -4.131040   6.781730   1.248440
 -3.398630   6.053480   0.830450  -3.149590   6.313980  -0.231630
 -2.203010   5.991810   1.580440  -3.398630   6.053480   0.830450
 -1.117270   3.228460   2.092890  -0.913290   3.253040   0.739620
 -1.117270   3.228460   2.092890  -2.397170   3.040950   2.557420
 -1.117270   3.228460   2.092890  -0.176640   3.736010   2.953380
 -0.667130   1.463170   2.323610  -1.117270   3.228460   2.092890
 -0.282420   0.019120   2.512810  -0.667130   1.463170   2.323610
 -0.282420   0.019120   2.512810  -1.264840  -0.637730   3.516750
 -0.282420   0.019120   2.512810   1.168230  -0.151900   3.083040
 -0.444930  -0.792730   1.160160  -0.282420   0.019120   2.512810
  0.135880  -0.186280   0.021680  -0.444930  -0.792730   1.160160
  0.135880  -0.186280   0.021680  -0.113560  -0.837930  -0.852320
  0.135880  -0.186280   0.021680  -0.295130   0.842180  -0.103560
  0.135880  -0.186280   0.021680   1.243760  -0.140070   0.176250
