33 atoms follow (x y z r g b radiusScale)
  0.088840  -0.155350   0.030950   0.000000   1.000000   0.000000   1.850000
  1.200160  -0.069440   0.125450   1.000000   1.000000   1.000000   1.200000
 -0.384830   0.858610  -0.060500   1.000000   1.000000   1.000000   1.200000
 -0.184680  -0.809800  -0.833670   1.000000   1.000000   1.000000   1.200000
 -0.408410  -0.797050   1.188900   1.000000   0.000000   0.000000   1.400000
 -0.303540   0.025860   2.530360   0.500000   0.500000   0.500000   1.900000
  1.141160  -0.166350   3.081180   1.000000   0.000000   0.000000   1.400000
 -1.237870  -0.701320   3.535440   1.000000   0.000000   0.000000   1.400000
 -0.639720   1.482140   2.326420   1.000000   0.000000   0.000000   1.400000
 -1.128350   3.218100   2.070310   1.000000   1.000000   0.000000   1.850000
 -0.135670   3.777560   2.835270   1.000000   0.000000   0.000000   1.400000
 -2.412790   3.117130   2.557580   1.000000   0.000000   0.000000   1.400000
 -0.904640   3.285500   0.720750   1.000000   0.000000   0.000000   1.400000
 -2.147590   5.922980   1.632970   1.000000   0.000000   0.000000   1.400000
 -3.294520   5.981540   0.820470   0.000000   1.000000   0.000000   1.850000
 -2.991800   6.074330  -0.251050   1.000000   1.000000   1.000000   1.200000
 -3.954000   6.839790   1.104750   1.000000   1.000000   1.000000   1.200000
 -3.847490   5.020870   0.973530   1.000000   1.000000   1.000000   1.200000
  1.850700   5.596070   0.003040   0.000000   0.000000   1.000000   1.540000
  1.775930   6.102070   0.861620   1.000000   1.000000   1.000000   1.200000
 -1.695250   6.653150   1.596270   1.000000   1.000000   1.000000   1.200000
  1.139930   5.935440  -0.614210   1.000000   1.000000   1.000000   1.200000
  1.659350   4.628790   0.190310   1.000000   1.000000   1.000000   1.200000
  1.699950   2.129130   4.598420   0.000000   0.000000   1.000000   1.540000
  1.535850   0.515650   3.666240   1.000000   1.000000   1.000000   1.200000
  1.425190   2.836610   3.940260   1.000000   1.000000   1.000000   1.200000
  2.675130   2.221910   4.793340   1.000000   1.000000   1.000000   1.200000
  1.188760   2.263040   5.445550   1.000000   1.000000   1.000000   1.200000
 -3.563820   0.824130   3.808020   0.000000   0.000000   1.000000   1.540000
 -2.149350  -0.359060   3.683950   1.000000   1.000000   1.000000   1.200000
 -3.829460   1.199090   2.918070   1.000000   1.000000   1.000000   1.200000
 -3.225130   1.584890   4.364050   1.000000   1.000000   1.000000   1.200000
 -4.362160   0.420670   4.251210   1.000000   1.000000   1.000000   1.200000
28 bonds follow (x1 y1 z1 x2 y2 z2)
 -3.563820   0.824130   3.808020  -4.362160   0.420670   4.251210
 -3.563820   0.824130   3.808020  -3.225130   1.584890   4.364050
 -3.563820   0.824130   3.808020  -3.829460   1.199090   2.918070
 -1.237870  -0.701320   3.535440  -2.149350  -0.359060   3.683950
  1.699950   2.129130   4.598420   1.188760   2.263040   5.445550
  1.699950   2.129130   4.598420   2.675130   2.221910   4.793340
  1.699950   2.129130   4.598420   1.425190   2.836610   3.940260
  1.141160  -0.166350   3.081180   1.535850   0.515650   3.666240
  1.850700   5.596070   0.003040   1.659350   4.628790   0.190310
  1.850700   5.596070   0.003040   1.139930   5.935440  -0.614210
 -2.147590   5.922980   1.632970  -1.695250   6.653150   1.596270
  1.850700   5.596070   0.003040   1.775930   6.102070   0.861620
 -3.294520   5.981540   0.820470  -3.847490   5.020870   0.973530
 -3.294520   5.981540   0.820470  -3.954000   6.839790   1.104750
 -3.294520   5.981540   0.820470  -2.991800   6.074330  -0.251050
 -2.147590   5.922980   1.632970  -3.294520   5.981540   0.820470
 -1.128350   3.218100   2.070310  -0.904640   3.285500   0.720750
 -1.128350   3.218100   2.070310  -2.412790   3.117130   2.557580
 -1.128350   3.218100   2.070310  -0.135670   3.777560   2.835270
 -0.639720   1.482140   2.326420  -1.128350   3.218100   2.070310
 -0.303540   0.025860   2.530360  -0.639720   1.482140   2.326420
 -0.303540   0.025860   2.530360  -1.237870  -0.701320   3.535440
 -0.303540   0.025860   2.530360   1.141160  -0.166350   3.081180
 -0.408410  -0.797050   1.188900  -0.303540   0.025860   2.530360
  0.088840  -0.155350   0.030950  -0.408410  -0.797050   1.188900
  0.088840  -0.155350   0.030950  -0.184680  -0.809800  -0.833670
  0.088840  -0.155350   0.030950  -0.384830   0.858610  -0.060500
  0.088840  -0.155350   0.030950   1.200160  -0.069440   0.125450
