33 atoms follow (x y z r g b radiusScale)
  0.160540  -0.191470   0.014770   0.000000   1.000000   0.000000   1.850000
  1.269200  -0.168430   0.164870   1.000000   1.000000   1.000000   1.200000
 -0.253980   0.842590  -0.117560   1.000000   1.000000   1.000000   1.200000
 -0.107390  -0.847260  -0.851420   1.000000   1.000000   1.000000   1.200000
 -0.432780  -0.780410   1.156020   1.000000   0.000000   0.000000   1.400000
 -0.289180   0.015100   2.513250   0.500000   0.500000   0.500000   1.900000
  1.161730  -0.146720   3.053040   1.000000   0.000000   0.000000   1.400000
 -1.273120  -0.631200   3.524840   1.000000   0.000000   0.000000   1.400000
 -0.642120   1.467880   2.311660   1.000000   0.000000   0.000000   1.400000
 -1.123540   3.206180   2.106140   1.000000   1.000000   0.000000   1.850000
 -0.201250   3.730140   2.989630   1.000000   0.000000   0.000000   1.400000
 -2.399250   3.031470   2.559820   1.000000   0.000000   0.000000   1.400000
 -0.898390   3.246970   0.752180   1.000000   0.000000   0.000000   1.400000
 -2.226440   6.041520   1.564970   1.000000   0.000000   0.000000   1.400000
 -3.434940   6.064480   0.833790   0.000000   1.000000   0.000000   1.850000
 -3.277450   6.416420  -0.217600   1.000000   1.000000   1.000000   1.200000
 -4.172030   6.733090   1.338720   1.000000   1.000000   1.000000   1.200000
 -3.832850   5.006490   0.818650   1.000000   1.000000   1.000000   1.200000
  2.041220   5.493010  -0.065900   0.000000   0.000000   1.000000   1.540000
  2.136410   6.157420   0.674540   1.000000   1.000000   1.000000   1.200000
 -1.954100   6.858050   1.746380   1.000000   1.000000   1.000000   1.200000
  1.711610   5.981260  -0.875270   1.000000   1.000000   1.000000   1.200000
  1.352450   4.813450   0.195660   1.000000   1.000000   1.000000   1.200000
  1.758180   2.173150   4.570470   0.000000   0.000000   1.000000   1.540000
  1.540430   0.569020   3.614430   1.000000   1.000000   1.000000   1.200000
  1.456550   2.872060   3.915560   1.000000   1.000000   1.000000   1.200000
  2.716880   2.332810   4.799230   1.000000   1.000000   1.000000   1.200000
  1.210990   2.258850   5.401460   1.000000   1.000000   1.000000   1.200000
 -3.613490   0.792580   3.845350   0.000000   0.000000   1.000000   1.540000
 -2.162710  -0.236210   3.704240   1.000000   1.000000   1.000000   1.200000
 -3.750910   1.186860   2.933560   1.000000   1.000000   1.000000   1.200000
 -3.346110   1.537930   4.457270   1.000000   1.000000   1.000000   1.200000
 -4.468300   0.390910   4.166960   1.000000   1.000000   1.000000   1.200000
28 bonds follow (x1 y1 z1 x2 y2 z2)
 -3.613490   0.792580   3.845350  -4.468300   0.390910   4.166960
 -3.613490   0.792580   3.845350  -3.346110   1.537930   4.457270
 -3.613490   0.792580   3.845350  -3.750910   1.186860   2.933560
 -1.273120  -0.631200   3.524840  -2.162710  -0.236210   3.704240
  1.758180   2.173150   4.570470   1.210990   2.258850   5.401460
  1.758180   2.173150   4.570470   2.716880   2.332810   4.799230
  1.758180   2.173150   4.570470   1.456550   2.872060   3.915560
  1.161730  -0.146720   3.053040   1.540430   0.569020   3.614430
  2.041220   5.493010  -0.065900   1.352450   4.813450   0.195660
  2.041220   5.493010  -0.065900   1.711610   5.981260  -0.875270
 -2.226440   6.041520   1.564970  -1.954100   6.858050   1.746380
  2.041220   5.493010  -0.065900   2.136410   6.157420   0.674540
 -3.434940   6.064480   0.833790  -3.832850   5.006490   0.818650
 -3.434940   6.064480   0.833790  -4.172030   6.733090   1.338720
 -3.434940   6.064480   0.833790  -3.277450   6.416420  -0.217600
 -2.226440   6.041520   1.564970  -3.434940   6.064480   0.833790
 -1.123540   3.206180   2.106140  -0.898390   3.246970   0.752180
 -1.123540   3.206180   2.106140  -2.399250   3.031470   2.559820
 -1.123540   3.206180   2.106140  -0.201250   3.730140   2.989630
 -0.642120   1.467880   2.311660  -1.123540   3.206180   2.106140
 -0.289180   0.015100   2.513250  -0.642120   1.467880   2.311660
 -0.289180   0.015100   2.513250  -1.273120  -0.631200   3.524840
 -0.289180   0.015100   2.513250   1.161730  -0.146720   3.053040
 -0.432780  -0.780410   1.156020  -0.289180   0.015100   2.513250
  0.160540  -0.191470   0.014770  -0.432780  -0.780410   1.156020
  0.160540  -0.191470   0.014770  -0.107390  -0.847260  -0.851420
  0.160540  -0.191470   0.014770  -0.253980   0.842590  -0.117560
  0.160540  -0.191470   0.014770   1.269200  -0.168430   0.164870
