33 atoms follow (x y z r g b radiusScale)
  0.020060  -0.027110   0.021410   0.000000   1.000000   0.000000   1.850000
  1.138270  -0.014290   0.045610   1.000000   1.000000   1.000000   1.200000
 -0.400820   1.015400   0.033830   1.000000   1.000000   1.000000   1.200000
 -0.347180  -0.592160  -0.871370   1.000000   1.000000   1.000000   1.200000
 -0.436870  -0.738660   1.158280   1.000000   0.000000   0.000000   1.400000
 -0.301530   0.032110   2.527860   0.500000   0.500000   0.500000   1.900000
  1.167470  -0.086180   3.026760   1.000000   0.000000   0.000000   1.400000
 -1.250200  -0.656560   3.550360   1.000000   0.000000   0.000000   1.400000
 -0.697220   1.481180   2.383360   1.000000   0.000000   0.000000   1.400000
 -1.119870   3.217660   2.035700   1.000000   1.000000   0.000000   1.850000
 -0.077660   3.783500   2.722910   1.000000   0.000000   0.000000   1.400000
 -2.402810   3.146180   2.547570   1.000000   0.000000   0.000000   1.400000
 -0.891160   3.154560   0.678370   1.000000   0.000000   0.000000   1.400000
 -1.887610   5.636230   1.669660   1.000000   0.000000   0.000000   1.400000
 -3.029540   5.797090   0.854440   0.000000   1.000000   0.000000   1.850000
 -2.791950   5.493380  -0.194260   1.000000   1.000000   1.000000   1.200000
 -3.368520   6.862240   0.862600   1.000000   1.000000   1.000000   1.200000
 -3.833500   5.141770   1.282230   1.000000   1.000000   1.000000   1.200000
  1.369560   5.661820   0.198240   0.000000   0.000000   1.000000   1.540000
  1.342540   5.483090   1.183670   1.000000   1.000000   1.000000   1.200000
 -1.262150   6.310700   1.482020   1.000000   1.000000   1.000000   1.200000
  0.536880   5.279360  -0.207740   1.000000   1.000000   1.000000   1.200000
  2.163820   5.186860  -0.188570   1.000000   1.000000   1.000000   1.200000
  1.654380   2.185910   4.671070   0.000000   0.000000   1.000000   1.540000
  1.534000   0.625800   3.595810   1.000000   1.000000   1.000000   1.200000
  1.297870   2.904830   4.067010   1.000000   1.000000   1.000000   1.200000
  2.615320   2.372170   4.868620   1.000000   1.000000   1.000000   1.200000
  1.142810   2.196980   5.528360   1.000000   1.000000   1.000000   1.200000
 -3.557710   0.978500   3.744540   0.000000   0.000000   1.000000   1.540000
 -2.124880  -0.243300   3.743340   1.000000   1.000000   1.000000   1.200000
 -3.831320   1.192020   2.805400   1.000000   1.000000   1.000000   1.200000
 -3.178360   1.818460   4.140470   1.000000   1.000000   1.000000   1.200000
 -4.366260   0.710580   4.265290   1.000000   1.000000   1.000000   1.200000
28 bonds follow (x1 y1 z1 x2 y2 z2)
 -3.557710   0.978500   3.744540  -4.366260   0.710580   4.265290
 -3.557710   0.978500   3.744540  -3.178360   1.818460   4.140470
 -3.557710   0.978500   3.744540  -3.831320   1.192020   2.805400
 -1.250200  -0.656560   3.550360  -2.124880  -0.243300   3.743340
  1.654380   2.185910   4.671070   1.142810   2.196980   5.528360
  1.654380   2.185910   4.671070   2.615320   2.372170   4.868620
  1.654380   2.185910   4.671070   1.297870   2.904830   4.067010
  1.167470  -0.086180   3.026760   1.534000   0.625800   3.595810
  1.369560   5.661820   0.198240   2.163820   5.186860  -0.188570
  1.369560   5.661820   0.198240   0.536880   5.279360  -0.207740
 -1.887610   5.636230   1.669660  -1.262150   6.310700   1.482020
  1.369560   5.661820   0.198240   1.342540   5.483090   1.183670
 -3.029540   5.797090   0.854440  -3.833500   5.141770   1.282230
 -3.029540   5.797090   0.854440  -3.368520   6.862240   0.862600
 -3.029540   5.797090   0.854440  -2.791950   5.493380  -0.194260
 -1.887610   5.636230   1.669660  -3.029540   5.797090   0.854440
 -1.119870   3.217660   2.035700  -0.891160   3.154560   0.678370
 -1.119870   3.217660   2.035700  -2.402810   3.146180   2.547570
 -1.119870   3.217660   2.035700  -0.077660   3.783500   2.722910
 -0.697220   1.481180   2.383360  -1.119870   3.217660   2.035700
 -0.301530   0.032110   2.527860  -0.697220   1.481180   2.383360
 -0.301530   0.032110   2.527860  -1.250200  -0.656560   3.550360
 -0.301530   0.032110   2.527860   1.167470  -0.086180   3.026760
 -0.436870  -0.738660   1.158280  -0.301530   0.032110   2.527860
  0.020060  -0.027110   0.021410  -0.436870  -0.738660   1.158280
  0.020060  -0.027110   0.021410  -0.347180  -0.592160  -0.871370
  0.020060  -0.027110   0.021410  -0.400820   1.015400   0.033830
  0.020060  -0.027110   0.021410   1.138270  -0.014290   0.045610
