33 atoms follow (x y z r g b radiusScale)
 -0.055730   0.016460   0.004430   0.000000   1.000000   0.000000   1.850000
  1.043290  -0.135340  -0.147350   1.000000   1.000000   1.000000   1.200000
 -0.310400   1.107970   0.097540   1.000000   1.000000   1.000000   1.200000
 -0.619320  -0.441620  -0.847600   1.000000   1.000000   1.000000   1.200000
 -0.449280  -0.678470   1.169230   1.000000   0.000000   0.000000   1.400000
 -0.299250   0.131260   2.528560   0.500000   0.500000   0.500000   1.900000
  1.202230  -0.053580   2.968760   1.000000   0.000000   0.000000   1.400000
 -1.172600  -0.692350   3.537320   1.000000   0.000000   0.000000   1.400000
 -0.685720   1.560190   2.415320   1.000000   0.000000   0.000000   1.400000
 -1.185690   3.439130   1.918470   1.000000   1.000000   0.000000   1.850000
 -0.138980   3.927480   2.738020   1.000000   0.000000   0.000000   1.400000
 -2.448960   3.132850   2.387460   1.000000   0.000000   0.000000   1.400000
 -0.745470   3.124990   0.607450   1.000000   0.000000   0.000000   1.400000
 -1.526170   5.131110   1.389130   1.000000   0.000000   0.000000   1.400000
 -2.801590   5.655510   1.355390   0.000000   1.000000   0.000000   1.850000
 -3.308580   5.379680   0.392160   1.000000   1.000000   1.000000   1.200000
 -2.733480   6.773520   1.421750   1.000000   1.000000   1.000000   1.200000
 -3.416230   5.272420   2.211840   1.000000   1.000000   1.000000   1.200000
  0.908500   5.300620   0.483980   0.000000   0.000000   1.000000   1.540000
  0.619680   5.457200   1.478140   1.000000   1.000000   1.000000   1.200000
  1.426850   6.080600   0.111070   1.000000   1.000000   1.000000   1.200000
  0.013150   5.133760  -0.028170   1.000000   1.000000   1.000000   1.200000
  1.442490   4.443090   0.447850   1.000000   1.000000   1.000000   1.200000
  1.541540   2.302890   4.702920   0.000000   0.000000   1.000000   1.540000
  1.573420   0.604660   3.576320   1.000000   1.000000   1.000000   1.200000
  1.011390   2.918160   4.110860   1.000000   1.000000   1.000000   1.200000
  2.450970   2.688770   4.843030   1.000000   1.000000   1.000000   1.200000
  1.086680   2.233910   5.588950   1.000000   1.000000   1.000000   1.200000
 -3.591520   0.950350   3.751820   0.000000   0.000000   1.000000   1.540000
 -2.069820  -0.369980   3.731660   1.000000   1.000000   1.000000   1.200000
 -3.840610   1.170440   2.806890   1.000000   1.000000   1.000000   1.200000
 -3.132780   1.760070   4.125480   1.000000   1.000000   1.000000   1.200000
 -4.424860   0.780190   4.274350   1.000000   1.000000   1.000000   1.200000
28 bonds follow (x1 y1 z1 x2 y2 z2)
 -3.591520   0.950350   3.751820  -4.424860   0.780190   4.274350
 -3.591520   0.950350   3.751820  -3.132780   1.760070   4.125480
 -3.591520   0.950350   3.751820  -3.840610   1.170440   2.806890
 -1.172600  -0.692350   3.537320  -2.069820  -0.369980   3.731660
  1.541540   2.302890   4.702920   1.086680   2.233910   5.588950
  1.541540   2.302890   4.702920   2.450970   2.688770   4.843030
  1.541540   2.302890   4.702920   1.011390   2.918160   4.110860
  1.202230  -0.053580   2.968760   1.573420   0.604660   3.576320
  0.908500   5.300620   0.483980   1.442490   4.443090   0.447850
  0.908500   5.300620   0.483980   0.013150   5.133760  -0.028170
  0.908500   5.300620   0.483980   1.426850   6.080600   0.111070
  0.908500   5.300620   0.483980   0.619680   5.457200   1.478140
 -2.801590   5.655510   1.355390  -3.416230   5.272420   2.211840
 -2.801590   5.655510   1.355390  -2.733480   6.773520   1.421750
 -2.801590   5.655510   1.355390  -3.308580   5.379680   0.392160
 -1.526170   5.131110   1.389130  -2.801590   5.655510   1.355390
 -1.185690   3.439130   1.918470  -1.526170   5.131110   1.389130
 -1.185690   3.439130   1.918470  -0.745470   3.124990   0.607450
 -1.185690   3.439130   1.918470  -2.448960   3.132850   2.387460
 -1.185690   3.439130   1.918470  -0.138980   3.927480   2.738020
 -0.299250   0.131260   2.528560  -0.685720   1.560190   2.415320
 -0.299250   0.131260   2.528560  -1.172600  -0.692350   3.537320
 -0.299250   0.131260   2.528560   1.202230  -0.053580   2.968760
 -0.449280  -0.678470   1.169230  -0.299250   0.131260   2.528560
 -0.055730   0.016460   0.004430  -0.449280  -0.678470   1.169230
 -0.055730   0.016460   0.004430  -0.619320  -0.441620  -0.847600
 -0.055730   0.016460   0.004430  -0.310400   1.107970   0.097540
 -0.055730   0.016460   0.004430   1.043290  -0.135340  -0.147350
