33 atoms follow (x y z r g b radiusScale)
 -0.027970   0.019140  -0.037640   0.000000   1.000000   0.000000   1.850000
  1.090040  -0.018950  -0.077740   1.000000   1.000000   1.000000   1.200000
 -0.399310   1.080730  -0.027800   1.000000   1.000000   1.000000   1.200000
 -0.460810  -0.547950  -0.899730   1.000000   1.000000   1.000000   1.200000
 -0.456590  -0.644000   1.132750   1.000000   0.000000   0.000000   1.400000
 -0.300190   0.164630   2.492100   0.500000   0.500000   0.500000   1.900000
  1.178380  -0.085700   2.976450   1.000000   0.000000   0.000000   1.400000
 -1.230360  -0.560400   3.515770   1.000000   0.000000   0.000000   1.400000
 -0.658820   1.600750   2.387520   1.000000   0.000000   0.000000   1.400000
 -1.186810   3.442550   1.958050   1.000000   1.000000   0.000000   1.850000
 -0.057990   3.916070   2.696800   1.000000   0.000000   0.000000   1.400000
 -2.391770   3.123830   2.564210   1.000000   0.000000   0.000000   1.400000
 -0.805770   3.100000   0.623220   1.000000   0.000000   0.000000   1.400000
 -1.593070   5.091800   1.436670   1.000000   0.000000   0.000000   1.400000
 -2.855710   5.571730   1.151060   0.000000   1.000000   0.000000   1.850000
 -3.131970   5.327240   0.089980   1.000000   1.000000   1.000000   1.200000
 -2.844820   6.687780   1.273180   1.000000   1.000000   1.000000   1.200000
 -3.623000   5.131880   1.839940   1.000000   1.000000   1.000000   1.200000
  0.962960   5.257800   0.566370   0.000000   0.000000   1.000000   1.540000
  0.805500   5.184210   1.597070   1.000000   1.000000   1.000000   1.200000
  0.901360   6.232040   0.276480   1.000000   1.000000   1.000000   1.200000
  0.182220   4.709940   0.134700   1.000000   1.000000   1.000000   1.200000
  1.850440   4.850860   0.318690   1.000000   1.000000   1.000000   1.200000
  1.585720   2.283770   4.695420   0.000000   0.000000   1.000000   1.540000
  1.531720   0.508480   3.654960   1.000000   1.000000   1.000000   1.200000
  1.073270   2.887800   4.077040   1.000000   1.000000   1.000000   1.200000
  2.505930   2.648820   4.819720   1.000000   1.000000   1.000000   1.200000
  1.128820   2.266570   5.582910   1.000000   1.000000   1.000000   1.200000
 -3.616020   0.933100   3.777540   0.000000   0.000000   1.000000   1.540000
 -2.119890  -0.180630   3.684210   1.000000   1.000000   1.000000   1.200000
 -3.862650   1.199520   2.844690   1.000000   1.000000   1.000000   1.200000
 -3.221180   1.741650   4.219830   1.000000   1.000000   1.000000   1.200000
 -4.436470   0.651310   4.269650   1.000000   1.000000   1.000000   1.200000
28 bonds follow (x1 y1 z1 x2 y2 z2)
 -3.616020   0.933100   3.777540  -4.436470   0.651310   4.269650
 -3.616020   0.933100   3.777540  -3.221180   1.741650   4.219830
 -3.616020   0.933100   3.777540  -3.862650   1.199520   2.844690
 -1.230360  -0.560400   3.515770  -2.119890  -0.180630   3.684210
  1.585720   2.283770   4.695420   1.128820   2.266570   5.582910
  1.585720   2.283770   4.695420   2.505930   2.648820   4.819720
  1.585720   2.283770   4.695420   1.073270   2.887800   4.077040
  1.178380  -0.085700   2.976450   1.531720   0.508480   3.654960
  0.962960   5.257800   0.566370   1.850440   4.850860   0.318690
  0.962960   5.257800   0.566370   0.182220   4.709940   0.134700
  0.962960   5.257800   0.566370   0.901360   6.232040   0.276480
  0.962960   5.257800   0.566370   0.805500   5.184210   1.597070
 -2.855710   5.571730   1.151060  -3.623000   5.131880   1.839940
 -2.855710   5.571730   1.151060  -2.844820   6.687780   1.273180
 -2.855710   5.571730   1.151060  -3.131970   5.327240   0.089980
 -1.593070   5.091800   1.436670  -2.855710   5.571730   1.151060
 -1.186810   3.442550   1.958050  -1.593070   5.091800   1.436670
 -1.186810   3.442550   1.958050  -0.805770   3.100000   0.623220
 -1.186810   3.442550   1.958050  -2.391770   3.123830   2.564210
 -1.186810   3.442550   1.958050  -0.057990   3.916070   2.696800
 -0.300190   0.164630   2.492100  -0.658820   1.600750   2.387520
 -0.300190   0.164630   2.492100  -1.230360  -0.560400   3.515770
 -0.300190   0.164630   2.492100   1.178380  -0.085700   2.976450
 -0.456590  -0.644000   1.132750  -0.300190   0.164630   2.492100
 -0.027970   0.019140  -0.037640  -0.456590  -0.644000   1.132750
 -0.027970   0.019140  -0.037640  -0.460810  -0.547950  -0.899730
 -0.027970   0.019140  -0.037640  -0.399310   1.080730  -0.027800
 -0.027970   0.019140  -0.037640   1.090040  -0.018950  -0.077740
