33 atoms follow (x y z r g b radiusScale)
 -0.242970  -0.183010  -0.036970   0.000000   1.000000   0.000000   1.850000
  0.720210  -0.456180  -0.542230   1.000000   1.000000   1.000000   1.200000
 -0.353560   0.932140   0.060900   1.000000   1.000000   1.000000   1.200000
 -1.096240  -0.603260  -0.631740   1.000000   1.000000   1.000000   1.200000
 -0.267360  -0.805180   1.231150   1.000000   0.000000   0.000000   1.400000
 -0.221170   0.149910   2.501640   0.500000   0.500000   0.500000   1.900000
  1.285030   0.128830   2.961420   1.000000   0.000000   0.000000   1.400000
 -1.087170  -0.580280   3.579610   1.000000   0.000000   0.000000   1.400000
 -0.708930   1.528550   2.244300   1.000000   0.000000   0.000000   1.400000
 -1.125100   3.419480   1.919250   1.000000   1.000000   0.000000   1.850000
  0.111180   3.752350   2.543150   1.000000   0.000000   0.000000   1.400000
 -2.297260   3.212750   2.626500   1.000000   0.000000   0.000000   1.400000
 -0.947560   3.137810   0.533860   1.000000   0.000000   0.000000   1.400000
 -1.465250   5.135200   1.567160   1.000000   0.000000   0.000000   1.400000
 -2.656930   5.774150   1.850120   0.000000   1.000000   0.000000   1.850000
 -3.054680   5.465760   2.851420   1.000000   1.000000   1.000000   1.200000
 -3.421960   5.536370   1.063940   1.000000   1.000000   1.000000   1.200000
 -2.466470   6.880930   1.850030   1.000000   1.000000   1.000000   1.200000
  0.817550   5.158130   0.266460   0.000000   0.000000   1.000000   1.540000
  1.113100   4.933620   1.241550   1.000000   1.000000   1.000000   1.200000
  1.571870   5.533360  -0.279050   1.000000   1.000000   1.000000   1.200000
  0.016070   5.815530   0.340700   1.000000   1.000000   1.000000   1.200000
  0.438280   4.279820  -0.143040   1.000000   1.000000   1.000000   1.200000
  0.967180   2.507500   4.892460   0.000000   0.000000   1.000000   1.540000
  1.570170   0.800800   3.588930   1.000000   1.000000   1.000000   1.200000
  1.348920   3.072610   4.155740   1.000000   1.000000   1.000000   1.200000
  1.296780   2.859850   5.766650   1.000000   1.000000   1.000000   1.200000
 -0.027530   2.619250   4.865500   1.000000   1.000000   1.000000   1.200000
 -3.666230   0.894060   3.391790   0.000000   0.000000   1.000000   1.540000
 -2.021790  -0.326300   3.664490   1.000000   1.000000   1.000000   1.200000
 -3.534490   1.242640   2.460840   1.000000   1.000000   1.000000   1.200000
 -3.516850   1.668080   4.010620   1.000000   1.000000   1.000000   1.200000
 -4.609970   0.581640   3.486690   1.000000   1.000000   1.000000   1.200000
28 bonds follow (x1 y1 z1 x2 y2 z2)
 -3.666230   0.894060   3.391790  -4.609970   0.581640   3.486690
 -3.666230   0.894060   3.391790  -3.516850   1.668080   4.010620
 -3.666230   0.894060   3.391790  -3.534490   1.242640   2.460840
 -1.087170  -0.580280   3.579610  -2.021790  -0.326300   3.664490
  0.967180   2.507500   4.892460  -0.027530   2.619250   4.865500
  0.967180   2.507500   4.892460   1.296780   2.859850   5.766650
  0.967180   2.507500   4.892460   1.348920   3.072610   4.155740
  1.285030   0.128830   2.961420   1.570170   0.800800   3.588930
  0.817550   5.158130   0.266460   0.438280   4.279820  -0.143040
  0.817550   5.158130   0.266460   0.016070   5.815530   0.340700
  0.817550   5.158130   0.266460   1.571870   5.533360  -0.279050
  0.817550   5.158130   0.266460   1.113100   4.933620   1.241550
 -2.656930   5.774150   1.850120  -2.466470   6.880930   1.850030
 -2.656930   5.774150   1.850120  -3.421960   5.536370   1.063940
 -2.656930   5.774150   1.850120  -3.054680   5.465760   2.851420
 -1.465250   5.135200   1.567160  -2.656930   5.774150   1.850120
 -1.125100   3.419480   1.919250  -1.465250   5.135200   1.567160
 -1.125100   3.419480   1.919250  -0.947560   3.137810   0.533860
 -1.125100   3.419480   1.919250  -2.297260   3.212750   2.626500
 -1.125100   3.419480   1.919250   0.111180   3.752350   2.543150
 -0.221170   0.149910   2.501640  -0.708930   1.528550   2.244300
 -0.221170   0.149910   2.501640  -1.087170  -0.580280   3.579610
 -0.221170   0.149910   2.501640   1.285030   0.128830   2.961420
 -0.267360  -0.805180   1.231150  -0.221170   0.149910   2.501640
 -0.242970  -0.183010  -0.036970  -0.267360  -0.805180   1.231150
 -0.242970  -0.183010  -0.036970  -1.096240  -0.603260  -0.631740
 -0.242970  -0.183010  -0.036970  -0.353560   0.932140   0.060900
 -0.242970  -0.183010  -0.036970   0.720210  -0.456180  -0.542230
