33 atoms follow (x y z r g b radiusScale)
 -0.509520  -0.096210  -0.025890   0.000000   1.000000   0.000000   1.850000
  0.395760  -0.159610  -0.685210   1.000000   1.000000   1.000000   1.200000
 -0.819190   0.973880   0.124030   1.000000   1.000000   1.000000   1.200000
 -1.336410  -0.692230  -0.493900   1.000000   1.000000   1.000000   1.200000
 -0.195690  -0.713240   1.202560   1.000000   0.000000   0.000000   1.400000
 -0.169900   0.158670   2.526110   0.500000   0.500000   0.500000   1.900000
  1.303150  -0.045560   3.072140   1.000000   0.000000   0.000000   1.400000
 -1.104620  -0.599160   3.529390   1.000000   0.000000   0.000000   1.400000
 -0.585080   1.566350   2.343680   1.000000   0.000000   0.000000   1.400000
 -1.188710   3.478040   1.857080   1.000000   1.000000   0.000000   1.850000
 -0.057650   3.922060   2.590260   1.000000   0.000000   0.000000   1.400000
 -2.400150   3.152510   2.445130   1.000000   0.000000   0.000000   1.400000
 -0.824470   3.077720   0.544370   1.000000   0.000000   0.000000   1.400000
 -1.622920   5.110540   1.301350   1.000000   0.000000   0.000000   1.400000
 -2.547540   5.929210   1.926640   0.000000   1.000000   0.000000   1.850000
 -3.302750   5.328700   2.496740   1.000000   1.000000   1.000000   1.200000
 -3.071540   6.535420   1.141940   1.000000   1.000000   1.000000   1.200000
 -2.018030   6.625580   2.631700   1.000000   1.000000   1.000000   1.200000
  0.885940   5.097100   0.305010   0.000000   0.000000   1.000000   1.540000
  1.151870   4.730980   1.229410   1.000000   1.000000   1.000000   1.200000
  1.666720   5.520250  -0.175790   1.000000   1.000000   1.000000   1.200000
  0.112190   5.765330   0.460360   1.000000   1.000000   1.000000   1.200000
  0.477550   4.294940  -0.235130   1.000000   1.000000   1.000000   1.200000
  1.051520   2.435310   4.994840   0.000000   0.000000   1.000000   1.540000
  1.557650   0.486910   3.829440   1.000000   1.000000   1.000000   1.200000
  0.904320   2.961930   4.152660   1.000000   1.000000   1.000000   1.200000
  1.867480   2.783790   5.452860   1.000000   1.000000   1.000000   1.200000
  0.268050   2.578600   5.597610   1.000000   1.000000   1.000000   1.200000
 -3.564940   0.737320   3.447960   0.000000   0.000000   1.000000   1.540000
 -2.020110  -0.289410   3.666710   1.000000   1.000000   1.000000   1.200000
 -3.761590   0.827190   2.471330   1.000000   1.000000   1.000000   1.200000
 -3.144770   1.599800   3.748710   1.000000   1.000000   1.000000   1.200000
 -4.425400   0.611680   3.937250   1.000000   1.000000   1.000000   1.200000
28 bonds follow (x1 y1 z1 x2 y2 z2)
 -3.564940   0.737320   3.447960  -4.425400   0.611680   3.937250
 -3.564940   0.737320   3.447960  -3.144770   1.599800   3.748710
 -3.564940   0.737320   3.447960  -3.761590   0.827190   2.471330
 -1.104620  -0.599160   3.529390  -2.020110  -0.289410   3.666710
  1.051520   2.435310   4.994840   0.268050   2.578600   5.597610
  1.051520   2.435310   4.994840   1.867480   2.783790   5.452860
  1.051520   2.435310   4.994840   0.904320   2.961930   4.152660
  1.303150  -0.045560   3.072140   1.557650   0.486910   3.829440
  0.885940   5.097100   0.305010   0.477550   4.294940  -0.235130
  0.885940   5.097100   0.305010   0.112190   5.765330   0.460360
  0.885940   5.097100   0.305010   1.666720   5.520250  -0.175790
  0.885940   5.097100   0.305010   1.151870   4.730980   1.229410
 -2.547540   5.929210   1.926640  -2.018030   6.625580   2.631700
 -2.547540   5.929210   1.926640  -3.071540   6.535420   1.141940
 -2.547540   5.929210   1.926640  -3.302750   5.328700   2.496740
 -1.622920   5.110540   1.301350  -2.547540   5.929210   1.926640
 -1.188710   3.478040   1.857080  -1.622920   5.110540   1.301350
 -1.188710   3.478040   1.857080  -0.824470   3.077720   0.544370
 -1.188710   3.478040   1.857080  -2.400150   3.152510   2.445130
 -1.188710   3.478040   1.857080  -0.057650   3.922060   2.590260
 -0.169900   0.158670   2.526110  -0.585080   1.566350   2.343680
 -0.169900   0.158670   2.526110  -1.104620  -0.599160   3.529390
 -0.169900   0.158670   2.526110   1.303150  -0.045560   3.072140
 -0.195690  -0.713240   1.202560  -0.169900   0.158670   2.526110
 -0.509520  -0.096210  -0.025890  -0.195690  -0.713240   1.202560
 -0.509520  -0.096210  -0.025890  -1.336410  -0.692230  -0.493900
 -0.509520  -0.096210  -0.025890  -0.819190   0.973880   0.124030
 -0.509520  -0.096210  -0.025890   0.395760  -0.159610  -0.685210
