33 atoms follow (x y z r g b radiusScale)
 -0.393770  -0.044780  -0.034310   0.000000   1.000000   0.000000   1.850000
  0.572930  -0.180170  -0.587860   1.000000   1.000000   1.000000   1.200000
 -0.635600   1.043140   0.099610   1.000000   1.000000   1.000000   1.200000
 -1.211300  -0.561280  -0.602720   1.000000   1.000000   1.000000   1.200000
 -0.283800  -0.704560   1.209120   1.000000   0.000000   0.000000   1.400000
 -0.176000   0.168030   2.523950   0.500000   0.500000   0.500000   1.900000
  1.295140  -0.042250   3.074900   1.000000   0.000000   0.000000   1.400000
 -1.001850  -0.649790   3.583060   1.000000   0.000000   0.000000   1.400000
 -0.650480   1.548310   2.285810   1.000000   0.000000   0.000000   1.400000
 -1.181530   3.441810   1.866060   1.000000   1.000000   0.000000   1.850000
  0.025950   3.818980   2.496120   1.000000   0.000000   0.000000   1.400000
 -2.365600   3.203700   2.541840   1.000000   0.000000   0.000000   1.400000
 -0.927790   3.100660   0.510750   1.000000   0.000000   0.000000   1.400000
 -1.532840   5.136750   1.380290   1.000000   0.000000   0.000000   1.400000
 -2.563570   5.916400   1.865810   0.000000   1.000000   0.000000   1.850000
 -3.098060   5.403220   2.707390   1.000000   1.000000   1.000000   1.200000
 -3.294780   6.126500   1.040970   1.000000   1.000000   1.000000   1.200000
 -2.144520   6.890720   2.234720   1.000000   1.000000   1.000000   1.200000
  0.861580   5.115420   0.314880   0.000000   0.000000   1.000000   1.540000
  1.425380   4.398350   0.787390   1.000000   1.000000   1.000000   1.200000
  1.411570   5.713110  -0.281170   1.000000   1.000000   1.000000   1.200000
  0.377940   5.648830   1.064570   1.000000   1.000000   1.000000   1.200000
  0.112260   4.628550  -0.200710   1.000000   1.000000   1.000000   1.200000
  1.027300   2.518980   5.017360   0.000000   0.000000   1.000000   1.540000
  1.420620   0.099450   4.015560   1.000000   1.000000   1.000000   1.200000
  0.983270   2.959260   4.116400   1.000000   1.000000   1.000000   1.200000
  1.693310   3.013160   5.574420   1.000000   1.000000   1.000000   1.200000
  0.132740   2.608560   5.454520   1.000000   1.000000   1.000000   1.200000
 -3.641070   0.738940   3.411420   0.000000   0.000000   1.000000   1.540000
 -1.957390  -0.518140   3.641240   1.000000   1.000000   1.000000   1.200000
 -3.662250   1.040450   2.456050   1.000000   1.000000   1.000000   1.200000
 -3.270470   1.503220   3.945590   1.000000   1.000000   1.000000   1.200000
 -4.579450   0.568260   3.708810   1.000000   1.000000   1.000000   1.200000
28 bonds follow (x1 y1 z1 x2 y2 z2)
 -3.641070   0.738940   3.411420  -4.579450   0.568260   3.708810
 -3.641070   0.738940   3.411420  -3.270470   1.503220   3.945590
 -3.641070   0.738940   3.411420  -3.662250   1.040450   2.456050
 -1.001850  -0.649790   3.583060  -1.957390  -0.518140   3.641240
  1.027300   2.518980   5.017360   0.132740   2.608560   5.454520
  1.027300   2.518980   5.017360   1.693310   3.013160   5.574420
  1.027300   2.518980   5.017360   0.983270   2.959260   4.116400
  1.295140  -0.042250   3.074900   1.420620   0.099450   4.015560
  0.861580   5.115420   0.314880   0.112260   4.628550  -0.200710
  0.861580   5.115420   0.314880   0.377940   5.648830   1.064570
  0.861580   5.115420   0.314880   1.411570   5.713110  -0.281170
  0.861580   5.115420   0.314880   1.425380   4.398350   0.787390
 -2.563570   5.916400   1.865810  -2.144520   6.890720   2.234720
 -2.563570   5.916400   1.865810  -3.294780   6.126500   1.040970
 -2.563570   5.916400   1.865810  -3.098060   5.403220   2.707390
 -1.532840   5.136750   1.380290  -2.563570   5.916400   1.865810
 -1.181530   3.441810   1.866060  -1.532840   5.136750   1.380290
 -1.181530   3.441810   1.866060  -0.927790   3.100660   0.510750
 -1.181530   3.441810   1.866060  -2.365600   3.203700   2.541840
 -1.181530   3.441810   1.866060   0.025950   3.818980   2.496120
 -0.176000   0.168030   2.523950  -0.650480   1.548310   2.285810
 -0.176000   0.168030   2.523950  -1.001850  -0.649790   3.583060
 -0.176000   0.168030   2.523950   1.295140  -0.042250   3.074900
 -0.283800  -0.704560   1.209120  -0.176000   0.168030   2.523950
 -0.393770  -0.044780  -0.034310  -0.283800  -0.704560   1.209120
 -0.393770  -0.044780  -0.034310  -1.211300  -0.561280  -0.602720
 -0.393770  -0.044780  -0.034310  -0.635600   1.043140   0.099610
 -0.393770  -0.044780  -0.034310   0.572930  -0.180170  -0.587860
