33 atoms follow (x y z r g b radiusScale)
  0.003010  -0.001160  -0.003240   0.000000   1.000000   0.000000   1.850000
  1.121770  -0.006840   0.001220   1.000000   1.000000   1.000000   1.200000
 -0.401640   1.047280  -0.012060   1.000000   1.000000   1.000000   1.200000
 -0.385040  -0.584490  -0.875740   1.000000   1.000000   1.000000   1.200000
 -0.449860  -0.673350   1.156510   1.000000   0.000000   0.000000   1.400000
 -0.323260   0.117500   2.517770   0.500000   0.500000   0.500000   1.900000
  1.152750  -0.059830   2.996650   1.000000   0.000000   0.000000   1.400000
 -1.241310  -0.616450   3.538440   1.000000   0.000000   0.000000   1.400000
 -0.685850   1.562130   2.369900   1.000000   0.000000   0.000000   1.400000
 -1.097510   3.292520   1.992240   1.000000   1.000000   0.000000   1.850000
 -0.072750   3.830940   2.750530   1.000000   0.000000   0.000000   1.400000
 -2.380890   3.212720   2.506260   1.000000   0.000000   0.000000   1.400000
 -0.924570   3.139600   0.627240   1.000000   0.000000   0.000000   1.400000
 -1.563590   5.266380   1.560600   1.000000   0.000000   0.000000   1.400000
 -2.761580   5.654420   0.946420   0.000000   1.000000   0.000000   1.850000
 -2.769190   5.324930  -0.124420   1.000000   1.000000   1.000000   1.200000
 -2.866460   6.767900   0.995050   1.000000   1.000000   1.000000   1.200000
 -3.605130   5.172340   1.496700   1.000000   1.000000   1.000000   1.200000
  0.842490   5.477310   0.456200   0.000000   0.000000   1.000000   1.540000
  1.312710   5.202880   1.295570   1.000000   1.000000   1.000000   1.200000
 -0.697160   5.720960   1.227080   1.000000   1.000000   1.000000   1.200000
  0.744690   4.692160  -0.155210   1.000000   1.000000   1.000000   1.200000
  1.301620   6.240180   0.011150   1.000000   1.000000   1.000000   1.200000
  1.620630   2.230320   4.683360   0.000000   0.000000   1.000000   1.540000
  1.523160   0.580510   3.634550   1.000000   1.000000   1.000000   1.200000
  1.199250   2.920590   4.087730   1.000000   1.000000   1.000000   1.200000
  2.580880   2.464920   4.823830   1.000000   1.000000   1.000000   1.200000
  1.157960   2.241840   5.568130   1.000000   1.000000   1.000000   1.200000
 -3.595000   0.962210   3.764940   0.000000   0.000000   1.000000   1.540000
 -2.141110  -0.269330   3.718540   1.000000   1.000000   1.000000   1.200000
 -3.845990   1.202330   2.825380   1.000000   1.000000   1.000000   1.200000
 -3.182420   1.780680   4.173070   1.000000   1.000000   1.000000   1.200000
 -4.422660   0.727310   4.271220   1.000000   1.000000   1.000000   1.200000
28 bonds follow (x1 y1 z1 x2 y2 z2)
 -3.595000   0.962210   3.764940  -4.422660   0.727310   4.271220
 -3.595000   0.962210   3.764940  -3.182420   1.780680   4.173070
 -3.595000   0.962210   3.764940  -3.845990   1.202330   2.825380
 -1.241310  -0.616450   3.538440  -2.141110  -0.269330   3.718540
  1.620630   2.230320   4.683360   1.157960   2.241840   5.568130
  1.620630   2.230320   4.683360   2.580880   2.464920   4.823830
  1.620630   2.230320   4.683360   1.199250   2.920590   4.087730
  1.152750  -0.059830   2.996650   1.523160   0.580510   3.634550
  0.842490   5.477310   0.456200   1.301620   6.240180   0.011150
  0.842490   5.477310   0.456200   0.744690   4.692160  -0.155210
 -1.563590   5.266380   1.560600  -0.697160   5.720960   1.227080
  0.842490   5.477310   0.456200   1.312710   5.202880   1.295570
 -2.761580   5.654420   0.946420  -3.605130   5.172340   1.496700
 -2.761580   5.654420   0.946420  -2.866460   6.767900   0.995050
 -2.761580   5.654420   0.946420  -2.769190   5.324930  -0.124420
 -1.563590   5.266380   1.560600  -2.761580   5.654420   0.946420
 -1.097510   3.292520   1.992240  -0.924570   3.139600   0.627240
 -1.097510   3.292520   1.992240  -2.380890   3.212720   2.506260
 -1.097510   3.292520   1.992240  -0.072750   3.830940   2.750530
 -0.685850   1.562130   2.369900  -1.097510   3.292520   1.992240
 -0.323260   0.117500   2.517770  -0.685850   1.562130   2.369900
 -0.323260   0.117500   2.517770  -1.241310  -0.616450   3.538440
 -0.323260   0.117500   2.517770   1.152750  -0.059830   2.996650
 -0.449860  -0.673350   1.156510  -0.323260   0.117500   2.517770
  0.003010  -0.001160  -0.003240  -0.449860  -0.673350   1.156510
  0.003010  -0.001160  -0.003240  -0.385040  -0.584490  -0.875740
  0.003010  -0.001160  -0.003240  -0.401640   1.047280  -0.012060
  0.003010  -0.001160  -0.003240   1.121770  -0.006840   0.001220
