33 atoms follow (x y z r g b radiusScale)
 -0.000360   0.000150   0.000440   0.000000   1.000000   0.000000   1.850000
  1.118690  -0.000280  -0.000600   1.000000   1.000000   1.000000   1.200000
 -0.405480   1.049640   0.001660   1.000000   1.000000   1.000000   1.200000
 -0.387090  -0.577590  -0.876050   1.000000   1.000000   1.000000   1.200000
 -0.445100  -0.681120   1.155800   1.000000   0.000000   0.000000   1.400000
 -0.329490   0.129920   2.516280   0.500000   0.500000   0.500000   1.900000
  1.153800  -0.066380   2.993480   1.000000   0.000000   0.000000   1.400000
 -1.241230  -0.623910   3.540030   1.000000   0.000000   0.000000   1.400000
 -0.678590   1.568100   2.367030   1.000000   0.000000   0.000000   1.400000
 -1.156690   3.408660   1.973860   1.000000   1.000000   0.000000   1.850000
 -0.025070   3.844510   2.697620   1.000000   0.000000   0.000000   1.400000
 -2.397490   3.155070   2.530920   1.000000   0.000000   0.000000   1.400000
 -0.850910   3.162380   0.615290   1.000000   0.000000   0.000000   1.400000
 -1.552390   5.154970   1.582510   1.000000   0.000000   0.000000   1.400000
 -2.709690   5.605950   0.981490   0.000000   1.000000   0.000000   1.850000
 -2.730080   5.315000  -0.103430   1.000000   1.000000   1.000000   1.200000
 -2.743490   6.725240   1.057370   1.000000   1.000000   1.000000   1.200000
 -3.605700   5.171710   1.496190   1.000000   1.000000   1.000000   1.200000
  0.776380   5.416150   0.504340   0.000000   0.000000   1.000000   1.540000
  1.254700   5.127380   1.362530   1.000000   1.000000   1.000000   1.200000
 -0.233400   5.676670   0.795080   1.000000   1.000000   1.000000   1.200000
  0.697020   4.602300  -0.112410   1.000000   1.000000   1.000000   1.200000
  1.227160   6.197770   0.056770   1.000000   1.000000   1.000000   1.200000
  1.620810   2.232340   4.685710   0.000000   0.000000   1.000000   1.540000
  1.511660   0.570920   3.635920   1.000000   1.000000   1.000000   1.200000
  1.169820   2.891520   4.076050   1.000000   1.000000   1.000000   1.200000
  2.567950   2.510340   4.830100   1.000000   1.000000   1.000000   1.200000
  1.151010   2.227890   5.566240   1.000000   1.000000   1.000000   1.200000
 -3.597540   0.958920   3.767250   0.000000   0.000000   1.000000   1.540000
 -2.134840  -0.267320   3.722560   1.000000   1.000000   1.000000   1.200000
 -3.831750   1.195080   2.822450   1.000000   1.000000   1.000000   1.200000
 -3.167220   1.770550   4.170850   1.000000   1.000000   1.000000   1.200000
 -4.435700   0.750950   4.267280   1.000000   1.000000   1.000000   1.200000
29 bonds follow (x1 y1 z1 x2 y2 z2)
 -3.597540   0.958920   3.767250  -4.435700   0.750950   4.267280
 -3.597540   0.958920   3.767250  -3.167220   1.770550   4.170850
 -3.597540   0.958920   3.767250  -3.831750   1.195080   2.822450
 -1.241230  -0.623910   3.540030  -2.134840  -0.267320   3.722560
  1.620810   2.232340   4.685710   1.151010   2.227890   5.566240
  1.620810   2.232340   4.685710   2.567950   2.510340   4.830100
  1.620810   2.232340   4.685710   1.169820   2.891520   4.076050
  1.153800  -0.066380   2.993480   1.511660   0.570920   3.635920
  0.776380   5.416150   0.504340   1.227160   6.197770   0.056770
  0.776380   5.416150   0.504340   0.697020   4.602300  -0.112410
  0.776380   5.416150   0.504340  -0.233400   5.676670   0.795080
  0.776380   5.416150   0.504340   1.254700   5.127380   1.362530
 -2.709690   5.605950   0.981490  -3.605700   5.171710   1.496190
 -2.709690   5.605950   0.981490  -2.743490   6.725240   1.057370
 -2.709690   5.605950   0.981490  -2.730080   5.315000  -0.103430
 -1.552390   5.154970   1.582510  -2.709690   5.605950   0.981490
 -1.156690   3.408660   1.973860  -1.552390   5.154970   1.582510
 -1.156690   3.408660   1.973860  -0.850910   3.162380   0.615290
 -1.156690   3.408660   1.973860  -2.397490   3.155070   2.530920
 -1.156690   3.408660   1.973860  -0.025070   3.844510   2.697620
 -0.678590   1.568100   2.367030  -1.156690   3.408660   1.973860
 -0.329490   0.129920   2.516280  -0.678590   1.568100   2.367030
 -0.329490   0.129920   2.516280  -1.241230  -0.623910   3.540030
 -0.329490   0.129920   2.516280   1.153800  -0.066380   2.993480
 -0.445100  -0.681120   1.155800  -0.329490   0.129920   2.516280
 -0.000360   0.000150   0.000440  -0.445100  -0.681120   1.155800
 -0.000360   0.000150   0.000440  -0.387090  -0.577590  -0.876050
 -0.000360   0.000150   0.000440  -0.405480   1.049640   0.001660
 -0.000360   0.000150   0.000440   1.118690  -0.000280  -0.000600
