33 atoms follow (x y z r g b radiusScale)
 -0.227870  -0.227000  -0.058580   0.000000   1.000000   0.000000   1.850000
  0.779800  -0.445810  -0.500040   1.000000   1.000000   1.000000   1.200000
 -0.423230   0.878740  -0.003210   1.000000   1.000000   1.000000   1.200000
 -1.012600  -0.734740  -0.678460   1.000000   1.000000   1.000000   1.200000
 -0.288840  -0.801310   1.228880   1.000000   0.000000   0.000000   1.400000
 -0.213830   0.142770   2.507050   0.500000   0.500000   0.500000   1.900000
  1.290460   0.114610   2.970960   1.000000   0.000000   0.000000   1.400000
 -1.126220  -0.575880   3.555950   1.000000   0.000000   0.000000   1.400000
 -0.717860   1.508030   2.231090   1.000000   0.000000   0.000000   1.400000
 -1.132020   3.439060   1.933640   1.000000   1.000000   0.000000   1.850000
  0.113120   3.761210   2.529290   1.000000   0.000000   0.000000   1.400000
 -2.302290   3.218890   2.651160   1.000000   0.000000   0.000000   1.400000
 -0.927750   3.141460   0.568030   1.000000   0.000000   0.000000   1.400000
 -1.447080   5.174210   1.581490   1.000000   0.000000   0.000000   1.400000
 -2.682500   5.736340   1.846160   0.000000   1.000000   0.000000   1.850000
 -3.033290   5.458950   2.874720   1.000000   1.000000   1.000000   1.200000
 -3.438740   5.381450   1.096240   1.000000   1.000000   1.000000   1.200000
 -2.590200   6.851970   1.775110   1.000000   1.000000   1.000000   1.200000
  0.825160   5.176020   0.237770   0.000000   0.000000   1.000000   1.540000
  0.996890   5.105730   1.264720   1.000000   1.000000   1.000000   1.200000
  1.547430   5.698390  -0.238010   1.000000   1.000000   1.000000   1.200000
 -0.110630   5.614740   0.132800   1.000000   1.000000   1.000000   1.200000
  0.738080   4.210620  -0.112810   1.000000   1.000000   1.000000   1.200000
  0.957300   2.512940   4.870110   0.000000   0.000000   1.000000   1.540000
  1.562300   0.708460   3.677830   1.000000   1.000000   1.000000   1.200000
  1.434000   3.098610   4.210000   1.000000   1.000000   1.000000   1.200000
  1.252670   2.756520   5.792200   1.000000   1.000000   1.000000   1.200000
 -0.020480   2.714030   4.785710   1.000000   1.000000   1.000000   1.200000
 -3.637170   0.891470   3.396010   0.000000   0.000000   1.000000   1.540000
 -2.038430  -0.249380   3.661480   1.000000   1.000000   1.000000   1.200000
 -3.467150   1.183330   2.451330   1.000000   1.000000   1.000000   1.200000
 -3.376590   1.662400   3.983210   1.000000   1.000000   1.000000   1.200000
 -4.616970   0.728850   3.499660   1.000000   1.000000   1.000000   1.200000
28 bonds follow (x1 y1 z1 x2 y2 z2)
 -3.637170   0.891470   3.396010  -4.616970   0.728850   3.499660
 -3.637170   0.891470   3.396010  -3.376590   1.662400   3.983210
 -3.637170   0.891470   3.396010  -3.467150   1.183330   2.451330
 -1.126220  -0.575880   3.555950  -2.038430  -0.249380   3.661480
  0.957300   2.512940   4.870110  -0.020480   2.714030   4.785710
  0.957300   2.512940   4.870110   1.252670   2.756520   5.792200
  0.957300   2.512940   4.870110   1.434000   3.098610   4.210000
  1.290460   0.114610   2.970960   1.562300   0.708460   3.677830
  0.825160   5.176020   0.237770   0.738080   4.210620  -0.112810
  0.825160   5.176020   0.237770  -0.110630   5.614740   0.132800
  0.825160   5.176020   0.237770   1.547430   5.698390  -0.238010
  0.825160   5.176020   0.237770   0.996890   5.105730   1.264720
 -2.682500   5.736340   1.846160  -2.590200   6.851970   1.775110
 -2.682500   5.736340   1.846160  -3.438740   5.381450   1.096240
 -2.682500   5.736340   1.846160  -3.033290   5.458950   2.874720
 -1.447080   5.174210   1.581490  -2.682500   5.736340   1.846160
 -1.132020   3.439060   1.933640  -1.447080   5.174210   1.581490
 -1.132020   3.439060   1.933640  -0.927750   3.141460   0.568030
 -1.132020   3.439060   1.933640  -2.302290   3.218890   2.651160
 -1.132020   3.439060   1.933640   0.113120   3.761210   2.529290
 -0.213830   0.142770   2.507050  -0.717860   1.508030   2.231090
 -0.213830   0.142770   2.507050  -1.126220  -0.575880   3.555950
 -0.213830   0.142770   2.507050   1.290460   0.114610   2.970960
 -0.288840  -0.801310   1.228880  -0.213830   0.142770   2.507050
 -0.227870  -0.227000  -0.058580  -0.288840  -0.801310   1.228880
 -0.227870  -0.227000  -0.058580  -1.012600  -0.734740  -0.678460
 -0.227870  -0.227000  -0.058580  -0.423230   0.878740  -0.003210
 -0.227870  -0.227000  -0.058580   0.779800  -0.445810  -0.500040
