33 atoms follow (x y z r g b radiusScale)
 -0.246470  -0.176140  -0.037640   0.000000   1.000000   0.000000   1.850000
  0.709000  -0.453910  -0.555530   1.000000   1.000000   1.000000   1.200000
 -0.345630   0.938780   0.065920   1.000000   1.000000   1.000000   1.200000
 -1.109890  -0.585510  -0.625150   1.000000   1.000000   1.000000   1.200000
 -0.260760  -0.802880   1.229170   1.000000   0.000000   0.000000   1.400000
 -0.225660   0.151600   2.502710   0.500000   0.500000   0.500000   1.900000
  1.276820   0.129970   2.959210   1.000000   0.000000   0.000000   1.400000
 -1.077060  -0.584080   3.585260   1.000000   0.000000   0.000000   1.400000
 -0.701460   1.534140   2.249570   1.000000   0.000000   0.000000   1.400000
 -1.125500   3.418830   1.914520   1.000000   1.000000   0.000000   1.850000
  0.109650   3.754780   2.538870   1.000000   0.000000   0.000000   1.400000
 -2.297050   3.203500   2.623670   1.000000   0.000000   0.000000   1.400000
 -0.950810   3.136040   0.529330   1.000000   0.000000   0.000000   1.400000
 -1.468970   5.126270   1.565040   1.000000   0.000000   0.000000   1.400000
 -2.650150   5.783100   1.849310   0.000000   1.000000   0.000000   1.850000
 -3.057250   5.474110   2.846590   1.000000   1.000000   1.000000   1.200000
 -3.415350   5.565880   1.057830   1.000000   1.000000   1.000000   1.200000
 -2.437870   6.885550   1.858510   1.000000   1.000000   1.000000   1.200000
  0.817350   5.155040   0.272450   0.000000   0.000000   1.000000   1.540000
  1.120650   4.888580   1.228660   1.000000   1.000000   1.000000   1.200000
  1.581080   5.513650  -0.280400   1.000000   1.000000   1.000000   1.200000
  0.048790   5.840090   0.386090   1.000000   1.000000   1.000000   1.200000
  0.384460   4.311760  -0.151370   1.000000   1.000000   1.000000   1.200000
  0.970150   2.507250   4.900420   0.000000   0.000000   1.000000   1.540000
  1.572550   0.792130   3.591370   1.000000   1.000000   1.000000   1.200000
  1.339800   3.066960   4.153680   1.000000   1.000000   1.000000   1.200000
  1.314010   2.865480   5.766790   1.000000   1.000000   1.000000   1.200000
 -0.024820   2.619220   4.888770   1.000000   1.000000   1.000000   1.200000
 -3.670410   0.892480   3.388710   0.000000   0.000000   1.000000   1.540000
 -2.007270  -0.321020   3.686050   1.000000   1.000000   1.000000   1.200000
 -3.565570   1.269830   2.465670   1.000000   1.000000   1.000000   1.200000
 -3.519830   1.649580   4.027520   1.000000   1.000000   1.000000   1.200000
 -4.605660   0.559680   3.496620   1.000000   1.000000   1.000000   1.200000
28 bonds follow (x1 y1 z1 x2 y2 z2)
 -3.670410   0.892480   3.388710  -4.605660   0.559680   3.496620
 -3.670410   0.892480   3.388710  -3.519830   1.649580   4.027520
 -3.670410   0.892480   3.388710  -3.565570   1.269830   2.465670
 -1.077060  -0.584080   3.585260  -2.007270  -0.321020   3.686050
  0.970150   2.507250   4.900420  -0.024820   2.619220   4.888770
  0.970150   2.507250   4.900420   1.314010   2.865480   5.766790
  0.970150   2.507250   4.900420   1.339800   3.066960   4.153680
  1.276820   0.129970   2.959210   1.572550   0.792130   3.591370
  0.817350   5.155040   0.272450   0.384460   4.311760  -0.151370
  0.817350   5.155040   0.272450   0.048790   5.840090   0.386090
  0.817350   5.155040   0.272450   1.581080   5.513650  -0.280400
  0.817350   5.155040   0.272450   1.120650   4.888580   1.228660
 -2.650150   5.783100   1.849310  -2.437870   6.885550   1.858510
 -2.650150   5.783100   1.849310  -3.415350   5.565880   1.057830
 -2.650150   5.783100   1.849310  -3.057250   5.474110   2.846590
 -1.468970   5.126270   1.565040  -2.650150   5.783100   1.849310
 -1.125500   3.418830   1.914520  -1.468970   5.126270   1.565040
 -1.125500   3.418830   1.914520  -0.950810   3.136040   0.529330
 -1.125500   3.418830   1.914520  -2.297050   3.203500   2.623670
 -1.125500   3.418830   1.914520   0.109650   3.754780   2.538870
 -0.225660   0.151600   2.502710  -0.701460   1.534140   2.249570
 -0.225660   0.151600   2.502710  -1.077060  -0.584080   3.585260
 -0.225660   0.151600   2.502710   1.276820   0.129970   2.959210
 -0.260760  -0.802880   1.229170  -0.225660   0.151600   2.502710
 -0.246470  -0.176140  -0.037640  -0.260760  -0.802880   1.229170
 -0.246470  -0.176140  -0.037640  -1.109890  -0.585510  -0.625150
 -0.246470  -0.176140  -0.037640  -0.345630   0.938780   0.065920
 -0.246470  -0.176140  -0.037640   0.709000  -0.453910  -0.555530
