33 atoms follow (x y z r g b radiusScale)
  0.061990  -0.112600   0.023370   0.000000   1.000000   0.000000   1.850000
  1.176650  -0.027170   0.057260   1.000000   1.000000   1.000000   1.200000
 -0.417380   0.901440  -0.027110   1.000000   1.000000   1.000000   1.200000
 -0.254710  -0.755130  -0.836280   1.000000   1.000000   1.000000   1.200000
 -0.378400  -0.780810   1.190550   1.000000   0.000000   0.000000   1.400000
 -0.322570   0.015000   2.553320   0.500000   0.500000   0.500000   1.900000
  1.151640  -0.154930   3.041100   1.000000   0.000000   0.000000   1.400000
 -1.246490  -0.738500   3.564790   1.000000   0.000000   0.000000   1.400000
 -0.650610   1.473430   2.335170   1.000000   0.000000   0.000000   1.400000
 -1.116090   3.261000   2.036440   1.000000   1.000000   0.000000   1.850000
 -0.120110   3.791710   2.832800   1.000000   0.000000   0.000000   1.400000
 -2.375360   3.128500   2.547070   1.000000   0.000000   0.000000   1.400000
 -0.941290   3.231590   0.671340   1.000000   0.000000   0.000000   1.400000
 -2.099560   5.849000   1.674970   1.000000   0.000000   0.000000   1.400000
 -3.205340   5.917730   0.819870   0.000000   1.000000   0.000000   1.850000
 -2.880360   5.888180  -0.248430   1.000000   1.000000   1.000000   1.200000
 -3.786450   6.855590   1.011590   1.000000   1.000000   1.000000   1.200000
 -3.849350   5.037450   1.046850   1.000000   1.000000   1.000000   1.200000
  1.708170   5.637720   0.056050   0.000000   0.000000   1.000000   1.540000
  1.565150   5.965890   0.990860   1.000000   1.000000   1.000000   1.200000
 -1.325950   6.550530   1.455910   1.000000   1.000000   1.000000   1.200000
  0.858690   5.795850  -0.448060   1.000000   1.000000   1.000000   1.200000
  1.855520   4.651730   0.091720   1.000000   1.000000   1.000000   1.200000
  1.682640   2.135570   4.624120   0.000000   0.000000   1.000000   1.540000
  1.523310   0.503850   3.662120   1.000000   1.000000   1.000000   1.200000
  1.397330   2.855760   3.984700   1.000000   1.000000   1.000000   1.200000
  2.654170   2.242040   4.828170   1.000000   1.000000   1.000000   1.200000
  1.164220   2.233060   5.471710   1.000000   1.000000   1.000000   1.200000
 -3.557230   0.870870   3.787350   0.000000   0.000000   1.000000   1.540000
 -2.155200  -0.406750   3.734740   1.000000   1.000000   1.000000   1.200000
 -3.769690   1.174970   2.856380   1.000000   1.000000   1.000000   1.200000
 -3.146190   1.650810   4.264990   1.000000   1.000000   1.000000   1.200000
 -4.405180   0.617040   4.248610   1.000000   1.000000   1.000000   1.200000
28 bonds follow (x1 y1 z1 x2 y2 z2)
 -3.557230   0.870870   3.787350  -4.405180   0.617040   4.248610
 -3.557230   0.870870   3.787350  -3.146190   1.650810   4.264990
 -3.557230   0.870870   3.787350  -3.769690   1.174970   2.856380
 -1.246490  -0.738500   3.564790  -2.155200  -0.406750   3.734740
  1.682640   2.135570   4.624120   1.164220   2.233060   5.471710
  1.682640   2.135570   4.624120   2.654170   2.242040   4.828170
  1.682640   2.135570   4.624120   1.397330   2.855760   3.984700
  1.151640  -0.154930   3.041100   1.523310   0.503850   3.662120
  1.708170   5.637720   0.056050   1.855520   4.651730   0.091720
  1.708170   5.637720   0.056050   0.858690   5.795850  -0.448060
 -2.099560   5.849000   1.674970  -1.325950   6.550530   1.455910
  1.708170   5.637720   0.056050   1.565150   5.965890   0.990860
 -3.205340   5.917730   0.819870  -3.849350   5.037450   1.046850
 -3.205340   5.917730   0.819870  -3.786450   6.855590   1.011590
 -3.205340   5.917730   0.819870  -2.880360   5.888180  -0.248430
 -2.099560   5.849000   1.674970  -3.205340   5.917730   0.819870
 -1.116090   3.261000   2.036440  -0.941290   3.231590   0.671340
 -1.116090   3.261000   2.036440  -2.375360   3.128500   2.547070
 -1.116090   3.261000   2.036440  -0.120110   3.791710   2.832800
 -0.650610   1.473430   2.335170  -1.116090   3.261000   2.036440
 -0.322570   0.015000   2.553320  -0.650610   1.473430   2.335170
 -0.322570   0.015000   2.553320  -1.246490  -0.738500   3.564790
 -0.322570   0.015000   2.553320   1.151640  -0.154930   3.041100
 -0.378400  -0.780810   1.190550  -0.322570   0.015000   2.553320
  0.061990  -0.112600   0.023370  -0.378400  -0.780810   1.190550
  0.061990  -0.112600   0.023370  -0.254710  -0.755130  -0.836280
  0.061990  -0.112600   0.023370  -0.417380   0.901440  -0.027110
  0.061990  -0.112600   0.023370   1.176650  -0.027170   0.057260
