33 atoms follow (x y z r g b radiusScale)
  0.421930  -0.036310   0.105860   0.000000   1.000000   0.000000   1.850000
  1.496760  -0.174990   0.382880   1.000000   1.000000   1.000000   1.200000
  0.150970   1.051900   0.054920   1.000000   1.000000   1.000000   1.200000
  0.189420  -0.553560  -0.858210   1.000000   1.000000   1.000000   1.200000
 -0.379300  -0.658450   1.095600   1.000000   0.000000   0.000000   1.400000
 -0.316110  -0.014540   2.533870   0.500000   0.500000   0.500000   1.900000
  1.186980  -0.100380   2.923460   1.000000   0.000000   0.000000   1.400000
 -1.216980  -0.880790   3.480640   1.000000   0.000000   0.000000   1.400000
 -0.743550   1.429290   2.474430   1.000000   0.000000   0.000000   1.400000
 -1.128200   3.186090   2.218710   1.000000   1.000000   0.000000   1.850000
 -0.553640   3.695440   3.361970   1.000000   0.000000   0.000000   1.400000
 -2.484780   3.039540   2.217050   1.000000   0.000000   0.000000   1.400000
 -0.430340   3.297880   1.033420   1.000000   0.000000   0.000000   1.400000
 -2.583510   6.650580   1.391260   1.000000   0.000000   0.000000   1.400000
 -3.910700   6.279080   1.043650   0.000000   1.000000   0.000000   1.850000
 -4.602760   7.151740   0.923530   1.000000   1.000000   1.000000   1.200000
 -4.304620   5.574380   1.824810   1.000000   1.000000   1.000000   1.200000
 -3.761210   5.757920   0.072340   1.000000   1.000000   1.000000   1.200000
  2.403160   4.639510  -0.264800   0.000000   0.000000   1.000000   1.540000
  2.117160   5.271510   0.457980   1.000000   1.000000   1.000000   1.200000
 -2.742230   7.312330   2.225920   1.000000   1.000000   1.000000   1.200000
  2.014880   4.955910  -1.131910   1.000000   1.000000   1.000000   1.200000
  2.028100   3.736160  -0.059460   1.000000   1.000000   1.000000   1.200000
  1.912210   2.360030   4.265000   0.000000   0.000000   1.000000   1.540000
  1.618010   0.653500   3.377740   1.000000   1.000000   1.000000   1.200000
  1.556440   3.010770   3.589230   1.000000   1.000000   1.000000   1.200000
  2.883940   2.539890   4.409780   1.000000   1.000000   1.000000   1.200000
  1.423270   2.513940   5.123190   1.000000   1.000000   1.000000   1.200000
 -3.572780   0.766820   3.745030   0.000000   0.000000   1.000000   1.540000
 -2.095470  -0.533480   3.740740   1.000000   1.000000   1.000000   1.200000
 -3.570750   1.345410   2.924170   1.000000   1.000000   1.000000   1.200000
 -3.424460   1.355220   4.539600   1.000000   1.000000   1.000000   1.200000
 -4.467980   0.332970   3.833230   1.000000   1.000000   1.000000   1.200000
28 bonds follow (x1 y1 z1 x2 y2 z2)
 -3.572780   0.766820   3.745030  -4.467980   0.332970   3.833230
 -3.572780   0.766820   3.745030  -3.424460   1.355220   4.539600
 -3.572780   0.766820   3.745030  -3.570750   1.345410   2.924170
 -1.216980  -0.880790   3.480640  -2.095470  -0.533480   3.740740
  1.912210   2.360030   4.265000   1.423270   2.513940   5.123190
  1.912210   2.360030   4.265000   2.883940   2.539890   4.409780
  1.912210   2.360030   4.265000   1.556440   3.010770   3.589230
  1.186980  -0.100380   2.923460   1.618010   0.653500   3.377740
  2.403160   4.639510  -0.264800   2.028100   3.736160  -0.059460
  2.403160   4.639510  -0.264800   2.014880   4.955910  -1.131910
 -2.583510   6.650580   1.391260  -2.742230   7.312330   2.225920
  2.403160   4.639510  -0.264800   2.117160   5.271510   0.457980
 -3.910700   6.279080   1.043650  -3.761210   5.757920   0.072340
 -3.910700   6.279080   1.043650  -4.304620   5.574380   1.824810
 -3.910700   6.279080   1.043650  -4.602760   7.151740   0.923530
 -2.583510   6.650580   1.391260  -3.910700   6.279080   1.043650
 -1.128200   3.186090   2.218710  -0.430340   3.297880   1.033420
 -1.128200   3.186090   2.218710  -2.484780   3.039540   2.217050
 -1.128200   3.186090   2.218710  -0.553640   3.695440   3.361970
 -0.743550   1.429290   2.474430  -1.128200   3.186090   2.218710
 -0.316110  -0.014540   2.533870  -0.743550   1.429290   2.474430
 -0.316110  -0.014540   2.533870  -1.216980  -0.880790   3.480640
 -0.316110  -0.014540   2.533870   1.186980  -0.100380   2.923460
 -0.379300  -0.658450   1.095600  -0.316110  -0.014540   2.533870
  0.421930  -0.036310   0.105860  -0.379300  -0.658450   1.095600
  0.421930  -0.036310   0.105860   0.189420  -0.553560  -0.858210
  0.421930  -0.036310   0.105860   0.150970   1.051900   0.054920
  0.421930  -0.036310   0.105860   1.496760  -0.174990   0.382880
