33 atoms follow (x y z r g b radiusScale)
 -0.000240   0.000100   0.000310   0.000000   1.000000   0.000000   1.850000
  1.118800  -0.000290  -0.000410   1.000000   1.000000   1.000000   1.200000
 -0.405510   1.049520   0.001100   1.000000   1.000000   1.000000   1.200000
 -0.386860  -0.577940  -0.876030   1.000000   1.000000   1.000000   1.200000
 -0.445280  -0.680850   1.155880   1.000000   0.000000   0.000000   1.400000
 -0.329240   0.129600   2.516290   0.500000   0.500000   0.500000   1.900000
  1.153690  -0.066170   2.993580   1.000000   0.000000   0.000000   1.400000
 -1.241210  -0.623650   3.539960   1.000000   0.000000   0.000000   1.400000
 -0.679030   1.568340   2.367050   1.000000   0.000000   0.000000   1.400000
 -1.154420   3.404320   1.974660   1.000000   1.000000   0.000000   1.850000
 -0.027180   3.843940   2.699350   1.000000   0.000000   0.000000   1.400000
 -2.397170   3.157480   2.530010   1.000000   0.000000   0.000000   1.400000
 -0.853760   3.161650   0.616010   1.000000   0.000000   0.000000   1.400000
 -1.544910   5.160380   1.576770   1.000000   0.000000   0.000000   1.400000
 -2.707390   5.608100   0.979790   0.000000   1.000000   0.000000   1.850000
 -2.732050   5.315280  -0.104270   1.000000   1.000000   1.000000   1.200000
 -2.746270   6.726910   1.055820   1.000000   1.000000   1.000000   1.200000
 -3.596620   5.168270   1.501690   1.000000   1.000000   1.000000   1.200000
  0.767660   5.416840   0.507660   0.000000   0.000000   1.000000   1.540000
  1.265190   5.134250   1.356310   1.000000   1.000000   1.000000   1.200000
 -0.245300   5.642120   0.813740   1.000000   1.000000   1.000000   1.200000
  0.704530   4.609640  -0.118850   1.000000   1.000000   1.000000   1.200000
  1.193130   6.214310   0.063650   1.000000   1.000000   1.000000   1.200000
  1.620800   2.232260   4.685660   0.000000   0.000000   1.000000   1.540000
  1.512260   0.571210   3.635710   1.000000   1.000000   1.000000   1.200000
  1.170870   2.892560   4.076430   1.000000   1.000000   1.000000   1.200000
  2.568430   2.508800   4.829850   1.000000   1.000000   1.000000   1.200000
  1.151260   2.228500   5.566340   1.000000   1.000000   1.000000   1.200000
 -3.597490   0.959030   3.767190   0.000000   0.000000   1.000000   1.540000
 -2.135140  -0.267620   3.722550   1.000000   1.000000   1.000000   1.200000
 -3.832230   1.195280   2.822550   1.000000   1.000000   1.000000   1.200000
 -3.167720   1.770820   4.171040   1.000000   1.000000   1.000000   1.200000
 -4.435240   0.750060   4.267440   1.000000   1.000000   1.000000   1.200000
29 bonds follow (x1 y1 z1 x2 y2 z2)
 -3.597490   0.959030   3.767190  -4.435240   0.750060   4.267440
 -3.597490   0.959030   3.767190  -3.167720   1.770820   4.171040
 -3.597490   0.959030   3.767190  -3.832230   1.195280   2.822550
 -1.241210  -0.623650   3.539960  -2.135140  -0.267620   3.722550
  1.620800   2.232260   4.685660   1.151260   2.228500   5.566340
  1.620800   2.232260   4.685660   2.568430   2.508800   4.829850
  1.620800   2.232260   4.685660   1.170870   2.892560   4.076430
  1.153690  -0.066170   2.993580   1.512260   0.571210   3.635710
  0.767660   5.416840   0.507660   1.193130   6.214310   0.063650
  0.767660   5.416840   0.507660   0.704530   4.609640  -0.118850
  0.767660   5.416840   0.507660  -0.245300   5.642120   0.813740
  0.767660   5.416840   0.507660   1.265190   5.134250   1.356310
 -2.707390   5.608100   0.979790  -3.596620   5.168270   1.501690
 -2.707390   5.608100   0.979790  -2.746270   6.726910   1.055820
 -2.707390   5.608100   0.979790  -2.732050   5.315280  -0.104270
 -1.544910   5.160380   1.576770  -2.707390   5.608100   0.979790
 -1.154420   3.404320   1.974660  -1.544910   5.160380   1.576770
 -1.154420   3.404320   1.974660  -0.853760   3.161650   0.616010
 -1.154420   3.404320   1.974660  -2.397170   3.157480   2.530010
 -1.154420   3.404320   1.974660  -0.027180   3.843940   2.699350
 -0.679030   1.568340   2.367050  -1.154420   3.404320   1.974660
 -0.329240   0.129600   2.516290  -0.679030   1.568340   2.367050
 -0.329240   0.129600   2.516290  -1.241210  -0.623650   3.539960
 -0.329240   0.129600   2.516290   1.153690  -0.066170   2.993580
 -0.445280  -0.680850   1.155880  -0.329240   0.129600   2.516290
 -0.000240   0.000100   0.000310  -0.445280  -0.680850   1.155880
 -0.000240   0.000100   0.000310  -0.386860  -0.577940  -0.876030
 -0.000240   0.000100   0.000310  -0.405510   1.049520   0.001100
 -0.000240   0.000100   0.000310   1.118800  -0.000290  -0.000410
