33 atoms follow (x y z r g b radiusScale)
 -0.353490  -0.201260  -0.043410   0.000000   1.000000   0.000000   1.850000
  0.593020  -0.401660  -0.611080   1.000000   1.000000   1.000000   1.200000
 -0.546140   0.903210   0.039130   1.000000   1.000000   1.000000   1.200000
 -1.202950  -0.714700  -0.565600   1.000000   1.000000   1.000000   1.200000
 -0.228370  -0.793650   1.234470   1.000000   0.000000   0.000000   1.400000
 -0.233230   0.148400   2.516100   0.500000   0.500000   0.500000   1.900000
  1.223170   0.096890   3.102860   1.000000   0.000000   0.000000   1.400000
 -1.167010  -0.528100   3.578200   1.000000   0.000000   0.000000   1.400000
 -0.619450   1.548200   2.217890   1.000000   0.000000   0.000000   1.400000
 -1.189950   3.393760   1.778660   1.000000   1.000000   0.000000   1.850000
 -0.131370   3.843620   2.621320   1.000000   0.000000   0.000000   1.400000
 -2.430070   3.015340   2.265230   1.000000   0.000000   0.000000   1.400000
 -0.749210   3.146360   0.457730   1.000000   0.000000   0.000000   1.400000
 -1.586840   5.097110   1.367730   1.000000   0.000000   0.000000   1.400000
 -2.684830   5.781630   1.848800   0.000000   1.000000   0.000000   1.850000
 -3.607550   5.474120   1.290660   1.000000   1.000000   1.000000   1.200000
 -2.512740   6.880670   1.700180   1.000000   1.000000   1.000000   1.200000
 -2.835370   5.575050   2.940840   1.000000   1.000000   1.000000   1.200000
  0.954730   5.302210   0.608240   0.000000   0.000000   1.000000   1.540000
  1.479730   4.537350   1.048290   1.000000   1.000000   1.000000   1.200000
  1.557080   6.054930   0.309900   1.000000   1.000000   1.000000   1.200000
  0.262730   5.625580   1.319410   1.000000   1.000000   1.000000   1.200000
  0.400260   4.904580  -0.156800   1.000000   1.000000   1.000000   1.200000
  1.375320   2.427770   4.831580   0.000000   0.000000   1.000000   1.540000
  1.495480   0.806920   3.705390   1.000000   1.000000   1.000000   1.200000
  0.897250   2.963350   4.128660   1.000000   1.000000   1.000000   1.200000
  2.301050   2.784490   4.939450   1.000000   1.000000   1.000000   1.200000
  0.891760   2.528700   5.698570   1.000000   1.000000   1.000000   1.200000
 -3.673690   0.952160   3.717990   0.000000   0.000000   1.000000   1.540000
 -2.041070  -0.144850   3.769970   1.000000   1.000000   1.000000   1.200000
 -3.700220   1.155510   2.735860   1.000000   1.000000   1.000000   1.200000
 -3.315750   1.770700   4.172040   1.000000   1.000000   1.000000   1.200000
 -4.606270   0.792050   4.036130   1.000000   1.000000   1.000000   1.200000
28 bonds follow (x1 y1 z1 x2 y2 z2)
 -3.673690   0.952160   3.717990  -4.606270   0.792050   4.036130
 -3.673690   0.952160   3.717990  -3.315750   1.770700   4.172040
 -3.673690   0.952160   3.717990  -3.700220   1.155510   2.735860
 -1.167010  -0.528100   3.578200  -2.041070  -0.144850   3.769970
  1.375320   2.427770   4.831580   0.891760   2.528700   5.698570
  1.375320   2.427770   4.831580   2.301050   2.784490   4.939450
  1.375320   2.427770   4.831580   0.897250   2.963350   4.128660
  1.223170   0.096890   3.102860   1.495480   0.806920   3.705390
  0.954730   5.302210   0.608240   0.400260   4.904580  -0.156800
  0.954730   5.302210   0.608240   0.262730   5.625580   1.319410
  0.954730   5.302210   0.608240   1.557080   6.054930   0.309900
  0.954730   5.302210   0.608240   1.479730   4.537350   1.048290
 -2.684830   5.781630   1.848800  -2.835370   5.575050   2.940840
 -2.684830   5.781630   1.848800  -2.512740   6.880670   1.700180
 -2.684830   5.781630   1.848800  -3.607550   5.474120   1.290660
 -1.586840   5.097110   1.367730  -2.684830   5.781630   1.848800
 -1.189950   3.393760   1.778660  -1.586840   5.097110   1.367730
 -1.189950   3.393760   1.778660  -0.749210   3.146360   0.457730
 -1.189950   3.393760   1.778660  -2.430070   3.015340   2.265230
 -1.189950   3.393760   1.778660  -0.131370   3.843620   2.621320
 -0.233230   0.148400   2.516100  -0.619450   1.548200   2.217890
 -0.233230   0.148400   2.516100  -1.167010  -0.528100   3.578200
 -0.233230   0.148400   2.516100   1.223170   0.096890   3.102860
 -0.228370  -0.793650   1.234470  -0.233230   0.148400   2.516100
 -0.353490  -0.201260  -0.043410  -0.228370  -0.793650   1.234470
 -0.353490  -0.201260  -0.043410  -1.202950  -0.714700  -0.565600
 -0.353490  -0.201260  -0.043410  -0.546140   0.903210   0.039130
 -0.353490  -0.201260  -0.043410   0.593020  -0.401660  -0.611080
