33 atoms follow (x y z r g b radiusScale)
 -0.551220  -0.203090  -0.008850   0.000000   1.000000   0.000000   1.850000
  0.234940  -0.471340  -0.761560   1.000000   1.000000   1.000000   1.200000
 -0.662130   0.912670   0.067320   1.000000   1.000000   1.000000   1.200000
 -1.518950  -0.682710  -0.311520   1.000000   1.000000   1.000000   1.200000
 -0.147760  -0.755110   1.228540   1.000000   0.000000   0.000000   1.400000
 -0.204440   0.159590   2.533270   0.500000   0.500000   0.500000   1.900000
  1.234720   0.084080   3.148720   1.000000   0.000000   0.000000   1.400000
 -1.123930  -0.593830   3.551180   1.000000   0.000000   0.000000   1.400000
 -0.655050   1.544490   2.248560   1.000000   0.000000   0.000000   1.400000
 -1.184080   3.398460   1.778280   1.000000   1.000000   0.000000   1.850000
 -0.116290   3.835110   2.604760   1.000000   0.000000   0.000000   1.400000
 -2.437490   3.098870   2.290220   1.000000   0.000000   0.000000   1.400000
 -0.747280   3.131370   0.456780   1.000000   0.000000   0.000000   1.400000
 -1.573570   5.085970   1.323400   1.000000   0.000000   0.000000   1.400000
 -2.570840   5.777900   1.987220   0.000000   1.000000   0.000000   1.850000
 -3.571400   5.311980   1.791960   1.000000   1.000000   1.000000   1.200000
 -2.574860   6.835510   1.615640   1.000000   1.000000   1.000000   1.200000
 -2.379070   5.775880   3.093320   1.000000   1.000000   1.000000   1.200000
  0.895920   5.341250   0.463790   0.000000   0.000000   1.000000   1.540000
  0.930130   5.132670   1.474900   1.000000   1.000000   1.000000   1.200000
  1.712000   5.840610   0.143880   1.000000   1.000000   1.000000   1.200000
  0.025950   5.873350   0.314940   1.000000   1.000000   1.000000   1.200000
  0.761430   4.423510  -0.015110   1.000000   1.000000   1.000000   1.200000
  1.238040   2.416970   4.929970   0.000000   0.000000   1.000000   1.540000
  1.446480   0.676120   3.885920   1.000000   1.000000   1.000000   1.200000
  0.927200   3.006640   4.178010   1.000000   1.000000   1.000000   1.200000
  2.102990   2.766510   5.283750   1.000000   1.000000   1.000000   1.200000
  0.560360   2.442370   5.662380   1.000000   1.000000   1.000000   1.200000
 -3.556730   0.913720   3.557390   0.000000   0.000000   1.000000   1.540000
 -2.015310  -0.229950   3.720070   1.000000   1.000000   1.000000   1.200000
 -3.738570   1.090340   2.588320   1.000000   1.000000   1.000000   1.200000
 -3.237690   1.778400   3.953200   1.000000   1.000000   1.000000   1.200000
 -4.406660   0.641200   4.004310   1.000000   1.000000   1.000000   1.200000
28 bonds follow (x1 y1 z1 x2 y2 z2)
 -3.556730   0.913720   3.557390  -4.406660   0.641200   4.004310
 -3.556730   0.913720   3.557390  -3.237690   1.778400   3.953200
 -3.556730   0.913720   3.557390  -3.738570   1.090340   2.588320
 -1.123930  -0.593830   3.551180  -2.015310  -0.229950   3.720070
  1.238040   2.416970   4.929970   0.560360   2.442370   5.662380
  1.238040   2.416970   4.929970   2.102990   2.766510   5.283750
  1.238040   2.416970   4.929970   0.927200   3.006640   4.178010
  1.234720   0.084080   3.148720   1.446480   0.676120   3.885920
  0.895920   5.341250   0.463790   0.761430   4.423510  -0.015110
  0.895920   5.341250   0.463790   0.025950   5.873350   0.314940
  0.895920   5.341250   0.463790   1.712000   5.840610   0.143880
  0.895920   5.341250   0.463790   0.930130   5.132670   1.474900
 -2.570840   5.777900   1.987220  -2.379070   5.775880   3.093320
 -2.570840   5.777900   1.987220  -2.574860   6.835510   1.615640
 -2.570840   5.777900   1.987220  -3.571400   5.311980   1.791960
 -1.573570   5.085970   1.323400  -2.570840   5.777900   1.987220
 -1.184080   3.398460   1.778280  -1.573570   5.085970   1.323400
 -1.184080   3.398460   1.778280  -0.747280   3.131370   0.456780
 -1.184080   3.398460   1.778280  -2.437490   3.098870   2.290220
 -1.184080   3.398460   1.778280  -0.116290   3.835110   2.604760
 -0.204440   0.159590   2.533270  -0.655050   1.544490   2.248560
 -0.204440   0.159590   2.533270  -1.123930  -0.593830   3.551180
 -0.204440   0.159590   2.533270   1.234720   0.084080   3.148720
 -0.147760  -0.755110   1.228540  -0.204440   0.159590   2.533270
 -0.551220  -0.203090  -0.008850  -0.147760  -0.755110   1.228540
 -0.551220  -0.203090  -0.008850  -1.518950  -0.682710  -0.311520
 -0.551220  -0.203090  -0.008850  -0.662130   0.912670   0.067320
 -0.551220  -0.203090  -0.008850   0.234940  -0.471340  -0.761560
