33 atoms follow (x y z r g b radiusScale)
  0.417980  -0.055440   0.105850   0.000000   1.000000   0.000000   1.850000
  1.486640  -0.180250   0.412640   1.000000   1.000000   1.000000   1.200000
  0.141520   1.029360   0.028590   1.000000   1.000000   1.000000   1.200000
  0.211030  -0.596560  -0.851010   1.000000   1.000000   1.000000   1.200000
 -0.403100  -0.665550   1.088190   1.000000   0.000000   0.000000   1.400000
 -0.324330  -0.022760   2.532040   0.500000   0.500000   0.500000   1.900000
  1.187460  -0.109970   2.938520   1.000000   0.000000   0.000000   1.400000
 -1.212360  -0.858020   3.500460   1.000000   0.000000   0.000000   1.400000
 -0.740110   1.431040   2.469520   1.000000   0.000000   0.000000   1.400000
 -1.149860   3.201600   2.212890   1.000000   1.000000   0.000000   1.850000
 -0.519650   3.698460   3.325700   1.000000   0.000000   0.000000   1.400000
 -2.523230   3.048400   2.243290   1.000000   0.000000   0.000000   1.400000
 -0.450800   3.299160   1.034000   1.000000   0.000000   0.000000   1.400000
 -2.573270   6.612290   1.397350   1.000000   0.000000   0.000000   1.400000
 -3.875930   6.263360   1.023620   0.000000   1.000000   0.000000   1.850000
 -4.499090   7.183580   0.848150   1.000000   1.000000   1.000000   1.200000
 -4.359820   5.629250   1.818760   1.000000   1.000000   1.000000   1.200000
 -3.810170   5.665420   0.091130   1.000000   1.000000   1.000000   1.200000
  2.421410   4.720970  -0.264680   0.000000   0.000000   1.000000   1.540000
  2.064220   5.303200   0.468120   1.000000   1.000000   1.000000   1.200000
 -2.572150   7.359610   2.187190   1.000000   1.000000   1.000000   1.200000
  2.009640   5.025700  -1.123900   1.000000   1.000000   1.000000   1.200000
  2.087500   3.793910  -0.086190   1.000000   1.000000   1.000000   1.200000
  1.908490   2.330460   4.281950   0.000000   0.000000   1.000000   1.540000
  1.624630   0.654760   3.366960   1.000000   1.000000   1.000000   1.200000
  1.568550   2.978470   3.595940   1.000000   1.000000   1.000000   1.200000
  2.881040   2.500230   4.434350   1.000000   1.000000   1.000000   1.200000
  1.412580   2.499090   5.133210   1.000000   1.000000   1.000000   1.200000
 -3.535390   0.743800   3.748810   0.000000   0.000000   1.000000   1.540000
 -2.104780  -0.504930   3.725540   1.000000   1.000000   1.000000   1.200000
 -3.477660   1.297600   2.913440   1.000000   1.000000   1.000000   1.200000
 -3.366780   1.341980   4.532130   1.000000   1.000000   1.000000   1.200000
 -4.458580   0.370910   3.821800   1.000000   1.000000   1.000000   1.200000
28 bonds follow (x1 y1 z1 x2 y2 z2)
 -3.535390   0.743800   3.748810  -4.458580   0.370910   3.821800
 -3.535390   0.743800   3.748810  -3.366780   1.341980   4.532130
 -3.535390   0.743800   3.748810  -3.477660   1.297600   2.913440
 -1.212360  -0.858020   3.500460  -2.104780  -0.504930   3.725540
  1.908490   2.330460   4.281950   1.412580   2.499090   5.133210
  1.908490   2.330460   4.281950   2.881040   2.500230   4.434350
  1.908490   2.330460   4.281950   1.568550   2.978470   3.595940
  1.187460  -0.109970   2.938520   1.624630   0.654760   3.366960
  2.421410   4.720970  -0.264680   2.087500   3.793910  -0.086190
  2.421410   4.720970  -0.264680   2.009640   5.025700  -1.123900
 -2.573270   6.612290   1.397350  -2.572150   7.359610   2.187190
  2.421410   4.720970  -0.264680   2.064220   5.303200   0.468120
 -3.875930   6.263360   1.023620  -3.810170   5.665420   0.091130
 -3.875930   6.263360   1.023620  -4.359820   5.629250   1.818760
 -3.875930   6.263360   1.023620  -4.499090   7.183580   0.848150
 -2.573270   6.612290   1.397350  -3.875930   6.263360   1.023620
 -1.149860   3.201600   2.212890  -0.450800   3.299160   1.034000
 -1.149860   3.201600   2.212890  -2.523230   3.048400   2.243290
 -1.149860   3.201600   2.212890  -0.519650   3.698460   3.325700
 -0.740110   1.431040   2.469520  -1.149860   3.201600   2.212890
 -0.324330  -0.022760   2.532040  -0.740110   1.431040   2.469520
 -0.324330  -0.022760   2.532040  -1.212360  -0.858020   3.500460
 -0.324330  -0.022760   2.532040   1.187460  -0.109970   2.938520
 -0.403100  -0.665550   1.088190  -0.324330  -0.022760   2.532040
  0.417980  -0.055440   0.105850  -0.403100  -0.665550   1.088190
  0.417980  -0.055440   0.105850   0.211030  -0.596560  -0.851010
  0.417980  -0.055440   0.105850   0.141520   1.029360   0.028590
  0.417980  -0.055440   0.105850   1.486640  -0.180250   0.412640
