33 atoms follow (x y z r g b radiusScale)
 -0.009950   0.006070  -0.009760   0.000000   1.000000   0.000000   1.850000
  1.108870  -0.014190  -0.029630   1.000000   1.000000   1.000000   1.200000
 -0.396230   1.062780  -0.001890   1.000000   1.000000   1.000000   1.200000
 -0.419700  -0.562900  -0.881650   1.000000   1.000000   1.000000   1.200000
 -0.448850  -0.668460   1.150620   1.000000   0.000000   0.000000   1.400000
 -0.323480   0.151480   2.507900   0.500000   0.500000   0.500000   1.900000
  1.156890  -0.089980   2.986290   1.000000   0.000000   0.000000   1.400000
 -1.229280  -0.618390   3.530390   1.000000   0.000000   0.000000   1.400000
 -0.607740   1.596840   2.339920   1.000000   0.000000   0.000000   1.400000
 -1.181630   3.477150   1.959850   1.000000   1.000000   0.000000   1.850000
 -0.052510   3.879210   2.729080   1.000000   0.000000   0.000000   1.400000
 -2.405560   3.146940   2.523040   1.000000   0.000000   0.000000   1.400000
 -0.897670   3.187560   0.591330   1.000000   0.000000   0.000000   1.400000
 -1.541090   5.163500   1.539990   1.000000   0.000000   0.000000   1.400000
 -2.817060   5.461940   1.092010   0.000000   1.000000   0.000000   1.850000
 -2.914040   5.192190   0.006070   1.000000   1.000000   1.000000   1.200000
 -2.986100   6.563330   1.213950   1.000000   1.000000   1.000000   1.200000
 -3.594260   4.905830   1.678910   1.000000   1.000000   1.000000   1.200000
  0.949130   5.308920   0.517680   0.000000   0.000000   1.000000   1.540000
  0.845710   5.161390   1.546030   1.000000   1.000000   1.000000   1.200000
  0.646690   6.249450   0.296260   1.000000   1.000000   1.000000   1.200000
  0.283610   4.631680   0.077050   1.000000   1.000000   1.000000   1.200000
  1.901510   5.134960   0.217330   1.000000   1.000000   1.000000   1.200000
  1.598480   2.264490   4.683540   0.000000   0.000000   1.000000   1.540000
  1.521780   0.531490   3.634440   1.000000   1.000000   1.000000   1.200000
  1.114200   2.896920   4.072280   1.000000   1.000000   1.000000   1.200000
  2.536010   2.581240   4.809490   1.000000   1.000000   1.000000   1.200000
  1.142970   2.256730   5.571540   1.000000   1.000000   1.000000   1.200000
 -3.625450   0.925680   3.790870   0.000000   0.000000   1.000000   1.540000
 -2.135000  -0.296040   3.699780   1.000000   1.000000   1.000000   1.200000
 -3.842660   1.189290   2.849050   1.000000   1.000000   1.000000   1.200000
 -3.193660   1.721340   4.222520   1.000000   1.000000   1.000000   1.200000
 -4.473440   0.713940   4.272480   1.000000   1.000000   1.000000   1.200000
28 bonds follow (x1 y1 z1 x2 y2 z2)
 -3.625450   0.925680   3.790870  -4.473440   0.713940   4.272480
 -3.625450   0.925680   3.790870  -3.193660   1.721340   4.222520
 -3.625450   0.925680   3.790870  -3.842660   1.189290   2.849050
 -1.229280  -0.618390   3.530390  -2.135000  -0.296040   3.699780
  1.598480   2.264490   4.683540   1.142970   2.256730   5.571540
  1.598480   2.264490   4.683540   2.536010   2.581240   4.809490
  1.598480   2.264490   4.683540   1.114200   2.896920   4.072280
  1.156890  -0.089980   2.986290   1.521780   0.531490   3.634440
  0.949130   5.308920   0.517680   1.901510   5.134960   0.217330
  0.949130   5.308920   0.517680   0.283610   4.631680   0.077050
  0.949130   5.308920   0.517680   0.646690   6.249450   0.296260
  0.949130   5.308920   0.517680   0.845710   5.161390   1.546030
 -2.817060   5.461940   1.092010  -3.594260   4.905830   1.678910
 -2.817060   5.461940   1.092010  -2.986100   6.563330   1.213950
 -2.817060   5.461940   1.092010  -2.914040   5.192190   0.006070
 -1.541090   5.163500   1.539990  -2.817060   5.461940   1.092010
 -1.181630   3.477150   1.959850  -1.541090   5.163500   1.539990
 -1.181630   3.477150   1.959850  -0.897670   3.187560   0.591330
 -1.181630   3.477150   1.959850  -2.405560   3.146940   2.523040
 -1.181630   3.477150   1.959850  -0.052510   3.879210   2.729080
 -0.323480   0.151480   2.507900  -0.607740   1.596840   2.339920
 -0.323480   0.151480   2.507900  -1.229280  -0.618390   3.530390
 -0.323480   0.151480   2.507900   1.156890  -0.089980   2.986290
 -0.448850  -0.668460   1.150620  -0.323480   0.151480   2.507900
 -0.009950   0.006070  -0.009760  -0.448850  -0.668460   1.150620
 -0.009950   0.006070  -0.009760  -0.419700  -0.562900  -0.881650
 -0.009950   0.006070  -0.009760  -0.396230   1.062780  -0.001890
 -0.009950   0.006070  -0.009760   1.108870  -0.014190  -0.029630
