33 atoms follow (x y z r g b radiusScale)
 -0.052210   0.027760   0.000640   0.000000   1.000000   0.000000   1.850000
  1.050690  -0.102340  -0.143110   1.000000   1.000000   1.000000   1.200000
 -0.328660   1.113660   0.091140   1.000000   1.000000   1.000000   1.200000
 -0.600590  -0.443830  -0.854150   1.000000   1.000000   1.000000   1.200000
 -0.440590  -0.673690   1.163700   1.000000   0.000000   0.000000   1.400000
 -0.307950   0.135030   2.525830   0.500000   0.500000   0.500000   1.900000
  1.194350  -0.053230   2.958320   1.000000   0.000000   0.000000   1.400000
 -1.180630  -0.682530   3.538960   1.000000   0.000000   0.000000   1.400000
 -0.665150   1.570670   2.410140   1.000000   0.000000   0.000000   1.400000
 -1.193190   3.437870   1.927160   1.000000   1.000000   0.000000   1.850000
 -0.132180   3.924430   2.729890   1.000000   0.000000   0.000000   1.400000
 -2.447850   3.123260   2.423020   1.000000   0.000000   0.000000   1.400000
 -0.749640   3.114170   0.619440   1.000000   0.000000   0.000000   1.400000
 -1.529780   5.111920   1.380550   1.000000   0.000000   0.000000   1.400000
 -2.801500   5.647570   1.326600   0.000000   1.000000   0.000000   1.850000
 -3.292460   5.380650   0.352860   1.000000   1.000000   1.000000   1.200000
 -2.723830   6.764120   1.400660   1.000000   1.000000   1.000000   1.200000
 -3.432590   5.263800   2.170870   1.000000   1.000000   1.000000   1.200000
  0.920540   5.306950   0.491510   0.000000   0.000000   1.000000   1.540000
  0.641320   5.435190   1.487760   1.000000   1.000000   1.000000   1.200000
  1.371970   6.121790   0.113260   1.000000   1.000000   1.000000   1.200000
  0.022760   5.088650   0.006030   1.000000   1.000000   1.000000   1.200000
  1.509360   4.477260   0.434890   1.000000   1.000000   1.000000   1.200000
  1.546740   2.297590   4.705950   0.000000   0.000000   1.000000   1.540000
  1.591470   0.633990   3.512730   1.000000   1.000000   1.000000   1.200000
  1.022110   2.896770   4.092470   1.000000   1.000000   1.000000   1.200000
  2.460350   2.678960   4.830650   1.000000   1.000000   1.000000   1.200000
  1.092240   2.266990   5.594130   1.000000   1.000000   1.000000   1.200000
 -3.596340   0.954570   3.753330   0.000000   0.000000   1.000000   1.540000
 -2.071520  -0.349300   3.746030   1.000000   1.000000   1.000000   1.200000
 -3.841600   1.171690   2.806690   1.000000   1.000000   1.000000   1.200000
 -3.151060   1.770240   4.130810   1.000000   1.000000   1.000000   1.200000
 -4.431540   0.773780   4.269260   1.000000   1.000000   1.000000   1.200000
28 bonds follow (x1 y1 z1 x2 y2 z2)
 -3.596340   0.954570   3.753330  -4.431540   0.773780   4.269260
 -3.596340   0.954570   3.753330  -3.151060   1.770240   4.130810
 -3.596340   0.954570   3.753330  -3.841600   1.171690   2.806690
 -1.180630  -0.682530   3.538960  -2.071520  -0.349300   3.746030
  1.546740   2.297590   4.705950   1.092240   2.266990   5.594130
  1.546740   2.297590   4.705950   2.460350   2.678960   4.830650
  1.546740   2.297590   4.705950   1.022110   2.896770   4.092470
  1.194350  -0.053230   2.958320   1.591470   0.633990   3.512730
  0.920540   5.306950   0.491510   1.509360   4.477260   0.434890
  0.920540   5.306950   0.491510   0.022760   5.088650   0.006030
  0.920540   5.306950   0.491510   1.371970   6.121790   0.113260
  0.920540   5.306950   0.491510   0.641320   5.435190   1.487760
 -2.801500   5.647570   1.326600  -3.432590   5.263800   2.170870
 -2.801500   5.647570   1.326600  -2.723830   6.764120   1.400660
 -2.801500   5.647570   1.326600  -3.292460   5.380650   0.352860
 -1.529780   5.111920   1.380550  -2.801500   5.647570   1.326600
 -1.193190   3.437870   1.927160  -1.529780   5.111920   1.380550
 -1.193190   3.437870   1.927160  -0.749640   3.114170   0.619440
 -1.193190   3.437870   1.927160  -2.447850   3.123260   2.423020
 -1.193190   3.437870   1.927160  -0.132180   3.924430   2.729890
 -0.307950   0.135030   2.525830  -0.665150   1.570670   2.410140
 -0.307950   0.135030   2.525830  -1.180630  -0.682530   3.538960
 -0.307950   0.135030   2.525830   1.194350  -0.053230   2.958320
 -0.440590  -0.673690   1.163700  -0.307950   0.135030   2.525830
 -0.052210   0.027760   0.000640  -0.440590  -0.673690   1.163700
 -0.052210   0.027760   0.000640  -0.600590  -0.443830  -0.854150
 -0.052210   0.027760   0.000640  -0.328660   1.113660   0.091140
 -0.052210   0.027760   0.000640   1.050690  -0.102340  -0.143110
