33 atoms follow (x y z r g b radiusScale)
 -0.511910  -0.257750  -0.035860   0.000000   1.000000   0.000000   1.850000
  0.333680  -0.477540  -0.739180   1.000000   1.000000   1.000000   1.200000
 -0.704860   0.847660   0.021810   1.000000   1.000000   1.000000   1.200000
 -1.422890  -0.813140  -0.383110   1.000000   1.000000   1.000000   1.200000
 -0.146180  -0.763980   1.230210   1.000000   0.000000   0.000000   1.400000
 -0.236640   0.153290   2.530050   0.500000   0.500000   0.500000   1.900000
  1.198870   0.045790   3.153250   1.000000   0.000000   0.000000   1.400000
 -1.143400  -0.570470   3.582220   1.000000   0.000000   0.000000   1.400000
 -0.639140   1.558850   2.275750   1.000000   0.000000   0.000000   1.400000
 -1.188490   3.422610   1.761680   1.000000   1.000000   0.000000   1.850000
 -0.114290   3.870600   2.584070   1.000000   0.000000   0.000000   1.400000
 -2.450100   3.079840   2.226700   1.000000   0.000000   0.000000   1.400000
 -0.740360   3.132520   0.447750   1.000000   0.000000   0.000000   1.400000
 -1.577720   5.123500   1.357880   1.000000   0.000000   0.000000   1.400000
 -2.628750   5.762240   2.000190   0.000000   1.000000   0.000000   1.850000
 -3.607680   5.316710   1.683840   1.000000   1.000000   1.000000   1.200000
 -2.604420   6.848280   1.722260   1.000000   1.000000   1.000000   1.200000
 -2.525650   5.661190   3.113010   1.000000   1.000000   1.000000   1.200000
  0.916620   5.321460   0.509890   0.000000   0.000000   1.000000   1.540000
  1.047020   4.795270   1.411990   1.000000   1.000000   1.000000   1.200000
  1.793500   5.677390   0.163690   1.000000   1.000000   1.000000   1.200000
  0.234040   6.068300   0.702250   1.000000   1.000000   1.000000   1.200000
  0.468560   4.669660  -0.149430   1.000000   1.000000   1.000000   1.200000
  1.282520   2.440480   4.902930   0.000000   0.000000   1.000000   1.540000
  1.440510   0.692080   3.832320   1.000000   1.000000   1.000000   1.200000
  0.892510   3.003860   4.168550   1.000000   1.000000   1.000000   1.200000
  2.132420   2.856270   5.219050   1.000000   1.000000   1.000000   1.200000
  0.639750   2.410650   5.666020   1.000000   1.000000   1.000000   1.200000
 -3.500550   0.895670   3.584060   0.000000   0.000000   1.000000   1.540000
 -2.075010  -0.301050   3.700700   1.000000   1.000000   1.000000   1.200000
 -3.558490   1.166560   2.618730   1.000000   1.000000   1.000000   1.200000
 -3.070570   1.661150   4.069930   1.000000   1.000000   1.000000   1.200000
 -4.427090   0.778990   3.936140   1.000000   1.000000   1.000000   1.200000
28 bonds follow (x1 y1 z1 x2 y2 z2)
 -3.500550   0.895670   3.584060  -4.427090   0.778990   3.936140
 -3.500550   0.895670   3.584060  -3.070570   1.661150   4.069930
 -3.500550   0.895670   3.584060  -3.558490   1.166560   2.618730
 -1.143400  -0.570470   3.582220  -2.075010  -0.301050   3.700700
  1.282520   2.440480   4.902930   0.639750   2.410650   5.666020
  1.282520   2.440480   4.902930   2.132420   2.856270   5.219050
  1.282520   2.440480   4.902930   0.892510   3.003860   4.168550
  1.198870   0.045790   3.153250   1.440510   0.692080   3.832320
  0.916620   5.321460   0.509890   0.468560   4.669660  -0.149430
  0.916620   5.321460   0.509890   0.234040   6.068300   0.702250
  0.916620   5.321460   0.509890   1.793500   5.677390   0.163690
  0.916620   5.321460   0.509890   1.047020   4.795270   1.411990
 -2.628750   5.762240   2.000190  -2.525650   5.661190   3.113010
 -2.628750   5.762240   2.000190  -2.604420   6.848280   1.722260
 -2.628750   5.762240   2.000190  -3.607680   5.316710   1.683840
 -1.577720   5.123500   1.357880  -2.628750   5.762240   2.000190
 -1.188490   3.422610   1.761680  -1.577720   5.123500   1.357880
 -1.188490   3.422610   1.761680  -0.740360   3.132520   0.447750
 -1.188490   3.422610   1.761680  -2.450100   3.079840   2.226700
 -1.188490   3.422610   1.761680  -0.114290   3.870600   2.584070
 -0.236640   0.153290   2.530050  -0.639140   1.558850   2.275750
 -0.236640   0.153290   2.530050  -1.143400  -0.570470   3.582220
 -0.236640   0.153290   2.530050   1.198870   0.045790   3.153250
 -0.146180  -0.763980   1.230210  -0.236640   0.153290   2.530050
 -0.511910  -0.257750  -0.035860  -0.146180  -0.763980   1.230210
 -0.511910  -0.257750  -0.035860  -1.422890  -0.813140  -0.383110
 -0.511910  -0.257750  -0.035860  -0.704860   0.847660   0.021810
 -0.511910  -0.257750  -0.035860   0.333680  -0.477540  -0.739180
