33 atoms follow (x y z r g b radiusScale)
  0.385270  -0.112500   0.113750   0.000000   1.000000   0.000000   1.850000
  1.449120  -0.217730   0.448150   1.000000   1.000000   1.000000   1.200000
  0.100170   0.966740  -0.003010   1.000000   1.000000   1.000000   1.200000
  0.210860  -0.679260  -0.833790   1.000000   1.000000   1.000000   1.200000
 -0.449030  -0.695190   1.101700   1.000000   0.000000   0.000000   1.400000
 -0.308070   0.008470   2.511740   0.500000   0.500000   0.500000   1.900000
  1.172120  -0.134220   2.995660   1.000000   0.000000   0.000000   1.400000
 -1.178890  -0.783280   3.515150   1.000000   0.000000   0.000000   1.400000
 -0.759480   1.450650   2.461470   1.000000   0.000000   0.000000   1.400000
 -1.150880   3.191120   2.208820   1.000000   1.000000   0.000000   1.850000
 -0.467630   3.700590   3.286440   1.000000   0.000000   0.000000   1.400000
 -2.525400   3.092950   2.291560   1.000000   0.000000   0.000000   1.400000
 -0.589740   3.301210   0.960260   1.000000   0.000000   0.000000   1.400000
 -2.492270   6.502590   1.398860   1.000000   0.000000   0.000000   1.400000
 -3.820560   6.237010   0.991700   0.000000   1.000000   0.000000   1.850000
 -4.262340   7.166390   0.543320   1.000000   1.000000   1.000000   1.200000
 -4.456910   5.876070   1.828060   1.000000   1.000000   1.000000   1.200000
 -3.730240   5.443780   0.199560   1.000000   1.000000   1.000000   1.200000
  2.426070   4.924400  -0.247140   0.000000   0.000000   1.000000   1.540000
  2.017150   5.474980   0.477960   1.000000   1.000000   1.000000   1.200000
 -2.542110   7.173830   2.126820   1.000000   1.000000   1.000000   1.200000
  2.065940   5.263200  -1.113440   1.000000   1.000000   1.000000   1.200000
  2.112470   3.980230  -0.136250   1.000000   1.000000   1.000000   1.200000
  1.870320   2.232860   4.291860   0.000000   0.000000   1.000000   1.540000
  1.567300   0.543110   3.590220   1.000000   1.000000   1.000000   1.200000
  1.552390   2.956660   3.675080   1.000000   1.000000   1.000000   1.200000
  2.831050   2.387810   4.515940   1.000000   1.000000   1.000000   1.200000
  1.329770   2.283650   5.131630   1.000000   1.000000   1.000000   1.200000
 -3.496280   0.714310   3.762060   0.000000   0.000000   1.000000   1.540000
 -2.091350  -0.451980   3.695420   1.000000   1.000000   1.000000   1.200000
 -3.610640   1.278730   2.939810   1.000000   1.000000   1.000000   1.200000
 -3.297060   1.321350   4.531070   1.000000   1.000000   1.000000   1.200000
 -4.342820   0.219620   3.950810   1.000000   1.000000   1.000000   1.200000
28 bonds follow (x1 y1 z1 x2 y2 z2)
 -3.496280   0.714310   3.762060  -4.342820   0.219620   3.950810
 -3.496280   0.714310   3.762060  -3.297060   1.321350   4.531070
 -3.496280   0.714310   3.762060  -3.610640   1.278730   2.939810
 -1.178890  -0.783280   3.515150  -2.091350  -0.451980   3.695420
  1.870320   2.232860   4.291860   1.329770   2.283650   5.131630
  1.870320   2.232860   4.291860   2.831050   2.387810   4.515940
  1.870320   2.232860   4.291860   1.552390   2.956660   3.675080
  1.172120  -0.134220   2.995660   1.567300   0.543110   3.590220
  2.426070   4.924400  -0.247140   2.112470   3.980230  -0.136250
  2.426070   4.924400  -0.247140   2.065940   5.263200  -1.113440
 -2.492270   6.502590   1.398860  -2.542110   7.173830   2.126820
  2.426070   4.924400  -0.247140   2.017150   5.474980   0.477960
 -3.820560   6.237010   0.991700  -3.730240   5.443780   0.199560
 -3.820560   6.237010   0.991700  -4.456910   5.876070   1.828060
 -3.820560   6.237010   0.991700  -4.262340   7.166390   0.543320
 -2.492270   6.502590   1.398860  -3.820560   6.237010   0.991700
 -1.150880   3.191120   2.208820  -0.589740   3.301210   0.960260
 -1.150880   3.191120   2.208820  -2.525400   3.092950   2.291560
 -1.150880   3.191120   2.208820  -0.467630   3.700590   3.286440
 -0.759480   1.450650   2.461470  -1.150880   3.191120   2.208820
 -0.308070   0.008470   2.511740  -0.759480   1.450650   2.461470
 -0.308070   0.008470   2.511740  -1.178890  -0.783280   3.515150
 -0.308070   0.008470   2.511740   1.172120  -0.134220   2.995660
 -0.449030  -0.695190   1.101700  -0.308070   0.008470   2.511740
  0.385270  -0.112500   0.113750  -0.449030  -0.695190   1.101700
  0.385270  -0.112500   0.113750   0.210860  -0.679260  -0.833790
  0.385270  -0.112500   0.113750   0.100170   0.966740  -0.003010
  0.385270  -0.112500   0.113750   1.449120  -0.217730   0.448150
