33 atoms follow (x y z r g b radiusScale)
  0.199290  -0.189750   0.014540   0.000000   1.000000   0.000000   1.850000
  1.308580  -0.206520   0.155200   1.000000   1.000000   1.000000   1.200000
 -0.179220   0.860610  -0.098950   1.000000   1.000000   1.000000   1.200000
 -0.099060  -0.825280  -0.856570   1.000000   1.000000   1.000000   1.200000
 -0.405810  -0.778070   1.152480   1.000000   0.000000   0.000000   1.400000
 -0.313740   0.010420   2.513790   0.500000   0.500000   0.500000   1.900000
  1.163300  -0.134870   2.995110   1.000000   0.000000   0.000000   1.400000
 -1.268860  -0.649700   3.544200   1.000000   0.000000   0.000000   1.400000
 -0.593060   1.473500   2.306170   1.000000   0.000000   0.000000   1.400000
 -1.131390   3.170500   2.129390   1.000000   1.000000   0.000000   1.850000
 -0.241010   3.729260   3.009460   1.000000   0.000000   0.000000   1.400000
 -2.440150   3.020230   2.561880   1.000000   0.000000   0.000000   1.400000
 -0.857730   3.259520   0.788680   1.000000   0.000000   0.000000   1.400000
 -2.260290   6.077700   1.536820   1.000000   0.000000   0.000000   1.400000
 -3.495370   6.105400   0.852060   0.000000   1.000000   0.000000   1.850000
 -3.368960   6.607070  -0.140310   1.000000   1.000000   1.000000   1.200000
 -4.305800   6.619630   1.435210   1.000000   1.000000   1.000000   1.200000
 -3.735460   5.021340   0.751570   1.000000   1.000000   1.000000   1.200000
  2.111010   5.438380  -0.093760   0.000000   0.000000   1.000000   1.540000
  2.246920   6.120290   0.621790   1.000000   1.000000   1.000000   1.200000
 -2.076170   7.091160   1.686720   1.000000   1.000000   1.000000   1.200000
  1.959050   5.917080  -0.956030   1.000000   1.000000   1.000000   1.200000
  1.304440   4.892010   0.118190   1.000000   1.000000   1.000000   1.200000
  1.787300   2.192420   4.562690   0.000000   0.000000   1.000000   1.540000
  1.587080   0.578240   3.515510   1.000000   1.000000   1.000000   1.200000
  1.513610   2.899790   3.903640   1.000000   1.000000   1.000000   1.200000
  2.747540   2.320690   4.803660   1.000000   1.000000   1.000000   1.200000
  1.233560   2.296910   5.386840   1.000000   1.000000   1.000000   1.200000
 -3.647250   0.811010   3.849380   0.000000   0.000000   1.000000   1.540000
 -2.164790  -0.265550   3.718480   1.000000   1.000000   1.000000   1.200000
 -3.749420   1.242740   2.948970   1.000000   1.000000   1.000000   1.200000
 -3.405710   1.532210   4.500200   1.000000   1.000000   1.000000   1.200000
 -4.518290   0.405670   4.119410   1.000000   1.000000   1.000000   1.200000
28 bonds follow (x1 y1 z1 x2 y2 z2)
 -3.647250   0.811010   3.849380  -4.518290   0.405670   4.119410
 -3.647250   0.811010   3.849380  -3.405710   1.532210   4.500200
 -3.647250   0.811010   3.849380  -3.749420   1.242740   2.948970
 -1.268860  -0.649700   3.544200  -2.164790  -0.265550   3.718480
  1.787300   2.192420   4.562690   1.233560   2.296910   5.386840
  1.787300   2.192420   4.562690   2.747540   2.320690   4.803660
  1.787300   2.192420   4.562690   1.513610   2.899790   3.903640
  1.163300  -0.134870   2.995110   1.587080   0.578240   3.515510
  2.111010   5.438380  -0.093760   1.304440   4.892010   0.118190
  2.111010   5.438380  -0.093760   1.959050   5.917080  -0.956030
 -2.260290   6.077700   1.536820  -2.076170   7.091160   1.686720
  2.111010   5.438380  -0.093760   2.246920   6.120290   0.621790
 -3.495370   6.105400   0.852060  -3.735460   5.021340   0.751570
 -3.495370   6.105400   0.852060  -4.305800   6.619630   1.435210
 -3.495370   6.105400   0.852060  -3.368960   6.607070  -0.140310
 -2.260290   6.077700   1.536820  -3.495370   6.105400   0.852060
 -1.131390   3.170500   2.129390  -0.857730   3.259520   0.788680
 -1.131390   3.170500   2.129390  -2.440150   3.020230   2.561880
 -1.131390   3.170500   2.129390  -0.241010   3.729260   3.009460
 -0.593060   1.473500   2.306170  -1.131390   3.170500   2.129390
 -0.313740   0.010420   2.513790  -0.593060   1.473500   2.306170
 -0.313740   0.010420   2.513790  -1.268860  -0.649700   3.544200
 -0.313740   0.010420   2.513790   1.163300  -0.134870   2.995110
 -0.405810  -0.778070   1.152480  -0.313740   0.010420   2.513790
  0.199290  -0.189750   0.014540  -0.405810  -0.778070   1.152480
  0.199290  -0.189750   0.014540  -0.099060  -0.825280  -0.856570
  0.199290  -0.189750   0.014540  -0.179220   0.860610  -0.098950
  0.199290  -0.189750   0.014540   1.308580  -0.206520   0.155200
