33 atoms follow (x y z r g b radiusScale)
  0.000080  -0.000020  -0.000090   0.000000   1.000000   0.000000   1.850000
  1.119050  -0.000080   0.000020   1.000000   1.000000   1.000000   1.200000
 -0.405040   1.049190  -0.000330   1.000000   1.000000   1.000000   1.200000
 -0.386610  -0.578610  -0.876000   1.000000   1.000000   1.000000   1.200000
 -0.445780  -0.680170   1.156210   1.000000   0.000000   0.000000   1.400000
 -0.328430   0.128670   2.516240   0.500000   0.500000   0.500000   1.900000
  1.153260  -0.065690   2.993840   1.000000   0.000000   0.000000   1.400000
 -1.241200  -0.622990   3.539790   1.000000   0.000000   0.000000   1.400000
 -0.680430   1.569410   2.367110   1.000000   0.000000   0.000000   1.400000
 -1.147380   3.391620   1.976810   1.000000   1.000000   0.000000   1.850000
 -0.033550   3.842780   2.703590   1.000000   0.000000   0.000000   1.400000
 -2.396520   3.163890   2.527580   1.000000   0.000000   0.000000   1.400000
 -0.861770   3.160330   0.618320   1.000000   0.000000   0.000000   1.400000
 -1.520770   5.175960   1.561330   1.000000   0.000000   0.000000   1.400000
 -2.705010   5.615270   0.973200   0.000000   1.000000   0.000000   1.850000
 -2.736600   5.314670  -0.106270   1.000000   1.000000   1.000000   1.200000
 -2.753750   6.731460   1.052930   1.000000   1.000000   1.000000   1.200000
 -3.568900   5.156340   1.519570   1.000000   1.000000   1.000000   1.200000
  0.750500   5.419370   0.513760   0.000000   0.000000   1.000000   1.540000
  1.279570   5.154580   1.337210   1.000000   1.000000   1.000000   1.200000
 -0.402490   5.540740   0.920060   1.000000   1.000000   1.000000   1.200000
  0.717780   4.634700  -0.127630   1.000000   1.000000   1.000000   1.200000
  1.129530   6.237580   0.079410   1.000000   1.000000   1.000000   1.200000
  1.620740   2.232030   4.685550   0.000000   0.000000   1.000000   1.540000
  1.514430   0.572050   3.634950   1.000000   1.000000   1.000000   1.200000
  1.174120   2.895140   4.077260   1.000000   1.000000   1.000000   1.200000
  2.569620   2.505140   4.828970   1.000000   1.000000   1.000000   1.200000
  1.151990   2.230260   5.566710   1.000000   1.000000   1.000000   1.200000
 -3.597430   0.959340   3.767050   0.000000   0.000000   1.000000   1.540000
 -2.135700  -0.269040   3.722810   1.000000   1.000000   1.000000   1.200000
 -3.833480   1.195330   2.822780   1.000000   1.000000   1.000000   1.200000
 -3.168880   1.771110   4.171820   1.000000   1.000000   1.000000   1.200000
 -4.434190   0.747640   4.267850   1.000000   1.000000   1.000000   1.200000
29 bonds follow (x1 y1 z1 x2 y2 z2)
 -3.597430   0.959340   3.767050  -4.434190   0.747640   4.267850
 -3.597430   0.959340   3.767050  -3.168880   1.771110   4.171820
 -3.597430   0.959340   3.767050  -3.833480   1.195330   2.822780
 -1.241200  -0.622990   3.539790  -2.135700  -0.269040   3.722810
  1.620740   2.232030   4.685550   1.151990   2.230260   5.566710
  1.620740   2.232030   4.685550   2.569620   2.505140   4.828970
  1.620740   2.232030   4.685550   1.174120   2.895140   4.077260
  1.153260  -0.065690   2.993840   1.514430   0.572050   3.634950
  0.750500   5.419370   0.513760   1.129530   6.237580   0.079410
  0.750500   5.419370   0.513760   0.717780   4.634700  -0.127630
  0.750500   5.419370   0.513760  -0.402490   5.540740   0.920060
  0.750500   5.419370   0.513760   1.279570   5.154580   1.337210
 -2.705010   5.615270   0.973200  -3.568900   5.156340   1.519570
 -2.705010   5.615270   0.973200  -2.753750   6.731460   1.052930
 -2.705010   5.615270   0.973200  -2.736600   5.314670  -0.106270
 -1.520770   5.175960   1.561330  -2.705010   5.615270   0.973200
 -1.147380   3.391620   1.976810  -1.520770   5.175960   1.561330
 -1.147380   3.391620   1.976810  -0.861770   3.160330   0.618320
 -1.147380   3.391620   1.976810  -2.396520   3.163890   2.527580
 -1.147380   3.391620   1.976810  -0.033550   3.842780   2.703590
 -0.680430   1.569410   2.367110  -1.147380   3.391620   1.976810
 -0.328430   0.128670   2.516240  -0.680430   1.569410   2.367110
 -0.328430   0.128670   2.516240  -1.241200  -0.622990   3.539790
 -0.328430   0.128670   2.516240   1.153260  -0.065690   2.993840
 -0.445780  -0.680170   1.156210  -0.328430   0.128670   2.516240
  0.000080  -0.000020  -0.000090  -0.445780  -0.680170   1.156210
  0.000080  -0.000020  -0.000090  -0.386610  -0.578610  -0.876000
  0.000080  -0.000020  -0.000090  -0.405040   1.049190  -0.000330
  0.000080  -0.000020  -0.000090   1.119050  -0.000080   0.000020
