33 atoms follow (x y z r g b radiusScale)
 -0.002480   0.001300   0.003080   0.000000   1.000000   0.000000   1.850000
  1.116630  -0.000440  -0.004210   1.000000   1.000000   1.000000   1.200000
 -0.404120   1.052210   0.011830   1.000000   1.000000   1.000000   1.200000
 -0.394090  -0.569780  -0.875530   1.000000   1.000000   1.000000   1.200000
 -0.442020  -0.685070   1.156760   1.000000   0.000000   0.000000   1.400000
 -0.331970   0.135660   2.515020   0.500000   0.500000   0.500000   1.900000
  1.152300  -0.072410   2.991160   1.000000   0.000000   0.000000   1.400000
 -1.238930  -0.628100   3.538970   1.000000   0.000000   0.000000   1.400000
 -0.673330   1.572130   2.365660   1.000000   0.000000   0.000000   1.400000
 -1.177140   3.447740   1.966080   1.000000   1.000000   0.000000   1.850000
 -0.003780   3.869590   2.659720   1.000000   0.000000   0.000000   1.400000
 -2.395870   3.112830   2.539300   1.000000   0.000000   0.000000   1.400000
 -0.814490   3.197280   0.607410   1.000000   0.000000   0.000000   1.400000
 -1.606100   5.138690   1.629320   1.000000   0.000000   0.000000   1.400000
 -2.754770   5.573380   1.002030   0.000000   1.000000   0.000000   1.850000
 -2.739020   5.284740  -0.084400   1.000000   1.000000   1.000000   1.200000
 -2.786720   6.693510   1.076920   1.000000   1.000000   1.000000   1.200000
 -3.672120   5.145520   1.481750   1.000000   1.000000   1.000000   1.200000
  0.847090   5.373680   0.494280   0.000000   0.000000   1.000000   1.540000
  1.028110   5.061140   1.470650   1.000000   1.000000   1.000000   1.200000
  0.057220   6.043700   0.551400   1.000000   1.000000   1.000000   1.200000
  0.484810   4.532350  -0.000260   1.000000   1.000000   1.000000   1.200000
  1.664140   5.764780   0.051810   1.000000   1.000000   1.000000   1.200000
  1.619730   2.234850   4.686930   0.000000   0.000000   1.000000   1.540000
  1.514650   0.561800   3.631690   1.000000   1.000000   1.000000   1.200000
  1.151180   2.872720   4.067270   1.000000   1.000000   1.000000   1.200000
  2.556850   2.544540   4.831570   1.000000   1.000000   1.000000   1.200000
  1.146590   2.225720   5.565600   1.000000   1.000000   1.000000   1.200000
 -3.601470   0.953880   3.770860   0.000000   0.000000   1.000000   1.540000
 -2.131080  -0.274330   3.726820   1.000000   1.000000   1.000000   1.200000
 -3.821680   1.188600   2.822240   1.000000   1.000000   1.000000   1.200000
 -3.157170   1.758730   4.173010   1.000000   1.000000   1.000000   1.200000
 -4.449290   0.770360   4.264010   1.000000   1.000000   1.000000   1.200000
28 bonds follow (x1 y1 z1 x2 y2 z2)
 -3.601470   0.953880   3.770860  -4.449290   0.770360   4.264010
 -3.601470   0.953880   3.770860  -3.157170   1.758730   4.173010
 -3.601470   0.953880   3.770860  -3.821680   1.188600   2.822240
 -1.238930  -0.628100   3.538970  -2.131080  -0.274330   3.726820
  1.619730   2.234850   4.686930   1.146590   2.225720   5.565600
  1.619730   2.234850   4.686930   2.556850   2.544540   4.831570
  1.619730   2.234850   4.686930   1.151180   2.872720   4.067270
  1.152300  -0.072410   2.991160   1.514650   0.561800   3.631690
  0.847090   5.373680   0.494280   1.664140   5.764780   0.051810
  0.847090   5.373680   0.494280   0.484810   4.532350  -0.000260
  0.847090   5.373680   0.494280   0.057220   6.043700   0.551400
  0.847090   5.373680   0.494280   1.028110   5.061140   1.470650
 -2.754770   5.573380   1.002030  -3.672120   5.145520   1.481750
 -2.754770   5.573380   1.002030  -2.786720   6.693510   1.076920
 -2.754770   5.573380   1.002030  -2.739020   5.284740  -0.084400
 -1.606100   5.138690   1.629320  -2.754770   5.573380   1.002030
 -1.177140   3.447740   1.966080  -1.606100   5.138690   1.629320
 -1.177140   3.447740   1.966080  -0.814490   3.197280   0.607410
 -1.177140   3.447740   1.966080  -2.395870   3.112830   2.539300
 -1.177140   3.447740   1.966080  -0.003780   3.869590   2.659720
 -0.331970   0.135660   2.515020  -0.673330   1.572130   2.365660
 -0.331970   0.135660   2.515020  -1.238930  -0.628100   3.538970
 -0.331970   0.135660   2.515020   1.152300  -0.072410   2.991160
 -0.442020  -0.685070   1.156760  -0.331970   0.135660   2.515020
 -0.002480   0.001300   0.003080  -0.442020  -0.685070   1.156760
 -0.002480   0.001300   0.003080  -0.394090  -0.569780  -0.875530
 -0.002480   0.001300   0.003080  -0.404120   1.052210   0.011830
 -0.002480   0.001300   0.003080   1.116630  -0.000440  -0.004210
