33 atoms follow (x y z r g b radiusScale)
  0.002800  -0.001030  -0.002980   0.000000   1.000000   0.000000   1.850000
  1.121550  -0.006350   0.001190   1.000000   1.000000   1.000000   1.200000
 -0.401720   1.047360  -0.011070   1.000000   1.000000   1.000000   1.200000
 -0.385320  -0.584000  -0.875660   1.000000   1.000000   1.000000   1.200000
 -0.449590  -0.673850   1.156690   1.000000   0.000000   0.000000   1.400000
 -0.323540   0.118830   2.517460   0.500000   0.500000   0.500000   1.900000
  1.152480  -0.060430   2.996420   1.000000   0.000000   0.000000   1.400000
 -1.241160  -0.616910   3.538420   1.000000   0.000000   0.000000   1.400000
 -0.686100   1.563790   2.369590   1.000000   0.000000   0.000000   1.400000
 -1.098880   3.297290   1.991320   1.000000   1.000000   0.000000   1.850000
 -0.071630   3.831960   2.747110   1.000000   0.000000   0.000000   1.400000
 -2.382870   3.210310   2.507580   1.000000   0.000000   0.000000   1.400000
 -0.921530   3.141670   0.627440   1.000000   0.000000   0.000000   1.400000
 -1.554480   5.262330   1.557030   1.000000   0.000000   0.000000   1.400000
 -2.755470   5.651620   0.948070   0.000000   1.000000   0.000000   1.850000
 -2.768000   5.324230  -0.123060   1.000000   1.000000   1.000000   1.200000
 -2.856180   6.765300   1.000510   1.000000   1.000000   1.000000   1.200000
 -3.597190   5.170220   1.501340   1.000000   1.000000   1.000000   1.200000
  0.833640   5.472120   0.461410   0.000000   0.000000   1.000000   1.540000
  1.308780   5.202090   1.296470   1.000000   1.000000   1.000000   1.200000
 -0.749770   5.687130   1.232060   1.000000   1.000000   1.000000   1.200000
  0.746050   4.691180  -0.152970   1.000000   1.000000   1.000000   1.200000
  1.271940   6.246820   0.020660   1.000000   1.000000   1.000000   1.200000
  1.620620   2.230460   4.683580   0.000000   0.000000   1.000000   1.540000
  1.523590   0.579980   3.633800   1.000000   1.000000   1.000000   1.200000
  1.197240   2.918290   4.086860   1.000000   1.000000   1.000000   1.200000
  2.580070   2.468160   4.824200   1.000000   1.000000   1.000000   1.200000
  1.157520   2.241820   5.568140   1.000000   1.000000   1.000000   1.200000
 -3.595370   0.961870   3.765230   0.000000   0.000000   1.000000   1.540000
 -2.140520  -0.270220   3.719090   1.000000   1.000000   1.000000   1.200000
 -3.844800   1.201880   2.825280   1.000000   1.000000   1.000000   1.200000
 -3.181270   1.779680   4.172930   1.000000   1.000000   1.000000   1.200000
 -4.423850   0.728820   4.270980   1.000000   1.000000   1.000000   1.200000
28 bonds follow (x1 y1 z1 x2 y2 z2)
 -3.595370   0.961870   3.765230  -4.423850   0.728820   4.270980
 -3.595370   0.961870   3.765230  -3.181270   1.779680   4.172930
 -3.595370   0.961870   3.765230  -3.844800   1.201880   2.825280
 -1.241160  -0.616910   3.538420  -2.140520  -0.270220   3.719090
  1.620620   2.230460   4.683580   1.157520   2.241820   5.568140
  1.620620   2.230460   4.683580   2.580070   2.468160   4.824200
  1.620620   2.230460   4.683580   1.197240   2.918290   4.086860
  1.152480  -0.060430   2.996420   1.523590   0.579980   3.633800
  0.833640   5.472120   0.461410   1.271940   6.246820   0.020660
  0.833640   5.472120   0.461410   0.746050   4.691180  -0.152970
 -1.554480   5.262330   1.557030  -0.749770   5.687130   1.232060
  0.833640   5.472120   0.461410   1.308780   5.202090   1.296470
 -2.755470   5.651620   0.948070  -3.597190   5.170220   1.501340
 -2.755470   5.651620   0.948070  -2.856180   6.765300   1.000510
 -2.755470   5.651620   0.948070  -2.768000   5.324230  -0.123060
 -1.554480   5.262330   1.557030  -2.755470   5.651620   0.948070
 -1.098880   3.297290   1.991320  -0.921530   3.141670   0.627440
 -1.098880   3.297290   1.991320  -2.382870   3.210310   2.507580
 -1.098880   3.297290   1.991320  -0.071630   3.831960   2.747110
 -0.686100   1.563790   2.369590  -1.098880   3.297290   1.991320
 -0.323540   0.118830   2.517460  -0.686100   1.563790   2.369590
 -0.323540   0.118830   2.517460  -1.241160  -0.616910   3.538420
 -0.323540   0.118830   2.517460   1.152480  -0.060430   2.996420
 -0.449590  -0.673850   1.156690  -0.323540   0.118830   2.517460
  0.002800  -0.001030  -0.002980  -0.449590  -0.673850   1.156690
  0.002800  -0.001030  -0.002980  -0.385320  -0.584000  -0.875660
  0.002800  -0.001030  -0.002980  -0.401720   1.047360  -0.011070
  0.002800  -0.001030  -0.002980   1.121550  -0.006350   0.001190
