33 atoms follow (x y z r g b radiusScale)
 -0.005160   0.003310   0.002230   0.000000   1.000000   0.000000   1.850000
  1.113830  -0.006540  -0.013900   1.000000   1.000000   1.000000   1.200000
 -0.399830   1.056660   0.013730   1.000000   1.000000   1.000000   1.200000
 -0.407490  -0.563740  -0.874320   1.000000   1.000000   1.000000   1.200000
 -0.441150  -0.681000   1.157780   1.000000   0.000000   0.000000   1.400000
 -0.331770   0.143360   2.512800   0.500000   0.500000   0.500000   1.900000
  1.150510  -0.082110   2.987020   1.000000   0.000000   0.000000   1.400000
 -1.232790  -0.629180   3.534820   1.000000   0.000000   0.000000   1.400000
 -0.653940   1.582950   2.356690   1.000000   0.000000   0.000000   1.400000
 -1.171230   3.470550   1.958250   1.000000   1.000000   0.000000   1.850000
 -0.015470   3.890420   2.673600   1.000000   0.000000   0.000000   1.400000
 -2.376640   3.097320   2.523210   1.000000   0.000000   0.000000   1.400000
 -0.845750   3.218500   0.595400   1.000000   0.000000   0.000000   1.400000
 -1.580640   5.183750   1.604220   1.000000   0.000000   0.000000   1.400000
 -2.795280   5.520510   1.036120   0.000000   1.000000   0.000000   1.850000
 -2.811160   5.224690  -0.048040   1.000000   1.000000   1.000000   1.200000
 -2.930760   6.631040   1.110860   1.000000   1.000000   1.000000   1.200000
 -3.642080   5.010410   1.565540   1.000000   1.000000   1.000000   1.200000
  0.869780   5.302720   0.525050   0.000000   0.000000   1.000000   1.540000
  0.857920   5.085600   1.544060   1.000000   1.000000   1.000000   1.200000
  0.381670   6.185180   0.399290   1.000000   1.000000   1.000000   1.200000
  0.309300   4.560150   0.054930   1.000000   1.000000   1.000000   1.200000
  1.813570   5.329260   0.168720   1.000000   1.000000   1.000000   1.200000
  1.611240   2.246930   4.684610   0.000000   0.000000   1.000000   1.540000
  1.520640   0.542810   3.629850   1.000000   1.000000   1.000000   1.200000
  1.131280   2.876860   4.066250   1.000000   1.000000   1.000000   1.200000
  2.544490   2.571190   4.822970   1.000000   1.000000   1.000000   1.200000
  1.143310   2.236000   5.566190   1.000000   1.000000   1.000000   1.200000
 -3.613880   0.938620   3.782140   0.000000   0.000000   1.000000   1.540000
 -2.132010  -0.296060   3.718810   1.000000   1.000000   1.000000   1.200000
 -3.818140   1.181340   2.831790   1.000000   1.000000   1.000000   1.200000
 -3.160760   1.733710   4.193210   1.000000   1.000000   1.000000   1.200000
 -4.471400   0.769390   4.263730   1.000000   1.000000   1.000000   1.200000
28 bonds follow (x1 y1 z1 x2 y2 z2)
 -3.613880   0.938620   3.782140  -4.471400   0.769390   4.263730
 -3.613880   0.938620   3.782140  -3.160760   1.733710   4.193210
 -3.613880   0.938620   3.782140  -3.818140   1.181340   2.831790
 -1.232790  -0.629180   3.534820  -2.132010  -0.296060   3.718810
  1.611240   2.246930   4.684610   1.143310   2.236000   5.566190
  1.611240   2.246930   4.684610   2.544490   2.571190   4.822970
  1.611240   2.246930   4.684610   1.131280   2.876860   4.066250
  1.150510  -0.082110   2.987020   1.520640   0.542810   3.629850
  0.869780   5.302720   0.525050   1.813570   5.329260   0.168720
  0.869780   5.302720   0.525050   0.309300   4.560150   0.054930
  0.869780   5.302720   0.525050   0.381670   6.185180   0.399290
  0.869780   5.302720   0.525050   0.857920   5.085600   1.544060
 -2.795280   5.520510   1.036120  -3.642080   5.010410   1.565540
 -2.795280   5.520510   1.036120  -2.930760   6.631040   1.110860
 -2.795280   5.520510   1.036120  -2.811160   5.224690  -0.048040
 -1.580640   5.183750   1.604220  -2.795280   5.520510   1.036120
 -1.171230   3.470550   1.958250  -1.580640   5.183750   1.604220
 -1.171230   3.470550   1.958250  -0.845750   3.218500   0.595400
 -1.171230   3.470550   1.958250  -2.376640   3.097320   2.523210
 -1.171230   3.470550   1.958250  -0.015470   3.890420   2.673600
 -0.331770   0.143360   2.512800  -0.653940   1.582950   2.356690
 -0.331770   0.143360   2.512800  -1.232790  -0.629180   3.534820
 -0.331770   0.143360   2.512800   1.150510  -0.082110   2.987020
 -0.441150  -0.681000   1.157780  -0.331770   0.143360   2.512800
 -0.005160   0.003310   0.002230  -0.441150  -0.681000   1.157780
 -0.005160   0.003310   0.002230  -0.407490  -0.563740  -0.874320
 -0.005160   0.003310   0.002230  -0.399830   1.056660   0.013730
 -0.005160   0.003310   0.002230   1.113830  -0.006540  -0.013900
