33 atoms follow (x y z r g b radiusScale)
 -0.048820   0.033820  -0.007320   0.000000   1.000000   0.000000   1.850000
  1.057180  -0.075450  -0.144340   1.000000   1.000000   1.000000   1.200000
 -0.345560   1.115200   0.075530   1.000000   1.000000   1.000000   1.200000
 -0.582720  -0.455130  -0.861450   1.000000   1.000000   1.000000   1.200000
 -0.431710  -0.667170   1.157970   1.000000   0.000000   0.000000   1.400000
 -0.316020   0.137920   2.523550   0.500000   0.500000   0.500000   1.900000
  1.187410  -0.051770   2.948570   1.000000   0.000000   0.000000   1.400000
 -1.190090  -0.671250   3.543250   1.000000   0.000000   0.000000   1.400000
 -0.646330   1.580170   2.407650   1.000000   0.000000   0.000000   1.400000
 -1.197290   3.436650   1.933700   1.000000   1.000000   0.000000   1.850000
 -0.120140   3.920610   2.720180   1.000000   0.000000   0.000000   1.400000
 -2.446730   3.117230   2.453160   1.000000   0.000000   0.000000   1.400000
 -0.749050   3.109390   0.627810   1.000000   0.000000   0.000000   1.400000
 -1.540670   5.093610   1.375960   1.000000   0.000000   0.000000   1.400000
 -2.804980   5.644870   1.300580   0.000000   1.000000   0.000000   1.850000
 -3.278170   5.385830   0.315930   1.000000   1.000000   1.000000   1.200000
 -2.711100   6.760480   1.379450   1.000000   1.000000   1.000000   1.200000
 -3.454350   5.265590   2.132470   1.000000   1.000000   1.000000   1.200000
  0.926700   5.303820   0.503280   0.000000   0.000000   1.000000   1.540000
  0.666930   5.414270   1.508500   1.000000   1.000000   1.000000   1.200000
  1.313680   6.152690   0.120500   1.000000   1.000000   1.000000   1.200000
  0.025570   5.043140   0.038090   1.000000   1.000000   1.000000   1.200000
  1.568340   4.509780   0.418960   1.000000   1.000000   1.000000   1.200000
  1.551410   2.294650   4.707310   0.000000   0.000000   1.000000   1.540000
  1.590150   0.642650   3.488690   1.000000   1.000000   1.000000   1.200000
  1.030460   2.886210   4.083390   1.000000   1.000000   1.000000   1.200000
  2.468140   2.671110   4.823820   1.000000   1.000000   1.000000   1.200000
  1.098100   2.283820   5.596450   1.000000   1.000000   1.000000   1.200000
 -3.599220   0.955820   3.755460   0.000000   0.000000   1.000000   1.540000
 -2.078790  -0.332750   3.754950   1.000000   1.000000   1.000000   1.200000
 -3.833750   1.166840   2.804640   1.000000   1.000000   1.000000   1.200000
 -3.161380   1.775540   4.133540   1.000000   1.000000   1.000000   1.200000
 -4.440360   0.775690   4.261820   1.000000   1.000000   1.000000   1.200000
28 bonds follow (x1 y1 z1 x2 y2 z2)
 -3.599220   0.955820   3.755460  -4.440360   0.775690   4.261820
 -3.599220   0.955820   3.755460  -3.161380   1.775540   4.133540
 -3.599220   0.955820   3.755460  -3.833750   1.166840   2.804640
 -1.190090  -0.671250   3.543250  -2.078790  -0.332750   3.754950
  1.551410   2.294650   4.707310   1.098100   2.283820   5.596450
  1.551410   2.294650   4.707310   2.468140   2.671110   4.823820
  1.551410   2.294650   4.707310   1.030460   2.886210   4.083390
  1.187410  -0.051770   2.948570   1.590150   0.642650   3.488690
  0.926700   5.303820   0.503280   1.568340   4.509780   0.418960
  0.926700   5.303820   0.503280   0.025570   5.043140   0.038090
  0.926700   5.303820   0.503280   1.313680   6.152690   0.120500
  0.926700   5.303820   0.503280   0.666930   5.414270   1.508500
 -2.804980   5.644870   1.300580  -3.454350   5.265590   2.132470
 -2.804980   5.644870   1.300580  -2.711100   6.760480   1.379450
 -2.804980   5.644870   1.300580  -3.278170   5.385830   0.315930
 -1.540670   5.093610   1.375960  -2.804980   5.644870   1.300580
 -1.197290   3.436650   1.933700  -1.540670   5.093610   1.375960
 -1.197290   3.436650   1.933700  -0.749050   3.109390   0.627810
 -1.197290   3.436650   1.933700  -2.446730   3.117230   2.453160
 -1.197290   3.436650   1.933700  -0.120140   3.920610   2.720180
 -0.316020   0.137920   2.523550  -0.646330   1.580170   2.407650
 -0.316020   0.137920   2.523550  -1.190090  -0.671250   3.543250
 -0.316020   0.137920   2.523550   1.187410  -0.051770   2.948570
 -0.431710  -0.667170   1.157970  -0.316020   0.137920   2.523550
 -0.048820   0.033820  -0.007320  -0.431710  -0.667170   1.157970
 -0.048820   0.033820  -0.007320  -0.582720  -0.455130  -0.861450
 -0.048820   0.033820  -0.007320  -0.345560   1.115200   0.075530
 -0.048820   0.033820  -0.007320   1.057180  -0.075450  -0.144340
