33 atoms follow (x y z r g b radiusScale)
  0.144660  -0.188850   0.018840   0.000000   1.000000   0.000000   1.850000
  1.252270  -0.150670   0.173280   1.000000   1.000000   1.000000   1.200000
 -0.280720   0.842270  -0.110610   1.000000   1.000000   1.000000   1.200000
 -0.110030  -0.841830  -0.852220   1.000000   1.000000   1.000000   1.200000
 -0.442130  -0.788270   1.157740   1.000000   0.000000   0.000000   1.400000
 -0.284440   0.017280   2.512710   0.500000   0.500000   0.500000   1.900000
  1.167480  -0.149830   3.074400   1.000000   0.000000   0.000000   1.400000
 -1.268300  -0.633670   3.518790   1.000000   0.000000   0.000000   1.400000
 -0.660530   1.464100   2.319520   1.000000   0.000000   0.000000   1.400000
 -1.120290   3.222710   2.097120   1.000000   1.000000   0.000000   1.850000
 -0.184840   3.732880   2.969600   1.000000   0.000000   0.000000   1.400000
 -2.393520   3.035930   2.557330   1.000000   0.000000   0.000000   1.400000
 -0.909810   3.248920   0.743480   1.000000   0.000000   0.000000   1.400000
 -2.210280   6.003630   1.575350   1.000000   0.000000   0.000000   1.400000
 -3.411370   6.063880   0.829840   0.000000   1.000000   0.000000   1.850000
 -3.196130   6.355830  -0.225120   1.000000   1.000000   1.000000   1.200000
 -4.157340   6.764020   1.277600   1.000000   1.000000   1.000000   1.200000
 -3.773640   5.008410   0.915420   1.000000   1.000000   1.000000   1.200000
  2.010600   5.514510  -0.054560   0.000000   0.000000   1.000000   1.540000
  2.075830   6.161890   0.705310   1.000000   1.000000   1.000000   1.200000
 -2.004030   6.912380   1.695090   1.000000   1.000000   1.000000   1.200000
  1.600790   5.991670  -0.832980   1.000000   1.000000   1.000000   1.200000
  1.390700   4.769990   0.216160   1.000000   1.000000   1.000000   1.200000
  1.746340   2.165650   4.569670   0.000000   0.000000   1.000000   1.540000
  1.525880   0.518350   3.701170   1.000000   1.000000   1.000000   1.200000
  1.441290   2.877680   3.932340   1.000000   1.000000   1.000000   1.200000
  2.704760   2.322740   4.801410   1.000000   1.000000   1.000000   1.200000
  1.199420   2.223780   5.403300   1.000000   1.000000   1.000000   1.200000
 -3.600050   0.792150   3.840090   0.000000   0.000000   1.000000   1.540000
 -2.158990  -0.219180   3.668390   1.000000   1.000000   1.000000   1.200000
 -3.772210   1.181520   2.932700   1.000000   1.000000   1.000000   1.200000
 -3.326670   1.542160   4.443410   1.000000   1.000000   1.000000   1.200000
 -4.433160   0.368720   4.189370   1.000000   1.000000   1.000000   1.200000
28 bonds follow (x1 y1 z1 x2 y2 z2)
 -3.600050   0.792150   3.840090  -4.433160   0.368720   4.189370
 -3.600050   0.792150   3.840090  -3.326670   1.542160   4.443410
 -3.600050   0.792150   3.840090  -3.772210   1.181520   2.932700
 -1.268300  -0.633670   3.518790  -2.158990  -0.219180   3.668390
  1.746340   2.165650   4.569670   1.199420   2.223780   5.403300
  1.746340   2.165650   4.569670   2.704760   2.322740   4.801410
  1.746340   2.165650   4.569670   1.441290   2.877680   3.932340
  1.167480  -0.149830   3.074400   1.525880   0.518350   3.701170
  2.010600   5.514510  -0.054560   1.390700   4.769990   0.216160
  2.010600   5.514510  -0.054560   1.600790   5.991670  -0.832980
 -2.210280   6.003630   1.575350  -2.004030   6.912380   1.695090
  2.010600   5.514510  -0.054560   2.075830   6.161890   0.705310
 -3.411370   6.063880   0.829840  -3.773640   5.008410   0.915420
 -3.411370   6.063880   0.829840  -4.157340   6.764020   1.277600
 -3.411370   6.063880   0.829840  -3.196130   6.355830  -0.225120
 -2.210280   6.003630   1.575350  -3.411370   6.063880   0.829840
 -1.120290   3.222710   2.097120  -0.909810   3.248920   0.743480
 -1.120290   3.222710   2.097120  -2.393520   3.035930   2.557330
 -1.120290   3.222710   2.097120  -0.184840   3.732880   2.969600
 -0.660530   1.464100   2.319520  -1.120290   3.222710   2.097120
 -0.284440   0.017280   2.512710  -0.660530   1.464100   2.319520
 -0.284440   0.017280   2.512710  -1.268300  -0.633670   3.518790
 -0.284440   0.017280   2.512710   1.167480  -0.149830   3.074400
 -0.442130  -0.788270   1.157740  -0.284440   0.017280   2.512710
  0.144660  -0.188850   0.018840  -0.442130  -0.788270   1.157740
  0.144660  -0.188850   0.018840  -0.110030  -0.841830  -0.852220
  0.144660  -0.188850   0.018840  -0.280720   0.842270  -0.110610
  0.144660  -0.188850   0.018840   1.252270  -0.150670   0.173280
