33 atoms follow (x y z r g b radiusScale)
 -0.032260   0.026620  -0.044960   0.000000   1.000000   0.000000   1.850000
  1.084150  -0.016880  -0.113560   1.000000   1.000000   1.000000   1.200000
 -0.400250   1.088540  -0.026190   1.000000   1.000000   1.000000   1.200000
 -0.487060  -0.538790  -0.897360   1.000000   1.000000   1.000000   1.200000
 -0.439710  -0.638830   1.132280   1.000000   0.000000   0.000000   1.400000
 -0.310040   0.157450   2.499180   0.500000   0.500000   0.500000   1.900000
  1.179950  -0.068060   2.953460   1.000000   0.000000   0.000000   1.400000
 -1.232670  -0.570970   3.528030   1.000000   0.000000   0.000000   1.400000
 -0.662500   1.597660   2.412940   1.000000   0.000000   0.000000   1.400000
 -1.164270   3.425790   1.953430   1.000000   1.000000   0.000000   1.850000
 -0.059880   3.928680   2.706000   1.000000   0.000000   0.000000   1.400000
 -2.374330   3.121350   2.540450   1.000000   0.000000   0.000000   1.400000
 -0.793090   3.094850   0.618740   1.000000   0.000000   0.000000   1.400000
 -1.620630   5.071770   1.410960   1.000000   0.000000   0.000000   1.400000
 -2.864020   5.627860   1.172120   0.000000   1.000000   0.000000   1.850000
 -3.199600   5.394220   0.125890   1.000000   1.000000   1.000000   1.200000
 -2.771860   6.742680   1.278070   1.000000   1.000000   1.000000   1.200000
 -3.628950   5.249040   1.897410   1.000000   1.000000   1.000000   1.200000
  0.940800   5.239490   0.578250   0.000000   0.000000   1.000000   1.540000
  0.768530   5.205340   1.615720   1.000000   1.000000   1.000000   1.200000
  0.955590   6.197420   0.271880   1.000000   1.000000   1.000000   1.200000
  0.118320   4.746720   0.142710   1.000000   1.000000   1.000000   1.200000
  1.801420   4.752470   0.346950   1.000000   1.000000   1.000000   1.200000
  1.578080   2.291880   4.696590   0.000000   0.000000   1.000000   1.540000
  1.523440   0.493870   3.662780   1.000000   1.000000   1.000000   1.200000
  1.062230   2.908820   4.094680   1.000000   1.000000   1.000000   1.200000
  2.497180   2.657010   4.828600   1.000000   1.000000   1.000000   1.200000
  1.123270   2.250060   5.584380   1.000000   1.000000   1.000000   1.200000
 -3.611530   0.934670   3.773760   0.000000   0.000000   1.000000   1.540000
 -2.119440  -0.194020   3.716180   1.000000   1.000000   1.000000   1.200000
 -3.825770   1.174310   2.825210   1.000000   1.000000   1.000000   1.200000
 -3.195200   1.746170   4.191850   1.000000   1.000000   1.000000   1.200000
 -4.457300   0.713620   4.254380   1.000000   1.000000   1.000000   1.200000
28 bonds follow (x1 y1 z1 x2 y2 z2)
 -3.611530   0.934670   3.773760  -4.457300   0.713620   4.254380
 -3.611530   0.934670   3.773760  -3.195200   1.746170   4.191850
 -3.611530   0.934670   3.773760  -3.825770   1.174310   2.825210
 -1.232670  -0.570970   3.528030  -2.119440  -0.194020   3.716180
  1.578080   2.291880   4.696590   1.123270   2.250060   5.584380
  1.578080   2.291880   4.696590   2.497180   2.657010   4.828600
  1.578080   2.291880   4.696590   1.062230   2.908820   4.094680
  1.179950  -0.068060   2.953460   1.523440   0.493870   3.662780
  0.940800   5.239490   0.578250   1.801420   4.752470   0.346950
  0.940800   5.239490   0.578250   0.118320   4.746720   0.142710
  0.940800   5.239490   0.578250   0.955590   6.197420   0.271880
  0.940800   5.239490   0.578250   0.768530   5.205340   1.615720
 -2.864020   5.627860   1.172120  -3.628950   5.249040   1.897410
 -2.864020   5.627860   1.172120  -2.771860   6.742680   1.278070
 -2.864020   5.627860   1.172120  -3.199600   5.394220   0.125890
 -1.620630   5.071770   1.410960  -2.864020   5.627860   1.172120
 -1.164270   3.425790   1.953430  -1.620630   5.071770   1.410960
 -1.164270   3.425790   1.953430  -0.793090   3.094850   0.618740
 -1.164270   3.425790   1.953430  -2.374330   3.121350   2.540450
 -1.164270   3.425790   1.953430  -0.059880   3.928680   2.706000
 -0.310040   0.157450   2.499180  -0.662500   1.597660   2.412940
 -0.310040   0.157450   2.499180  -1.232670  -0.570970   3.528030
 -0.310040   0.157450   2.499180   1.179950  -0.068060   2.953460
 -0.439710  -0.638830   1.132280  -0.310040   0.157450   2.499180
 -0.032260   0.026620  -0.044960  -0.439710  -0.638830   1.132280
 -0.032260   0.026620  -0.044960  -0.487060  -0.538790  -0.897360
 -0.032260   0.026620  -0.044960  -0.400250   1.088540  -0.026190
 -0.032260   0.026620  -0.044960   1.084150  -0.016880  -0.113560
