33 atoms follow (x y z r g b radiusScale)
 -0.244700  -0.179470  -0.037080   0.000000   1.000000   0.000000   1.850000
  0.714800  -0.455000  -0.548890   1.000000   1.000000   1.000000   1.200000
 -0.349300   0.934930   0.064030   1.000000   1.000000   1.000000   1.200000
 -1.103310  -0.593940  -0.628450   1.000000   1.000000   1.000000   1.200000
 -0.264070  -0.804280   1.230200   1.000000   0.000000   0.000000   1.400000
 -0.223380   0.150700   2.502210   0.500000   0.500000   0.500000   1.900000
  1.280870   0.129480   2.960280   1.000000   0.000000   0.000000   1.400000
 -1.081890  -0.581990   3.582230   1.000000   0.000000   0.000000   1.400000
 -0.705360   1.531380   2.246940   1.000000   0.000000   0.000000   1.400000
 -1.125140   3.419140   1.916810   1.000000   1.000000   0.000000   1.850000
  0.110470   3.753450   2.541370   1.000000   0.000000   0.000000   1.400000
 -2.297110   3.208410   2.625040   1.000000   0.000000   0.000000   1.400000
 -0.949240   3.137100   0.531450   1.000000   0.000000   0.000000   1.400000
 -1.467290   5.130540   1.566230   1.000000   0.000000   0.000000   1.400000
 -2.653460   5.778480   1.849720   0.000000   1.000000   0.000000   1.850000
 -3.056100   5.470030   2.848920   1.000000   1.000000   1.000000   1.200000
 -3.418610   5.551290   1.060940   1.000000   1.000000   1.000000   1.200000
 -2.451870   6.882940   1.854170   1.000000   1.000000   1.000000   1.200000
  0.817520   5.156110   0.269050   0.000000   0.000000   1.000000   1.540000
  1.119210   4.910810   1.238150   1.000000   1.000000   1.000000   1.200000
  1.574760   5.521580  -0.278150   1.000000   1.000000   1.000000   1.200000
  0.027900   5.831720   0.362950   1.000000   1.000000   1.000000   1.200000
  0.412020   4.298890  -0.144870   1.000000   1.000000   1.000000   1.200000
  0.968630   2.507340   4.896320   0.000000   0.000000   1.000000   1.540000
  1.571750   0.797250   3.589200   1.000000   1.000000   1.000000   1.200000
  1.344100   3.069680   4.154360   1.000000   1.000000   1.000000   1.200000
  1.305060   2.863230   5.766500   1.000000   1.000000   1.000000   1.200000
 -0.026300   2.618560   4.876860   1.000000   1.000000   1.000000   1.200000
 -3.668380   0.893410   3.390280   0.000000   0.000000   1.000000   1.540000
 -2.015060  -0.324160   3.674270   1.000000   1.000000   1.000000   1.200000
 -3.549890   1.256110   2.463000   1.000000   1.000000   1.000000   1.200000
 -3.519490   1.659570   4.018830   1.000000   1.000000   1.000000   1.200000
 -4.607710   0.570020   3.491580   1.000000   1.000000   1.000000   1.200000
28 bonds follow (x1 y1 z1 x2 y2 z2)
 -3.668380   0.893410   3.390280  -4.607710   0.570020   3.491580
 -3.668380   0.893410   3.390280  -3.519490   1.659570   4.018830
 -3.668380   0.893410   3.390280  -3.549890   1.256110   2.463000
 -1.081890  -0.581990   3.582230  -2.015060  -0.324160   3.674270
  0.968630   2.507340   4.896320  -0.026300   2.618560   4.876860
  0.968630   2.507340   4.896320   1.305060   2.863230   5.766500
  0.968630   2.507340   4.896320   1.344100   3.069680   4.154360
  1.280870   0.129480   2.960280   1.571750   0.797250   3.589200
  0.817520   5.156110   0.269050   0.412020   4.298890  -0.144870
  0.817520   5.156110   0.269050   0.027900   5.831720   0.362950
  0.817520   5.156110   0.269050   1.574760   5.521580  -0.278150
  0.817520   5.156110   0.269050   1.119210   4.910810   1.238150
 -2.653460   5.778480   1.849720  -2.451870   6.882940   1.854170
 -2.653460   5.778480   1.849720  -3.418610   5.551290   1.060940
 -2.653460   5.778480   1.849720  -3.056100   5.470030   2.848920
 -1.467290   5.130540   1.566230  -2.653460   5.778480   1.849720
 -1.125140   3.419140   1.916810  -1.467290   5.130540   1.566230
 -1.125140   3.419140   1.916810  -0.949240   3.137100   0.531450
 -1.125140   3.419140   1.916810  -2.297110   3.208410   2.625040
 -1.125140   3.419140   1.916810   0.110470   3.753450   2.541370
 -0.223380   0.150700   2.502210  -0.705360   1.531380   2.246940
 -0.223380   0.150700   2.502210  -1.081890  -0.581990   3.582230
 -0.223380   0.150700   2.502210   1.280870   0.129480   2.960280
 -0.264070  -0.804280   1.230200  -0.223380   0.150700   2.502210
 -0.244700  -0.179470  -0.037080  -0.264070  -0.804280   1.230200
 -0.244700  -0.179470  -0.037080  -1.103310  -0.593940  -0.628450
 -0.244700  -0.179470  -0.037080  -0.349300   0.934930   0.064030
 -0.244700  -0.179470  -0.037080   0.714800  -0.455000  -0.548890
