33 atoms follow (x y z r g b radiusScale)
 -0.364420  -0.204700  -0.039430   0.000000   1.000000   0.000000   1.850000
  0.582220  -0.392210  -0.610700   1.000000   1.000000   1.000000   1.200000
 -0.569480   0.897930   0.045440   1.000000   1.000000   1.000000   1.200000
 -1.209590  -0.727360  -0.559290   1.000000   1.000000   1.000000   1.200000
 -0.228820  -0.795700   1.238290   1.000000   0.000000   0.000000   1.400000
 -0.229050   0.146890   2.522080   0.500000   0.500000   0.500000   1.900000
  1.225880   0.097090   3.104800   1.000000   0.000000   0.000000   1.400000
 -1.167830  -0.537860   3.571720   1.000000   0.000000   0.000000   1.400000
 -0.612890   1.545100   2.215030   1.000000   0.000000   0.000000   1.400000
 -1.188820   3.394980   1.776270   1.000000   1.000000   0.000000   1.850000
 -0.135090   3.837150   2.620780   1.000000   0.000000   0.000000   1.400000
 -2.434910   3.027100   2.258950   1.000000   0.000000   0.000000   1.400000
 -0.744640   3.153900   0.456480   1.000000   0.000000   0.000000   1.400000
 -1.586120   5.102490   1.370420   1.000000   0.000000   0.000000   1.400000
 -2.685300   5.783140   1.859830   0.000000   1.000000   0.000000   1.850000
 -3.610260   5.467720   1.309590   1.000000   1.000000   1.000000   1.200000
 -2.520210   6.882360   1.705420   1.000000   1.000000   1.000000   1.200000
 -2.824490   5.577800   2.954120   1.000000   1.000000   1.000000   1.200000
  0.954390   5.302040   0.600340   0.000000   0.000000   1.000000   1.540000
  1.484370   4.543810   1.039630   1.000000   1.000000   1.000000   1.200000
  1.542250   6.067880   0.316050   1.000000   1.000000   1.000000   1.200000
  0.235980   5.607290   1.310350   1.000000   1.000000   1.000000   1.200000
  0.416990   4.889560  -0.186440   1.000000   1.000000   1.000000   1.200000
  1.367670   2.430720   4.833100   0.000000   0.000000   1.000000   1.540000
  1.495710   0.799520   3.717400   1.000000   1.000000   1.000000   1.200000
  0.898090   2.963930   4.122880   1.000000   1.000000   1.000000   1.200000
  2.295610   2.781740   4.941840   1.000000   1.000000   1.000000   1.200000
  0.880660   2.545210   5.696490   1.000000   1.000000   1.000000   1.200000
 -3.668450   0.950330   3.715090   0.000000   0.000000   1.000000   1.540000
 -2.044460  -0.158340   3.760640   1.000000   1.000000   1.000000   1.200000
 -3.685180   1.147530   2.731380   1.000000   1.000000   1.000000   1.200000
 -3.318300   1.773190   4.167490   1.000000   1.000000   1.000000   1.200000
 -4.604390   0.790310   4.023280   1.000000   1.000000   1.000000   1.200000
28 bonds follow (x1 y1 z1 x2 y2 z2)
 -3.668450   0.950330   3.715090  -4.604390   0.790310   4.023280
 -3.668450   0.950330   3.715090  -3.318300   1.773190   4.167490
 -3.668450   0.950330   3.715090  -3.685180   1.147530   2.731380
 -1.167830  -0.537860   3.571720  -2.044460  -0.158340   3.760640
  1.367670   2.430720   4.833100   0.880660   2.545210   5.696490
  1.367670   2.430720   4.833100   2.295610   2.781740   4.941840
  1.367670   2.430720   4.833100   0.898090   2.963930   4.122880
  1.225880   0.097090   3.104800   1.495710   0.799520   3.717400
  0.954390   5.302040   0.600340   0.416990   4.889560  -0.186440
  0.954390   5.302040   0.600340   0.235980   5.607290   1.310350
  0.954390   5.302040   0.600340   1.542250   6.067880   0.316050
  0.954390   5.302040   0.600340   1.484370   4.543810   1.039630
 -2.685300   5.783140   1.859830  -2.824490   5.577800   2.954120
 -2.685300   5.783140   1.859830  -2.520210   6.882360   1.705420
 -2.685300   5.783140   1.859830  -3.610260   5.467720   1.309590
 -1.586120   5.102490   1.370420  -2.685300   5.783140   1.859830
 -1.188820   3.394980   1.776270  -1.586120   5.102490   1.370420
 -1.188820   3.394980   1.776270  -0.744640   3.153900   0.456480
 -1.188820   3.394980   1.776270  -2.434910   3.027100   2.258950
 -1.188820   3.394980   1.776270  -0.135090   3.837150   2.620780
 -0.229050   0.146890   2.522080  -0.612890   1.545100   2.215030
 -0.229050   0.146890   2.522080  -1.167830  -0.537860   3.571720
 -0.229050   0.146890   2.522080   1.225880   0.097090   3.104800
 -0.228820  -0.795700   1.238290  -0.229050   0.146890   2.522080
 -0.364420  -0.204700  -0.039430  -0.228820  -0.795700   1.238290
 -0.364420  -0.204700  -0.039430  -1.209590  -0.727360  -0.559290
 -0.364420  -0.204700  -0.039430  -0.569480   0.897930   0.045440
 -0.364420  -0.204700  -0.039430   0.582220  -0.392210  -0.610700
