33 atoms follow (x y z r g b radiusScale)
 -0.116010  -0.100140  -0.020480   0.000000   1.000000   0.000000   1.850000
  0.889250  -0.425810  -0.396290   1.000000   1.000000   1.000000   1.200000
 -0.170300   1.016550   0.098500   1.000000   1.000000   1.000000   1.200000
 -0.903240  -0.450250  -0.738490   1.000000   1.000000   1.000000   1.200000
 -0.364620  -0.746600   1.210740   1.000000   0.000000   0.000000   1.400000
 -0.294960   0.141600   2.527850   0.500000   0.500000   0.500000   1.900000
  1.198320   0.003890   3.009850   1.000000   0.000000   0.000000   1.400000
 -1.170330  -0.616730   3.587030   1.000000   0.000000   0.000000   1.400000
 -0.662110   1.564320   2.328030   1.000000   0.000000   0.000000   1.400000
 -1.209120   3.429870   1.847470   1.000000   1.000000   0.000000   1.850000
 -0.152670   3.909250   2.676180   1.000000   0.000000   0.000000   1.400000
 -2.468170   3.077000   2.306830   1.000000   0.000000   0.000000   1.400000
 -0.753380   3.143580   0.537080   1.000000   0.000000   0.000000   1.400000
 -1.570510   5.107610   1.388890   1.000000   0.000000   0.000000   1.400000
 -2.782910   5.734070   1.602880   0.000000   1.000000   0.000000   1.850000
 -3.505850   5.467950   0.786990   1.000000   1.000000   1.000000   1.200000
 -2.609620   6.843130   1.592830   1.000000   1.000000   1.000000   1.200000
 -3.220610   5.435790   2.591400   1.000000   1.000000   1.000000   1.200000
  0.953790   5.291560   0.550990   0.000000   0.000000   1.000000   1.540000
  1.046970   5.058810   1.558950   1.000000   1.000000   1.000000   1.200000
  1.737880   5.823130   0.202640   1.000000   1.000000   1.000000   1.200000
  0.055850   5.800630   0.452520   1.000000   1.000000   1.000000   1.200000
  0.833860   4.391850   0.048090   1.000000   1.000000   1.000000   1.200000
  1.496620   2.340210   4.758560   0.000000   0.000000   1.000000   1.540000
  1.468280   0.526900   3.776980   1.000000   1.000000   1.000000   1.200000
  1.002300   2.987900   4.170740   1.000000   1.000000   1.000000   1.200000
  2.443320   2.636610   4.861070   1.000000   1.000000   1.000000   1.200000
  1.068650   2.317610   5.659590   1.000000   1.000000   1.000000   1.200000
 -3.534160   0.964780   3.704580   0.000000   0.000000   1.000000   1.540000
 -2.064090  -0.267650   3.777030   1.000000   1.000000   1.000000   1.200000
 -3.780890   1.100630   2.743240   1.000000   1.000000   1.000000   1.200000
 -3.153460   1.833250   4.031990   1.000000   1.000000   1.000000   1.200000
 -4.358550   0.751690   4.224720   1.000000   1.000000   1.000000   1.200000
28 bonds follow (x1 y1 z1 x2 y2 z2)
 -3.534160   0.964780   3.704580  -4.358550   0.751690   4.224720
 -3.534160   0.964780   3.704580  -3.153460   1.833250   4.031990
 -3.534160   0.964780   3.704580  -3.780890   1.100630   2.743240
 -1.170330  -0.616730   3.587030  -2.064090  -0.267650   3.777030
  1.496620   2.340210   4.758560   1.068650   2.317610   5.659590
  1.496620   2.340210   4.758560   2.443320   2.636610   4.861070
  1.496620   2.340210   4.758560   1.002300   2.987900   4.170740
  1.198320   0.003890   3.009850   1.468280   0.526900   3.776980
  0.953790   5.291560   0.550990   0.833860   4.391850   0.048090
  0.953790   5.291560   0.550990   0.055850   5.800630   0.452520
  0.953790   5.291560   0.550990   1.737880   5.823130   0.202640
  0.953790   5.291560   0.550990   1.046970   5.058810   1.558950
 -2.782910   5.734070   1.602880  -3.220610   5.435790   2.591400
 -2.782910   5.734070   1.602880  -2.609620   6.843130   1.592830
 -2.782910   5.734070   1.602880  -3.505850   5.467950   0.786990
 -1.570510   5.107610   1.388890  -2.782910   5.734070   1.602880
 -1.209120   3.429870   1.847470  -1.570510   5.107610   1.388890
 -1.209120   3.429870   1.847470  -0.753380   3.143580   0.537080
 -1.209120   3.429870   1.847470  -2.468170   3.077000   2.306830
 -1.209120   3.429870   1.847470  -0.152670   3.909250   2.676180
 -0.294960   0.141600   2.527850  -0.662110   1.564320   2.328030
 -0.294960   0.141600   2.527850  -1.170330  -0.616730   3.587030
 -0.294960   0.141600   2.527850   1.198320   0.003890   3.009850
 -0.364620  -0.746600   1.210740  -0.294960   0.141600   2.527850
 -0.116010  -0.100140  -0.020480  -0.364620  -0.746600   1.210740
 -0.116010  -0.100140  -0.020480  -0.903240  -0.450250  -0.738490
 -0.116010  -0.100140  -0.020480  -0.170300   1.016550   0.098500
 -0.116010  -0.100140  -0.020480   0.889250  -0.425810  -0.396290
