33 atoms follow (x y z r g b radiusScale)
  0.032750  -0.056040   0.035100   0.000000   1.000000   0.000000   1.850000
  1.150640  -0.016000   0.055900   1.000000   1.000000   1.000000   1.200000
 -0.409420   0.976750   0.045370   1.000000   1.000000   1.000000   1.200000
 -0.323010  -0.630210  -0.856660   1.000000   1.000000   1.000000   1.200000
 -0.407150  -0.770520   1.177310   1.000000   0.000000   0.000000   1.400000
 -0.311440   0.032250   2.537180   0.500000   0.500000   0.500000   1.900000
  1.161700  -0.121620   3.026130   1.000000   0.000000   0.000000   1.400000
 -1.240870  -0.696590   3.548810   1.000000   0.000000   0.000000   1.400000
 -0.713700   1.476350   2.373810   1.000000   0.000000   0.000000   1.400000
 -1.104000   3.218630   2.033740   1.000000   1.000000   0.000000   1.850000
 -0.098360   3.807340   2.776830   1.000000   0.000000   0.000000   1.400000
 -2.365010   3.128380   2.536000   1.000000   0.000000   0.000000   1.400000
 -0.936510   3.191050   0.667830   1.000000   0.000000   0.000000   1.400000
 -1.980820   5.742200   1.680180   1.000000   0.000000   0.000000   1.400000
 -3.101440   5.844750   0.837620   0.000000   1.000000   0.000000   1.850000
 -2.806830   5.631260  -0.224720   1.000000   1.000000   1.000000   1.200000
 -3.547100   6.869430   0.905650   1.000000   1.000000   1.000000   1.200000
 -3.864010   5.090100   1.175880   1.000000   1.000000   1.000000   1.200000
  1.519620   5.667360   0.131000   0.000000   0.000000   1.000000   1.540000
  1.392200   5.690260   1.123390   1.000000   1.000000   1.000000   1.200000
 -1.366530   6.333940   1.504880   1.000000   1.000000   1.000000   1.200000
  0.620360   5.522370  -0.283790   1.000000   1.000000   1.000000   1.200000
  2.074210   4.858600  -0.070060   1.000000   1.000000   1.000000   1.200000
  1.671850   2.166020   4.652610   0.000000   0.000000   1.000000   1.540000
  1.525750   0.511150   3.679660   1.000000   1.000000   1.000000   1.200000
  1.332600   2.896300   4.052430   1.000000   1.000000   1.000000   1.200000
  2.624160   2.353990   4.887030   1.000000   1.000000   1.000000   1.200000
  1.131660   2.160240   5.492740   1.000000   1.000000   1.000000   1.200000
 -3.555480   0.945310   3.759310   0.000000   0.000000   1.000000   1.540000
 -2.132220  -0.333770   3.743600   1.000000   1.000000   1.000000   1.200000
 -3.780230   1.166070   2.808670   1.000000   1.000000   1.000000   1.200000
 -3.151940   1.768080   4.166480   1.000000   1.000000   1.000000   1.200000
 -4.396730   0.720030   4.247100   1.000000   1.000000   1.000000   1.200000
28 bonds follow (x1 y1 z1 x2 y2 z2)
 -3.555480   0.945310   3.759310  -4.396730   0.720030   4.247100
 -3.555480   0.945310   3.759310  -3.151940   1.768080   4.166480
 -3.555480   0.945310   3.759310  -3.780230   1.166070   2.808670
 -1.240870  -0.696590   3.548810  -2.132220  -0.333770   3.743600
  1.671850   2.166020   4.652610   1.131660   2.160240   5.492740
  1.671850   2.166020   4.652610   2.624160   2.353990   4.887030
  1.671850   2.166020   4.652610   1.332600   2.896300   4.052430
  1.161700  -0.121620   3.026130   1.525750   0.511150   3.679660
  1.519620   5.667360   0.131000   2.074210   4.858600  -0.070060
  1.519620   5.667360   0.131000   0.620360   5.522370  -0.283790
 -1.980820   5.742200   1.680180  -1.366530   6.333940   1.504880
  1.519620   5.667360   0.131000   1.392200   5.690260   1.123390
 -3.101440   5.844750   0.837620  -3.864010   5.090100   1.175880
 -3.101440   5.844750   0.837620  -3.547100   6.869430   0.905650
 -3.101440   5.844750   0.837620  -2.806830   5.631260  -0.224720
 -1.980820   5.742200   1.680180  -3.101440   5.844750   0.837620
 -1.104000   3.218630   2.033740  -0.936510   3.191050   0.667830
 -1.104000   3.218630   2.033740  -2.365010   3.128380   2.536000
 -1.104000   3.218630   2.033740  -0.098360   3.807340   2.776830
 -0.713700   1.476350   2.373810  -1.104000   3.218630   2.033740
 -0.311440   0.032250   2.537180  -0.713700   1.476350   2.373810
 -0.311440   0.032250   2.537180  -1.240870  -0.696590   3.548810
 -0.311440   0.032250   2.537180   1.161700  -0.121620   3.026130
 -0.407150  -0.770520   1.177310  -0.311440   0.032250   2.537180
  0.032750  -0.056040   0.035100  -0.407150  -0.770520   1.177310
  0.032750  -0.056040   0.035100  -0.323010  -0.630210  -0.856660
  0.032750  -0.056040   0.035100  -0.409420   0.976750   0.045370
  0.032750  -0.056040   0.035100   1.150640  -0.016000   0.055900
