33 atoms follow (x y z r g b radiusScale)
  0.087530  -0.153820   0.030360   0.000000   1.000000   0.000000   1.850000
  1.199060  -0.067100   0.122000   1.000000   1.000000   1.000000   1.200000
 -0.387280   0.859880  -0.059370   1.000000   1.000000   1.000000   1.200000
 -0.187530  -0.808130  -0.833860   1.000000   1.000000   1.000000   1.200000
 -0.406290  -0.796680   1.189190   1.000000   0.000000   0.000000   1.400000
 -0.304970   0.025740   2.531750   0.500000   0.500000   0.500000   1.900000
  1.140920  -0.166370   3.079910   1.000000   0.000000   0.000000   1.400000
 -1.237800  -0.704080   3.537160   1.000000   0.000000   0.000000   1.400000
 -0.638330   1.482490   2.326110   1.000000   0.000000   0.000000   1.400000
 -1.127480   3.219250   2.069010   1.000000   1.000000   0.000000   1.850000
 -0.135900   3.778050   2.832270   1.000000   0.000000   0.000000   1.400000
 -2.413190   3.119250   2.557830   1.000000   0.000000   0.000000   1.400000
 -0.905160   3.284760   0.719810   1.000000   0.000000   0.000000   1.400000
 -2.146750   5.920450   1.634400   1.000000   0.000000   0.000000   1.400000
 -3.291490   5.977140   0.821210   0.000000   1.000000   0.000000   1.850000
 -2.985330   6.064470  -0.250420   1.000000   1.000000   1.000000   1.200000
 -3.945490   6.840430   1.099470   1.000000   1.000000   1.000000   1.200000
 -3.854930   5.023140   0.965370   1.000000   1.000000   1.000000   1.200000
  1.844440   5.597960   0.005450   0.000000   0.000000   1.000000   1.540000
  1.768340   6.099160   0.865700   1.000000   1.000000   1.000000   1.200000
 -1.650110   6.661920   1.599040   1.000000   1.000000   1.000000   1.200000
  1.128490   5.931350  -0.607390   1.000000   1.000000   1.000000   1.200000
  1.670750   4.629110   0.184900   1.000000   1.000000   1.000000   1.200000
  1.698730   2.128380   4.599920   0.000000   0.000000   1.000000   1.540000
  1.539170   0.518470   3.658190   1.000000   1.000000   1.000000   1.200000
  1.424480   2.834460   3.939690   1.000000   1.000000   1.000000   1.200000
  2.674270   2.219790   4.793270   1.000000   1.000000   1.000000   1.200000
  1.189220   2.266810   5.447230   1.000000   1.000000   1.000000   1.200000
 -3.563310   0.825620   3.807090   0.000000   0.000000   1.000000   1.540000
 -2.149870  -0.363560   3.687480   1.000000   1.000000   1.000000   1.200000
 -3.827460   1.199090   2.915920   1.000000   1.000000   1.000000   1.200000
 -3.220590   1.586970   4.360080   1.000000   1.000000   1.000000   1.200000
 -4.363820   0.428510   4.251970   1.000000   1.000000   1.000000   1.200000
28 bonds follow (x1 y1 z1 x2 y2 z2)
 -3.563310   0.825620   3.807090  -4.363820   0.428510   4.251970
 -3.563310   0.825620   3.807090  -3.220590   1.586970   4.360080
 -3.563310   0.825620   3.807090  -3.827460   1.199090   2.915920
 -1.237800  -0.704080   3.537160  -2.149870  -0.363560   3.687480
  1.698730   2.128380   4.599920   1.189220   2.266810   5.447230
  1.698730   2.128380   4.599920   2.674270   2.219790   4.793270
  1.698730   2.128380   4.599920   1.424480   2.834460   3.939690
  1.140920  -0.166370   3.079910   1.539170   0.518470   3.658190
  1.844440   5.597960   0.005450   1.670750   4.629110   0.184900
  1.844440   5.597960   0.005450   1.128490   5.931350  -0.607390
 -2.146750   5.920450   1.634400  -1.650110   6.661920   1.599040
  1.844440   5.597960   0.005450   1.768340   6.099160   0.865700
 -3.291490   5.977140   0.821210  -3.854930   5.023140   0.965370
 -3.291490   5.977140   0.821210  -3.945490   6.840430   1.099470
 -3.291490   5.977140   0.821210  -2.985330   6.064470  -0.250420
 -2.146750   5.920450   1.634400  -3.291490   5.977140   0.821210
 -1.127480   3.219250   2.069010  -0.905160   3.284760   0.719810
 -1.127480   3.219250   2.069010  -2.413190   3.119250   2.557830
 -1.127480   3.219250   2.069010  -0.135900   3.778050   2.832270
 -0.638330   1.482490   2.326110  -1.127480   3.219250   2.069010
 -0.304970   0.025740   2.531750  -0.638330   1.482490   2.326110
 -0.304970   0.025740   2.531750  -1.237800  -0.704080   3.537160
 -0.304970   0.025740   2.531750   1.140920  -0.166370   3.079910
 -0.406290  -0.796680   1.189190  -0.304970   0.025740   2.531750
  0.087530  -0.153820   0.030360  -0.406290  -0.796680   1.189190
  0.087530  -0.153820   0.030360  -0.187530  -0.808130  -0.833860
  0.087530  -0.153820   0.030360  -0.387280   0.859880  -0.059370
  0.087530  -0.153820   0.030360   1.199060  -0.067100   0.122000
