33 atoms follow (x y z r g b radiusScale)
 -0.224350  -0.238190  -0.064730   0.000000   1.000000   0.000000   1.850000
  0.794510  -0.432880  -0.493280   1.000000   1.000000   1.000000   1.200000
 -0.450520   0.861160  -0.023200   1.000000   1.000000   1.000000   1.200000
 -0.986100  -0.775830  -0.688370   1.000000   1.000000   1.000000   1.200000
 -0.285660  -0.801400   1.226320   1.000000   0.000000   0.000000   1.400000
 -0.221720   0.142530   2.503330   0.500000   0.500000   0.500000   1.900000
  1.280960   0.102940   2.975630   1.000000   0.000000   0.000000   1.400000
 -1.127410  -0.579800   3.555210   1.000000   0.000000   0.000000   1.400000
 -0.711440   1.511900   2.238340   1.000000   0.000000   0.000000   1.400000
 -1.133430   3.446620   1.932920   1.000000   1.000000   0.000000   1.850000
  0.115660   3.776310   2.525070   1.000000   0.000000   0.000000   1.400000
 -2.295760   3.211140   2.656800   1.000000   0.000000   0.000000   1.400000
 -0.926860   3.148760   0.567300   1.000000   0.000000   0.000000   1.400000
 -1.447160   5.171540   1.589890   1.000000   0.000000   0.000000   1.400000
 -2.688400   5.731530   1.841400   0.000000   1.000000   0.000000   1.850000
 -3.032690   5.484820   2.879570   1.000000   1.000000   1.000000   1.200000
 -3.442750   5.345700   1.105790   1.000000   1.000000   1.000000   1.200000
 -2.602520   6.843580   1.732070   1.000000   1.000000   1.000000   1.200000
  0.825980   5.177370   0.233430   0.000000   0.000000   1.000000   1.540000
  0.944110   5.128970   1.271660   1.000000   1.000000   1.000000   1.200000
  1.530190   5.733400  -0.216110   1.000000   1.000000   1.000000   1.200000
 -0.135810   5.559240   0.084030   1.000000   1.000000   1.000000   1.200000
  0.808510   4.206180  -0.101830   1.000000   1.000000   1.000000   1.200000
  0.956740   2.514750   4.871140   0.000000   0.000000   1.000000   1.540000
  1.533300   0.661830   3.716880   1.000000   1.000000   1.000000   1.200000
  1.469560   3.089270   4.229160   1.000000   1.000000   1.000000   1.200000
  1.250240   2.723040   5.802210   1.000000   1.000000   1.000000   1.200000
 -0.009420   2.761530   4.775890   1.000000   1.000000   1.000000   1.200000
 -3.627070   0.891190   3.392730   0.000000   0.000000   1.000000   1.540000
 -2.032990  -0.245710   3.689650   1.000000   1.000000   1.000000   1.200000
 -3.499520   1.209850   2.450150   1.000000   1.000000   1.000000   1.200000
 -3.319200   1.636460   3.990650   1.000000   1.000000   1.000000   1.200000
 -4.603330   0.746280   3.544770   1.000000   1.000000   1.000000   1.200000
28 bonds follow (x1 y1 z1 x2 y2 z2)
 -3.627070   0.891190   3.392730  -4.603330   0.746280   3.544770
 -3.627070   0.891190   3.392730  -3.319200   1.636460   3.990650
 -3.627070   0.891190   3.392730  -3.499520   1.209850   2.450150
 -1.127410  -0.579800   3.555210  -2.032990  -0.245710   3.689650
  0.956740   2.514750   4.871140  -0.009420   2.761530   4.775890
  0.956740   2.514750   4.871140   1.250240   2.723040   5.802210
  0.956740   2.514750   4.871140   1.469560   3.089270   4.229160
  1.280960   0.102940   2.975630   1.533300   0.661830   3.716880
  0.825980   5.177370   0.233430   0.808510   4.206180  -0.101830
  0.825980   5.177370   0.233430  -0.135810   5.559240   0.084030
  0.825980   5.177370   0.233430   1.530190   5.733400  -0.216110
  0.825980   5.177370   0.233430   0.944110   5.128970   1.271660
 -2.688400   5.731530   1.841400  -2.602520   6.843580   1.732070
 -2.688400   5.731530   1.841400  -3.442750   5.345700   1.105790
 -2.688400   5.731530   1.841400  -3.032690   5.484820   2.879570
 -1.447160   5.171540   1.589890  -2.688400   5.731530   1.841400
 -1.133430   3.446620   1.932920  -1.447160   5.171540   1.589890
 -1.133430   3.446620   1.932920  -0.926860   3.148760   0.567300
 -1.133430   3.446620   1.932920  -2.295760   3.211140   2.656800
 -1.133430   3.446620   1.932920   0.115660   3.776310   2.525070
 -0.221720   0.142530   2.503330  -0.711440   1.511900   2.238340
 -0.221720   0.142530   2.503330  -1.127410  -0.579800   3.555210
 -0.221720   0.142530   2.503330   1.280960   0.102940   2.975630
 -0.285660  -0.801400   1.226320  -0.221720   0.142530   2.503330
 -0.224350  -0.238190  -0.064730  -0.285660  -0.801400   1.226320
 -0.224350  -0.238190  -0.064730  -0.986100  -0.775830  -0.688370
 -0.224350  -0.238190  -0.064730  -0.450520   0.861160  -0.023200
 -0.224350  -0.238190  -0.064730   0.794510  -0.432880  -0.493280
