33 atoms follow (x y z r g b radiusScale)
 -0.527230  -0.105590  -0.018360   0.000000   1.000000   0.000000   1.850000
  0.351080  -0.211600  -0.707640   1.000000   1.000000   1.000000   1.200000
 -0.786090   0.977510   0.129710   1.000000   1.000000   1.000000   1.200000
 -1.395280  -0.667380  -0.453140   1.000000   1.000000   1.000000   1.200000
 -0.194940  -0.719930   1.208130   1.000000   0.000000   0.000000   1.400000
 -0.153950   0.167460   2.533000   0.500000   0.500000   0.500000   1.900000
  1.312690  -0.019300   3.072460   1.000000   0.000000   0.000000   1.400000
 -1.106180  -0.607080   3.503850   1.000000   0.000000   0.000000   1.400000
 -0.581660   1.567870   2.316040   1.000000   0.000000   0.000000   1.400000
 -1.187010   3.456980   1.854840   1.000000   1.000000   0.000000   1.850000
 -0.085090   3.916910   2.617170   1.000000   0.000000   0.000000   1.400000
 -2.406130   3.180740   2.440330   1.000000   0.000000   0.000000   1.400000
 -0.796630   3.076370   0.542740   1.000000   0.000000   0.000000   1.400000
 -1.615190   5.096070   1.294200   1.000000   0.000000   0.000000   1.400000
 -2.536080   5.911500   1.934240   0.000000   1.000000   0.000000   1.850000
 -3.338820   5.305480   2.427790   1.000000   1.000000   1.000000   1.200000
 -2.999580   6.588300   1.169260   1.000000   1.000000   1.000000   1.200000
 -2.015420   6.537190   2.707790   1.000000   1.000000   1.000000   1.200000
  0.888850   5.123020   0.296960   0.000000   0.000000   1.000000   1.540000
  1.091400   4.934460   1.301840   1.000000   1.000000   1.000000   1.200000
  1.663100   5.559640  -0.174140   1.000000   1.000000   1.000000   1.200000
  0.043150   5.713670   0.280450   1.000000   1.000000   1.000000   1.200000
  0.629800   4.212080  -0.139830   1.000000   1.000000   1.000000   1.200000
  1.064260   2.427030   4.978100   0.000000   0.000000   1.000000   1.540000
  1.589270   0.501810   3.830660   1.000000   1.000000   1.000000   1.200000
  0.868890   3.032230   4.201040   1.000000   1.000000   1.000000   1.200000
  1.865050   2.772030   5.464030   1.000000   1.000000   1.000000   1.200000
  0.284770   2.447430   5.602330   1.000000   1.000000   1.000000   1.200000
 -3.614100   0.753300   3.476730   0.000000   0.000000   1.000000   1.540000
 -2.027460  -0.298550   3.608720   1.000000   1.000000   1.000000   1.200000
 -3.821210   0.847220   2.502890   1.000000   1.000000   1.000000   1.200000
 -3.278930   1.643820   3.798050   1.000000   1.000000   1.000000   1.200000
 -4.453560   0.520510   3.963690   1.000000   1.000000   1.000000   1.200000
28 bonds follow (x1 y1 z1 x2 y2 z2)
 -3.614100   0.753300   3.476730  -4.453560   0.520510   3.963690
 -3.614100   0.753300   3.476730  -3.278930   1.643820   3.798050
 -3.614100   0.753300   3.476730  -3.821210   0.847220   2.502890
 -1.106180  -0.607080   3.503850  -2.027460  -0.298550   3.608720
  1.064260   2.427030   4.978100   0.284770   2.447430   5.602330
  1.064260   2.427030   4.978100   1.865050   2.772030   5.464030
  1.064260   2.427030   4.978100   0.868890   3.032230   4.201040
  1.312690  -0.019300   3.072460   1.589270   0.501810   3.830660
  0.888850   5.123020   0.296960   0.629800   4.212080  -0.139830
  0.888850   5.123020   0.296960   0.043150   5.713670   0.280450
  0.888850   5.123020   0.296960   1.663100   5.559640  -0.174140
  0.888850   5.123020   0.296960   1.091400   4.934460   1.301840
 -2.536080   5.911500   1.934240  -2.015420   6.537190   2.707790
 -2.536080   5.911500   1.934240  -2.999580   6.588300   1.169260
 -2.536080   5.911500   1.934240  -3.338820   5.305480   2.427790
 -1.615190   5.096070   1.294200  -2.536080   5.911500   1.934240
 -1.187010   3.456980   1.854840  -1.615190   5.096070   1.294200
 -1.187010   3.456980   1.854840  -0.796630   3.076370   0.542740
 -1.187010   3.456980   1.854840  -2.406130   3.180740   2.440330
 -1.187010   3.456980   1.854840  -0.085090   3.916910   2.617170
 -0.153950   0.167460   2.533000  -0.581660   1.567870   2.316040
 -0.153950   0.167460   2.533000  -1.106180  -0.607080   3.503850
 -0.153950   0.167460   2.533000   1.312690  -0.019300   3.072460
 -0.194940  -0.719930   1.208130  -0.153950   0.167460   2.533000
 -0.527230  -0.105590  -0.018360  -0.194940  -0.719930   1.208130
 -0.527230  -0.105590  -0.018360  -1.395280  -0.667380  -0.453140
 -0.527230  -0.105590  -0.018360  -0.786090   0.977510   0.129710
 -0.527230  -0.105590  -0.018360   0.351080  -0.211600  -0.707640
