33 atoms follow (x y z r g b radiusScale)
 -0.000180   0.000080   0.000230   0.000000   1.000000   0.000000   1.850000
  1.118850  -0.000240  -0.000300   1.000000   1.000000   1.000000   1.200000
 -0.405480   1.049450   0.000800   1.000000   1.000000   1.000000   1.200000
 -0.386760  -0.578100  -0.876020   1.000000   1.000000   1.000000   1.200000
 -0.445380  -0.680710   1.155940   1.000000   0.000000   0.000000   1.400000
 -0.329090   0.129420   2.516290   0.500000   0.500000   0.500000   1.900000
  1.153620  -0.066070   2.993640   1.000000   0.000000   0.000000   1.400000
 -1.241210  -0.623520   3.539920   1.000000   0.000000   0.000000   1.400000
 -0.679290   1.568520   2.367070   1.000000   0.000000   0.000000   1.400000
 -1.153100   3.401880   1.975090   1.000000   1.000000   0.000000   1.850000
 -0.028390   3.843680   2.700230   1.000000   0.000000   0.000000   1.400000
 -2.397010   3.158760   2.529520   1.000000   0.000000   0.000000   1.400000
 -0.855330   3.161340   0.616440   1.000000   0.000000   0.000000   1.400000
 -1.540450   5.163430   1.573660   1.000000   0.000000   0.000000   1.400000
 -2.706540   5.609400   0.978670   0.000000   1.000000   0.000000   1.850000
 -2.733040   5.315260  -0.104700   1.000000   1.000000   1.000000   1.200000
 -2.747800   6.727810   1.055130   1.000000   1.000000   1.000000   1.200000
 -3.591420   5.166110   1.505000   1.000000   1.000000   1.000000   1.200000
  0.763020   5.417370   0.509360   0.000000   0.000000   1.000000   1.540000
  1.269500   5.138180   1.352920   1.000000   1.000000   1.000000   1.200000
 -0.256150   5.620710   0.827060   1.000000   1.000000   1.000000   1.200000
  0.707740   4.614050  -0.121610   1.000000   1.000000   1.000000   1.200000
  1.177340   6.221050   0.067190   1.000000   1.000000   1.000000   1.200000
  1.620790   2.232210   4.685630   0.000000   0.000000   1.000000   1.540000
  1.512650   0.571370   3.635560   1.000000   1.000000   1.000000   1.200000
  1.171470   2.893090   4.076600   1.000000   1.000000   1.000000   1.200000
  2.568670   2.508030   4.829690   1.000000   1.000000   1.000000   1.200000
  1.151400   2.228850   5.566410   1.000000   1.000000   1.000000   1.200000
 -3.597470   0.959090   3.767160   0.000000   0.000000   1.000000   1.540000
 -2.135290  -0.267850   3.722590   1.000000   1.000000   1.000000   1.200000
 -3.832490   1.195340   2.822600   1.000000   1.000000   1.000000   1.200000
 -3.167970   1.770920   4.171170   1.000000   1.000000   1.000000   1.200000
 -4.435010   0.749580   4.267520   1.000000   1.000000   1.000000   1.200000
29 bonds follow (x1 y1 z1 x2 y2 z2)
 -3.597470   0.959090   3.767160  -4.435010   0.749580   4.267520
 -3.597470   0.959090   3.767160  -3.167970   1.770920   4.171170
 -3.597470   0.959090   3.767160  -3.832490   1.195340   2.822600
 -1.241210  -0.623520   3.539920  -2.135290  -0.267850   3.722590
  1.620790   2.232210   4.685630   1.151400   2.228850   5.566410
  1.620790   2.232210   4.685630   2.568670   2.508030   4.829690
  1.620790   2.232210   4.685630   1.171470   2.893090   4.076600
  1.153620  -0.066070   2.993640   1.512650   0.571370   3.635560
  0.763020   5.417370   0.509360   1.177340   6.221050   0.067190
  0.763020   5.417370   0.509360   0.707740   4.614050  -0.121610
  0.763020   5.417370   0.509360  -0.256150   5.620710   0.827060
  0.763020   5.417370   0.509360   1.269500   5.138180   1.352920
 -2.706540   5.609400   0.978670  -3.591420   5.166110   1.505000
 -2.706540   5.609400   0.978670  -2.747800   6.727810   1.055130
 -2.706540   5.609400   0.978670  -2.733040   5.315260  -0.104700
 -1.540450   5.163430   1.573660  -2.706540   5.609400   0.978670
 -1.153100   3.401880   1.975090  -1.540450   5.163430   1.573660
 -1.153100   3.401880   1.975090  -0.855330   3.161340   0.616440
 -1.153100   3.401880   1.975090  -2.397010   3.158760   2.529520
 -1.153100   3.401880   1.975090  -0.028390   3.843680   2.700230
 -0.679290   1.568520   2.367070  -1.153100   3.401880   1.975090
 -0.329090   0.129420   2.516290  -0.679290   1.568520   2.367070
 -0.329090   0.129420   2.516290  -1.241210  -0.623520   3.539920
 -0.329090   0.129420   2.516290   1.153620  -0.066070   2.993640
 -0.445380  -0.680710   1.155940  -0.329090   0.129420   2.516290
 -0.000180   0.000080   0.000230  -0.445380  -0.680710   1.155940
 -0.000180   0.000080   0.000230  -0.386760  -0.578100  -0.876020
 -0.000180   0.000080   0.000230  -0.405480   1.049450   0.000800
 -0.000180   0.000080   0.000230   1.118850  -0.000240  -0.000300
