33 atoms follow (x y z r g b radiusScale)
 -0.311440  -0.190510  -0.057570   0.000000   1.000000   0.000000   1.850000
  0.631010  -0.440500  -0.611790   1.000000   1.000000   1.000000   1.200000
 -0.452180   0.922140   0.021190   1.000000   1.000000   1.000000   1.200000
 -1.179380  -0.662830  -0.588590   1.000000   1.000000   1.000000   1.200000
 -0.229330  -0.783060   1.224160   1.000000   0.000000   0.000000   1.400000
 -0.246860   0.160860   2.503130   0.500000   0.500000   0.500000   1.900000
  1.211230   0.083420   3.085380   1.000000   0.000000   0.000000   1.400000
 -1.158440  -0.498850   3.594440   1.000000   0.000000   0.000000   1.400000
 -0.645180   1.562410   2.224400   1.000000   0.000000   0.000000   1.400000
 -1.188820   3.381840   1.793420   1.000000   1.000000   0.000000   1.850000
 -0.120630   3.867580   2.602500   1.000000   0.000000   0.000000   1.400000
 -2.427480   2.994060   2.290260   1.000000   0.000000   0.000000   1.400000
 -0.750890   3.132970   0.465950   1.000000   0.000000   0.000000   1.400000
 -1.594370   5.066020   1.355250   1.000000   0.000000   0.000000   1.400000
 -2.688870   5.775180   1.810420   0.000000   1.000000   0.000000   1.850000
 -3.602690   5.501960   1.220250   1.000000   1.000000   1.000000   1.200000
 -2.479120   6.869740   1.675310   1.000000   1.000000   1.000000   1.200000
 -2.879290   5.565310   2.896020   1.000000   1.000000   1.000000   1.200000
  0.956340   5.299480   0.644800   0.000000   0.000000   1.000000   1.540000
  1.421290   4.508290   1.098890   1.000000   1.000000   1.000000   1.200000
  1.602570   5.934490   0.207950   1.000000   1.000000   1.000000   1.200000
  0.364860   5.749680   1.381320   1.000000   1.000000   1.000000   1.200000
  0.269090   4.882010  -0.034300   1.000000   1.000000   1.000000   1.200000
  1.405160   2.424290   4.820600   0.000000   0.000000   1.000000   1.540000
  1.449020   0.751460   3.750960   1.000000   1.000000   1.000000   1.200000
  0.890760   3.023890   4.199260   1.000000   1.000000   1.000000   1.200000
  2.317750   2.802070   4.960290   1.000000   1.000000   1.000000   1.200000
  0.937790   2.381730   5.701580   1.000000   1.000000   1.000000   1.200000
 -3.684060   0.963190   3.722860   0.000000   0.000000   1.000000   1.540000
 -2.043040  -0.124570   3.760430   1.000000   1.000000   1.000000   1.200000
 -3.786830   1.204740   2.754960   1.000000   1.000000   1.000000   1.200000
 -3.320270   1.773610   4.186140   1.000000   1.000000   1.000000   1.200000
 -4.582510   0.750970   4.102270   1.000000   1.000000   1.000000   1.200000
29 bonds follow (x1 y1 z1 x2 y2 z2)
 -3.684060   0.963190   3.722860  -4.582510   0.750970   4.102270
 -3.684060   0.963190   3.722860  -3.320270   1.773610   4.186140
 -3.684060   0.963190   3.722860  -3.786830   1.204740   2.754960
 -1.158440  -0.498850   3.594440  -2.043040  -0.124570   3.760430
  1.405160   2.424290   4.820600   0.937790   2.381730   5.701580
  1.405160   2.424290   4.820600   2.317750   2.802070   4.960290
  1.405160   2.424290   4.820600   0.890760   3.023890   4.199260
  1.211230   0.083420   3.085380   1.449020   0.751460   3.750960
  0.956340   5.299480   0.644800   0.269090   4.882010  -0.034300
  0.956340   5.299480   0.644800   0.364860   5.749680   1.381320
  0.956340   5.299480   0.644800   1.602570   5.934490   0.207950
  0.956340   5.299480   0.644800   1.421290   4.508290   1.098890
 -2.688870   5.775180   1.810420  -2.879290   5.565310   2.896020
 -2.688870   5.775180   1.810420  -2.479120   6.869740   1.675310
 -2.688870   5.775180   1.810420  -3.602690   5.501960   1.220250
 -1.594370   5.066020   1.355250  -2.688870   5.775180   1.810420
 -1.188820   3.381840   1.793420  -1.594370   5.066020   1.355250
 -1.188820   3.381840   1.793420  -0.750890   3.132970   0.465950
 -1.188820   3.381840   1.793420  -2.427480   2.994060   2.290260
 -1.188820   3.381840   1.793420  -0.120630   3.867580   2.602500
 -0.645180   1.562410   2.224400  -1.188820   3.381840   1.793420
 -0.246860   0.160860   2.503130  -0.645180   1.562410   2.224400
 -0.246860   0.160860   2.503130  -1.158440  -0.498850   3.594440
 -0.246860   0.160860   2.503130   1.211230   0.083420   3.085380
 -0.229330  -0.783060   1.224160  -0.246860   0.160860   2.503130
 -0.311440  -0.190510  -0.057570  -0.229330  -0.783060   1.224160
 -0.311440  -0.190510  -0.057570  -1.179380  -0.662830  -0.588590
 -0.311440  -0.190510  -0.057570  -0.452180   0.922140   0.021190
 -0.311440  -0.190510  -0.057570   0.631010  -0.440500  -0.611790
