33 atoms follow (x y z r g b radiusScale)
 -0.507030  -0.260210  -0.034610   0.000000   1.000000   0.000000   1.850000
  0.345380  -0.472400  -0.732000   1.000000   1.000000   1.000000   1.200000
 -0.707640   0.843090   0.024290   1.000000   1.000000   1.000000   1.200000
 -1.411890  -0.819220  -0.391750   1.000000   1.000000   1.000000   1.200000
 -0.150700  -0.767360   1.233600   1.000000   0.000000   0.000000   1.400000
 -0.235460   0.156660   2.530900   0.500000   0.500000   0.500000   1.900000
  1.196960   0.039840   3.154530   1.000000   0.000000   0.000000   1.400000
 -1.140680  -0.571440   3.578040   1.000000   0.000000   0.000000   1.400000
 -0.646500   1.558270   2.272840   1.000000   0.000000   0.000000   1.400000
 -1.186820   3.424040   1.761610   1.000000   1.000000   0.000000   1.850000
 -0.113170   3.872230   2.583280   1.000000   0.000000   0.000000   1.400000
 -2.448390   3.071750   2.219980   1.000000   0.000000   0.000000   1.400000
 -0.739890   3.134170   0.450150   1.000000   0.000000   0.000000   1.400000
 -1.580660   5.128640   1.359620   1.000000   0.000000   0.000000   1.400000
 -2.634850   5.764360   1.999020   0.000000   1.000000   0.000000   1.850000
 -3.611410   5.322480   1.671140   1.000000   1.000000   1.000000   1.200000
 -2.607180   6.852100   1.731770   1.000000   1.000000   1.000000   1.200000
 -2.540800   5.653070   3.111680   1.000000   1.000000   1.000000   1.200000
  0.918250   5.318320   0.516010   0.000000   0.000000   1.000000   1.540000
  1.075280   4.772770   1.395940   1.000000   1.000000   1.000000   1.200000
  1.786840   5.668670   0.137440   1.000000   1.000000   1.000000   1.200000
  0.256190   6.065000   0.748480   1.000000   1.000000   1.000000   1.200000
  0.437230   4.681300  -0.146630   1.000000   1.000000   1.000000   1.200000
  1.285970   2.442560   4.899280   0.000000   0.000000   1.000000   1.540000
  1.454780   0.692750   3.820530   1.000000   1.000000   1.000000   1.200000
  0.890080   3.005940   4.167960   1.000000   1.000000   1.000000   1.200000
  2.137740   2.859410   5.208990   1.000000   1.000000   1.000000   1.200000
  0.649010   2.412660   5.667220   1.000000   1.000000   1.000000   1.200000
 -3.501270   0.899010   3.586070   0.000000   0.000000   1.000000   1.540000
 -2.071390  -0.297800   3.694090   1.000000   1.000000   1.000000   1.200000
 -3.566620   1.187690   2.626370   1.000000   1.000000   1.000000   1.200000
 -3.071640   1.656690   4.083830   1.000000   1.000000   1.000000   1.200000
 -4.424050   0.769210   3.943350   1.000000   1.000000   1.000000   1.200000
28 bonds follow (x1 y1 z1 x2 y2 z2)
 -3.501270   0.899010   3.586070  -4.424050   0.769210   3.943350
 -3.501270   0.899010   3.586070  -3.071640   1.656690   4.083830
 -3.501270   0.899010   3.586070  -3.566620   1.187690   2.626370
 -1.140680  -0.571440   3.578040  -2.071390  -0.297800   3.694090
  1.285970   2.442560   4.899280   0.649010   2.412660   5.667220
  1.285970   2.442560   4.899280   2.137740   2.859410   5.208990
  1.285970   2.442560   4.899280   0.890080   3.005940   4.167960
  1.196960   0.039840   3.154530   1.454780   0.692750   3.820530
  0.918250   5.318320   0.516010   0.437230   4.681300  -0.146630
  0.918250   5.318320   0.516010   0.256190   6.065000   0.748480
  0.918250   5.318320   0.516010   1.786840   5.668670   0.137440
  0.918250   5.318320   0.516010   1.075280   4.772770   1.395940
 -2.634850   5.764360   1.999020  -2.540800   5.653070   3.111680
 -2.634850   5.764360   1.999020  -2.607180   6.852100   1.731770
 -2.634850   5.764360   1.999020  -3.611410   5.322480   1.671140
 -1.580660   5.128640   1.359620  -2.634850   5.764360   1.999020
 -1.186820   3.424040   1.761610  -1.580660   5.128640   1.359620
 -1.186820   3.424040   1.761610  -0.739890   3.134170   0.450150
 -1.186820   3.424040   1.761610  -2.448390   3.071750   2.219980
 -1.186820   3.424040   1.761610  -0.113170   3.872230   2.583280
 -0.235460   0.156660   2.530900  -0.646500   1.558270   2.272840
 -0.235460   0.156660   2.530900  -1.140680  -0.571440   3.578040
 -0.235460   0.156660   2.530900   1.196960   0.039840   3.154530
 -0.150700  -0.767360   1.233600  -0.235460   0.156660   2.530900
 -0.507030  -0.260210  -0.034610  -0.150700  -0.767360   1.233600
 -0.507030  -0.260210  -0.034610  -1.411890  -0.819220  -0.391750
 -0.507030  -0.260210  -0.034610  -0.707640   0.843090   0.024290
 -0.507030  -0.260210  -0.034610   0.345380  -0.472400  -0.732000
