33 atoms follow (x y z r g b radiusScale)
 -0.544080  -0.218100  -0.019070   0.000000   1.000000   0.000000   1.850000
  0.253460  -0.479690  -0.762690   1.000000   1.000000   1.000000   1.200000
 -0.672870   0.896210   0.050530   1.000000   1.000000   1.000000   1.200000
 -1.500760  -0.717620  -0.325800   1.000000   1.000000   1.000000   1.200000
 -0.141830  -0.754390   1.224420   1.000000   0.000000   0.000000   1.400000
 -0.216070   0.152990   2.532420   0.500000   0.500000   0.500000   1.900000
  1.223190   0.080390   3.147300   1.000000   0.000000   0.000000   1.400000
 -1.132500  -0.586740   3.566740   1.000000   0.000000   0.000000   1.400000
 -0.637940   1.548460   2.262060   1.000000   0.000000   0.000000   1.400000
 -1.187320   3.405510   1.769610   1.000000   1.000000   0.000000   1.850000
 -0.120810   3.841280   2.601250   1.000000   0.000000   0.000000   1.400000
 -2.445110   3.105950   2.279550   1.000000   0.000000   0.000000   1.400000
 -0.746870   3.132890   0.452180   1.000000   0.000000   0.000000   1.400000
 -1.571340   5.087390   1.333700   1.000000   0.000000   0.000000   1.400000
 -2.582320   5.767920   1.993350   0.000000   1.000000   0.000000   1.850000
 -3.577720   5.303420   1.769030   1.000000   1.000000   1.000000   1.200000
 -2.576260   6.831650   1.636990   1.000000   1.000000   1.000000   1.200000
 -2.410220   5.745540   3.101970   1.000000   1.000000   1.000000   1.200000
  0.903720   5.341220   0.470290   0.000000   0.000000   1.000000   1.540000
  0.946270   5.049270   1.482160   1.000000   1.000000   1.000000   1.200000
  1.745980   5.806870   0.176930   1.000000   1.000000   1.000000   1.200000
  0.066010   5.944990   0.378270   1.000000   1.000000   1.000000   1.200000
  0.704710   4.485560  -0.068940   1.000000   1.000000   1.000000   1.200000
  1.249170   2.422830   4.924730   0.000000   0.000000   1.000000   1.540000
  1.423690   0.669840   3.889790   1.000000   1.000000   1.000000   1.200000
  0.917980   3.005500   4.176540   1.000000   1.000000   1.000000   1.200000
  2.107790   2.791460   5.273980   1.000000   1.000000   1.000000   1.200000
  0.576340   2.427440   5.661990   1.000000   1.000000   1.000000   1.200000
 -3.537630   0.905770   3.564030   0.000000   0.000000   1.000000   1.540000
 -2.038340  -0.248450   3.714360   1.000000   1.000000   1.000000   1.200000
 -3.673870   1.093700   2.588770   1.000000   1.000000   1.000000   1.200000
 -3.188150   1.753320   3.972170   1.000000   1.000000   1.000000   1.200000
 -4.419800   0.685580   3.976020   1.000000   1.000000   1.000000   1.200000
28 bonds follow (x1 y1 z1 x2 y2 z2)
 -3.537630   0.905770   3.564030  -4.419800   0.685580   3.976020
 -3.537630   0.905770   3.564030  -3.188150   1.753320   3.972170
 -3.537630   0.905770   3.564030  -3.673870   1.093700   2.588770
 -1.132500  -0.586740   3.566740  -2.038340  -0.248450   3.714360
  1.249170   2.422830   4.924730   0.576340   2.427440   5.661990
  1.249170   2.422830   4.924730   2.107790   2.791460   5.273980
  1.249170   2.422830   4.924730   0.917980   3.005500   4.176540
  1.223190   0.080390   3.147300   1.423690   0.669840   3.889790
  0.903720   5.341220   0.470290   0.704710   4.485560  -0.068940
  0.903720   5.341220   0.470290   0.066010   5.944990   0.378270
  0.903720   5.341220   0.470290   1.745980   5.806870   0.176930
  0.903720   5.341220   0.470290   0.946270   5.049270   1.482160
 -2.582320   5.767920   1.993350  -2.410220   5.745540   3.101970
 -2.582320   5.767920   1.993350  -2.576260   6.831650   1.636990
 -2.582320   5.767920   1.993350  -3.577720   5.303420   1.769030
 -1.571340   5.087390   1.333700  -2.582320   5.767920   1.993350
 -1.187320   3.405510   1.769610  -1.571340   5.087390   1.333700
 -1.187320   3.405510   1.769610  -0.746870   3.132890   0.452180
 -1.187320   3.405510   1.769610  -2.445110   3.105950   2.279550
 -1.187320   3.405510   1.769610  -0.120810   3.841280   2.601250
 -0.216070   0.152990   2.532420  -0.637940   1.548460   2.262060
 -0.216070   0.152990   2.532420  -1.132500  -0.586740   3.566740
 -0.216070   0.152990   2.532420   1.223190   0.080390   3.147300
 -0.141830  -0.754390   1.224420  -0.216070   0.152990   2.532420
 -0.544080  -0.218100  -0.019070  -0.141830  -0.754390   1.224420
 -0.544080  -0.218100  -0.019070  -1.500760  -0.717620  -0.325800
 -0.544080  -0.218100  -0.019070  -0.672870   0.896210   0.050530
 -0.544080  -0.218100  -0.019070   0.253460  -0.479690  -0.762690
