33 atoms follow (x y z r g b radiusScale)
 -0.320480  -0.098160  -0.073910   0.000000   1.000000   0.000000   1.850000
  0.615930  -0.370610  -0.627480   1.000000   1.000000   1.000000   1.200000
 -0.431800   1.015710   0.029720   1.000000   1.000000   1.000000   1.200000
 -1.201310  -0.531520  -0.616860   1.000000   1.000000   1.000000   1.200000
 -0.269080  -0.718990   1.194910   1.000000   0.000000   0.000000   1.400000
 -0.206330   0.159480   2.512530   0.500000   0.500000   0.500000   1.900000
  1.285000   0.044260   3.023480   1.000000   0.000000   0.000000   1.400000
 -1.018700  -0.605250   3.622830   1.000000   0.000000   0.000000   1.400000
 -0.675110   1.547350   2.297290   1.000000   0.000000   0.000000   1.400000
 -1.165040   3.415300   1.881750   1.000000   1.000000   0.000000   1.850000
  0.062500   3.801190   2.483370   1.000000   0.000000   0.000000   1.400000
 -2.327250   3.158500   2.585460   1.000000   0.000000   0.000000   1.400000
 -0.977050   3.095010   0.508220   1.000000   0.000000   0.000000   1.400000
 -1.492750   5.120640   1.464590   1.000000   0.000000   0.000000   1.400000
 -2.582030   5.879040   1.847460   0.000000   1.000000   0.000000   1.850000
 -3.056830   5.467340   2.775300   1.000000   1.000000   1.000000   1.200000
 -3.342230   5.897450   1.021690   1.000000   1.000000   1.000000   1.200000
 -2.234020   6.929210   2.041770   1.000000   1.000000   1.000000   1.200000
  0.871110   5.163220   0.293780   0.000000   0.000000   1.000000   1.540000
  1.307870   4.432940   0.878460   1.000000   1.000000   1.000000   1.200000
  1.532470   5.646710  -0.295800   1.000000   1.000000   1.000000   1.200000
  0.383290   5.803520   0.952990   1.000000   1.000000   1.000000   1.200000
  0.120230   4.690580  -0.254760   1.000000   1.000000   1.000000   1.200000
  1.005430   2.519180   5.006140   0.000000   0.000000   1.000000   1.540000
  1.481650   0.434900   3.878570   1.000000   1.000000   1.000000   1.200000
  1.217760   2.979070   4.139410   1.000000   1.000000   1.000000   1.200000
  1.603300   2.881780   5.719260   1.000000   1.000000   1.000000   1.200000
  0.059880   2.740200   5.243930   1.000000   1.000000   1.000000   1.200000
 -3.694980   0.780160   3.404570   0.000000   0.000000   1.000000   1.540000
 -1.975100  -0.484880   3.677140   1.000000   1.000000   1.000000   1.200000
 -3.581520   1.192650   2.496840   1.000000   1.000000   1.000000   1.200000
 -3.332110   1.443390   4.063740   1.000000   1.000000   1.000000   1.200000
 -4.672770   0.670390   3.578100   1.000000   1.000000   1.000000   1.200000
28 bonds follow (x1 y1 z1 x2 y2 z2)
 -3.694980   0.780160   3.404570  -4.672770   0.670390   3.578100
 -3.694980   0.780160   3.404570  -3.332110   1.443390   4.063740
 -3.694980   0.780160   3.404570  -3.581520   1.192650   2.496840
 -1.018700  -0.605250   3.622830  -1.975100  -0.484880   3.677140
  1.005430   2.519180   5.006140   0.059880   2.740200   5.243930
  1.005430   2.519180   5.006140   1.603300   2.881780   5.719260
  1.005430   2.519180   5.006140   1.217760   2.979070   4.139410
  1.285000   0.044260   3.023480   1.481650   0.434900   3.878570
  0.871110   5.163220   0.293780   0.120230   4.690580  -0.254760
  0.871110   5.163220   0.293780   0.383290   5.803520   0.952990
  0.871110   5.163220   0.293780   1.532470   5.646710  -0.295800
  0.871110   5.163220   0.293780   1.307870   4.432940   0.878460
 -2.582030   5.879040   1.847460  -2.234020   6.929210   2.041770
 -2.582030   5.879040   1.847460  -3.342230   5.897450   1.021690
 -2.582030   5.879040   1.847460  -3.056830   5.467340   2.775300
 -1.492750   5.120640   1.464590  -2.582030   5.879040   1.847460
 -1.165040   3.415300   1.881750  -1.492750   5.120640   1.464590
 -1.165040   3.415300   1.881750  -0.977050   3.095010   0.508220
 -1.165040   3.415300   1.881750  -2.327250   3.158500   2.585460
 -1.165040   3.415300   1.881750   0.062500   3.801190   2.483370
 -0.206330   0.159480   2.512530  -0.675110   1.547350   2.297290
 -0.206330   0.159480   2.512530  -1.018700  -0.605250   3.622830
 -0.206330   0.159480   2.512530   1.285000   0.044260   3.023480
 -0.269080  -0.718990   1.194910  -0.206330   0.159480   2.512530
 -0.320480  -0.098160  -0.073910  -0.269080  -0.718990   1.194910
 -0.320480  -0.098160  -0.073910  -1.201310  -0.531520  -0.616860
 -0.320480  -0.098160  -0.073910  -0.431800   1.015710   0.029720
 -0.320480  -0.098160  -0.073910   0.615930  -0.370610  -0.627480
