33 atoms follow (x y z r g b radiusScale)
  0.418590  -0.053640   0.105680   0.000000   1.000000   0.000000   1.850000
  1.488000  -0.179710   0.409400   1.000000   1.000000   1.000000   1.200000
  0.142540   1.031060   0.029820   1.000000   1.000000   1.000000   1.200000
  0.208500  -0.593460  -0.851290   1.000000   1.000000   1.000000   1.200000
 -0.400780  -0.664580   1.088650   1.000000   0.000000   0.000000   1.400000
 -0.324150  -0.022400   2.532540   0.500000   0.500000   0.500000   1.900000
  1.187940  -0.109060   2.936930   1.000000   0.000000   0.000000   1.400000
 -1.213090  -0.860750   3.499030   1.000000   0.000000   0.000000   1.400000
 -0.740360   1.430940   2.469570   1.000000   0.000000   0.000000   1.400000
 -1.148230   3.200620   2.213310   1.000000   1.000000   0.000000   1.850000
 -0.522720   3.698310   3.329130   1.000000   0.000000   0.000000   1.400000
 -2.520330   3.047240   2.241370   1.000000   0.000000   0.000000   1.400000
 -0.448240   3.298880   1.033780   1.000000   0.000000   0.000000   1.400000
 -2.574740   6.614820   1.396670   1.000000   0.000000   0.000000   1.400000
 -3.879370   6.266410   1.025630   0.000000   1.000000   0.000000   1.850000
 -4.510650   7.177930   0.858520   1.000000   1.000000   1.000000   1.200000
 -4.346150   5.626840   1.818330   1.000000   1.000000   1.000000   1.200000
 -3.799880   5.668430   0.087720   1.000000   1.000000   1.000000   1.200000
  2.420330   4.713570  -0.264720   0.000000   0.000000   1.000000   1.540000
  2.067260   5.301730   0.467460   1.000000   1.000000   1.000000   1.200000
 -2.588920   7.357620   2.189170   1.000000   1.000000   1.000000   1.200000
  2.007840   5.020090  -1.125440   1.000000   1.000000   1.000000   1.200000
  2.083400   3.788210  -0.084900   1.000000   1.000000   1.000000   1.200000
  1.909030   2.333210   4.280910   0.000000   0.000000   1.000000   1.540000
  1.626620   0.655690   3.362960   1.000000   1.000000   1.000000   1.200000
  1.567610   2.980240   3.594150   1.000000   1.000000   1.000000   1.200000
  2.881610   2.503760   4.431590   1.000000   1.000000   1.000000   1.200000
  1.414370   2.503280   5.132500   1.000000   1.000000   1.000000   1.200000
 -3.538630   0.745880   3.748380   0.000000   0.000000   1.000000   1.540000
 -2.102960  -0.506470   3.728130   1.000000   1.000000   1.000000   1.200000
 -3.483900   1.301930   2.913990   1.000000   1.000000   1.000000   1.200000
 -3.371410   1.342510   4.533030   1.000000   1.000000   1.000000   1.200000
 -4.460210   0.369300   3.822170   1.000000   1.000000   1.000000   1.200000
28 bonds follow (x1 y1 z1 x2 y2 z2)
 -3.538630   0.745880   3.748380  -4.460210   0.369300   3.822170
 -3.538630   0.745880   3.748380  -3.371410   1.342510   4.533030
 -3.538630   0.745880   3.748380  -3.483900   1.301930   2.913990
 -1.213090  -0.860750   3.499030  -2.102960  -0.506470   3.728130
  1.909030   2.333210   4.280910   1.414370   2.503280   5.132500
  1.909030   2.333210   4.280910   2.881610   2.503760   4.431590
  1.909030   2.333210   4.280910   1.567610   2.980240   3.594150
  1.187940  -0.109060   2.936930   1.626620   0.655690   3.362960
  2.420330   4.713570  -0.264720   2.083400   3.788210  -0.084900
  2.420330   4.713570  -0.264720   2.007840   5.020090  -1.125440
 -2.574740   6.614820   1.396670  -2.588920   7.357620   2.189170
  2.420330   4.713570  -0.264720   2.067260   5.301730   0.467460
 -3.879370   6.266410   1.025630  -3.799880   5.668430   0.087720
 -3.879370   6.266410   1.025630  -4.346150   5.626840   1.818330
 -3.879370   6.266410   1.025630  -4.510650   7.177930   0.858520
 -2.574740   6.614820   1.396670  -3.879370   6.266410   1.025630
 -1.148230   3.200620   2.213310  -0.448240   3.298880   1.033780
 -1.148230   3.200620   2.213310  -2.520330   3.047240   2.241370
 -1.148230   3.200620   2.213310  -0.522720   3.698310   3.329130
 -0.740360   1.430940   2.469570  -1.148230   3.200620   2.213310
 -0.324150  -0.022400   2.532540  -0.740360   1.430940   2.469570
 -0.324150  -0.022400   2.532540  -1.213090  -0.860750   3.499030
 -0.324150  -0.022400   2.532540   1.187940  -0.109060   2.936930
 -0.400780  -0.664580   1.088650  -0.324150  -0.022400   2.532540
  0.418590  -0.053640   0.105680  -0.400780  -0.664580   1.088650
  0.418590  -0.053640   0.105680   0.208500  -0.593460  -0.851290
  0.418590  -0.053640   0.105680   0.142540   1.031060   0.029820
  0.418590  -0.053640   0.105680   1.488000  -0.179710   0.409400
