33 atoms follow (x y z r g b radiusScale)
 -0.559740  -0.159610  -0.042690   0.000000   1.000000   0.000000   1.850000
  0.205300  -0.459800  -0.805150   1.000000   1.000000   1.000000   1.200000
 -0.641880   0.959790   0.026840   1.000000   1.000000   1.000000   1.200000
 -1.544590  -0.620330  -0.319560   1.000000   1.000000   1.000000   1.200000
 -0.144080  -0.707950   1.189620   1.000000   0.000000   0.000000   1.400000
 -0.185560   0.181810   2.503400   0.500000   0.500000   0.500000   1.900000
  1.274070   0.091130   3.093590   1.000000   0.000000   0.000000   1.400000
 -1.080890  -0.599810   3.533600   1.000000   0.000000   0.000000   1.400000
 -0.600290   1.593900   2.326130   1.000000   0.000000   0.000000   1.400000
 -1.171210   3.416420   1.852230   1.000000   1.000000   0.000000   1.850000
 -0.077030   3.922490   2.607440   1.000000   0.000000   0.000000   1.400000
 -2.386560   3.032740   2.405670   1.000000   0.000000   0.000000   1.400000
 -0.783170   3.086160   0.528850   1.000000   0.000000   0.000000   1.400000
 -1.571330   5.064650   1.300670   1.000000   0.000000   0.000000   1.400000
 -2.487300   5.892960   1.919070   0.000000   1.000000   0.000000   1.850000
 -3.437420   5.339050   2.136410   1.000000   1.000000   1.000000   1.200000
 -2.704460   6.753330   1.232380   1.000000   1.000000   1.000000   1.200000
 -2.063630   6.291680   2.879800   1.000000   1.000000   1.000000   1.200000
  0.860740   5.210590   0.342990   0.000000   0.000000   1.000000   1.540000
  0.742260   5.279170   1.378780   1.000000   1.000000   1.000000   1.200000
  1.596830   5.808840  -0.000040   1.000000   1.000000   1.000000   1.200000
 -0.060450   5.455520  -0.053750   1.000000   1.000000   1.000000   1.200000
  1.019480   4.213100   0.128020   1.000000   1.000000   1.000000   1.200000
  1.125330   2.390320   4.971820   0.000000   0.000000   1.000000   1.540000
  1.517080   0.764010   3.746080   1.000000   1.000000   1.000000   1.200000
  0.856840   3.000090   4.219300   1.000000   1.000000   1.000000   1.200000
  1.859670   2.820530   5.492390   1.000000   1.000000   1.000000   1.200000
  0.341590   2.261280   5.576980   1.000000   1.000000   1.000000   1.200000
 -3.718620   0.805960   3.527320   0.000000   0.000000   1.000000   1.540000
 -1.986190  -0.290850   3.691910   1.000000   1.000000   1.000000   1.200000
 -3.992460   1.006170   2.586200   1.000000   1.000000   1.000000   1.200000
 -3.282040   1.635470   3.887100   1.000000   1.000000   1.000000   1.200000
 -4.537220   0.610090   4.065140   1.000000   1.000000   1.000000   1.200000
28 bonds follow (x1 y1 z1 x2 y2 z2)
 -3.718620   0.805960   3.527320  -4.537220   0.610090   4.065140
 -3.718620   0.805960   3.527320  -3.282040   1.635470   3.887100
 -3.718620   0.805960   3.527320  -3.992460   1.006170   2.586200
 -1.080890  -0.599810   3.533600  -1.986190  -0.290850   3.691910
  1.125330   2.390320   4.971820   0.341590   2.261280   5.576980
  1.125330   2.390320   4.971820   1.859670   2.820530   5.492390
  1.125330   2.390320   4.971820   0.856840   3.000090   4.219300
  1.274070   0.091130   3.093590   1.517080   0.764010   3.746080
  0.860740   5.210590   0.342990   1.019480   4.213100   0.128020
  0.860740   5.210590   0.342990  -0.060450   5.455520  -0.053750
  0.860740   5.210590   0.342990   1.596830   5.808840  -0.000040
  0.860740   5.210590   0.342990   0.742260   5.279170   1.378780
 -2.487300   5.892960   1.919070  -2.063630   6.291680   2.879800
 -2.487300   5.892960   1.919070  -2.704460   6.753330   1.232380
 -2.487300   5.892960   1.919070  -3.437420   5.339050   2.136410
 -1.571330   5.064650   1.300670  -2.487300   5.892960   1.919070
 -1.171210   3.416420   1.852230  -1.571330   5.064650   1.300670
 -1.171210   3.416420   1.852230  -0.783170   3.086160   0.528850
 -1.171210   3.416420   1.852230  -2.386560   3.032740   2.405670
 -1.171210   3.416420   1.852230  -0.077030   3.922490   2.607440
 -0.185560   0.181810   2.503400  -0.600290   1.593900   2.326130
 -0.185560   0.181810   2.503400  -1.080890  -0.599810   3.533600
 -0.185560   0.181810   2.503400   1.274070   0.091130   3.093590
 -0.144080  -0.707950   1.189620  -0.185560   0.181810   2.503400
 -0.559740  -0.159610  -0.042690  -0.144080  -0.707950   1.189620
 -0.559740  -0.159610  -0.042690  -1.544590  -0.620330  -0.319560
 -0.559740  -0.159610  -0.042690  -0.641880   0.959790   0.026840
 -0.559740  -0.159610  -0.042690   0.205300  -0.459800  -0.805150
