33 atoms follow (x y z r g b radiusScale)
 -0.031990   0.026110  -0.044700   0.000000   1.000000   0.000000   1.850000
  1.084570  -0.017030  -0.111220   1.000000   1.000000   1.000000   1.200000
 -0.400410   1.088020  -0.026930   1.000000   1.000000   1.000000   1.200000
 -0.485120  -0.539520  -0.897820   1.000000   1.000000   1.000000   1.200000
 -0.441040  -0.638950   1.132090   1.000000   0.000000   0.000000   1.400000
 -0.309110   0.158160   2.498490   0.500000   0.500000   0.500000   1.900000
  1.180100  -0.069320   2.955080   1.000000   0.000000   0.000000   1.400000
 -1.232760  -0.569300   3.526920   1.000000   0.000000   0.000000   1.400000
 -0.663620   1.597660   2.411900   1.000000   0.000000   0.000000   1.400000
 -1.165140   3.427100   1.953460   1.000000   1.000000   0.000000   1.850000
 -0.059220   3.928230   2.706030   1.000000   0.000000   0.000000   1.400000
 -2.373800   3.121060   2.542030   1.000000   0.000000   0.000000   1.400000
 -0.794240   3.094140   0.618790   1.000000   0.000000   0.000000   1.400000
 -1.619800   5.072470   1.412840   1.000000   0.000000   0.000000   1.400000
 -2.864500   5.625170   1.170150   0.000000   1.000000   0.000000   1.850000
 -3.195390   5.390700   0.122670   1.000000   1.000000   1.000000   1.200000
 -2.775440   6.740170   1.277420   1.000000   1.000000   1.000000   1.200000
 -3.630080   5.243230   1.893060   1.000000   1.000000   1.000000   1.200000
  0.941930   5.239820   0.578300   0.000000   0.000000   1.000000   1.540000
  0.771070   5.202880   1.614740   1.000000   1.000000   1.000000   1.200000
  0.951510   6.197070   0.273940   1.000000   1.000000   1.000000   1.200000
  0.122940   4.743700   0.142530   1.000000   1.000000   1.000000   1.200000
  1.804110   4.760280   0.345420   1.000000   1.000000   1.000000   1.200000
  1.578630   2.291460   4.696420   0.000000   0.000000   1.000000   1.540000
  1.523200   0.493470   3.663980   1.000000   1.000000   1.000000   1.200000
  1.062960   2.907910   4.093800   1.000000   1.000000   1.000000   1.200000
  2.497710   2.656740   4.828200   1.000000   1.000000   1.000000   1.200000
  1.123640   2.250590   5.584150   1.000000   1.000000   1.000000   1.200000
 -3.611800   0.934420   3.774010   0.000000   0.000000   1.000000   1.540000
 -2.119560  -0.191430   3.713690   1.000000   1.000000   1.000000   1.200000
 -3.828290   1.176190   2.826570   1.000000   1.000000   1.000000   1.200000
 -3.197050   1.745670   4.194020   1.000000   1.000000   1.000000   1.200000
 -4.455850   0.708860   4.255530   1.000000   1.000000   1.000000   1.200000
28 bonds follow (x1 y1 z1 x2 y2 z2)
 -3.611800   0.934420   3.774010  -4.455850   0.708860   4.255530
 -3.611800   0.934420   3.774010  -3.197050   1.745670   4.194020
 -3.611800   0.934420   3.774010  -3.828290   1.176190   2.826570
 -1.232760  -0.569300   3.526920  -2.119560  -0.191430   3.713690
  1.578630   2.291460   4.696420   1.123640   2.250590   5.584150
  1.578630   2.291460   4.696420   2.497710   2.656740   4.828200
  1.578630   2.291460   4.696420   1.062960   2.907910   4.093800
  1.180100  -0.069320   2.955080   1.523200   0.493470   3.663980
  0.941930   5.239820   0.578300   1.804110   4.760280   0.345420
  0.941930   5.239820   0.578300   0.122940   4.743700   0.142530
  0.941930   5.239820   0.578300   0.951510   6.197070   0.273940
  0.941930   5.239820   0.578300   0.771070   5.202880   1.614740
 -2.864500   5.625170   1.170150  -3.630080   5.243230   1.893060
 -2.864500   5.625170   1.170150  -2.775440   6.740170   1.277420
 -2.864500   5.625170   1.170150  -3.195390   5.390700   0.122670
 -1.619800   5.072470   1.412840  -2.864500   5.625170   1.170150
 -1.165140   3.427100   1.953460  -1.619800   5.072470   1.412840
 -1.165140   3.427100   1.953460  -0.794240   3.094140   0.618790
 -1.165140   3.427100   1.953460  -2.373800   3.121060   2.542030
 -1.165140   3.427100   1.953460  -0.059220   3.928230   2.706030
 -0.309110   0.158160   2.498490  -0.663620   1.597660   2.411900
 -0.309110   0.158160   2.498490  -1.232760  -0.569300   3.526920
 -0.309110   0.158160   2.498490   1.180100  -0.069320   2.955080
 -0.441040  -0.638950   1.132090  -0.309110   0.158160   2.498490
 -0.031990   0.026110  -0.044700  -0.441040  -0.638950   1.132090
 -0.031990   0.026110  -0.044700  -0.485120  -0.539520  -0.897820
 -0.031990   0.026110  -0.044700  -0.400410   1.088020  -0.026930
 -0.031990   0.026110  -0.044700   1.084570  -0.017030  -0.111220
