33 atoms follow (x y z r g b radiusScale)
  0.397370  -0.093940   0.118450   0.000000   1.000000   0.000000   1.850000
  1.459230  -0.200390   0.457560   1.000000   1.000000   1.000000   1.200000
  0.109800   0.986120   0.011880   1.000000   1.000000   1.000000   1.200000
  0.227730  -0.649780  -0.836680   1.000000   1.000000   1.000000   1.200000
 -0.444430  -0.689530   1.091480   1.000000   0.000000   0.000000   1.400000
 -0.309790  -0.004670   2.512730   0.500000   0.500000   0.500000   1.900000
  1.169550  -0.126920   2.976910   1.000000   0.000000   0.000000   1.400000
 -1.193230  -0.800370   3.516670   1.000000   0.000000   0.000000   1.400000
 -0.751770   1.439490   2.470030   1.000000   0.000000   0.000000   1.400000
 -1.165200   3.194000   2.213110   1.000000   1.000000   0.000000   1.850000
 -0.476000   3.703570   3.285590   1.000000   0.000000   0.000000   1.400000
 -2.526560   3.083440   2.272390   1.000000   0.000000   0.000000   1.400000
 -0.536260   3.306130   0.995640   1.000000   0.000000   0.000000   1.400000
 -2.522280   6.534200   1.401860   1.000000   0.000000   0.000000   1.400000
 -3.834930   6.253840   0.994490   0.000000   1.000000   0.000000   1.850000
 -4.390390   7.162160   0.648150   1.000000   1.000000   1.000000   1.200000
 -4.386480   5.783610   1.852530   1.000000   1.000000   1.000000   1.200000
 -3.748030   5.499180   0.171910   1.000000   1.000000   1.000000   1.200000
  2.428740   4.862940  -0.255350   0.000000   0.000000   1.000000   1.540000
  2.028320   5.403690   0.481530   1.000000   1.000000   1.000000   1.200000
 -2.540880   7.244350   2.124560   1.000000   1.000000   1.000000   1.200000
  2.052160   5.180390  -1.121350   1.000000   1.000000   1.000000   1.200000
  2.135190   3.915650  -0.119510   1.000000   1.000000   1.000000   1.200000
  1.887750   2.266890   4.288140   0.000000   0.000000   1.000000   1.540000
  1.555370   0.563440   3.563790   1.000000   1.000000   1.000000   1.200000
  1.566220   2.978150   3.658430   1.000000   1.000000   1.000000   1.200000
  2.850270   2.427890   4.500590   1.000000   1.000000   1.000000   1.200000
  1.354290   2.337260   5.130950   1.000000   1.000000   1.000000   1.200000
 -3.492450   0.715060   3.757480   0.000000   0.000000   1.000000   1.540000
 -2.114510  -0.495560   3.691060   1.000000   1.000000   1.000000   1.200000
 -3.512410   1.263580   2.916850   1.000000   1.000000   1.000000   1.200000
 -3.305080   1.327200   4.525200   1.000000   1.000000   1.000000   1.200000
 -4.384290   0.286780   3.891450   1.000000   1.000000   1.000000   1.200000
28 bonds follow (x1 y1 z1 x2 y2 z2)
 -3.492450   0.715060   3.757480  -4.384290   0.286780   3.891450
 -3.492450   0.715060   3.757480  -3.305080   1.327200   4.525200
 -3.492450   0.715060   3.757480  -3.512410   1.263580   2.916850
 -1.193230  -0.800370   3.516670  -2.114510  -0.495560   3.691060
  1.887750   2.266890   4.288140   1.354290   2.337260   5.130950
  1.887750   2.266890   4.288140   2.850270   2.427890   4.500590
  1.887750   2.266890   4.288140   1.566220   2.978150   3.658430
  1.169550  -0.126920   2.976910   1.555370   0.563440   3.563790
  2.428740   4.862940  -0.255350   2.135190   3.915650  -0.119510
  2.428740   4.862940  -0.255350   2.052160   5.180390  -1.121350
 -2.522280   6.534200   1.401860  -2.540880   7.244350   2.124560
  2.428740   4.862940  -0.255350   2.028320   5.403690   0.481530
 -3.834930   6.253840   0.994490  -3.748030   5.499180   0.171910
 -3.834930   6.253840   0.994490  -4.386480   5.783610   1.852530
 -3.834930   6.253840   0.994490  -4.390390   7.162160   0.648150
 -2.522280   6.534200   1.401860  -3.834930   6.253840   0.994490
 -1.165200   3.194000   2.213110  -0.536260   3.306130   0.995640
 -1.165200   3.194000   2.213110  -2.526560   3.083440   2.272390
 -1.165200   3.194000   2.213110  -0.476000   3.703570   3.285590
 -0.751770   1.439490   2.470030  -1.165200   3.194000   2.213110
 -0.309790  -0.004670   2.512730  -0.751770   1.439490   2.470030
 -0.309790  -0.004670   2.512730  -1.193230  -0.800370   3.516670
 -0.309790  -0.004670   2.512730   1.169550  -0.126920   2.976910
 -0.444430  -0.689530   1.091480  -0.309790  -0.004670   2.512730
  0.397370  -0.093940   0.118450  -0.444430  -0.689530   1.091480
  0.397370  -0.093940   0.118450   0.227730  -0.649780  -0.836680
  0.397370  -0.093940   0.118450   0.109800   0.986120   0.011880
  0.397370  -0.093940   0.118450   1.459230  -0.200390   0.457560
