33 atoms follow (x y z r g b radiusScale)
 -0.310580  -0.108800  -0.077560   0.000000   1.000000   0.000000   1.850000
  0.621040  -0.396070  -0.632190   1.000000   1.000000   1.000000   1.200000
 -0.408900   1.006150   0.019560   1.000000   1.000000   1.000000   1.200000
 -1.197780  -0.536400  -0.614730   1.000000   1.000000   1.000000   1.200000
 -0.260350  -0.720410   1.195070   1.000000   0.000000   0.000000   1.400000
 -0.215850   0.158290   2.513960   0.500000   0.500000   0.500000   1.900000
  1.274360   0.061980   3.009460   1.000000   0.000000   0.000000   1.400000
 -1.022230  -0.606980   3.627240   1.000000   0.000000   0.000000   1.400000
 -0.667930   1.549530   2.294900   1.000000   0.000000   0.000000   1.400000
 -1.162190   3.409770   1.884840   1.000000   1.000000   0.000000   1.850000
  0.067260   3.798260   2.480800   1.000000   0.000000   0.000000   1.400000
 -2.323160   3.146800   2.592140   1.000000   0.000000   0.000000   1.400000
 -0.977330   3.091980   0.512110   1.000000   0.000000   0.000000   1.400000
 -1.489260   5.127420   1.477350   1.000000   0.000000   0.000000   1.400000
 -2.587730   5.875200   1.846240   0.000000   1.000000   0.000000   1.850000
 -3.055090   5.474570   2.783680   1.000000   1.000000   1.000000   1.200000
 -3.351960   5.866670   1.023520   1.000000   1.000000   1.000000   1.200000
 -2.258500   6.935410   2.019340   1.000000   1.000000   1.000000   1.200000
  0.870700   5.167370   0.290280   0.000000   0.000000   1.000000   1.540000
  1.277260   4.451160   0.915210   1.000000   1.000000   1.000000   1.200000
  1.558280   5.619940  -0.287030   1.000000   1.000000   1.000000   1.200000
  0.370080   5.824610   0.909290   1.000000   1.000000   1.000000   1.200000
  0.129670   4.684780  -0.259780   1.000000   1.000000   1.000000   1.200000
  1.002680   2.518270   4.999560   0.000000   0.000000   1.000000   1.540000
  1.499560   0.475220   3.845970   1.000000   1.000000   1.000000   1.200000
  1.245330   2.993240   4.148990   1.000000   1.000000   1.000000   1.200000
  1.579030   2.861320   5.739330   1.000000   1.000000   1.000000   1.200000
  0.051090   2.740520   5.210240   1.000000   1.000000   1.000000   1.200000
 -3.695950   0.793370   3.397860   0.000000   0.000000   1.000000   1.540000
 -1.967350  -0.436350   3.726300   1.000000   1.000000   1.000000   1.200000
 -3.598310   1.242060   2.505570   1.000000   1.000000   1.000000   1.200000
 -3.338500   1.436330   4.079570   1.000000   1.000000   1.000000   1.200000
 -4.669460   0.658010   3.577160   1.000000   1.000000   1.000000   1.200000
28 bonds follow (x1 y1 z1 x2 y2 z2)
 -3.695950   0.793370   3.397860  -4.669460   0.658010   3.577160
 -3.695950   0.793370   3.397860  -3.338500   1.436330   4.079570
 -3.695950   0.793370   3.397860  -3.598310   1.242060   2.505570
 -1.022230  -0.606980   3.627240  -1.967350  -0.436350   3.726300
  1.002680   2.518270   4.999560   0.051090   2.740520   5.210240
  1.002680   2.518270   4.999560   1.579030   2.861320   5.739330
  1.002680   2.518270   4.999560   1.245330   2.993240   4.148990
  1.274360   0.061980   3.009460   1.499560   0.475220   3.845970
  0.870700   5.167370   0.290280   0.129670   4.684780  -0.259780
  0.870700   5.167370   0.290280   0.370080   5.824610   0.909290
  0.870700   5.167370   0.290280   1.558280   5.619940  -0.287030
  0.870700   5.167370   0.290280   1.277260   4.451160   0.915210
 -2.587730   5.875200   1.846240  -2.258500   6.935410   2.019340
 -2.587730   5.875200   1.846240  -3.351960   5.866670   1.023520
 -2.587730   5.875200   1.846240  -3.055090   5.474570   2.783680
 -1.489260   5.127420   1.477350  -2.587730   5.875200   1.846240
 -1.162190   3.409770   1.884840  -1.489260   5.127420   1.477350
 -1.162190   3.409770   1.884840  -0.977330   3.091980   0.512110
 -1.162190   3.409770   1.884840  -2.323160   3.146800   2.592140
 -1.162190   3.409770   1.884840   0.067260   3.798260   2.480800
 -0.215850   0.158290   2.513960  -0.667930   1.549530   2.294900
 -0.215850   0.158290   2.513960  -1.022230  -0.606980   3.627240
 -0.215850   0.158290   2.513960   1.274360   0.061980   3.009460
 -0.260350  -0.720410   1.195070  -0.215850   0.158290   2.513960
 -0.310580  -0.108800  -0.077560  -0.260350  -0.720410   1.195070
 -0.310580  -0.108800  -0.077560  -1.197780  -0.536400  -0.614730
 -0.310580  -0.108800  -0.077560  -0.408900   1.006150   0.019560
 -0.310580  -0.108800  -0.077560   0.621040  -0.396070  -0.632190
