33 atoms follow (x y z r g b radiusScale)
 -0.074390  -0.072430  -0.032630   0.000000   1.000000   0.000000   1.850000
  0.991410  -0.311830  -0.285340   1.000000   1.000000   1.000000   1.200000
 -0.242200   1.036420   0.038970   1.000000   1.000000   1.000000   1.200000
 -0.742720  -0.523630  -0.811500   1.000000   1.000000   1.000000   1.200000
 -0.410070  -0.694220   1.187780   1.000000   0.000000   0.000000   1.400000
 -0.312600   0.137450   2.538530   0.500000   0.500000   0.500000   1.900000
  1.176910  -0.043220   3.012900   1.000000   0.000000   0.000000   1.400000
 -1.138710  -0.695640   3.583120   1.000000   0.000000   0.000000   1.400000
 -0.698230   1.563100   2.406320   1.000000   0.000000   0.000000   1.400000
 -1.185390   3.462720   1.871760   1.000000   1.000000   0.000000   1.850000
 -0.107040   3.889740   2.685650   1.000000   0.000000   0.000000   1.400000
 -2.462720   3.110390   2.273810   1.000000   0.000000   0.000000   1.400000
 -0.650440   3.173690   0.584190   1.000000   0.000000   0.000000   1.400000
 -1.595220   5.153990   1.447190   1.000000   0.000000   0.000000   1.400000
 -2.837540   5.758930   1.491530   0.000000   1.000000   0.000000   1.850000
 -3.444540   5.471080   0.592690   1.000000   1.000000   1.000000   1.200000
 -2.685530   6.871130   1.487170   1.000000   1.000000   1.000000   1.200000
 -3.396520   5.463510   2.416720   1.000000   1.000000   1.000000   1.200000
  0.874820   5.238920   0.503350   0.000000   0.000000   1.000000   1.540000
  0.765210   5.459820   1.512240   1.000000   1.000000   1.000000   1.200000
  1.628160   5.749840   0.071510   1.000000   1.000000   1.000000   1.200000
 -0.045380   5.432990   0.064620   1.000000   1.000000   1.000000   1.200000
  1.015680   4.207380   0.438520   1.000000   1.000000   1.000000   1.200000
  1.514630   2.308690   4.725020   0.000000   0.000000   1.000000   1.540000
  1.538070   0.629630   3.609820   1.000000   1.000000   1.000000   1.200000
  0.986850   2.873860   4.083390   1.000000   1.000000   1.000000   1.200000
  2.425360   2.703070   4.829130   1.000000   1.000000   1.000000   1.200000
  1.060500   2.319760   5.613920   1.000000   1.000000   1.000000   1.200000
 -3.533150   0.933710   3.726110   0.000000   0.000000   1.000000   1.540000
 -2.056630  -0.436500   3.762550   1.000000   1.000000   1.000000   1.200000
 -3.754950   1.105500   2.763660   1.000000   1.000000   1.000000   1.200000
 -3.022210   1.735180   4.048640   1.000000   1.000000   1.000000   1.200000
 -4.386010   0.873720   4.241820   1.000000   1.000000   1.000000   1.200000
28 bonds follow (x1 y1 z1 x2 y2 z2)
 -3.533150   0.933710   3.726110  -4.386010   0.873720   4.241820
 -3.533150   0.933710   3.726110  -3.022210   1.735180   4.048640
 -3.533150   0.933710   3.726110  -3.754950   1.105500   2.763660
 -1.138710  -0.695640   3.583120  -2.056630  -0.436500   3.762550
  1.514630   2.308690   4.725020   1.060500   2.319760   5.613920
  1.514630   2.308690   4.725020   2.425360   2.703070   4.829130
  1.514630   2.308690   4.725020   0.986850   2.873860   4.083390
  1.176910  -0.043220   3.012900   1.538070   0.629630   3.609820
  0.874820   5.238920   0.503350   1.015680   4.207380   0.438520
  0.874820   5.238920   0.503350  -0.045380   5.432990   0.064620
  0.874820   5.238920   0.503350   1.628160   5.749840   0.071510
  0.874820   5.238920   0.503350   0.765210   5.459820   1.512240
 -2.837540   5.758930   1.491530  -3.396520   5.463510   2.416720
 -2.837540   5.758930   1.491530  -2.685530   6.871130   1.487170
 -2.837540   5.758930   1.491530  -3.444540   5.471080   0.592690
 -1.595220   5.153990   1.447190  -2.837540   5.758930   1.491530
 -1.185390   3.462720   1.871760  -1.595220   5.153990   1.447190
 -1.185390   3.462720   1.871760  -0.650440   3.173690   0.584190
 -1.185390   3.462720   1.871760  -2.462720   3.110390   2.273810
 -1.185390   3.462720   1.871760  -0.107040   3.889740   2.685650
 -0.312600   0.137450   2.538530  -0.698230   1.563100   2.406320
 -0.312600   0.137450   2.538530  -1.138710  -0.695640   3.583120
 -0.312600   0.137450   2.538530   1.176910  -0.043220   3.012900
 -0.410070  -0.694220   1.187780  -0.312600   0.137450   2.538530
 -0.074390  -0.072430  -0.032630  -0.410070  -0.694220   1.187780
 -0.074390  -0.072430  -0.032630  -0.742720  -0.523630  -0.811500
 -0.074390  -0.072430  -0.032630  -0.242200   1.036420   0.038970
 -0.074390  -0.072430  -0.032630   0.991410  -0.311830  -0.285340
