33 atoms follow (x y z r g b radiusScale)
 -0.025840   0.016390  -0.033460   0.000000   1.000000   0.000000   1.850000
  1.092420  -0.019270  -0.065300   1.000000   1.000000   1.000000   1.200000
 -0.398580   1.077790  -0.025280   1.000000   1.000000   1.000000   1.200000
 -0.452190  -0.551170  -0.898210   1.000000   1.000000   1.000000   1.200000
 -0.460060  -0.647230   1.134730   1.000000   0.000000   0.000000   1.400000
 -0.299590   0.164870   2.491680   0.500000   0.500000   0.500000   1.900000
  1.175170  -0.090420   2.982890   1.000000   0.000000   0.000000   1.400000
 -1.228570  -0.564270   3.514240   1.000000   0.000000   0.000000   1.400000
 -0.646070   1.603290   2.374090   1.000000   0.000000   0.000000   1.400000
 -1.196920   3.443900   1.962030   1.000000   1.000000   0.000000   1.850000
 -0.061660   3.909650   2.690240   1.000000   0.000000   0.000000   1.400000
 -2.407930   3.131450   2.569840   1.000000   0.000000   0.000000   1.400000
 -0.812040   3.113740   0.626120   1.000000   0.000000   0.000000   1.400000
 -1.573970   5.104220   1.446170   1.000000   0.000000   0.000000   1.400000
 -2.850410   5.544680   1.145440   0.000000   1.000000   0.000000   1.850000
 -3.102120   5.296290   0.079260   1.000000   1.000000   1.000000   1.200000
 -2.878500   6.658820   1.273810   1.000000   1.000000   1.000000   1.200000
 -3.611050   5.074410   1.821780   1.000000   1.000000   1.000000   1.200000
  0.973380   5.270630   0.555920   0.000000   0.000000   1.000000   1.540000
  0.815730   5.190460   1.592280   1.000000   1.000000   1.000000   1.200000
  0.878140   6.231020   0.276350   1.000000   1.000000   1.000000   1.200000
  0.198500   4.703210   0.125650   1.000000   1.000000   1.000000   1.200000
  1.875040   4.891040   0.300400   1.000000   1.000000   1.000000   1.200000
  1.588250   2.280040   4.695220   0.000000   0.000000   1.000000   1.540000
  1.537830   0.518600   3.643400   1.000000   1.000000   1.000000   1.200000
  1.078500   2.880120   4.070390   1.000000   1.000000   1.000000   1.200000
  2.509870   2.642930   4.815530   1.000000   1.000000   1.000000   1.200000
  1.131370   2.273950   5.582800   1.000000   1.000000   1.000000   1.200000
 -3.618130   0.932530   3.779460   0.000000   0.000000   1.000000   1.540000
 -2.121030  -0.192310   3.679740   1.000000   1.000000   1.000000   1.200000
 -3.872750   1.205660   2.850730   1.000000   1.000000   1.000000   1.200000
 -3.227970   1.740030   4.227510   1.000000   1.000000   1.000000   1.200000
 -4.433550   0.639540   4.273520   1.000000   1.000000   1.000000   1.200000
28 bonds follow (x1 y1 z1 x2 y2 z2)
 -3.618130   0.932530   3.779460  -4.433550   0.639540   4.273520
 -3.618130   0.932530   3.779460  -3.227970   1.740030   4.227510
 -3.618130   0.932530   3.779460  -3.872750   1.205660   2.850730
 -1.228570  -0.564270   3.514240  -2.121030  -0.192310   3.679740
  1.588250   2.280040   4.695220   1.131370   2.273950   5.582800
  1.588250   2.280040   4.695220   2.509870   2.642930   4.815530
  1.588250   2.280040   4.695220   1.078500   2.880120   4.070390
  1.175170  -0.090420   2.982890   1.537830   0.518600   3.643400
  0.973380   5.270630   0.555920   1.875040   4.891040   0.300400
  0.973380   5.270630   0.555920   0.198500   4.703210   0.125650
  0.973380   5.270630   0.555920   0.878140   6.231020   0.276350
  0.973380   5.270630   0.555920   0.815730   5.190460   1.592280
 -2.850410   5.544680   1.145440  -3.611050   5.074410   1.821780
 -2.850410   5.544680   1.145440  -2.878500   6.658820   1.273810
 -2.850410   5.544680   1.145440  -3.102120   5.296290   0.079260
 -1.573970   5.104220   1.446170  -2.850410   5.544680   1.145440
 -1.196920   3.443900   1.962030  -1.573970   5.104220   1.446170
 -1.196920   3.443900   1.962030  -0.812040   3.113740   0.626120
 -1.196920   3.443900   1.962030  -2.407930   3.131450   2.569840
 -1.196920   3.443900   1.962030  -0.061660   3.909650   2.690240
 -0.299590   0.164870   2.491680  -0.646070   1.603290   2.374090
 -0.299590   0.164870   2.491680  -1.228570  -0.564270   3.514240
 -0.299590   0.164870   2.491680   1.175170  -0.090420   2.982890
 -0.460060  -0.647230   1.134730  -0.299590   0.164870   2.491680
 -0.025840   0.016390  -0.033460  -0.460060  -0.647230   1.134730
 -0.025840   0.016390  -0.033460  -0.452190  -0.551170  -0.898210
 -0.025840   0.016390  -0.033460  -0.398580   1.077790  -0.025280
 -0.025840   0.016390  -0.033460   1.092420  -0.019270  -0.065300
