33 atoms follow (x y z r g b radiusScale)
 -0.373250  -0.051850  -0.040040   0.000000   1.000000   0.000000   1.850000
  0.588630  -0.223710  -0.591660   1.000000   1.000000   1.000000   1.200000
 -0.574490   1.044600   0.095350   1.000000   1.000000   1.000000   1.200000
 -1.209700  -0.531500  -0.612700   1.000000   1.000000   1.000000   1.200000
 -0.292840  -0.713890   1.205930   1.000000   0.000000   0.000000   1.400000
 -0.169460   0.167640   2.519940   0.500000   0.500000   0.500000   1.900000
  1.292490  -0.026250   3.069120   1.000000   0.000000   0.000000   1.400000
 -1.002310  -0.625630   3.585520   1.000000   0.000000   0.000000   1.400000
 -0.672020   1.539590   2.287070   1.000000   0.000000   0.000000   1.400000
 -1.178250   3.436980   1.870740   1.000000   1.000000   0.000000   1.850000
  0.044800   3.808980   2.491190   1.000000   0.000000   0.000000   1.400000
 -2.359700   3.205600   2.554780   1.000000   0.000000   0.000000   1.400000
 -0.941620   3.108120   0.504930   1.000000   0.000000   0.000000   1.400000
 -1.517160   5.125930   1.395860   1.000000   0.000000   0.000000   1.400000
 -2.564580   5.901730   1.858980   0.000000   1.000000   0.000000   1.850000
 -3.077400   5.414230   2.728460   1.000000   1.000000   1.000000   1.200000
 -3.307090   6.057580   1.032550   1.000000   1.000000   1.000000   1.200000
 -2.161350   6.899890   2.177870   1.000000   1.000000   1.000000   1.200000
  0.855480   5.125190   0.316040   0.000000   0.000000   1.000000   1.540000
  1.413580   4.402520   0.787050   1.000000   1.000000   1.000000   1.200000
  1.408380   5.707930  -0.291450   1.000000   1.000000   1.000000   1.200000
  0.382520   5.673980   1.060970   1.000000   1.000000   1.000000   1.200000
  0.098240   4.644660  -0.192700   1.000000   1.000000   1.000000   1.200000
  1.020710   2.521070   5.018360   0.000000   0.000000   1.000000   1.540000
  1.460830   0.173570   3.992490   1.000000   1.000000   1.000000   1.200000
  1.042460   2.948210   4.109950   1.000000   1.000000   1.000000   1.200000
  1.675370   2.997010   5.604040   1.000000   1.000000   1.000000   1.200000
  0.107220   2.654710   5.402200   1.000000   1.000000   1.000000   1.200000
 -3.664670   0.740950   3.418450   0.000000   0.000000   1.000000   1.540000
 -1.965000  -0.569490   3.584720   1.000000   1.000000   1.000000   1.200000
 -3.601000   1.040150   2.463880   1.000000   1.000000   1.000000   1.200000
 -3.294830   1.487860   3.976780   1.000000   1.000000   1.000000   1.200000
 -4.630930   0.625240   3.644770   1.000000   1.000000   1.000000   1.200000
28 bonds follow (x1 y1 z1 x2 y2 z2)
 -3.664670   0.740950   3.418450  -4.630930   0.625240   3.644770
 -3.664670   0.740950   3.418450  -3.294830   1.487860   3.976780
 -3.664670   0.740950   3.418450  -3.601000   1.040150   2.463880
 -1.002310  -0.625630   3.585520  -1.965000  -0.569490   3.584720
  1.020710   2.521070   5.018360   0.107220   2.654710   5.402200
  1.020710   2.521070   5.018360   1.675370   2.997010   5.604040
  1.020710   2.521070   5.018360   1.042460   2.948210   4.109950
  1.292490  -0.026250   3.069120   1.460830   0.173570   3.992490
  0.855480   5.125190   0.316040   0.098240   4.644660  -0.192700
  0.855480   5.125190   0.316040   0.382520   5.673980   1.060970
  0.855480   5.125190   0.316040   1.408380   5.707930  -0.291450
  0.855480   5.125190   0.316040   1.413580   4.402520   0.787050
 -2.564580   5.901730   1.858980  -2.161350   6.899890   2.177870
 -2.564580   5.901730   1.858980  -3.307090   6.057580   1.032550
 -2.564580   5.901730   1.858980  -3.077400   5.414230   2.728460
 -1.517160   5.125930   1.395860  -2.564580   5.901730   1.858980
 -1.178250   3.436980   1.870740  -1.517160   5.125930   1.395860
 -1.178250   3.436980   1.870740  -0.941620   3.108120   0.504930
 -1.178250   3.436980   1.870740  -2.359700   3.205600   2.554780
 -1.178250   3.436980   1.870740   0.044800   3.808980   2.491190
 -0.169460   0.167640   2.519940  -0.672020   1.539590   2.287070
 -0.169460   0.167640   2.519940  -1.002310  -0.625630   3.585520
 -0.169460   0.167640   2.519940   1.292490  -0.026250   3.069120
 -0.292840  -0.713890   1.205930  -0.169460   0.167640   2.519940
 -0.373250  -0.051850  -0.040040  -0.292840  -0.713890   1.205930
 -0.373250  -0.051850  -0.040040  -1.209700  -0.531500  -0.612700
 -0.373250  -0.051850  -0.040040  -0.574490   1.044600   0.095350
 -0.373250  -0.051850  -0.040040   0.588630  -0.223710  -0.591660
