33 atoms follow (x y z r g b radiusScale)
 -0.009000   0.005640  -0.008010   0.000000   1.000000   0.000000   1.850000
  1.109840  -0.013330  -0.027680   1.000000   1.000000   1.000000   1.200000
 -0.396280   1.061810   0.000680   1.000000   1.000000   1.000000   1.200000
 -0.418040  -0.562990  -0.880470   1.000000   1.000000   1.000000   1.200000
 -0.447430  -0.670270   1.151710   1.000000   0.000000   0.000000   1.400000
 -0.325260   0.150480   2.509060   0.500000   0.500000   0.500000   1.900000
  1.156000  -0.089060   2.985990   1.000000   0.000000   0.000000   1.400000
 -1.229790  -0.621080   3.531430   1.000000   0.000000   0.000000   1.400000
 -0.613100   1.594810   2.341580   1.000000   0.000000   0.000000   1.400000
 -1.178270   3.480410   1.958290   1.000000   1.000000   0.000000   1.850000
 -0.047790   3.879310   2.728150   1.000000   0.000000   0.000000   1.400000
 -2.397780   3.140130   2.519420   1.000000   0.000000   0.000000   1.400000
 -0.897570   3.190470   0.589340   1.000000   0.000000   0.000000   1.400000
 -1.545580   5.167250   1.549880   1.000000   0.000000   0.000000   1.400000
 -2.814970   5.466800   1.084520   0.000000   1.000000   0.000000   1.850000
 -2.900140   5.193100  -0.001400   1.000000   1.000000   1.000000   1.200000
 -2.984550   6.568440   1.200200   1.000000   1.000000   1.000000   1.200000
 -3.599150   4.912870   1.664410   1.000000   1.000000   1.000000   1.200000
  0.939090   5.306840   0.518840   0.000000   0.000000   1.000000   1.540000
  0.841570   5.152230   1.546190   1.000000   1.000000   1.000000   1.200000
  0.617160   6.242500   0.307060   1.000000   1.000000   1.000000   1.200000
  0.283340   4.623460   0.074100   1.000000   1.000000   1.000000   1.200000
  1.890090   5.156040   0.213480   1.000000   1.000000   1.000000   1.200000
  1.599720   2.262750   4.682940   0.000000   0.000000   1.000000   1.540000
  1.520440   0.531580   3.635250   1.000000   1.000000   1.000000   1.200000
  1.116770   2.896870   4.072490   1.000000   1.000000   1.000000   1.200000
  2.537390   2.578380   4.810590   1.000000   1.000000   1.000000   1.200000
  1.143130   2.253250   5.570360   1.000000   1.000000   1.000000   1.200000
 -3.624640   0.926450   3.790540   0.000000   0.000000   1.000000   1.540000
 -2.135240  -0.299100   3.701890   1.000000   1.000000   1.000000   1.200000
 -3.837990   1.186850   2.846940   1.000000   1.000000   1.000000   1.200000
 -3.188410   1.721220   4.219380   1.000000   1.000000   1.000000   1.200000
 -4.475200   0.722930   4.271220   1.000000   1.000000   1.000000   1.200000
28 bonds follow (x1 y1 z1 x2 y2 z2)
 -3.624640   0.926450   3.790540  -4.475200   0.722930   4.271220
 -3.624640   0.926450   3.790540  -3.188410   1.721220   4.219380
 -3.624640   0.926450   3.790540  -3.837990   1.186850   2.846940
 -1.229790  -0.621080   3.531430  -2.135240  -0.299100   3.701890
  1.599720   2.262750   4.682940   1.143130   2.253250   5.570360
  1.599720   2.262750   4.682940   2.537390   2.578380   4.810590
  1.599720   2.262750   4.682940   1.116770   2.896870   4.072490
  1.156000  -0.089060   2.985990   1.520440   0.531580   3.635250
  0.939090   5.306840   0.518840   1.890090   5.156040   0.213480
  0.939090   5.306840   0.518840   0.283340   4.623460   0.074100
  0.939090   5.306840   0.518840   0.617160   6.242500   0.307060
  0.939090   5.306840   0.518840   0.841570   5.152230   1.546190
 -2.814970   5.466800   1.084520  -3.599150   4.912870   1.664410
 -2.814970   5.466800   1.084520  -2.984550   6.568440   1.200200
 -2.814970   5.466800   1.084520  -2.900140   5.193100  -0.001400
 -1.545580   5.167250   1.549880  -2.814970   5.466800   1.084520
 -1.178270   3.480410   1.958290  -1.545580   5.167250   1.549880
 -1.178270   3.480410   1.958290  -0.897570   3.190470   0.589340
 -1.178270   3.480410   1.958290  -2.397780   3.140130   2.519420
 -1.178270   3.480410   1.958290  -0.047790   3.879310   2.728150
 -0.325260   0.150480   2.509060  -0.613100   1.594810   2.341580
 -0.325260   0.150480   2.509060  -1.229790  -0.621080   3.531430
 -0.325260   0.150480   2.509060   1.156000  -0.089060   2.985990
 -0.447430  -0.670270   1.151710  -0.325260   0.150480   2.509060
 -0.009000   0.005640  -0.008010  -0.447430  -0.670270   1.151710
 -0.009000   0.005640  -0.008010  -0.418040  -0.562990  -0.880470
 -0.009000   0.005640  -0.008010  -0.396280   1.061810   0.000680
 -0.009000   0.005640  -0.008010   1.109840  -0.013330  -0.027680
