33 atoms follow (x y z r g b radiusScale)
 -0.432330  -0.057780  -0.051640   0.000000   1.000000   0.000000   1.850000
  0.526860  -0.118010  -0.630220   1.000000   1.000000   1.000000   1.200000
 -0.750340   1.009060   0.090250   1.000000   1.000000   1.000000   1.200000
 -1.219680  -0.640830  -0.597600   1.000000   1.000000   1.000000   1.200000
 -0.239990  -0.695010   1.194170   1.000000   0.000000   0.000000   1.400000
 -0.199150   0.158760   2.534810   0.500000   0.500000   0.500000   1.900000
  1.266220  -0.050090   3.068530   1.000000   0.000000   0.000000   1.400000
 -1.014360  -0.670000   3.595560   1.000000   0.000000   0.000000   1.400000
 -0.602260   1.563150   2.329090   1.000000   0.000000   0.000000   1.400000
 -1.189500   3.451270   1.855320   1.000000   1.000000   0.000000   1.850000
 -0.015940   3.888540   2.522510   1.000000   0.000000   0.000000   1.400000
 -2.369190   3.158150   2.513560   1.000000   0.000000   0.000000   1.400000
 -0.923860   3.088120   0.507230   1.000000   0.000000   0.000000   1.400000
 -1.565930   5.126800   1.376470   1.000000   0.000000   0.000000   1.400000
 -2.560140   5.941040   1.882190   0.000000   1.000000   0.000000   1.850000
 -3.166850   5.410090   2.660530   1.000000   1.000000   1.000000   1.200000
 -3.233750   6.261800   1.043510   1.000000   1.000000   1.000000   1.200000
 -2.090000   6.853960   2.337370   1.000000   1.000000   1.000000   1.200000
  0.899340   5.111090   0.296700   0.000000   0.000000   1.000000   1.540000
  1.397960   4.388240   0.840790   1.000000   1.000000   1.000000   1.200000
  1.523440   5.682810  -0.253490   1.000000   1.000000   1.000000   1.200000
  0.361840   5.667030   0.990030   1.000000   1.000000   1.000000   1.200000
  0.191670   4.624760  -0.277930   1.000000   1.000000   1.000000   1.200000
  1.038140   2.502040   5.017900   0.000000   0.000000   1.000000   1.540000
  1.436230   0.068390   4.003000   1.000000   1.000000   1.000000   1.200000
  0.929550   2.978320   4.140650   1.000000   1.000000   1.000000   1.200000
  1.753840   2.962170   5.541420   1.000000   1.000000   1.000000   1.200000
  0.182160   2.584120   5.527370   1.000000   1.000000   1.000000   1.200000
 -3.576070   0.755130   3.389990   0.000000   0.000000   1.000000   1.540000
 -1.939500  -0.441340   3.762650   1.000000   1.000000   1.000000   1.200000
 -3.799580   1.030040   2.454250   1.000000   1.000000   1.000000   1.200000
 -3.232380   1.572710   3.860270   1.000000   1.000000   1.000000   1.200000
 -4.409690   0.443940   3.842850   1.000000   1.000000   1.000000   1.200000
28 bonds follow (x1 y1 z1 x2 y2 z2)
 -3.576070   0.755130   3.389990  -4.409690   0.443940   3.842850
 -3.576070   0.755130   3.389990  -3.232380   1.572710   3.860270
 -3.576070   0.755130   3.389990  -3.799580   1.030040   2.454250
 -1.014360  -0.670000   3.595560  -1.939500  -0.441340   3.762650
  1.038140   2.502040   5.017900   0.182160   2.584120   5.527370
  1.038140   2.502040   5.017900   1.753840   2.962170   5.541420
  1.038140   2.502040   5.017900   0.929550   2.978320   4.140650
  1.266220  -0.050090   3.068530   1.436230   0.068390   4.003000
  0.899340   5.111090   0.296700   0.191670   4.624760  -0.277930
  0.899340   5.111090   0.296700   0.361840   5.667030   0.990030
  0.899340   5.111090   0.296700   1.523440   5.682810  -0.253490
  0.899340   5.111090   0.296700   1.397960   4.388240   0.840790
 -2.560140   5.941040   1.882190  -2.090000   6.853960   2.337370
 -2.560140   5.941040   1.882190  -3.233750   6.261800   1.043510
 -2.560140   5.941040   1.882190  -3.166850   5.410090   2.660530
 -1.565930   5.126800   1.376470  -2.560140   5.941040   1.882190
 -1.189500   3.451270   1.855320  -1.565930   5.126800   1.376470
 -1.189500   3.451270   1.855320  -0.923860   3.088120   0.507230
 -1.189500   3.451270   1.855320  -2.369190   3.158150   2.513560
 -1.189500   3.451270   1.855320  -0.015940   3.888540   2.522510
 -0.199150   0.158760   2.534810  -0.602260   1.563150   2.329090
 -0.199150   0.158760   2.534810  -1.014360  -0.670000   3.595560
 -0.199150   0.158760   2.534810   1.266220  -0.050090   3.068530
 -0.239990  -0.695010   1.194170  -0.199150   0.158760   2.534810
 -0.432330  -0.057780  -0.051640  -0.239990  -0.695010   1.194170
 -0.432330  -0.057780  -0.051640  -1.219680  -0.640830  -0.597600
 -0.432330  -0.057780  -0.051640  -0.750340   1.009060   0.090250
 -0.432330  -0.057780  -0.051640   0.526860  -0.118010  -0.630220
