33 atoms follow (x y z r g b radiusScale)
 -0.299300  -0.120630  -0.079080   0.000000   1.000000   0.000000   1.850000
  0.627450  -0.419950  -0.634710   1.000000   1.000000   1.000000   1.200000
 -0.384710   0.996120   0.013890   1.000000   1.000000   1.000000   1.200000
 -1.192390  -0.541040  -0.612420   1.000000   1.000000   1.000000   1.200000
 -0.250530  -0.725360   1.196900   1.000000   0.000000   0.000000   1.400000
 -0.227520   0.157800   2.515790   0.500000   0.500000   0.500000   1.900000
  1.264220   0.081610   2.993330   1.000000   0.000000   0.000000   1.400000
 -1.026770  -0.608890   3.629000   1.000000   0.000000   0.000000   1.400000
 -0.659730   1.551440   2.290300   1.000000   0.000000   0.000000   1.400000
 -1.158260   3.404730   1.887600   1.000000   1.000000   0.000000   1.850000
  0.075360   3.794130   2.479180   1.000000   0.000000   0.000000   1.400000
 -2.320630   3.135740   2.600400   1.000000   0.000000   0.000000   1.400000
 -0.975060   3.091200   0.517540   1.000000   0.000000   0.000000   1.400000
 -1.484680   5.133490   1.491730   1.000000   0.000000   0.000000   1.400000
 -2.595980   5.869910   1.845420   0.000000   1.000000   0.000000   1.850000
 -3.052960   5.481740   2.792770   1.000000   1.000000   1.000000   1.200000
 -3.363260   5.828570   1.026440   1.000000   1.000000   1.000000   1.200000
 -2.287290   6.939620   1.994600   1.000000   1.000000   1.000000   1.200000
  0.866240   5.168280   0.288760   0.000000   0.000000   1.000000   1.540000
  1.246250   4.476840   0.964070   1.000000   1.000000   1.000000   1.200000
  1.584710   5.585780  -0.279560   1.000000   1.000000   1.000000   1.200000
  0.340250   5.865180   0.855670   1.000000   1.000000   1.000000   1.200000
  0.143770   4.662600  -0.269990   1.000000   1.000000   1.000000   1.200000
  0.999380   2.516760   4.989790   0.000000   0.000000   1.000000   1.540000
  1.515850   0.522560   3.807070   1.000000   1.000000   1.000000   1.200000
  1.271570   3.010690   4.159510   1.000000   1.000000   1.000000   1.200000
  1.546300   2.844600   5.758290   1.000000   1.000000   1.000000   1.200000
  0.039770   2.733360   5.168450   1.000000   1.000000   1.000000   1.200000
 -3.695190   0.810680   3.390030   0.000000   0.000000   1.000000   1.540000
 -1.952960  -0.381710   3.782550   1.000000   1.000000   1.000000   1.200000
 -3.621510   1.297610   2.515720   1.000000   1.000000   1.000000   1.200000
 -3.350150   1.435880   4.093970   1.000000   1.000000   1.000000   1.200000
 -4.660790   0.633890   3.575190   1.000000   1.000000   1.000000   1.200000
28 bonds follow (x1 y1 z1 x2 y2 z2)
 -3.695190   0.810680   3.390030  -4.660790   0.633890   3.575190
 -3.695190   0.810680   3.390030  -3.350150   1.435880   4.093970
 -3.695190   0.810680   3.390030  -3.621510   1.297610   2.515720
 -1.026770  -0.608890   3.629000  -1.952960  -0.381710   3.782550
  0.999380   2.516760   4.989790   0.039770   2.733360   5.168450
  0.999380   2.516760   4.989790   1.546300   2.844600   5.758290
  0.999380   2.516760   4.989790   1.271570   3.010690   4.159510
  1.264220   0.081610   2.993330   1.515850   0.522560   3.807070
  0.866240   5.168280   0.288760   0.143770   4.662600  -0.269990
  0.866240   5.168280   0.288760   0.340250   5.865180   0.855670
  0.866240   5.168280   0.288760   1.584710   5.585780  -0.279560
  0.866240   5.168280   0.288760   1.246250   4.476840   0.964070
 -2.595980   5.869910   1.845420  -2.287290   6.939620   1.994600
 -2.595980   5.869910   1.845420  -3.363260   5.828570   1.026440
 -2.595980   5.869910   1.845420  -3.052960   5.481740   2.792770
 -1.484680   5.133490   1.491730  -2.595980   5.869910   1.845420
 -1.158260   3.404730   1.887600  -1.484680   5.133490   1.491730
 -1.158260   3.404730   1.887600  -0.975060   3.091200   0.517540
 -1.158260   3.404730   1.887600  -2.320630   3.135740   2.600400
 -1.158260   3.404730   1.887600   0.075360   3.794130   2.479180
 -0.227520   0.157800   2.515790  -0.659730   1.551440   2.290300
 -0.227520   0.157800   2.515790  -1.026770  -0.608890   3.629000
 -0.227520   0.157800   2.515790   1.264220   0.081610   2.993330
 -0.250530  -0.725360   1.196900  -0.227520   0.157800   2.515790
 -0.299300  -0.120630  -0.079080  -0.250530  -0.725360   1.196900
 -0.299300  -0.120630  -0.079080  -1.192390  -0.541040  -0.612420
 -0.299300  -0.120630  -0.079080  -0.384710   0.996120   0.013890
 -0.299300  -0.120630  -0.079080   0.627450  -0.419950  -0.634710
