33 atoms follow (x y z r g b radiusScale)
  0.024800  -0.039420   0.032640   0.000000   1.000000   0.000000   1.850000
  1.143160  -0.017060   0.054120   1.000000   1.000000   1.000000   1.200000
 -0.405040   0.999390   0.045050   1.000000   1.000000   1.000000   1.200000
 -0.339080  -0.603450  -0.862440   1.000000   1.000000   1.000000   1.200000
 -0.423070  -0.755920   1.169100   1.000000   0.000000   0.000000   1.400000
 -0.306680   0.034110   2.529320   0.500000   0.500000   0.500000   1.900000
  1.164280  -0.104440   3.027740   1.000000   0.000000   0.000000   1.400000
 -1.242250  -0.674610   3.546730   1.000000   0.000000   0.000000   1.400000
 -0.710290   1.479010   2.381170   1.000000   0.000000   0.000000   1.400000
 -1.110850   3.208650   2.036560   1.000000   1.000000   0.000000   1.850000
 -0.085860   3.799100   2.742090   1.000000   0.000000   0.000000   1.400000
 -2.389870   3.136150   2.544170   1.000000   0.000000   0.000000   1.400000
 -0.909770   3.176490   0.674870   1.000000   0.000000   0.000000   1.400000
 -1.928400   5.679700   1.685780   1.000000   0.000000   0.000000   1.400000
 -3.065290   5.835220   0.833610   0.000000   1.000000   0.000000   1.850000
 -2.805720   5.536280  -0.212690   1.000000   1.000000   1.000000   1.200000
 -3.469890   6.873620   0.867090   1.000000   1.000000   1.000000   1.200000
 -3.781540   5.087760   1.288920   1.000000   1.000000   1.000000   1.200000
  1.443780   5.666300   0.165140   0.000000   0.000000   1.000000   1.540000
  1.351630   5.590860   1.157060   1.000000   1.000000   1.000000   1.200000
 -1.425330   6.332150   1.445790   1.000000   1.000000   1.000000   1.200000
  0.566980   5.404910  -0.238820   1.000000   1.000000   1.000000   1.200000
  2.138290   5.016990  -0.146830   1.000000   1.000000   1.000000   1.200000
  1.663670   2.175970   4.663810   0.000000   0.000000   1.000000   1.540000
  1.538760   0.576240   3.626680   1.000000   1.000000   1.000000   1.200000
  1.311630   2.896180   4.058690   1.000000   1.000000   1.000000   1.200000
  2.618330   2.371060   4.882390   1.000000   1.000000   1.000000   1.200000
  1.135240   2.179160   5.511300   1.000000   1.000000   1.000000   1.200000
 -3.555730   0.965820   3.750190   0.000000   0.000000   1.000000   1.540000
 -2.123020  -0.276460   3.738010   1.000000   1.000000   1.000000   1.200000
 -3.806580   1.179850   2.804450   1.000000   1.000000   1.000000   1.200000
 -3.166490   1.801290   4.146350   1.000000   1.000000   1.000000   1.200000
 -4.381580   0.722260   4.255660   1.000000   1.000000   1.000000   1.200000
28 bonds follow (x1 y1 z1 x2 y2 z2)
 -3.555730   0.965820   3.750190  -4.381580   0.722260   4.255660
 -3.555730   0.965820   3.750190  -3.166490   1.801290   4.146350
 -3.555730   0.965820   3.750190  -3.806580   1.179850   2.804450
 -1.242250  -0.674610   3.546730  -2.123020  -0.276460   3.738010
  1.663670   2.175970   4.663810   1.135240   2.179160   5.511300
  1.663670   2.175970   4.663810   2.618330   2.371060   4.882390
  1.663670   2.175970   4.663810   1.311630   2.896180   4.058690
  1.164280  -0.104440   3.027740   1.538760   0.576240   3.626680
  1.443780   5.666300   0.165140   2.138290   5.016990  -0.146830
  1.443780   5.666300   0.165140   0.566980   5.404910  -0.238820
 -1.928400   5.679700   1.685780  -1.425330   6.332150   1.445790
  1.443780   5.666300   0.165140   1.351630   5.590860   1.157060
 -3.065290   5.835220   0.833610  -3.781540   5.087760   1.288920
 -3.065290   5.835220   0.833610  -3.469890   6.873620   0.867090
 -3.065290   5.835220   0.833610  -2.805720   5.536280  -0.212690
 -1.928400   5.679700   1.685780  -3.065290   5.835220   0.833610
 -1.110850   3.208650   2.036560  -0.909770   3.176490   0.674870
 -1.110850   3.208650   2.036560  -2.389870   3.136150   2.544170
 -1.110850   3.208650   2.036560  -0.085860   3.799100   2.742090
 -0.710290   1.479010   2.381170  -1.110850   3.208650   2.036560
 -0.306680   0.034110   2.529320  -0.710290   1.479010   2.381170
 -0.306680   0.034110   2.529320  -1.242250  -0.674610   3.546730
 -0.306680   0.034110   2.529320   1.164280  -0.104440   3.027740
 -0.423070  -0.755920   1.169100  -0.306680   0.034110   2.529320
  0.024800  -0.039420   0.032640  -0.423070  -0.755920   1.169100
  0.024800  -0.039420   0.032640  -0.339080  -0.603450  -0.862440
  0.024800  -0.039420   0.032640  -0.405040   0.999390   0.045050
  0.024800  -0.039420   0.032640   1.143160  -0.017060   0.054120
