33 atoms follow (x y z r g b radiusScale)
 -0.561340  -0.161880  -0.044470   0.000000   1.000000   0.000000   1.850000
  0.197750  -0.474340  -0.808980   1.000000   1.000000   1.000000   1.200000
 -0.634370   0.957070   0.018290   1.000000   1.000000   1.000000   1.200000
 -1.551500  -0.617770  -0.311590   1.000000   1.000000   1.000000   1.200000
 -0.140840  -0.705700   1.188170   1.000000   0.000000   0.000000   1.400000
 -0.188300   0.180640   2.501140   0.500000   0.500000   0.500000   1.900000
  1.270970   0.098980   3.095580   1.000000   0.000000   0.000000   1.400000
 -1.082890  -0.595400   3.537540   1.000000   0.000000   0.000000   1.400000
 -0.600820   1.594370   2.327540   1.000000   0.000000   0.000000   1.400000
 -1.167480   3.412890   1.850030   1.000000   1.000000   0.000000   1.850000
 -0.074810   3.916770   2.606860   1.000000   0.000000   0.000000   1.400000
 -2.382020   3.028800   2.400130   1.000000   0.000000   0.000000   1.400000
 -0.779880   3.083550   0.526140   1.000000   0.000000   0.000000   1.400000
 -1.576210   5.065220   1.302810   1.000000   0.000000   0.000000   1.400000
 -2.488770   5.897030   1.919260   0.000000   1.000000   0.000000   1.850000
 -3.448780   5.351930   2.118660   1.000000   1.000000   1.000000   1.200000
 -2.688490   6.768370   1.240450   1.000000   1.000000   1.000000   1.200000
 -2.073460   6.279840   2.890360   1.000000   1.000000   1.000000   1.200000
  0.857030   5.213660   0.348930   0.000000   0.000000   1.000000   1.540000
  0.722170   5.287590   1.390920   1.000000   1.000000   1.000000   1.200000
  1.591710   5.816640   0.015230   1.000000   1.000000   1.000000   1.200000
 -0.065590   5.443860  -0.064820   1.000000   1.000000   1.000000   1.200000
  1.021190   4.227970   0.147250   1.000000   1.000000   1.000000   1.200000
  1.129090   2.388250   4.972280   0.000000   0.000000   1.000000   1.540000
  1.510090   0.783750   3.737540   1.000000   1.000000   1.000000   1.200000
  0.864210   2.993970   4.215340   1.000000   1.000000   1.000000   1.200000
  1.867720   2.817180   5.487770   1.000000   1.000000   1.000000   1.200000
  0.345410   2.269350   5.579440   1.000000   1.000000   1.000000   1.200000
 -3.721400   0.805490   3.531320   0.000000   0.000000   1.000000   1.540000
 -1.987490  -0.292670   3.701600   1.000000   1.000000   1.000000   1.200000
 -3.981000   1.009060   2.586670   1.000000   1.000000   1.000000   1.200000
 -3.253110   1.620140   3.885630   1.000000   1.000000   1.000000   1.200000
 -4.551680   0.652760   4.065340   1.000000   1.000000   1.000000   1.200000
28 bonds follow (x1 y1 z1 x2 y2 z2)
 -3.721400   0.805490   3.531320  -4.551680   0.652760   4.065340
 -3.721400   0.805490   3.531320  -3.253110   1.620140   3.885630
 -3.721400   0.805490   3.531320  -3.981000   1.009060   2.586670
 -1.082890  -0.595400   3.537540  -1.987490  -0.292670   3.701600
  1.129090   2.388250   4.972280   0.345410   2.269350   5.579440
  1.129090   2.388250   4.972280   1.867720   2.817180   5.487770
  1.129090   2.388250   4.972280   0.864210   2.993970   4.215340
  1.270970   0.098980   3.095580   1.510090   0.783750   3.737540
  0.857030   5.213660   0.348930   1.021190   4.227970   0.147250
  0.857030   5.213660   0.348930  -0.065590   5.443860  -0.064820
  0.857030   5.213660   0.348930   1.591710   5.816640   0.015230
  0.857030   5.213660   0.348930   0.722170   5.287590   1.390920
 -2.488770   5.897030   1.919260  -2.073460   6.279840   2.890360
 -2.488770   5.897030   1.919260  -2.688490   6.768370   1.240450
 -2.488770   5.897030   1.919260  -3.448780   5.351930   2.118660
 -1.576210   5.065220   1.302810  -2.488770   5.897030   1.919260
 -1.167480   3.412890   1.850030  -1.576210   5.065220   1.302810
 -1.167480   3.412890   1.850030  -0.779880   3.083550   0.526140
 -1.167480   3.412890   1.850030  -2.382020   3.028800   2.400130
 -1.167480   3.412890   1.850030  -0.074810   3.916770   2.606860
 -0.188300   0.180640   2.501140  -0.600820   1.594370   2.327540
 -0.188300   0.180640   2.501140  -1.082890  -0.595400   3.537540
 -0.188300   0.180640   2.501140   1.270970   0.098980   3.095580
 -0.140840  -0.705700   1.188170  -0.188300   0.180640   2.501140
 -0.561340  -0.161880  -0.044470  -0.140840  -0.705700   1.188170
 -0.561340  -0.161880  -0.044470  -1.551500  -0.617770  -0.311590
 -0.561340  -0.161880  -0.044470  -0.634370   0.957070   0.018290
 -0.561340  -0.161880  -0.044470   0.197750  -0.474340  -0.808980
