33 atoms follow (x y z r g b radiusScale)
 -0.089390  -0.089840  -0.028100   0.000000   1.000000   0.000000   1.850000
  0.950700  -0.372360  -0.338390   1.000000   1.000000   1.000000   1.200000
 -0.206200   1.024380   0.064240   1.000000   1.000000   1.000000   1.200000
 -0.815080  -0.497110  -0.779660   1.000000   1.000000   1.000000   1.200000
 -0.383590  -0.718380   1.200370   1.000000   0.000000   0.000000   1.400000
 -0.314750   0.143280   2.533850   0.500000   0.500000   0.500000   1.900000
  1.171450  -0.027160   3.012990   1.000000   0.000000   0.000000   1.400000
 -1.140840  -0.672300   3.589090   1.000000   0.000000   0.000000   1.400000
 -0.687850   1.569970   2.372610   1.000000   0.000000   0.000000   1.400000
 -1.187410   3.445060   1.865330   1.000000   1.000000   0.000000   1.850000
 -0.127910   3.906330   2.688050   1.000000   0.000000   0.000000   1.400000
 -2.456110   3.080320   2.269220   1.000000   0.000000   0.000000   1.400000
 -0.705010   3.146550   0.559570   1.000000   0.000000   0.000000   1.400000
 -1.600590   5.144190   1.437220   1.000000   0.000000   0.000000   1.400000
 -2.830810   5.769810   1.543520   0.000000   1.000000   0.000000   1.850000
 -3.488670   5.488470   0.679070   1.000000   1.000000   1.000000   1.200000
 -2.663370   6.880270   1.526930   1.000000   1.000000   1.000000   1.200000
 -3.345770   5.488360   2.498210   1.000000   1.000000   1.000000   1.200000
  0.926500   5.266170   0.513790   0.000000   0.000000   1.000000   1.540000
  0.914560   5.350640   1.548680   1.000000   1.000000   1.000000   1.200000
  1.700380   5.754640   0.091550   1.000000   1.000000   1.000000   1.200000
  0.004650   5.610160   0.180520   1.000000   1.000000   1.000000   1.200000
  0.945920   4.254880   0.300110   1.000000   1.000000   1.000000   1.200000
  1.506570   2.316380   4.743830   0.000000   0.000000   1.000000   1.540000
  1.528160   0.619430   3.638550   1.000000   1.000000   1.000000   1.200000
  0.998690   2.898380   4.100710   1.000000   1.000000   1.000000   1.200000
  2.438580   2.662480   4.830310   1.000000   1.000000   1.000000   1.200000
  1.066770   2.362550   5.638580   1.000000   1.000000   1.000000   1.200000
 -3.521060   0.949370   3.708290   0.000000   0.000000   1.000000   1.540000
 -2.035840  -0.367680   3.816470   1.000000   1.000000   1.000000   1.200000
 -3.770410   1.112170   2.751320   1.000000   1.000000   1.000000   1.200000
 -3.064580   1.782860   4.030980   1.000000   1.000000   1.000000   1.200000
 -4.355840   0.814790   4.238880   1.000000   1.000000   1.000000   1.200000
28 bonds follow (x1 y1 z1 x2 y2 z2)
 -3.521060   0.949370   3.708290  -4.355840   0.814790   4.238880
 -3.521060   0.949370   3.708290  -3.064580   1.782860   4.030980
 -3.521060   0.949370   3.708290  -3.770410   1.112170   2.751320
 -1.140840  -0.672300   3.589090  -2.035840  -0.367680   3.816470
  1.506570   2.316380   4.743830   1.066770   2.362550   5.638580
  1.506570   2.316380   4.743830   2.438580   2.662480   4.830310
  1.506570   2.316380   4.743830   0.998690   2.898380   4.100710
  1.171450  -0.027160   3.012990   1.528160   0.619430   3.638550
  0.926500   5.266170   0.513790   0.945920   4.254880   0.300110
  0.926500   5.266170   0.513790   0.004650   5.610160   0.180520
  0.926500   5.266170   0.513790   1.700380   5.754640   0.091550
  0.926500   5.266170   0.513790   0.914560   5.350640   1.548680
 -2.830810   5.769810   1.543520  -3.345770   5.488360   2.498210
 -2.830810   5.769810   1.543520  -2.663370   6.880270   1.526930
 -2.830810   5.769810   1.543520  -3.488670   5.488470   0.679070
 -1.600590   5.144190   1.437220  -2.830810   5.769810   1.543520
 -1.187410   3.445060   1.865330  -1.600590   5.144190   1.437220
 -1.187410   3.445060   1.865330  -0.705010   3.146550   0.559570
 -1.187410   3.445060   1.865330  -2.456110   3.080320   2.269220
 -1.187410   3.445060   1.865330  -0.127910   3.906330   2.688050
 -0.314750   0.143280   2.533850  -0.687850   1.569970   2.372610
 -0.314750   0.143280   2.533850  -1.140840  -0.672300   3.589090
 -0.314750   0.143280   2.533850   1.171450  -0.027160   3.012990
 -0.383590  -0.718380   1.200370  -0.314750   0.143280   2.533850
 -0.089390  -0.089840  -0.028100  -0.383590  -0.718380   1.200370
 -0.089390  -0.089840  -0.028100  -0.815080  -0.497110  -0.779660
 -0.089390  -0.089840  -0.028100  -0.206200   1.024380   0.064240
 -0.089390  -0.089840  -0.028100   0.950700  -0.372360  -0.338390
