33 atoms follow (x y z r g b radiusScale)
 -0.496870  -0.262530  -0.028520   0.000000   1.000000   0.000000   1.850000
  0.369850  -0.461490  -0.711920   1.000000   1.000000   1.000000   1.200000
 -0.712810   0.839330   0.030010   1.000000   1.000000   1.000000   1.200000
 -1.388740  -0.829200  -0.405460   1.000000   1.000000   1.000000   1.200000
 -0.162070  -0.773290   1.242940   1.000000   0.000000   0.000000   1.400000
 -0.231580   0.163600   2.529900   0.500000   0.500000   0.500000   1.900000
  1.198840   0.028730   3.157610   1.000000   0.000000   0.000000   1.400000
 -1.136130  -0.576700   3.568930   1.000000   0.000000   0.000000   1.400000
 -0.662210   1.556930   2.264680   1.000000   0.000000   0.000000   1.400000
 -1.184850   3.426480   1.761880   1.000000   1.000000   0.000000   1.850000
 -0.111440   3.872900   2.583760   1.000000   0.000000   0.000000   1.400000
 -2.443110   3.057040   2.208180   1.000000   0.000000   0.000000   1.400000
 -0.737550   3.139950   0.454310   1.000000   0.000000   0.000000   1.400000
 -1.587690   5.135280   1.363710   1.000000   0.000000   0.000000   1.400000
 -2.645100   5.767850   1.994530   0.000000   1.000000   0.000000   1.850000
 -3.620590   5.338500   1.645530   1.000000   1.000000   1.000000   1.200000
 -2.608010   6.860880   1.745420   1.000000   1.000000   1.000000   1.200000
 -2.571540   5.641280   3.107710   1.000000   1.000000   1.000000   1.200000
  0.923790   5.311160   0.525360   0.000000   0.000000   1.000000   1.540000
  1.139800   4.731640   1.361040   1.000000   1.000000   1.000000   1.200000
  1.756130   5.666620   0.084530   1.000000   1.000000   1.000000   1.200000
  0.283410   6.058290   0.841070   1.000000   1.000000   1.000000   1.200000
  0.377280   4.699550  -0.115210   1.000000   1.000000   1.000000   1.200000
  1.292240   2.446730   4.891240   0.000000   0.000000   1.000000   1.540000
  1.478510   0.691530   3.803520   1.000000   1.000000   1.000000   1.200000
  0.886430   3.014700   4.169230   1.000000   1.000000   1.000000   1.200000
  2.150170   2.860970   5.187670   1.000000   1.000000   1.000000   1.200000
  0.668280   2.416430   5.669850   1.000000   1.000000   1.000000   1.200000
 -3.506850   0.908750   3.590680   0.000000   0.000000   1.000000   1.540000
 -2.063970  -0.293610   3.681600   1.000000   1.000000   1.000000   1.200000
 -3.597080   1.229940   2.643710   1.000000   1.000000   1.000000   1.200000
 -3.087660   1.657090   4.109530   1.000000   1.000000   1.000000   1.200000
 -4.416600   0.733670   3.961720   1.000000   1.000000   1.000000   1.200000
28 bonds follow (x1 y1 z1 x2 y2 z2)
 -3.506850   0.908750   3.590680  -4.416600   0.733670   3.961720
 -3.506850   0.908750   3.590680  -3.087660   1.657090   4.109530
 -3.506850   0.908750   3.590680  -3.597080   1.229940   2.643710
 -1.136130  -0.576700   3.568930  -2.063970  -0.293610   3.681600
  1.292240   2.446730   4.891240   0.668280   2.416430   5.669850
  1.292240   2.446730   4.891240   2.150170   2.860970   5.187670
  1.292240   2.446730   4.891240   0.886430   3.014700   4.169230
  1.198840   0.028730   3.157610   1.478510   0.691530   3.803520
  0.923790   5.311160   0.525360   0.377280   4.699550  -0.115210
  0.923790   5.311160   0.525360   0.283410   6.058290   0.841070
  0.923790   5.311160   0.525360   1.756130   5.666620   0.084530
  0.923790   5.311160   0.525360   1.139800   4.731640   1.361040
 -2.645100   5.767850   1.994530  -2.571540   5.641280   3.107710
 -2.645100   5.767850   1.994530  -2.608010   6.860880   1.745420
 -2.645100   5.767850   1.994530  -3.620590   5.338500   1.645530
 -1.587690   5.135280   1.363710  -2.645100   5.767850   1.994530
 -1.184850   3.426480   1.761880  -1.587690   5.135280   1.363710
 -1.184850   3.426480   1.761880  -0.737550   3.139950   0.454310
 -1.184850   3.426480   1.761880  -2.443110   3.057040   2.208180
 -1.184850   3.426480   1.761880  -0.111440   3.872900   2.583760
 -0.231580   0.163600   2.529900  -0.662210   1.556930   2.264680
 -0.231580   0.163600   2.529900  -1.136130  -0.576700   3.568930
 -0.231580   0.163600   2.529900   1.198840   0.028730   3.157610
 -0.162070  -0.773290   1.242940  -0.231580   0.163600   2.529900
 -0.496870  -0.262530  -0.028520  -0.162070  -0.773290   1.242940
 -0.496870  -0.262530  -0.028520  -1.388740  -0.829200  -0.405460
 -0.496870  -0.262530  -0.028520  -0.712810   0.839330   0.030010
 -0.496870  -0.262530  -0.028520   0.369850  -0.461490  -0.711920
