33 atoms follow (x y z r g b radiusScale)
 -0.575420  -0.162500  -0.031350   0.000000   1.000000   0.000000   1.850000
  0.150850  -0.509820  -0.811450   1.000000   1.000000   1.000000   1.200000
 -0.603370   0.959650   0.021420   1.000000   1.000000   1.000000   1.200000
 -1.588640  -0.582330  -0.267260   1.000000   1.000000   1.000000   1.200000
 -0.139000  -0.712130   1.196320   1.000000   0.000000   0.000000   1.400000
 -0.184430   0.169630   2.513240   0.500000   0.500000   0.500000   1.900000
  1.273500   0.139660   3.108820   1.000000   0.000000   0.000000   1.400000
 -1.111580  -0.579290   3.544300   1.000000   0.000000   0.000000   1.400000
 -0.623090   1.570490   2.280580   1.000000   0.000000   0.000000   1.400000
 -1.154590   3.378080   1.818820   1.000000   1.000000   0.000000   1.850000
 -0.062280   3.869490   2.587290   1.000000   0.000000   0.000000   1.400000
 -2.398980   3.074190   2.356610   1.000000   0.000000   0.000000   1.400000
 -0.714460   3.092800   0.491430   1.000000   0.000000   0.000000   1.400000
 -1.614290   5.038440   1.339870   1.000000   0.000000   0.000000   1.400000
 -2.511680   5.898340   1.935030   0.000000   1.000000   0.000000   1.850000
 -3.539050   5.451220   1.962670   1.000000   1.000000   1.000000   1.200000
 -2.537140   6.845680   1.329880   1.000000   1.000000   1.000000   1.200000
 -2.192120   6.146160   2.982610   1.000000   1.000000   1.000000   1.200000
  0.821700   5.251020   0.415780   0.000000   0.000000   1.000000   1.540000
  0.697000   5.379500   1.446440   1.000000   1.000000   1.000000   1.200000
  1.555680   5.826550   0.037040   1.000000   1.000000   1.000000   1.200000
 -0.102730   5.450450  -0.009130   1.000000   1.000000   1.000000   1.200000
  0.998260   4.251490   0.267260   1.000000   1.000000   1.000000   1.200000
  1.163230   2.392330   4.962210   0.000000   0.000000   1.000000   1.540000
  1.443630   0.756980   3.841410   1.000000   1.000000   1.000000   1.200000
  0.933220   3.067580   4.254590   1.000000   1.000000   1.000000   1.200000
  2.002890   2.664700   5.426520   1.000000   1.000000   1.000000   1.200000
  0.423130   2.354980   5.630580   1.000000   1.000000   1.000000   1.200000
 -3.705400   0.840010   3.563070   0.000000   0.000000   1.000000   1.540000
 -2.049590  -0.351960   3.618320   1.000000   1.000000   1.000000   1.200000
 -3.865560   0.957500   2.581380   1.000000   1.000000   1.000000   1.200000
 -3.171430   1.636020   3.865300   1.000000   1.000000   1.000000   1.200000
 -4.590020   0.862120   4.026700   1.000000   1.000000   1.000000   1.200000
29 bonds follow (x1 y1 z1 x2 y2 z2)
 -3.705400   0.840010   3.563070  -4.590020   0.862120   4.026700
 -3.705400   0.840010   3.563070  -3.171430   1.636020   3.865300
 -3.705400   0.840010   3.563070  -3.865560   0.957500   2.581380
 -1.111580  -0.579290   3.544300  -2.049590  -0.351960   3.618320
  1.163230   2.392330   4.962210   0.423130   2.354980   5.630580
  1.163230   2.392330   4.962210   2.002890   2.664700   5.426520
  1.163230   2.392330   4.962210   0.933220   3.067580   4.254590
  1.273500   0.139660   3.108820   1.443630   0.756980   3.841410
  0.821700   5.251020   0.415780   0.998260   4.251490   0.267260
  0.821700   5.251020   0.415780  -0.102730   5.450450  -0.009130
  0.821700   5.251020   0.415780   1.555680   5.826550   0.037040
  0.821700   5.251020   0.415780   0.697000   5.379500   1.446440
 -2.511680   5.898340   1.935030  -2.192120   6.146160   2.982610
 -2.511680   5.898340   1.935030  -2.537140   6.845680   1.329880
 -2.511680   5.898340   1.935030  -3.539050   5.451220   1.962670
 -1.614290   5.038440   1.339870  -2.511680   5.898340   1.935030
 -1.154590   3.378080   1.818820  -1.614290   5.038440   1.339870
 -1.154590   3.378080   1.818820  -0.714460   3.092800   0.491430
 -1.154590   3.378080   1.818820  -2.398980   3.074190   2.356610
 -1.154590   3.378080   1.818820  -0.062280   3.869490   2.587290
 -0.623090   1.570490   2.280580  -1.154590   3.378080   1.818820
 -0.184430   0.169630   2.513240  -0.623090   1.570490   2.280580
 -0.184430   0.169630   2.513240  -1.111580  -0.579290   3.544300
 -0.184430   0.169630   2.513240   1.273500   0.139660   3.108820
 -0.139000  -0.712130   1.196320  -0.184430   0.169630   2.513240
 -0.575420  -0.162500  -0.031350  -0.139000  -0.712130   1.196320
 -0.575420  -0.162500  -0.031350  -1.588640  -0.582330  -0.267260
 -0.575420  -0.162500  -0.031350  -0.603370   0.959650   0.021420
 -0.575420  -0.162500  -0.031350   0.150850  -0.509820  -0.811450
