33 atoms follow (x y z r g b radiusScale)
 -0.070630  -0.062810  -0.030520   0.000000   1.000000   0.000000   1.850000
  1.002550  -0.289000  -0.263540   1.000000   1.000000   1.000000   1.200000
 -0.253290   1.043760   0.039230   1.000000   1.000000   1.000000   1.200000
 -0.719880  -0.522040  -0.820610   1.000000   1.000000   1.000000   1.200000
 -0.421160  -0.688340   1.183850   1.000000   0.000000   0.000000   1.400000
 -0.307980   0.134230   2.539600   0.500000   0.500000   0.500000   1.900000
  1.183500  -0.044760   3.008550   1.000000   0.000000   0.000000   1.400000
 -1.143340  -0.699940   3.577850   1.000000   0.000000   0.000000   1.400000
 -0.700150   1.557570   2.414670   1.000000   0.000000   0.000000   1.400000
 -1.185720   3.468400   1.875200   1.000000   1.000000   0.000000   1.850000
 -0.106880   3.888900   2.689040   1.000000   0.000000   0.000000   1.400000
 -2.463820   3.122260   2.280750   1.000000   0.000000   0.000000   1.400000
 -0.646890   3.178110   0.588790   1.000000   0.000000   0.000000   1.400000
 -1.584770   5.149180   1.445320   1.000000   0.000000   0.000000   1.400000
 -2.833080   5.745500   1.473750   0.000000   1.000000   0.000000   1.850000
 -3.421350   5.456100   0.562960   1.000000   1.000000   1.000000   1.200000
 -2.687080   6.858510   1.477780   1.000000   1.000000   1.000000   1.200000
 -3.403290   5.440510   2.388970   1.000000   1.000000   1.000000   1.200000
  0.863400   5.237720   0.500930   0.000000   0.000000   1.000000   1.540000
  0.719540   5.468090   1.496120   1.000000   1.000000   1.000000   1.200000
  1.596220   5.783150   0.075420   1.000000   1.000000   1.000000   1.200000
 -0.050890   5.366480   0.037830   1.000000   1.000000   1.000000   1.200000
  1.062830   4.223660   0.458790   1.000000   1.000000   1.000000   1.200000
  1.517760   2.310120   4.716970   0.000000   0.000000   1.000000   1.540000
  1.527360   0.602780   3.644030   1.000000   1.000000   1.000000   1.200000
  0.984280   2.892840   4.096310   1.000000   1.000000   1.000000   1.200000
  2.423810   2.709760   4.838590   1.000000   1.000000   1.000000   1.200000
  1.062790   2.278130   5.604960   1.000000   1.000000   1.000000   1.200000
 -3.541030   0.931200   3.732730   0.000000   0.000000   1.000000   1.540000
 -2.066730  -0.449490   3.740270   1.000000   1.000000   1.000000   1.200000
 -3.758330   1.107050   2.770050   1.000000   1.000000   1.000000   1.200000
 -3.024400   1.727410   4.058870   1.000000   1.000000   1.000000   1.200000
 -4.396140   0.877410   4.245460   1.000000   1.000000   1.000000   1.200000
28 bonds follow (x1 y1 z1 x2 y2 z2)
 -3.541030   0.931200   3.732730  -4.396140   0.877410   4.245460
 -3.541030   0.931200   3.732730  -3.024400   1.727410   4.058870
 -3.541030   0.931200   3.732730  -3.758330   1.107050   2.770050
 -1.143340  -0.699940   3.577850  -2.066730  -0.449490   3.740270
  1.517760   2.310120   4.716970   1.062790   2.278130   5.604960
  1.517760   2.310120   4.716970   2.423810   2.709760   4.838590
  1.517760   2.310120   4.716970   0.984280   2.892840   4.096310
  1.183500  -0.044760   3.008550   1.527360   0.602780   3.644030
  0.863400   5.237720   0.500930   1.062830   4.223660   0.458790
  0.863400   5.237720   0.500930  -0.050890   5.366480   0.037830
  0.863400   5.237720   0.500930   1.596220   5.783150   0.075420
  0.863400   5.237720   0.500930   0.719540   5.468090   1.496120
 -2.833080   5.745500   1.473750  -3.403290   5.440510   2.388970
 -2.833080   5.745500   1.473750  -2.687080   6.858510   1.477780
 -2.833080   5.745500   1.473750  -3.421350   5.456100   0.562960
 -1.584770   5.149180   1.445320  -2.833080   5.745500   1.473750
 -1.185720   3.468400   1.875200  -1.584770   5.149180   1.445320
 -1.185720   3.468400   1.875200  -0.646890   3.178110   0.588790
 -1.185720   3.468400   1.875200  -2.463820   3.122260   2.280750
 -1.185720   3.468400   1.875200  -0.106880   3.888900   2.689040
 -0.307980   0.134230   2.539600  -0.700150   1.557570   2.414670
 -0.307980   0.134230   2.539600  -1.143340  -0.699940   3.577850
 -0.307980   0.134230   2.539600   1.183500  -0.044760   3.008550
 -0.421160  -0.688340   1.183850  -0.307980   0.134230   2.539600
 -0.070630  -0.062810  -0.030520  -0.421160  -0.688340   1.183850
 -0.070630  -0.062810  -0.030520  -0.719880  -0.522040  -0.820610
 -0.070630  -0.062810  -0.030520  -0.253290   1.043760   0.039230
 -0.070630  -0.062810  -0.030520   1.002550  -0.289000  -0.263540
