33 atoms follow (x y z r g b radiusScale)
 -0.491020  -0.091340  -0.042260   0.000000   1.000000   0.000000   1.850000
  0.429910  -0.119710  -0.682500   1.000000   1.000000   1.000000   1.200000
 -0.831680   0.967520   0.115580   1.000000   1.000000   1.000000   1.200000
 -1.290990  -0.702580  -0.536580   1.000000   1.000000   1.000000   1.200000
 -0.191960  -0.712660   1.188550   1.000000   0.000000   0.000000   1.400000
 -0.189010   0.152190   2.525880   0.500000   0.500000   0.500000   1.900000
  1.276780  -0.055940   3.067210   1.000000   0.000000   0.000000   1.400000
 -1.081690  -0.608080   3.564790   1.000000   0.000000   0.000000   1.400000
 -0.586790   1.570670   2.371970   1.000000   0.000000   0.000000   1.400000
 -1.192870   3.470950   1.864770   1.000000   1.000000   0.000000   1.850000
 -0.045170   3.945940   2.551140   1.000000   0.000000   0.000000   1.400000
 -2.389760   3.119310   2.455290   1.000000   0.000000   0.000000   1.400000
 -0.862050   3.098620   0.538210   1.000000   0.000000   0.000000   1.400000
 -1.609800   5.119310   1.317070   1.000000   0.000000   0.000000   1.400000
 -2.550790   5.941580   1.914340   0.000000   1.000000   0.000000   1.850000
 -3.261370   5.345500   2.545170   1.000000   1.000000   1.000000   1.200000
 -3.125640   6.474960   1.112430   1.000000   1.000000   1.000000   1.200000
 -2.032890   6.703390   2.557540   1.000000   1.000000   1.000000   1.200000
  0.892790   5.087720   0.305310   0.000000   0.000000   1.000000   1.540000
  1.206030   4.567120   1.140810   1.000000   1.000000   1.000000   1.200000
  1.660090   5.526360  -0.176460   1.000000   1.000000   1.000000   1.200000
  0.182340   5.772890   0.638240   1.000000   1.000000   1.000000   1.200000
  0.379730   4.410710  -0.294650   1.000000   1.000000   1.000000   1.200000
  1.045860   2.446740   5.010690   0.000000   0.000000   1.000000   1.540000
  1.521450   0.419150   3.864150   1.000000   1.000000   1.000000   1.200000
  0.929700   2.917600   4.130790   1.000000   1.000000   1.000000   1.200000
  1.856490   2.813560   5.464210   1.000000   1.000000   1.000000   1.200000
  0.250220   2.648120   5.580050   1.000000   1.000000   1.000000   1.200000
 -3.531820   0.745590   3.418740   0.000000   0.000000   1.000000   1.540000
 -2.012060  -0.334600   3.678490   1.000000   1.000000   1.000000   1.200000
 -3.759240   0.838220   2.449340   1.000000   1.000000   1.000000   1.200000
 -3.115550   1.611230   3.714910   1.000000   1.000000   1.000000   1.200000
 -4.375190   0.604530   3.933120   1.000000   1.000000   1.000000   1.200000
28 bonds follow (x1 y1 z1 x2 y2 z2)
 -3.531820   0.745590   3.418740  -4.375190   0.604530   3.933120
 -3.531820   0.745590   3.418740  -3.115550   1.611230   3.714910
 -3.531820   0.745590   3.418740  -3.759240   0.838220   2.449340
 -1.081690  -0.608080   3.564790  -2.012060  -0.334600   3.678490
  1.045860   2.446740   5.010690   0.250220   2.648120   5.580050
  1.045860   2.446740   5.010690   1.856490   2.813560   5.464210
  1.045860   2.446740   5.010690   0.929700   2.917600   4.130790
  1.276780  -0.055940   3.067210   1.521450   0.419150   3.864150
  0.892790   5.087720   0.305310   0.379730   4.410710  -0.294650
  0.892790   5.087720   0.305310   0.182340   5.772890   0.638240
  0.892790   5.087720   0.305310   1.660090   5.526360  -0.176460
  0.892790   5.087720   0.305310   1.206030   4.567120   1.140810
 -2.550790   5.941580   1.914340  -2.032890   6.703390   2.557540
 -2.550790   5.941580   1.914340  -3.125640   6.474960   1.112430
 -2.550790   5.941580   1.914340  -3.261370   5.345500   2.545170
 -1.609800   5.119310   1.317070  -2.550790   5.941580   1.914340
 -1.192870   3.470950   1.864770  -1.609800   5.119310   1.317070
 -1.192870   3.470950   1.864770  -0.862050   3.098620   0.538210
 -1.192870   3.470950   1.864770  -2.389760   3.119310   2.455290
 -1.192870   3.470950   1.864770  -0.045170   3.945940   2.551140
 -0.189010   0.152190   2.525880  -0.586790   1.570670   2.371970
 -0.189010   0.152190   2.525880  -1.081690  -0.608080   3.564790
 -0.189010   0.152190   2.525880   1.276780  -0.055940   3.067210
 -0.191960  -0.712660   1.188550  -0.189010   0.152190   2.525880
 -0.491020  -0.091340  -0.042260  -0.191960  -0.712660   1.188550
 -0.491020  -0.091340  -0.042260  -1.290990  -0.702580  -0.536580
 -0.491020  -0.091340  -0.042260  -0.831680   0.967520   0.115580
 -0.491020  -0.091340  -0.042260   0.429910  -0.119710  -0.682500
