33 atoms follow (x y z r g b radiusScale)
  0.002080  -0.000650  -0.002180   0.000000   1.000000   0.000000   1.850000
  1.120830  -0.004150   0.000790   1.000000   1.000000   1.000000   1.200000
 -0.402190   1.048500  -0.007710   1.000000   1.000000   1.000000   1.200000
 -0.386050  -0.582240  -0.875540   1.000000   1.000000   1.000000   1.200000
 -0.448610  -0.675790   1.157210   1.000000   0.000000   0.000000   1.400000
 -0.324430   0.122710   2.516550   0.500000   0.500000   0.500000   1.900000
  1.151830  -0.062380   2.995630   1.000000   0.000000   0.000000   1.400000
 -1.240930  -0.618790   3.538650   1.000000   0.000000   0.000000   1.400000
 -0.686410   1.569210   2.368490   1.000000   0.000000   0.000000   1.400000
 -1.106880   3.317810   1.987940   1.000000   1.000000   0.000000   1.850000
 -0.065790   3.835510   2.733590   1.000000   0.000000   0.000000   1.400000
 -2.389590   3.199730   2.513010   1.000000   0.000000   0.000000   1.400000
 -0.908050   3.148990   0.627610   1.000000   0.000000   0.000000   1.400000
 -1.531250   5.236040   1.554720   1.000000   0.000000   0.000000   1.400000
 -2.734420   5.645560   0.949300   0.000000   1.000000   0.000000   1.850000
 -2.760910   5.319180  -0.119430   1.000000   1.000000   1.000000   1.200000
 -2.818020   6.758330   1.021520   1.000000   1.000000   1.000000   1.200000
 -3.551530   5.147800   1.535500   1.000000   1.000000   1.000000   1.200000
  0.801370   5.452490   0.481050   0.000000   0.000000   1.000000   1.540000
  1.304990   5.199020   1.302640   1.000000   1.000000   1.000000   1.200000
 -0.798760   5.701120   1.130070   1.000000   1.000000   1.000000   1.200000
  0.749460   4.685370  -0.151770   1.000000   1.000000   1.000000   1.200000
  1.169950   6.268260   0.052920   1.000000   1.000000   1.000000   1.200000
  1.620580   2.230870   4.684400   0.000000   0.000000   1.000000   1.540000
  1.523750   0.577500   3.631630   1.000000   1.000000   1.000000   1.200000
  1.190600   2.910890   4.083160   1.000000   1.000000   1.000000   1.200000
  2.576950   2.480070   4.825200   1.000000   1.000000   1.000000   1.200000
  1.156080   2.240330   5.568120   1.000000   1.000000   1.000000   1.200000
 -3.596550   0.960930   3.766080   0.000000   0.000000   1.000000   1.540000
 -2.140040  -0.272510   3.721710   1.000000   1.000000   1.000000   1.200000
 -3.840800   1.199300   2.824490   1.000000   1.000000   1.000000   1.200000
 -3.176780   1.776040   4.173220   1.000000   1.000000   1.000000   1.200000
 -4.427450   0.733960   4.270140   1.000000   1.000000   1.000000   1.200000
28 bonds follow (x1 y1 z1 x2 y2 z2)
 -3.596550   0.960930   3.766080  -4.427450   0.733960   4.270140
 -3.596550   0.960930   3.766080  -3.176780   1.776040   4.173220
 -3.596550   0.960930   3.766080  -3.840800   1.199300   2.824490
 -1.240930  -0.618790   3.538650  -2.140040  -0.272510   3.721710
  1.620580   2.230870   4.684400   1.156080   2.240330   5.568120
  1.620580   2.230870   4.684400   2.576950   2.480070   4.825200
  1.620580   2.230870   4.684400   1.190600   2.910890   4.083160
  1.151830  -0.062380   2.995630   1.523750   0.577500   3.631630
  0.801370   5.452490   0.481050   1.169950   6.268260   0.052920
  0.801370   5.452490   0.481050   0.749460   4.685370  -0.151770
 -1.531250   5.236040   1.554720  -0.798760   5.701120   1.130070
  0.801370   5.452490   0.481050   1.304990   5.199020   1.302640
 -2.734420   5.645560   0.949300  -3.551530   5.147800   1.535500
 -2.734420   5.645560   0.949300  -2.818020   6.758330   1.021520
 -2.734420   5.645560   0.949300  -2.760910   5.319180  -0.119430
 -1.531250   5.236040   1.554720  -2.734420   5.645560   0.949300
 -1.106880   3.317810   1.987940  -0.908050   3.148990   0.627610
 -1.106880   3.317810   1.987940  -2.389590   3.199730   2.513010
 -1.106880   3.317810   1.987940  -0.065790   3.835510   2.733590
 -0.686410   1.569210   2.368490  -1.106880   3.317810   1.987940
 -0.324430   0.122710   2.516550  -0.686410   1.569210   2.368490
 -0.324430   0.122710   2.516550  -1.240930  -0.618790   3.538650
 -0.324430   0.122710   2.516550   1.151830  -0.062380   2.995630
 -0.448610  -0.675790   1.157210  -0.324430   0.122710   2.516550
  0.002080  -0.000650  -0.002180  -0.448610  -0.675790   1.157210
  0.002080  -0.000650  -0.002180  -0.386050  -0.582240  -0.875540
  0.002080  -0.000650  -0.002180  -0.402190   1.048500  -0.007710
  0.002080  -0.000650  -0.002180   1.120830  -0.004150   0.000790
