33 atoms follow (x y z r g b radiusScale)
 -0.035150   0.031570  -0.044200   0.000000   1.000000   0.000000   1.850000
  1.079550  -0.017420  -0.134650   1.000000   1.000000   1.000000   1.200000
 -0.396420   1.095360  -0.013340   1.000000   1.000000   1.000000   1.200000
 -0.507470  -0.527600  -0.891480   1.000000   1.000000   1.000000   1.200000
 -0.427230  -0.640130   1.135630   1.000000   0.000000   0.000000   1.400000
 -0.319500   0.150100   2.506950   0.500000   0.500000   0.500000   1.900000
  1.177820  -0.057030   2.939190   1.000000   0.000000   0.000000   1.400000
 -1.229090  -0.593780   3.539600   1.000000   0.000000   0.000000   1.400000
 -0.645040   1.598410   2.417320   1.000000   0.000000   0.000000   1.400000
 -1.165150   3.416830   1.954170   1.000000   1.000000   0.000000   1.850000
 -0.069170   3.929020   2.702730   1.000000   0.000000   0.000000   1.400000
 -2.390170   3.123640   2.525540   1.000000   0.000000   0.000000   1.400000
 -0.777640   3.103850   0.620020   1.000000   0.000000   0.000000   1.400000
 -1.617700   5.067550   1.392950   1.000000   0.000000   0.000000   1.400000
 -2.852990   5.646280   1.195780   0.000000   1.000000   0.000000   1.850000
 -3.233020   5.414460   0.163990   1.000000   1.000000   1.000000   1.200000
 -2.741550   6.760700   1.292120   1.000000   1.000000   1.000000   1.200000
 -3.599530   5.284670   1.949360   1.000000   1.000000   1.000000   1.200000
  0.931340   5.245700   0.571100   0.000000   0.000000   1.000000   1.540000
  0.752420   5.237050   1.605670   1.000000   1.000000   1.000000   1.200000
  1.029840   6.189060   0.235910   1.000000   1.000000   1.000000   1.200000
  0.084210   4.789250   0.140960   1.000000   1.000000   1.000000   1.200000
  1.759650   4.693350   0.360800   1.000000   1.000000   1.000000   1.200000
  1.572090   2.294500   4.699440   0.000000   0.000000   1.000000   1.540000
  1.531840   0.516800   3.633630   1.000000   1.000000   1.000000   1.200000
  1.055290   2.911170   4.097950   1.000000   1.000000   1.000000   1.200000
  2.491770   2.658820   4.829420   1.000000   1.000000   1.000000   1.200000
  1.119130   2.252240   5.588040   1.000000   1.000000   1.000000   1.200000
 -3.608690   0.939050   3.770450   0.000000   0.000000   1.000000   1.540000
 -2.116670  -0.228900   3.739810   1.000000   1.000000   1.000000   1.200000
 -3.806910   1.157480   2.812990   1.000000   1.000000   1.000000   1.200000
 -3.179950   1.753600   4.170580   1.000000   1.000000   1.000000   1.200000
 -4.467650   0.756900   4.244460   1.000000   1.000000   1.000000   1.200000
29 bonds follow (x1 y1 z1 x2 y2 z2)
 -3.608690   0.939050   3.770450  -4.467650   0.756900   4.244460
 -3.608690   0.939050   3.770450  -3.179950   1.753600   4.170580
 -3.608690   0.939050   3.770450  -3.806910   1.157480   2.812990
 -1.229090  -0.593780   3.539600  -2.116670  -0.228900   3.739810
  1.572090   2.294500   4.699440   1.119130   2.252240   5.588040
  1.572090   2.294500   4.699440   2.491770   2.658820   4.829420
  1.572090   2.294500   4.699440   1.055290   2.911170   4.097950
  1.177820  -0.057030   2.939190   1.531840   0.516800   3.633630
  0.931340   5.245700   0.571100   1.759650   4.693350   0.360800
  0.931340   5.245700   0.571100   0.084210   4.789250   0.140960
  0.931340   5.245700   0.571100   1.029840   6.189060   0.235910
  0.931340   5.245700   0.571100   0.752420   5.237050   1.605670
 -2.852990   5.646280   1.195780  -3.599530   5.284670   1.949360
 -2.852990   5.646280   1.195780  -2.741550   6.760700   1.292120
 -2.852990   5.646280   1.195780  -3.233020   5.414460   0.163990
 -1.617700   5.067550   1.392950  -2.852990   5.646280   1.195780
 -1.165150   3.416830   1.954170  -1.617700   5.067550   1.392950
 -1.165150   3.416830   1.954170  -0.777640   3.103850   0.620020
 -1.165150   3.416830   1.954170  -2.390170   3.123640   2.525540
 -1.165150   3.416830   1.954170  -0.069170   3.929020   2.702730
 -0.645040   1.598410   2.417320  -1.165150   3.416830   1.954170
 -0.319500   0.150100   2.506950  -0.645040   1.598410   2.417320
 -0.319500   0.150100   2.506950  -1.229090  -0.593780   3.539600
 -0.319500   0.150100   2.506950   1.177820  -0.057030   2.939190
 -0.427230  -0.640130   1.135630  -0.319500   0.150100   2.506950
 -0.035150   0.031570  -0.044200  -0.427230  -0.640130   1.135630
 -0.035150   0.031570  -0.044200  -0.507470  -0.527600  -0.891480
 -0.035150   0.031570  -0.044200  -0.396420   1.095360  -0.013340
 -0.035150   0.031570  -0.044200   1.079550  -0.017420  -0.134650
