33 atoms follow (x y z r g b radiusScale)
 -0.524910  -0.103980  -0.019080   0.000000   1.000000   0.000000   1.850000
  0.357380  -0.202540  -0.704110   1.000000   1.000000   1.000000   1.200000
 -0.791820   0.977750   0.130150   1.000000   1.000000   1.000000   1.200000
 -1.386840  -0.670140  -0.459800   1.000000   1.000000   1.000000   1.200000
 -0.195720  -0.719390   1.207270   1.000000   0.000000   0.000000   1.400000
 -0.155060   0.166530   2.532930   0.500000   0.500000   0.500000   1.900000
  1.311320  -0.023360   3.072350   1.000000   0.000000   0.000000   1.400000
 -1.107080  -0.605030   3.505830   1.000000   0.000000   0.000000   1.400000
 -0.581850   1.566650   2.319100   1.000000   0.000000   0.000000   1.400000
 -1.187560   3.461210   1.854460   1.000000   1.000000   0.000000   1.850000
 -0.080780   3.915970   2.615460   1.000000   0.000000   0.000000   1.400000
 -2.404640   3.179220   2.440410   1.000000   0.000000   0.000000   1.400000
 -0.799520   3.074860   0.543460   1.000000   0.000000   0.000000   1.400000
 -1.617450   5.097630   1.294660   1.000000   0.000000   0.000000   1.400000
 -2.538910   5.914750   1.934030   0.000000   1.000000   0.000000   1.850000
 -3.334340   5.308740   2.438940   1.000000   1.000000   1.000000   1.200000
 -3.010930   6.581640   1.166110   1.000000   1.000000   1.000000   1.200000
 -2.015320   6.550420   2.697560   1.000000   1.000000   1.000000   1.200000
  0.888210   5.118930   0.298600   0.000000   0.000000   1.000000   1.540000
  1.099880   4.907310   1.286110   1.000000   1.000000   1.000000   1.200000
  1.665020   5.550620  -0.176660   1.000000   1.000000   1.000000   1.200000
  0.052970   5.723890   0.305830   1.000000   1.000000   1.000000   1.200000
  0.605970   4.215680  -0.156130   1.000000   1.000000   1.000000   1.200000
  1.061950   2.428160   4.980080   0.000000   0.000000   1.000000   1.540000
  1.590860   0.498310   3.828710   1.000000   1.000000   1.000000   1.200000
  0.874130   3.023340   4.193520   1.000000   1.000000   1.000000   1.200000
  1.866150   2.772380   5.461050   1.000000   1.000000   1.000000   1.200000
  0.282280   2.467790   5.603210   1.000000   1.000000   1.000000   1.200000
 -3.606960   0.749680   3.473080   0.000000   0.000000   1.000000   1.540000
 -2.026540  -0.295690   3.619490   1.000000   1.000000   1.000000   1.200000
 -3.809440   0.842750   2.498120   1.000000   1.000000   1.000000   1.200000
 -3.256240   1.635640   3.790950   1.000000   1.000000   1.000000   1.200000
 -4.452310   0.536210   3.958600   1.000000   1.000000   1.000000   1.200000
28 bonds follow (x1 y1 z1 x2 y2 z2)
 -3.606960   0.749680   3.473080  -4.452310   0.536210   3.958600
 -3.606960   0.749680   3.473080  -3.256240   1.635640   3.790950
 -3.606960   0.749680   3.473080  -3.809440   0.842750   2.498120
 -1.107080  -0.605030   3.505830  -2.026540  -0.295690   3.619490
  1.061950   2.428160   4.980080   0.282280   2.467790   5.603210
  1.061950   2.428160   4.980080   1.866150   2.772380   5.461050
  1.061950   2.428160   4.980080   0.874130   3.023340   4.193520
  1.311320  -0.023360   3.072350   1.590860   0.498310   3.828710
  0.888210   5.118930   0.298600   0.605970   4.215680  -0.156130
  0.888210   5.118930   0.298600   0.052970   5.723890   0.305830
  0.888210   5.118930   0.298600   1.665020   5.550620  -0.176660
  0.888210   5.118930   0.298600   1.099880   4.907310   1.286110
 -2.538910   5.914750   1.934030  -2.015320   6.550420   2.697560
 -2.538910   5.914750   1.934030  -3.010930   6.581640   1.166110
 -2.538910   5.914750   1.934030  -3.334340   5.308740   2.438940
 -1.617450   5.097630   1.294660  -2.538910   5.914750   1.934030
 -1.187560   3.461210   1.854460  -1.617450   5.097630   1.294660
 -1.187560   3.461210   1.854460  -0.799520   3.074860   0.543460
 -1.187560   3.461210   1.854460  -2.404640   3.179220   2.440410
 -1.187560   3.461210   1.854460  -0.080780   3.915970   2.615460
 -0.155060   0.166530   2.532930  -0.581850   1.566650   2.319100
 -0.155060   0.166530   2.532930  -1.107080  -0.605030   3.505830
 -0.155060   0.166530   2.532930   1.311320  -0.023360   3.072350
 -0.195720  -0.719390   1.207270  -0.155060   0.166530   2.532930
 -0.524910  -0.103980  -0.019080  -0.195720  -0.719390   1.207270
 -0.524910  -0.103980  -0.019080  -1.386840  -0.670140  -0.459800
 -0.524910  -0.103980  -0.019080  -0.791820   0.977750   0.130150
 -0.524910  -0.103980  -0.019080   0.357380  -0.202540  -0.704110
