33 atoms follow (x y z r g b radiusScale)
 -0.007670   0.004980  -0.005110   0.000000   1.000000   0.000000   1.850000
  1.111220  -0.011670  -0.024270   1.000000   1.000000   1.000000   1.200000
 -0.396700   1.060620   0.004760   1.000000   1.000000   1.000000   1.200000
 -0.415440  -0.562990  -0.878550   1.000000   1.000000   1.000000   1.200000
 -0.445300  -0.673250   1.153560   1.000000   0.000000   0.000000   1.400000
 -0.327770   0.148780   2.510580   0.500000   0.500000   0.500000   1.900000
  1.154500  -0.087490   2.985780   1.000000   0.000000   0.000000   1.400000
 -1.230470  -0.624540   3.532700   1.000000   0.000000   0.000000   1.400000
 -0.623440   1.591600   2.345030   1.000000   0.000000   0.000000   1.400000
 -1.173910   3.482640   1.956580   1.000000   1.000000   0.000000   1.850000
 -0.039590   3.881140   2.720920   1.000000   0.000000   0.000000   1.400000
 -2.386330   3.127780   2.515820   1.000000   0.000000   0.000000   1.400000
 -0.891820   3.196660   0.588190   1.000000   0.000000   0.000000   1.400000
 -1.552920   5.173820   1.565830   1.000000   0.000000   0.000000   1.400000
 -2.812590   5.478000   1.071330   0.000000   1.000000   0.000000   1.850000
 -2.875990   5.196700  -0.014220   1.000000   1.000000   1.000000   1.200000
 -2.978020   6.581260   1.176340   1.000000   1.000000   1.000000   1.200000
 -3.608300   4.929410   1.640280   1.000000   1.000000   1.000000   1.200000
  0.920130   5.302890   0.521700   0.000000   0.000000   1.000000   1.540000
  0.839430   5.130320   1.554700   1.000000   1.000000   1.000000   1.200000
  0.568770   6.238430   0.321890   1.000000   1.000000   1.000000   1.200000
  0.282000   4.600980   0.066880   1.000000   1.000000   1.000000   1.200000
  1.872890   5.194360   0.205230   1.000000   1.000000   1.000000   1.200000
  1.602210   2.259340   4.682510   0.000000   0.000000   1.000000   1.540000
  1.519380   0.532670   3.635280   1.000000   1.000000   1.000000   1.200000
  1.120570   2.894250   4.072040   1.000000   1.000000   1.000000   1.200000
  2.539440   2.575070   4.813190   1.000000   1.000000   1.000000   1.200000
  1.143200   2.248030   5.568690   1.000000   1.000000   1.000000   1.200000
 -3.622740   0.928440   3.789370   0.000000   0.000000   1.000000   1.540000
 -2.135240  -0.301650   3.705650   1.000000   1.000000   1.000000   1.200000
 -3.830860   1.183740   2.843210   1.000000   1.000000   1.000000   1.200000
 -3.179950   1.722240   4.213330   1.000000   1.000000   1.000000   1.200000
 -4.476650   0.737150   4.268990   1.000000   1.000000   1.000000   1.200000
28 bonds follow (x1 y1 z1 x2 y2 z2)
 -3.622740   0.928440   3.789370  -4.476650   0.737150   4.268990
 -3.622740   0.928440   3.789370  -3.179950   1.722240   4.213330
 -3.622740   0.928440   3.789370  -3.830860   1.183740   2.843210
 -1.230470  -0.624540   3.532700  -2.135240  -0.301650   3.705650
  1.602210   2.259340   4.682510   1.143200   2.248030   5.568690
  1.602210   2.259340   4.682510   2.539440   2.575070   4.813190
  1.602210   2.259340   4.682510   1.120570   2.894250   4.072040
  1.154500  -0.087490   2.985780   1.519380   0.532670   3.635280
  0.920130   5.302890   0.521700   1.872890   5.194360   0.205230
  0.920130   5.302890   0.521700   0.282000   4.600980   0.066880
  0.920130   5.302890   0.521700   0.568770   6.238430   0.321890
  0.920130   5.302890   0.521700   0.839430   5.130320   1.554700
 -2.812590   5.478000   1.071330  -3.608300   4.929410   1.640280
 -2.812590   5.478000   1.071330  -2.978020   6.581260   1.176340
 -2.812590   5.478000   1.071330  -2.875990   5.196700  -0.014220
 -1.552920   5.173820   1.565830  -2.812590   5.478000   1.071330
 -1.173910   3.482640   1.956580  -1.552920   5.173820   1.565830
 -1.173910   3.482640   1.956580  -0.891820   3.196660   0.588190
 -1.173910   3.482640   1.956580  -2.386330   3.127780   2.515820
 -1.173910   3.482640   1.956580  -0.039590   3.881140   2.720920
 -0.327770   0.148780   2.510580  -0.623440   1.591600   2.345030
 -0.327770   0.148780   2.510580  -1.230470  -0.624540   3.532700
 -0.327770   0.148780   2.510580   1.154500  -0.087490   2.985780
 -0.445300  -0.673250   1.153560  -0.327770   0.148780   2.510580
 -0.007670   0.004980  -0.005110  -0.445300  -0.673250   1.153560
 -0.007670   0.004980  -0.005110  -0.415440  -0.562990  -0.878550
 -0.007670   0.004980  -0.005110  -0.396700   1.060620   0.004760
 -0.007670   0.004980  -0.005110   1.111220  -0.011670  -0.024270
