33 atoms follow (x y z r g b radiusScale)
  0.339400  -0.165520   0.057920   0.000000   1.000000   0.000000   1.850000
  1.429580  -0.278610   0.280980   1.000000   1.000000   1.000000   1.200000
  0.058440   0.913830  -0.065340   1.000000   1.000000   1.000000   1.200000
  0.055610  -0.761130  -0.845600   1.000000   1.000000   1.000000   1.200000
 -0.399590  -0.707170   1.136170   1.000000   0.000000   0.000000   1.400000
 -0.296290   0.012460   2.539740   0.500000   0.500000   0.500000   1.900000
  1.190350  -0.144460   2.963270   1.000000   0.000000   0.000000   1.400000
 -1.211350  -0.768530   3.542670   1.000000   0.000000   0.000000   1.400000
 -0.671460   1.465730   2.401840   1.000000   0.000000   0.000000   1.400000
 -1.177820   3.208790   2.174690   1.000000   1.000000   0.000000   1.850000
 -0.384650   3.681760   3.192690   1.000000   0.000000   0.000000   1.400000
 -2.530500   3.079360   2.414090   1.000000   0.000000   0.000000   1.400000
 -0.677390   3.299670   0.900900   1.000000   0.000000   0.000000   1.400000
 -2.418650   6.365670   1.419040   1.000000   0.000000   0.000000   1.400000
 -3.719140   6.194360   0.935460   0.000000   1.000000   0.000000   1.850000
 -3.985780   7.051550   0.261490   1.000000   1.000000   1.000000   1.200000
 -4.470160   6.149960   1.776460   1.000000   1.000000   1.000000   1.200000
 -3.762950   5.240240   0.375950   1.000000   1.000000   1.000000   1.200000
  2.371060   5.128900  -0.209100   0.000000   0.000000   1.000000   1.540000
  2.080330   5.759100   0.506490   1.000000   1.000000   1.000000   1.200000
 -2.328150   7.149300   2.151640   1.000000   1.000000   1.000000   1.200000
  2.204850   5.557830  -1.092310   1.000000   1.000000   1.000000   1.200000
  1.835890   4.289200  -0.148560   1.000000   1.000000   1.000000   1.200000
  1.821100   2.167460   4.361040   0.000000   0.000000   1.000000   1.540000
  1.598320   0.564870   3.517680   1.000000   1.000000   1.000000   1.200000
  1.519330   2.879180   3.720600   1.000000   1.000000   1.000000   1.200000
  2.784230   2.309030   4.582690   1.000000   1.000000   1.000000   1.200000
  1.279770   2.248790   5.196820   1.000000   1.000000   1.000000   1.200000
 -3.598560   0.750020   3.824060   0.000000   0.000000   1.000000   1.540000
 -2.122090  -0.454590   3.730180   1.000000   1.000000   1.000000   1.200000
 -3.634920   1.218480   2.937030   1.000000   1.000000   1.000000   1.200000
 -3.416760   1.440780   4.524310   1.000000   1.000000   1.000000   1.200000
 -4.486490   0.331680   4.007790   1.000000   1.000000   1.000000   1.200000
28 bonds follow (x1 y1 z1 x2 y2 z2)
 -3.598560   0.750020   3.824060  -4.486490   0.331680   4.007790
 -3.598560   0.750020   3.824060  -3.416760   1.440780   4.524310
 -3.598560   0.750020   3.824060  -3.634920   1.218480   2.937030
 -1.211350  -0.768530   3.542670  -2.122090  -0.454590   3.730180
  1.821100   2.167460   4.361040   1.279770   2.248790   5.196820
  1.821100   2.167460   4.361040   2.784230   2.309030   4.582690
  1.821100   2.167460   4.361040   1.519330   2.879180   3.720600
  1.190350  -0.144460   2.963270   1.598320   0.564870   3.517680
  2.371060   5.128900  -0.209100   1.835890   4.289200  -0.148560
  2.371060   5.128900  -0.209100   2.204850   5.557830  -1.092310
 -2.418650   6.365670   1.419040  -2.328150   7.149300   2.151640
  2.371060   5.128900  -0.209100   2.080330   5.759100   0.506490
 -3.719140   6.194360   0.935460  -3.762950   5.240240   0.375950
 -3.719140   6.194360   0.935460  -4.470160   6.149960   1.776460
 -3.719140   6.194360   0.935460  -3.985780   7.051550   0.261490
 -2.418650   6.365670   1.419040  -3.719140   6.194360   0.935460
 -1.177820   3.208790   2.174690  -0.677390   3.299670   0.900900
 -1.177820   3.208790   2.174690  -2.530500   3.079360   2.414090
 -1.177820   3.208790   2.174690  -0.384650   3.681760   3.192690
 -0.671460   1.465730   2.401840  -1.177820   3.208790   2.174690
 -0.296290   0.012460   2.539740  -0.671460   1.465730   2.401840
 -0.296290   0.012460   2.539740  -1.211350  -0.768530   3.542670
 -0.296290   0.012460   2.539740   1.190350  -0.144460   2.963270
 -0.399590  -0.707170   1.136170  -0.296290   0.012460   2.539740
  0.339400  -0.165520   0.057920  -0.399590  -0.707170   1.136170
  0.339400  -0.165520   0.057920   0.055610  -0.761130  -0.845600
  0.339400  -0.165520   0.057920   0.058440   0.913830  -0.065340
  0.339400  -0.165520   0.057920   1.429580  -0.278610   0.280980
