33 atoms follow (x y z r g b radiusScale)
 -0.067540  -0.051520  -0.025990   0.000000   1.000000   0.000000   1.850000
  1.011560  -0.265260  -0.240760   1.000000   1.000000   1.000000   1.200000
 -0.262510   1.053330   0.044710   1.000000   1.000000   1.000000   1.200000
 -0.698930  -0.513790  -0.828080   1.000000   1.000000   1.000000   1.200000
 -0.432070  -0.684350   1.180710   1.000000   0.000000   0.000000   1.400000
 -0.302880   0.131020   2.539800   0.500000   0.500000   0.500000   1.900000
  1.190720  -0.044480   3.003330   1.000000   0.000000   0.000000   1.400000
 -1.148770  -0.702380   3.570620   1.000000   0.000000   0.000000   1.400000
 -0.702000   1.551590   2.420740   1.000000   0.000000   0.000000   1.400000
 -1.185350   3.470360   1.880010   1.000000   1.000000   0.000000   1.850000
 -0.110180   3.892560   2.697440   1.000000   0.000000   0.000000   1.400000
 -2.462760   3.132760   2.289690   1.000000   0.000000   0.000000   1.400000
 -0.654330   3.177250   0.590090   1.000000   0.000000   0.000000   1.400000
 -1.572210   5.144770   1.440470   1.000000   0.000000   0.000000   1.400000
 -2.827320   5.729180   1.456220   0.000000   1.000000   0.000000   1.850000
 -3.397410   5.439950   0.534330   1.000000   1.000000   1.000000   1.200000
 -2.687860   6.842660   1.469810   1.000000   1.000000   1.000000   1.200000
 -3.406110   5.412740   2.361530   1.000000   1.000000   1.000000   1.200000
  0.861590   5.241600   0.496320   0.000000   0.000000   1.000000   1.540000
  0.669820   5.475620   1.494330   1.000000   1.000000   1.000000   1.200000
  1.557290   5.837920   0.084160   1.000000   1.000000   1.000000   1.200000
 -0.060190   5.310840   0.015270   1.000000   1.000000   1.000000   1.200000
  1.113930   4.241540   0.471800   1.000000   1.000000   1.000000   1.200000
  1.521080   2.312220   4.709380   0.000000   0.000000   1.000000   1.540000
  1.522220   0.564990   3.681120   1.000000   1.000000   1.000000   1.200000
  0.982930   2.916950   4.114800   1.000000   1.000000   1.000000   1.200000
  2.424670   2.710980   4.849420   1.000000   1.000000   1.000000   1.200000
  1.066770   2.235090   5.594970   1.000000   1.000000   1.000000   1.200000
 -3.550000   0.930790   3.738580   0.000000   0.000000   1.000000   1.540000
 -2.074070  -0.452990   3.721200   1.000000   1.000000   1.000000   1.200000
 -3.767300   1.112640   2.777100   1.000000   1.000000   1.000000   1.200000
 -3.034080   1.724790   4.070620   1.000000   1.000000   1.000000   1.200000
 -4.404800   0.870730   4.251110   1.000000   1.000000   1.000000   1.200000
28 bonds follow (x1 y1 z1 x2 y2 z2)
 -3.550000   0.930790   3.738580  -4.404800   0.870730   4.251110
 -3.550000   0.930790   3.738580  -3.034080   1.724790   4.070620
 -3.550000   0.930790   3.738580  -3.767300   1.112640   2.777100
 -1.148770  -0.702380   3.570620  -2.074070  -0.452990   3.721200
  1.521080   2.312220   4.709380   1.066770   2.235090   5.594970
  1.521080   2.312220   4.709380   2.424670   2.710980   4.849420
  1.521080   2.312220   4.709380   0.982930   2.916950   4.114800
  1.190720  -0.044480   3.003330   1.522220   0.564990   3.681120
  0.861590   5.241600   0.496320   1.113930   4.241540   0.471800
  0.861590   5.241600   0.496320  -0.060190   5.310840   0.015270
  0.861590   5.241600   0.496320   1.557290   5.837920   0.084160
  0.861590   5.241600   0.496320   0.669820   5.475620   1.494330
 -2.827320   5.729180   1.456220  -3.406110   5.412740   2.361530
 -2.827320   5.729180   1.456220  -2.687860   6.842660   1.469810
 -2.827320   5.729180   1.456220  -3.397410   5.439950   0.534330
 -1.572210   5.144770   1.440470  -2.827320   5.729180   1.456220
 -1.185350   3.470360   1.880010  -1.572210   5.144770   1.440470
 -1.185350   3.470360   1.880010  -0.654330   3.177250   0.590090
 -1.185350   3.470360   1.880010  -2.462760   3.132760   2.289690
 -1.185350   3.470360   1.880010  -0.110180   3.892560   2.697440
 -0.302880   0.131020   2.539800  -0.702000   1.551590   2.420740
 -0.302880   0.131020   2.539800  -1.148770  -0.702380   3.570620
 -0.302880   0.131020   2.539800   1.190720  -0.044480   3.003330
 -0.432070  -0.684350   1.180710  -0.302880   0.131020   2.539800
 -0.067540  -0.051520  -0.025990  -0.432070  -0.684350   1.180710
 -0.067540  -0.051520  -0.025990  -0.698930  -0.513790  -0.828080
 -0.067540  -0.051520  -0.025990  -0.262510   1.053330   0.044710
 -0.067540  -0.051520  -0.025990   1.011560  -0.265260  -0.240760
