33 atoms follow (x y z r g b radiusScale)
 -0.053580   0.024040   0.002790   0.000000   1.000000   0.000000   1.850000
  1.047970  -0.114510  -0.143850   1.000000   1.000000   1.000000   1.200000
 -0.321580   1.112330   0.095110   1.000000   1.000000   1.000000   1.200000
 -0.607820  -0.441550  -0.851420   1.000000   1.000000   1.000000   1.200000
 -0.444200  -0.675860   1.165950   1.000000   0.000000   0.000000   1.400000
 -0.304440   0.133670   2.526800   0.500000   0.500000   0.500000   1.900000
  1.197430  -0.053630   2.962360   1.000000   0.000000   0.000000   1.400000
 -1.177300  -0.686590   3.537830   1.000000   0.000000   0.000000   1.400000
 -0.673330   1.566570   2.411880   1.000000   0.000000   0.000000   1.400000
 -1.190530   3.438080   1.924160   1.000000   1.000000   0.000000   1.850000
 -0.135730   3.925990   2.733540   1.000000   0.000000   0.000000   1.400000
 -2.448000   3.126740   2.409540   1.000000   0.000000   0.000000   1.400000
 -0.748980   3.117570   0.614940   1.000000   0.000000   0.000000   1.400000
 -1.527600   5.119890   1.383310   1.000000   0.000000   0.000000   1.400000
 -2.800730   5.649690   1.337580   0.000000   1.000000   0.000000   1.850000
 -3.298860   5.379860   0.368000   1.000000   1.000000   1.000000   1.200000
 -2.728470   6.767440   1.408950   1.000000   1.000000   1.000000   1.200000
 -3.425660   5.265760   2.186380   1.000000   1.000000   1.000000   1.200000
  0.915710   5.306250   0.488220   0.000000   0.000000   1.000000   1.540000
  0.633310   5.443110   1.482600   1.000000   1.000000   1.000000   1.200000
  1.397910   6.108100   0.110260   1.000000   1.000000   1.000000   1.200000
  0.020390   5.105560  -0.008850   1.000000   1.000000   1.000000   1.200000
  1.491640   4.457410   0.439050   1.000000   1.000000   1.000000   1.200000
  1.544770   2.299390   4.704960   0.000000   0.000000   1.000000   1.540000
  1.586940   0.625260   3.533110   1.000000   1.000000   1.000000   1.200000
  1.018300   2.904000   4.098560   1.000000   1.000000   1.000000   1.200000
  2.456860   2.682740   4.834810   1.000000   1.000000   1.000000   1.200000
  1.089950   2.255820   5.592510   1.000000   1.000000   1.000000   1.200000
 -3.594770   0.953300   3.752670   0.000000   0.000000   1.000000   1.540000
 -2.070280  -0.356820   3.741340   1.000000   1.000000   1.000000   1.200000
 -3.842630   1.172080   2.807090   1.000000   1.000000   1.000000   1.200000
 -3.144930   1.766750   4.129350   1.000000   1.000000   1.000000   1.200000
 -4.428580   0.774900   4.271720   1.000000   1.000000   1.000000   1.200000
28 bonds follow (x1 y1 z1 x2 y2 z2)
 -3.594770   0.953300   3.752670  -4.428580   0.774900   4.271720
 -3.594770   0.953300   3.752670  -3.144930   1.766750   4.129350
 -3.594770   0.953300   3.752670  -3.842630   1.172080   2.807090
 -1.177300  -0.686590   3.537830  -2.070280  -0.356820   3.741340
  1.544770   2.299390   4.704960   1.089950   2.255820   5.592510
  1.544770   2.299390   4.704960   2.456860   2.682740   4.834810
  1.544770   2.299390   4.704960   1.018300   2.904000   4.098560
  1.197430  -0.053630   2.962360   1.586940   0.625260   3.533110
  0.915710   5.306250   0.488220   1.491640   4.457410   0.439050
  0.915710   5.306250   0.488220   0.020390   5.105560  -0.008850
  0.915710   5.306250   0.488220   1.397910   6.108100   0.110260
  0.915710   5.306250   0.488220   0.633310   5.443110   1.482600
 -2.800730   5.649690   1.337580  -3.425660   5.265760   2.186380
 -2.800730   5.649690   1.337580  -2.728470   6.767440   1.408950
 -2.800730   5.649690   1.337580  -3.298860   5.379860   0.368000
 -1.527600   5.119890   1.383310  -2.800730   5.649690   1.337580
 -1.190530   3.438080   1.924160  -1.527600   5.119890   1.383310
 -1.190530   3.438080   1.924160  -0.748980   3.117570   0.614940
 -1.190530   3.438080   1.924160  -2.448000   3.126740   2.409540
 -1.190530   3.438080   1.924160  -0.135730   3.925990   2.733540
 -0.304440   0.133670   2.526800  -0.673330   1.566570   2.411880
 -0.304440   0.133670   2.526800  -1.177300  -0.686590   3.537830
 -0.304440   0.133670   2.526800   1.197430  -0.053630   2.962360
 -0.444200  -0.675860   1.165950  -0.304440   0.133670   2.526800
 -0.053580   0.024040   0.002790  -0.444200  -0.675860   1.165950
 -0.053580   0.024040   0.002790  -0.607820  -0.441550  -0.851420
 -0.053580   0.024040   0.002790  -0.321580   1.112330   0.095110
 -0.053580   0.024040   0.002790   1.047970  -0.114510  -0.143850
