33 atoms follow (x y z r g b radiusScale)
 -0.342380  -0.198040  -0.047060   0.000000   1.000000   0.000000   1.850000
  0.603550  -0.412200  -0.610660   1.000000   1.000000   1.000000   1.200000
 -0.521760   0.908730   0.033230   1.000000   1.000000   1.000000   1.200000
 -1.196590  -0.702040  -0.571170   1.000000   1.000000   1.000000   1.200000
 -0.228030  -0.791130   1.231210   1.000000   0.000000   0.000000   1.400000
 -0.237550   0.150820   2.510460   0.500000   0.500000   0.500000   1.900000
  1.221110   0.094730   3.099950   1.000000   0.000000   0.000000   1.400000
 -1.165610  -0.519300   3.584270   1.000000   0.000000   0.000000   1.400000
 -0.626830   1.552060   2.220390   1.000000   0.000000   0.000000   1.400000
 -1.190580   3.391700   1.781840   1.000000   1.000000   0.000000   1.850000
 -0.127840   3.850680   2.619220   1.000000   0.000000   0.000000   1.400000
 -2.426720   3.005360   2.271650   1.000000   0.000000   0.000000   1.400000
 -0.752160   3.140450   0.459340   1.000000   0.000000   0.000000   1.400000
 -1.588170   5.089690   1.364840   1.000000   0.000000   0.000000   1.400000
 -2.684970   5.780220   1.838060   0.000000   1.000000   0.000000   1.850000
 -3.605860   5.481040   1.271710   1.000000   1.000000   1.000000   1.200000
 -2.504770   6.878450   1.694530   1.000000   1.000000   1.000000   1.200000
 -2.846940   5.572720   2.929120   1.000000   1.000000   1.000000   1.200000
  0.957120   5.302080   0.617640   0.000000   0.000000   1.000000   1.540000
  1.466100   4.534520   1.056850   1.000000   1.000000   1.000000   1.200000
  1.571980   6.032980   0.291910   1.000000   1.000000   1.000000   1.200000
  0.284270   5.658820   1.345250   1.000000   1.000000   1.000000   1.200000
  0.364330   4.902280  -0.142910   1.000000   1.000000   1.000000   1.200000
  1.383250   2.425820   4.829490   0.000000   0.000000   1.000000   1.540000
  1.485920   0.806330   3.704950   1.000000   1.000000   1.000000   1.200000
  0.896270   2.971340   4.140330   1.000000   1.000000   1.000000   1.200000
  2.306030   2.788610   4.940950   1.000000   1.000000   1.000000   1.200000
  0.903250   2.500530   5.701130   1.000000   1.000000   1.000000   1.200000
 -3.677890   0.954630   3.720040   0.000000   0.000000   1.000000   1.540000
 -2.039030  -0.134170   3.774100   1.000000   1.000000   1.000000   1.200000
 -3.719470   1.167090   2.740510   1.000000   1.000000   1.000000   1.200000
 -3.314750   1.769590   4.176270   1.000000   1.000000   1.000000   1.200000
 -4.604250   0.787360   4.051950   1.000000   1.000000   1.000000   1.200000
28 bonds follow (x1 y1 z1 x2 y2 z2)
 -3.677890   0.954630   3.720040  -4.604250   0.787360   4.051950
 -3.677890   0.954630   3.720040  -3.314750   1.769590   4.176270
 -3.677890   0.954630   3.720040  -3.719470   1.167090   2.740510
 -1.165610  -0.519300   3.584270  -2.039030  -0.134170   3.774100
  1.383250   2.425820   4.829490   0.903250   2.500530   5.701130
  1.383250   2.425820   4.829490   2.306030   2.788610   4.940950
  1.383250   2.425820   4.829490   0.896270   2.971340   4.140330
  1.221110   0.094730   3.099950   1.485920   0.806330   3.704950
  0.957120   5.302080   0.617640   0.364330   4.902280  -0.142910
  0.957120   5.302080   0.617640   0.284270   5.658820   1.345250
  0.957120   5.302080   0.617640   1.571980   6.032980   0.291910
  0.957120   5.302080   0.617640   1.466100   4.534520   1.056850
 -2.684970   5.780220   1.838060  -2.846940   5.572720   2.929120
 -2.684970   5.780220   1.838060  -2.504770   6.878450   1.694530
 -2.684970   5.780220   1.838060  -3.605860   5.481040   1.271710
 -1.588170   5.089690   1.364840  -2.684970   5.780220   1.838060
 -1.190580   3.391700   1.781840  -1.588170   5.089690   1.364840
 -1.190580   3.391700   1.781840  -0.752160   3.140450   0.459340
 -1.190580   3.391700   1.781840  -2.426720   3.005360   2.271650
 -1.190580   3.391700   1.781840  -0.127840   3.850680   2.619220
 -0.237550   0.150820   2.510460  -0.626830   1.552060   2.220390
 -0.237550   0.150820   2.510460  -1.165610  -0.519300   3.584270
 -0.237550   0.150820   2.510460   1.221110   0.094730   3.099950
 -0.228030  -0.791130   1.231210  -0.237550   0.150820   2.510460
 -0.342380  -0.198040  -0.047060  -0.228030  -0.791130   1.231210
 -0.342380  -0.198040  -0.047060  -1.196590  -0.702040  -0.571170
 -0.342380  -0.198040  -0.047060  -0.521760   0.908730   0.033230
 -0.342380  -0.198040  -0.047060   0.603550  -0.412200  -0.610660
