33 atoms follow (x y z r g b radiusScale)
 -0.006130   0.004040  -0.000680   0.000000   1.000000   0.000000   1.850000
  1.112820  -0.008990  -0.018700   1.000000   1.000000   1.000000   1.200000
 -0.398100   1.058420   0.010160   1.000000   1.000000   1.000000   1.200000
 -0.411290  -0.562970  -0.875970   1.000000   1.000000   1.000000   1.200000
 -0.442600  -0.677690   1.156220   1.000000   0.000000   0.000000   1.400000
 -0.330530   0.145980   2.512070   0.500000   0.500000   0.500000   1.900000
  1.152100  -0.084800   2.986140   1.000000   0.000000   0.000000   1.400000
 -1.231520  -0.627890   3.533930   1.000000   0.000000   0.000000   1.400000
 -0.640810   1.586820   2.351380   1.000000   0.000000   0.000000   1.400000
 -1.170490   3.478570   1.956370   1.000000   1.000000   0.000000   1.850000
 -0.026310   3.886650   2.697600   1.000000   0.000000   0.000000   1.400000
 -2.376240   3.108800   2.516960   1.000000   0.000000   0.000000   1.400000
 -0.870390   3.209160   0.590830   1.000000   0.000000   0.000000   1.400000
 -1.566670   5.182830   1.588160   1.000000   0.000000   0.000000   1.400000
 -2.806070   5.500030   1.051280   0.000000   1.000000   0.000000   1.850000
 -2.838130   5.208760  -0.033250   1.000000   1.000000   1.000000   1.200000
 -2.957110   6.606830   1.139000   1.000000   1.000000   1.000000   1.200000
 -3.626330   4.968110   1.600430   1.000000   1.000000   1.000000   1.200000
  0.890200   5.299190   0.525460   0.000000   0.000000   1.000000   1.540000
  0.846160   5.101280   1.554670   1.000000   1.000000   1.000000   1.200000
  0.472750   6.218480   0.359460   1.000000   1.000000   1.000000   1.200000
  0.292610   4.573110   0.058760   1.000000   1.000000   1.000000   1.200000
  1.839640   5.253130   0.192690   1.000000   1.000000   1.000000   1.200000
  1.606950   2.252850   4.683200   0.000000   0.000000   1.000000   1.540000
  1.519850   0.537080   3.632760   1.000000   1.000000   1.000000   1.200000
  1.126100   2.885570   4.069270   1.000000   1.000000   1.000000   1.200000
  2.542150   2.572740   4.818420   1.000000   1.000000   1.000000   1.200000
  1.143160   2.241080   5.566950   1.000000   1.000000   1.000000   1.200000
 -3.618430   0.933230   3.786060   0.000000   0.000000   1.000000   1.540000
 -2.133740  -0.300450   3.712360   1.000000   1.000000   1.000000   1.200000
 -3.822250   1.181480   2.837030   1.000000   1.000000   1.000000   1.200000
 -3.168330   1.727090   4.202500   1.000000   1.000000   1.000000   1.200000
 -4.475560   0.756990   4.265750   1.000000   1.000000   1.000000   1.200000
28 bonds follow (x1 y1 z1 x2 y2 z2)
 -3.618430   0.933230   3.786060  -4.475560   0.756990   4.265750
 -3.618430   0.933230   3.786060  -3.168330   1.727090   4.202500
 -3.618430   0.933230   3.786060  -3.822250   1.181480   2.837030
 -1.231520  -0.627890   3.533930  -2.133740  -0.300450   3.712360
  1.606950   2.252850   4.683200   1.143160   2.241080   5.566950
  1.606950   2.252850   4.683200   2.542150   2.572740   4.818420
  1.606950   2.252850   4.683200   1.126100   2.885570   4.069270
  1.152100  -0.084800   2.986140   1.519850   0.537080   3.632760
  0.890200   5.299190   0.525460   1.839640   5.253130   0.192690
  0.890200   5.299190   0.525460   0.292610   4.573110   0.058760
  0.890200   5.299190   0.525460   0.472750   6.218480   0.359460
  0.890200   5.299190   0.525460   0.846160   5.101280   1.554670
 -2.806070   5.500030   1.051280  -3.626330   4.968110   1.600430
 -2.806070   5.500030   1.051280  -2.957110   6.606830   1.139000
 -2.806070   5.500030   1.051280  -2.838130   5.208760  -0.033250
 -1.566670   5.182830   1.588160  -2.806070   5.500030   1.051280
 -1.170490   3.478570   1.956370  -1.566670   5.182830   1.588160
 -1.170490   3.478570   1.956370  -0.870390   3.209160   0.590830
 -1.170490   3.478570   1.956370  -2.376240   3.108800   2.516960
 -1.170490   3.478570   1.956370  -0.026310   3.886650   2.697600
 -0.330530   0.145980   2.512070  -0.640810   1.586820   2.351380
 -0.330530   0.145980   2.512070  -1.231520  -0.627890   3.533930
 -0.330530   0.145980   2.512070   1.152100  -0.084800   2.986140
 -0.442600  -0.677690   1.156220  -0.330530   0.145980   2.512070
 -0.006130   0.004040  -0.000680  -0.442600  -0.677690   1.156220
 -0.006130   0.004040  -0.000680  -0.411290  -0.562970  -0.875970
 -0.006130   0.004040  -0.000680  -0.398100   1.058420   0.010160
 -0.006130   0.004040  -0.000680   1.112820  -0.008990  -0.018700
