33 atoms follow (x y z r g b radiusScale)
  0.001160  -0.000250  -0.001260   0.000000   1.000000   0.000000   1.850000
  1.119960  -0.001520   0.000090   1.000000   1.000000   1.000000   1.200000
 -0.402990   1.048960  -0.004160   1.000000   1.000000   1.000000   1.200000
 -0.386460  -0.580240  -0.875800   1.000000   1.000000   1.000000   1.200000
 -0.447330  -0.678100   1.157210   1.000000   0.000000   0.000000   1.400000
 -0.325890   0.125800   2.516070   0.500000   0.500000   0.500000   1.900000
  1.151930  -0.064250   2.994670   1.000000   0.000000   0.000000   1.400000
 -1.241140  -0.620990   3.539260   1.000000   0.000000   0.000000   1.400000
 -0.684680   1.572250   2.367470   1.000000   0.000000   0.000000   1.400000
 -1.124270   3.350660   1.983300   1.000000   1.000000   0.000000   1.850000
 -0.053020   3.839490   2.717170   1.000000   0.000000   0.000000   1.400000
 -2.394720   3.183290   2.520190   1.000000   0.000000   0.000000   1.400000
 -0.886740   3.156200   0.625000   1.000000   0.000000   0.000000   1.400000
 -1.510360   5.200260   1.556620   1.000000   0.000000   0.000000   1.400000
 -2.714530   5.637700   0.952050   0.000000   1.000000   0.000000   1.850000
 -2.748650   5.311990  -0.116880   1.000000   1.000000   1.000000   1.200000
 -2.778590   6.749510   1.043470   1.000000   1.000000   1.000000   1.200000
 -3.502760   5.126070   1.564510   1.000000   1.000000   1.000000   1.200000
  0.763620   5.430640   0.504400   0.000000   0.000000   1.000000   1.540000
  1.306240   5.191760   1.309690   1.000000   1.000000   1.000000   1.200000
 -0.731840   5.709150   0.991590   1.000000   1.000000   1.000000   1.200000
  0.745570   4.675050  -0.150540   1.000000   1.000000   1.000000   1.200000
  1.085210   6.273500   0.083450   1.000000   1.000000   1.000000   1.200000
  1.620550   2.231360   4.685210   0.000000   0.000000   1.000000   1.540000
  1.521070   0.574660   3.632200   1.000000   1.000000   1.000000   1.200000
  1.183780   2.903130   4.079290   1.000000   1.000000   1.000000   1.200000
  2.573180   2.493920   4.826180   1.000000   1.000000   1.000000   1.200000
  1.154320   2.235730   5.567820   1.000000   1.000000   1.000000   1.200000
 -3.597300   0.960230   3.766650   0.000000   0.000000   1.000000   1.540000
 -2.137880  -0.273160   3.723580   1.000000   1.000000   1.000000   1.200000
 -3.837050   1.195590   2.823400   1.000000   1.000000   1.000000   1.200000
 -3.172190   1.772130   4.174090   1.000000   1.000000   1.000000   1.200000
 -4.430920   0.740310   4.269220   1.000000   1.000000   1.000000   1.200000
29 bonds follow (x1 y1 z1 x2 y2 z2)
 -3.597300   0.960230   3.766650  -4.430920   0.740310   4.269220
 -3.597300   0.960230   3.766650  -3.172190   1.772130   4.174090
 -3.597300   0.960230   3.766650  -3.837050   1.195590   2.823400
 -1.241140  -0.620990   3.539260  -2.137880  -0.273160   3.723580
  1.620550   2.231360   4.685210   1.154320   2.235730   5.567820
  1.620550   2.231360   4.685210   2.573180   2.493920   4.826180
  1.620550   2.231360   4.685210   1.183780   2.903130   4.079290
  1.151930  -0.064250   2.994670   1.521070   0.574660   3.632200
  0.763620   5.430640   0.504400   1.085210   6.273500   0.083450
  0.763620   5.430640   0.504400   0.745570   4.675050  -0.150540
 -1.510360   5.200260   1.556620  -0.731840   5.709150   0.991590
  0.763620   5.430640   0.504400   1.306240   5.191760   1.309690
 -2.714530   5.637700   0.952050  -3.502760   5.126070   1.564510
 -2.714530   5.637700   0.952050  -2.778590   6.749510   1.043470
 -2.714530   5.637700   0.952050  -2.748650   5.311990  -0.116880
 -1.510360   5.200260   1.556620  -2.714530   5.637700   0.952050
 -1.124270   3.350660   1.983300  -1.510360   5.200260   1.556620
 -1.124270   3.350660   1.983300  -0.886740   3.156200   0.625000
 -1.124270   3.350660   1.983300  -2.394720   3.183290   2.520190
 -1.124270   3.350660   1.983300  -0.053020   3.839490   2.717170
 -0.684680   1.572250   2.367470  -1.124270   3.350660   1.983300
 -0.325890   0.125800   2.516070  -0.684680   1.572250   2.367470
 -0.325890   0.125800   2.516070  -1.241140  -0.620990   3.539260
 -0.325890   0.125800   2.516070   1.151930  -0.064250   2.994670
 -0.447330  -0.678100   1.157210  -0.325890   0.125800   2.516070
  0.001160  -0.000250  -0.001260  -0.447330  -0.678100   1.157210
  0.001160  -0.000250  -0.001260  -0.386460  -0.580240  -0.875800
  0.001160  -0.000250  -0.001260  -0.402990   1.048960  -0.004160
  0.001160  -0.000250  -0.001260   1.119960  -0.001520   0.000090
