33 atoms follow (x y z r g b radiusScale)
  0.059530  -0.108230   0.024230   0.000000   1.000000   0.000000   1.850000
  1.174740  -0.025670   0.055260   1.000000   1.000000   1.000000   1.200000
 -0.417750   0.906780  -0.022200   1.000000   1.000000   1.000000   1.200000
 -0.261190  -0.748170  -0.836230   1.000000   1.000000   1.000000   1.200000
 -0.378320  -0.779380   1.190470   1.000000   0.000000   0.000000   1.400000
 -0.323080   0.014890   2.553220   0.500000   0.500000   0.500000   1.900000
  1.153330  -0.152670   3.038340   1.000000   0.000000   0.000000   1.400000
 -1.246450  -0.738320   3.565070   1.000000   0.000000   0.000000   1.400000
 -0.655870   1.471770   2.337980   1.000000   0.000000   0.000000   1.400000
 -1.112390   3.262900   2.033910   1.000000   1.000000   0.000000   1.850000
 -0.119900   3.792540   2.832690   1.000000   0.000000   0.000000   1.400000
 -2.372930   3.127170   2.546030   1.000000   0.000000   0.000000   1.400000
 -0.945290   3.226210   0.668560   1.000000   0.000000   0.000000   1.400000
 -2.092310   5.843160   1.676560   1.000000   0.000000   0.000000   1.400000
 -3.198740   5.912130   0.821650   0.000000   1.000000   0.000000   1.850000
 -2.870970   5.864390  -0.248900   1.000000   1.000000   1.000000   1.200000
 -3.773100   6.855820   0.999840   1.000000   1.000000   1.000000   1.200000
 -3.856650   5.036140   1.045740   1.000000   1.000000   1.000000   1.200000
  1.694140   5.640770   0.061320   0.000000   0.000000   1.000000   1.540000
  1.553320   5.950390   1.004090   1.000000   1.000000   1.000000   1.200000
 -1.302760   6.528840   1.462790   1.000000   1.000000   1.000000   1.200000
  0.838280   5.781610  -0.439110   1.000000   1.000000   1.000000   1.200000
  1.876070   4.655590   0.081260   1.000000   1.000000   1.000000   1.200000
  1.681930   2.137810   4.625740   0.000000   0.000000   1.000000   1.540000
  1.521130   0.494130   3.673110   1.000000   1.000000   1.000000   1.200000
  1.393710   2.862130   3.992900   1.000000   1.000000   1.000000   1.200000
  2.652000   2.250040   4.834220   1.000000   1.000000   1.000000   1.200000
  1.159980   2.222450   5.472710   1.000000   1.000000   1.000000   1.200000
 -3.557030   0.876250   3.785490   0.000000   0.000000   1.000000   1.540000
 -2.153820  -0.401350   3.731570   1.000000   1.000000   1.000000   1.200000
 -3.765910   1.171860   2.851090   1.000000   1.000000   1.000000   1.200000
 -3.143270   1.659010   4.256130   1.000000   1.000000   1.000000   1.200000
 -4.407350   0.631230   4.247240   1.000000   1.000000   1.000000   1.200000
28 bonds follow (x1 y1 z1 x2 y2 z2)
 -3.557030   0.876250   3.785490  -4.407350   0.631230   4.247240
 -3.557030   0.876250   3.785490  -3.143270   1.659010   4.256130
 -3.557030   0.876250   3.785490  -3.765910   1.171860   2.851090
 -1.246450  -0.738320   3.565070  -2.153820  -0.401350   3.731570
  1.681930   2.137810   4.625740   1.159980   2.222450   5.472710
  1.681930   2.137810   4.625740   2.652000   2.250040   4.834220
  1.681930   2.137810   4.625740   1.393710   2.862130   3.992900
  1.153330  -0.152670   3.038340   1.521130   0.494130   3.673110
  1.694140   5.640770   0.061320   1.876070   4.655590   0.081260
  1.694140   5.640770   0.061320   0.838280   5.781610  -0.439110
 -2.092310   5.843160   1.676560  -1.302760   6.528840   1.462790
  1.694140   5.640770   0.061320   1.553320   5.950390   1.004090
 -3.198740   5.912130   0.821650  -3.856650   5.036140   1.045740
 -3.198740   5.912130   0.821650  -3.773100   6.855820   0.999840
 -3.198740   5.912130   0.821650  -2.870970   5.864390  -0.248900
 -2.092310   5.843160   1.676560  -3.198740   5.912130   0.821650
 -1.112390   3.262900   2.033910  -0.945290   3.226210   0.668560
 -1.112390   3.262900   2.033910  -2.372930   3.127170   2.546030
 -1.112390   3.262900   2.033910  -0.119900   3.792540   2.832690
 -0.655870   1.471770   2.337980  -1.112390   3.262900   2.033910
 -0.323080   0.014890   2.553220  -0.655870   1.471770   2.337980
 -0.323080   0.014890   2.553220  -1.246450  -0.738320   3.565070
 -0.323080   0.014890   2.553220   1.153330  -0.152670   3.038340
 -0.378320  -0.779380   1.190470  -0.323080   0.014890   2.553220
  0.059530  -0.108230   0.024230  -0.378320  -0.779380   1.190470
  0.059530  -0.108230   0.024230  -0.261190  -0.748170  -0.836230
  0.059530  -0.108230   0.024230  -0.417750   0.906780  -0.022200
  0.059530  -0.108230   0.024230   1.174740  -0.025670   0.055260
