33 atoms follow (x y z r g b radiusScale)
 -0.125710  -0.103790  -0.021790   0.000000   1.000000   0.000000   1.850000
  0.869130  -0.439410  -0.415380   1.000000   1.000000   1.000000   1.200000
 -0.165140   1.013760   0.100430   1.000000   1.000000   1.000000   1.200000
 -0.928120  -0.441730  -0.728440   1.000000   1.000000   1.000000   1.200000
 -0.359880  -0.751840   1.212240   1.000000   0.000000   0.000000   1.400000
 -0.284600   0.142500   2.527350   0.500000   0.500000   0.500000   1.900000
  1.205960   0.009870   3.013250   1.000000   0.000000   0.000000   1.400000
 -1.179360  -0.593720   3.584030   1.000000   0.000000   0.000000   1.400000
 -0.656620   1.561630   2.314040   1.000000   0.000000   0.000000   1.400000
 -1.214800   3.423540   1.842900   1.000000   1.000000   0.000000   1.850000
 -0.155330   3.898370   2.670070   1.000000   0.000000   0.000000   1.400000
 -2.472320   3.084680   2.322340   1.000000   0.000000   0.000000   1.400000
 -0.754690   3.145850   0.529420   1.000000   0.000000   0.000000   1.400000
 -1.564470   5.103270   1.366990   1.000000   0.000000   0.000000   1.400000
 -2.768600   5.723970   1.619350   0.000000   1.000000   0.000000   1.850000
 -3.513780   5.461380   0.822370   1.000000   1.000000   1.000000   1.200000
 -2.605390   6.834230   1.615760   1.000000   1.000000   1.000000   1.200000
 -3.179340   5.413500   2.615960   1.000000   1.000000   1.000000   1.200000
  0.951440   5.292120   0.566680   0.000000   0.000000   1.000000   1.540000
  1.063710   4.957140   1.547210   1.000000   1.000000   1.000000   1.200000
  1.742820   5.824070   0.247930   1.000000   1.000000   1.000000   1.200000
  0.077000   5.848040   0.557550   1.000000   1.000000   1.000000   1.200000
  0.768160   4.453150  -0.011160   1.000000   1.000000   1.000000   1.200000
  1.492760   2.345840   4.763950   0.000000   0.000000   1.000000   1.540000
  1.483100   0.527070   3.781350   1.000000   1.000000   1.000000   1.200000
  0.994880   2.988770   4.174040   1.000000   1.000000   1.000000   1.200000
  2.437180   2.649440   4.866730   1.000000   1.000000   1.000000   1.200000
  1.063580   2.322570   5.664390   1.000000   1.000000   1.000000   1.200000
 -3.544260   0.964660   3.707970   0.000000   0.000000   1.000000   1.540000
 -2.077240  -0.242240   3.756230   1.000000   1.000000   1.000000   1.200000
 -3.778710   1.096810   2.743050   1.000000   1.000000   1.000000   1.200000
 -3.170720   1.834790   4.038990   1.000000   1.000000   1.000000   1.200000
 -4.374870   0.749730   4.217340   1.000000   1.000000   1.000000   1.200000
28 bonds follow (x1 y1 z1 x2 y2 z2)
 -3.544260   0.964660   3.707970  -4.374870   0.749730   4.217340
 -3.544260   0.964660   3.707970  -3.170720   1.834790   4.038990
 -3.544260   0.964660   3.707970  -3.778710   1.096810   2.743050
 -1.179360  -0.593720   3.584030  -2.077240  -0.242240   3.756230
  1.492760   2.345840   4.763950   1.063580   2.322570   5.664390
  1.492760   2.345840   4.763950   2.437180   2.649440   4.866730
  1.492760   2.345840   4.763950   0.994880   2.988770   4.174040
  1.205960   0.009870   3.013250   1.483100   0.527070   3.781350
  0.951440   5.292120   0.566680   0.768160   4.453150  -0.011160
  0.951440   5.292120   0.566680   0.077000   5.848040   0.557550
  0.951440   5.292120   0.566680   1.742820   5.824070   0.247930
  0.951440   5.292120   0.566680   1.063710   4.957140   1.547210
 -2.768600   5.723970   1.619350  -3.179340   5.413500   2.615960
 -2.768600   5.723970   1.619350  -2.605390   6.834230   1.615760
 -2.768600   5.723970   1.619350  -3.513780   5.461380   0.822370
 -1.564470   5.103270   1.366990  -2.768600   5.723970   1.619350
 -1.214800   3.423540   1.842900  -1.564470   5.103270   1.366990
 -1.214800   3.423540   1.842900  -0.754690   3.145850   0.529420
 -1.214800   3.423540   1.842900  -2.472320   3.084680   2.322340
 -1.214800   3.423540   1.842900  -0.155330   3.898370   2.670070
 -0.284600   0.142500   2.527350  -0.656620   1.561630   2.314040
 -0.284600   0.142500   2.527350  -1.179360  -0.593720   3.584030
 -0.284600   0.142500   2.527350   1.205960   0.009870   3.013250
 -0.359880  -0.751840   1.212240  -0.284600   0.142500   2.527350
 -0.125710  -0.103790  -0.021790  -0.359880  -0.751840   1.212240
 -0.125710  -0.103790  -0.021790  -0.928120  -0.441730  -0.728440
 -0.125710  -0.103790  -0.021790  -0.165140   1.013760   0.100430
 -0.125710  -0.103790  -0.021790   0.869130  -0.439410  -0.415380
