33 atoms follow (x y z r g b radiusScale)
  0.349710  -0.159510   0.062600   0.000000   1.000000   0.000000   1.850000
  1.436080  -0.270840   0.306570   1.000000   1.000000   1.000000   1.200000
  0.070200   0.917650  -0.072560   1.000000   1.000000   1.000000   1.200000
  0.082340  -0.762930  -0.840790   1.000000   1.000000   1.000000   1.200000
 -0.406300  -0.696260   1.131640   1.000000   0.000000   0.000000   1.400000
 -0.302830   0.014050   2.538050   0.500000   0.500000   0.500000   1.900000
  1.187860  -0.142650   2.978820   1.000000   0.000000   0.000000   1.400000
 -1.198720  -0.774000   3.539630   1.000000   0.000000   0.000000   1.400000
 -0.686890   1.467740   2.409580   1.000000   0.000000   0.000000   1.400000
 -1.170460   3.217240   2.178040   1.000000   1.000000   0.000000   1.850000
 -0.406550   3.672400   3.218810   1.000000   0.000000   0.000000   1.400000
 -2.529400   3.084350   2.393710   1.000000   0.000000   0.000000   1.400000
 -0.665890   3.288830   0.908930   1.000000   0.000000   0.000000   1.400000
 -2.417050   6.394850   1.412910   1.000000   0.000000   0.000000   1.400000
 -3.754290   6.208200   0.956070   0.000000   1.000000   0.000000   1.850000
 -4.014380   7.072060   0.299040   1.000000   1.000000   1.000000   1.200000
 -4.483170   6.121100   1.782260   1.000000   1.000000   1.000000   1.200000
 -3.693220   5.268780   0.336270   1.000000   1.000000   1.000000   1.200000
  2.387330   5.093850  -0.217940   0.000000   0.000000   1.000000   1.540000
  2.051850   5.694940   0.504410   1.000000   1.000000   1.000000   1.200000
 -2.514090   7.031620   2.063940   1.000000   1.000000   1.000000   1.200000
  2.174570   5.504320  -1.101590   1.000000   1.000000   1.000000   1.200000
  1.898220   4.221590  -0.144090   1.000000   1.000000   1.000000   1.200000
  1.822560   2.168220   4.342650   0.000000   0.000000   1.000000   1.540000
  1.621920   0.582030   3.488440   1.000000   1.000000   1.000000   1.200000
  1.521750   2.875440   3.697710   1.000000   1.000000   1.000000   1.200000
  2.790730   2.298570   4.548800   1.000000   1.000000   1.000000   1.200000
  1.292150   2.263200   5.183590   1.000000   1.000000   1.000000   1.200000
 -3.574680   0.739950   3.810530   0.000000   0.000000   1.000000   1.540000
 -2.105050  -0.443180   3.721710   1.000000   1.000000   1.000000   1.200000
 -3.664220   1.236980   2.942980   1.000000   1.000000   1.000000   1.200000
 -3.393410   1.413150   4.527560   1.000000   1.000000   1.000000   1.200000
 -4.436670   0.277740   4.013890   1.000000   1.000000   1.000000   1.200000
28 bonds follow (x1 y1 z1 x2 y2 z2)
 -3.574680   0.739950   3.810530  -4.436670   0.277740   4.013890
 -3.574680   0.739950   3.810530  -3.393410   1.413150   4.527560
 -3.574680   0.739950   3.810530  -3.664220   1.236980   2.942980
 -1.198720  -0.774000   3.539630  -2.105050  -0.443180   3.721710
  1.822560   2.168220   4.342650   1.292150   2.263200   5.183590
  1.822560   2.168220   4.342650   2.790730   2.298570   4.548800
  1.822560   2.168220   4.342650   1.521750   2.875440   3.697710
  1.187860  -0.142650   2.978820   1.621920   0.582030   3.488440
  2.387330   5.093850  -0.217940   1.898220   4.221590  -0.144090
  2.387330   5.093850  -0.217940   2.174570   5.504320  -1.101590
 -2.417050   6.394850   1.412910  -2.514090   7.031620   2.063940
  2.387330   5.093850  -0.217940   2.051850   5.694940   0.504410
 -3.754290   6.208200   0.956070  -3.693220   5.268780   0.336270
 -3.754290   6.208200   0.956070  -4.483170   6.121100   1.782260
 -3.754290   6.208200   0.956070  -4.014380   7.072060   0.299040
 -2.417050   6.394850   1.412910  -3.754290   6.208200   0.956070
 -1.170460   3.217240   2.178040  -0.665890   3.288830   0.908930
 -1.170460   3.217240   2.178040  -2.529400   3.084350   2.393710
 -1.170460   3.217240   2.178040  -0.406550   3.672400   3.218810
 -0.686890   1.467740   2.409580  -1.170460   3.217240   2.178040
 -0.302830   0.014050   2.538050  -0.686890   1.467740   2.409580
 -0.302830   0.014050   2.538050  -1.198720  -0.774000   3.539630
 -0.302830   0.014050   2.538050   1.187860  -0.142650   2.978820
 -0.406300  -0.696260   1.131640  -0.302830   0.014050   2.538050
  0.349710  -0.159510   0.062600  -0.406300  -0.696260   1.131640
  0.349710  -0.159510   0.062600   0.082340  -0.762930  -0.840790
  0.349710  -0.159510   0.062600   0.070200   0.917650  -0.072560
  0.349710  -0.159510   0.062600   1.436080  -0.270840   0.306570
