33 atoms follow (x y z r g b radiusScale)
 -0.398300  -0.216500  -0.021150   0.000000   1.000000   0.000000   1.850000
  0.547460  -0.376620  -0.602700   1.000000   1.000000   1.000000   1.200000
 -0.634910   0.879250   0.058470   1.000000   1.000000   1.000000   1.200000
 -1.232020  -0.769780  -0.527890   1.000000   1.000000   1.000000   1.200000
 -0.229280  -0.797210   1.255310   1.000000   0.000000   0.000000   1.400000
 -0.219300   0.147530   2.532220   0.500000   0.500000   0.500000   1.900000
  1.243280   0.084810   3.112650   1.000000   0.000000   0.000000   1.400000
 -1.168420  -0.573680   3.554440   1.000000   0.000000   0.000000   1.400000
 -0.605990   1.542760   2.207310   1.000000   0.000000   0.000000   1.400000
 -1.188770   3.395730   1.770920   1.000000   1.000000   0.000000   1.850000
 -0.138550   3.827500   2.611370   1.000000   0.000000   0.000000   1.400000
 -2.450970   3.064910   2.238410   1.000000   0.000000   0.000000   1.400000
 -0.722770   3.183150   0.452720   1.000000   0.000000   0.000000   1.400000
 -1.594280   5.107000   1.381090   1.000000   0.000000   0.000000   1.400000
 -2.682890   5.783870   1.893680   0.000000   1.000000   0.000000   1.850000
 -3.622070   5.451630   1.378160   1.000000   1.000000   1.000000   1.200000
 -2.535900   6.882870   1.722030   1.000000   1.000000   1.000000   1.200000
 -2.788980   5.593920   2.994820   1.000000   1.000000   1.000000   1.200000
  0.951900   5.296000   0.577160   0.000000   0.000000   1.000000   1.540000
  1.492300   4.576900   1.051550   1.000000   1.000000   1.000000   1.200000
  1.528630   6.059150   0.255700   1.000000   1.000000   1.000000   1.200000
  0.231570   5.631470   1.272250   1.000000   1.000000   1.000000   1.200000
  0.414240   4.843880  -0.193250   1.000000   1.000000   1.000000   1.200000
  1.345790   2.445790   4.835240   0.000000   0.000000   1.000000   1.540000
  1.461060   0.727150   3.808100   1.000000   1.000000   1.000000   1.200000
  0.896210   3.013830   4.139890   1.000000   1.000000   1.000000   1.200000
  2.275950   2.777500   4.978130   1.000000   1.000000   1.000000   1.200000
  0.844480   2.523920   5.694580   1.000000   1.000000   1.000000   1.200000
 -3.643940   0.949680   3.697780   0.000000   0.000000   1.000000   1.540000
 -2.062570  -0.222000   3.712480   1.000000   1.000000   1.000000   1.200000
 -3.673490   1.155710   2.716180   1.000000   1.000000   1.000000   1.200000
 -3.331950   1.783700   4.156890   1.000000   1.000000   1.000000   1.200000
 -4.569320   0.738890   4.007850   1.000000   1.000000   1.000000   1.200000
28 bonds follow (x1 y1 z1 x2 y2 z2)
 -3.643940   0.949680   3.697780  -4.569320   0.738890   4.007850
 -3.643940   0.949680   3.697780  -3.331950   1.783700   4.156890
 -3.643940   0.949680   3.697780  -3.673490   1.155710   2.716180
 -1.168420  -0.573680   3.554440  -2.062570  -0.222000   3.712480
  1.345790   2.445790   4.835240   0.844480   2.523920   5.694580
  1.345790   2.445790   4.835240   2.275950   2.777500   4.978130
  1.345790   2.445790   4.835240   0.896210   3.013830   4.139890
  1.243280   0.084810   3.112650   1.461060   0.727150   3.808100
  0.951900   5.296000   0.577160   0.414240   4.843880  -0.193250
  0.951900   5.296000   0.577160   0.231570   5.631470   1.272250
  0.951900   5.296000   0.577160   1.528630   6.059150   0.255700
  0.951900   5.296000   0.577160   1.492300   4.576900   1.051550
 -2.682890   5.783870   1.893680  -2.788980   5.593920   2.994820
 -2.682890   5.783870   1.893680  -2.535900   6.882870   1.722030
 -2.682890   5.783870   1.893680  -3.622070   5.451630   1.378160
 -1.594280   5.107000   1.381090  -2.682890   5.783870   1.893680
 -1.188770   3.395730   1.770920  -1.594280   5.107000   1.381090
 -1.188770   3.395730   1.770920  -0.722770   3.183150   0.452720
 -1.188770   3.395730   1.770920  -2.450970   3.064910   2.238410
 -1.188770   3.395730   1.770920  -0.138550   3.827500   2.611370
 -0.219300   0.147530   2.532220  -0.605990   1.542760   2.207310
 -0.219300   0.147530   2.532220  -1.168420  -0.573680   3.554440
 -0.219300   0.147530   2.532220   1.243280   0.084810   3.112650
 -0.229280  -0.797210   1.255310  -0.219300   0.147530   2.532220
 -0.398300  -0.216500  -0.021150  -0.229280  -0.797210   1.255310
 -0.398300  -0.216500  -0.021150  -1.232020  -0.769780  -0.527890
 -0.398300  -0.216500  -0.021150  -0.634910   0.879250   0.058470
 -0.398300  -0.216500  -0.021150   0.547460  -0.376620  -0.602700
