33 atoms follow (x y z r g b radiusScale)
  0.206150  -0.188190   0.016810   0.000000   1.000000   0.000000   1.850000
  1.315560  -0.213590   0.157190   1.000000   1.000000   1.000000   1.200000
 -0.166350   0.864460  -0.089250   1.000000   1.000000   1.000000   1.200000
 -0.097050  -0.815690  -0.858990   1.000000   1.000000   1.000000   1.200000
 -0.403260  -0.780790   1.151110   1.000000   0.000000   0.000000   1.400000
 -0.314560   0.008160   2.513570   0.500000   0.500000   0.500000   1.900000
  1.165240  -0.133740   2.985120   1.000000   0.000000   0.000000   1.400000
 -1.268110  -0.654590   3.547350   1.000000   0.000000   0.000000   1.400000
 -0.590390   1.473380   2.308800   1.000000   0.000000   0.000000   1.400000
 -1.136270   3.169520   2.133230   1.000000   1.000000   0.000000   1.850000
 -0.245400   3.729850   3.014400   1.000000   0.000000   0.000000   1.400000
 -2.441380   3.015860   2.557730   1.000000   0.000000   0.000000   1.400000
 -0.851640   3.262230   0.795160   1.000000   0.000000   0.000000   1.400000
 -2.268690   6.104090   1.533500   1.000000   0.000000   0.000000   1.400000
 -3.502520   6.105200   0.854600   0.000000   1.000000   0.000000   1.850000
 -3.410070   6.633810  -0.130550   1.000000   1.000000   1.000000   1.200000
 -4.308750   6.595220   1.456370   1.000000   1.000000   1.000000   1.200000
 -3.763460   5.013690   0.711020   1.000000   1.000000   1.000000   1.200000
  2.124490   5.427730  -0.099100   0.000000   0.000000   1.000000   1.540000
  2.251850   6.113170   0.617570   1.000000   1.000000   1.000000   1.200000
 -2.047050   6.923490   1.692330   1.000000   1.000000   1.000000   1.200000
  1.991410   5.906160  -0.968280   1.000000   1.000000   1.000000   1.200000
  1.294540   4.900560   0.106040   1.000000   1.000000   1.000000   1.200000
  1.792160   2.195780   4.559130   0.000000   0.000000   1.000000   1.540000
  1.583880   0.571490   3.520640   1.000000   1.000000   1.000000   1.200000
  1.523890   2.909330   3.905420   1.000000   1.000000   1.000000   1.200000
  2.752290   2.317300   4.804810   1.000000   1.000000   1.000000   1.200000
  1.235620   2.294630   5.382270   1.000000   1.000000   1.000000   1.200000
 -3.652270   0.815670   3.848620   0.000000   0.000000   1.000000   1.540000
 -2.163100  -0.271990   3.717410   1.000000   1.000000   1.000000   1.200000
 -3.758560   1.258640   2.954450   1.000000   1.000000   1.000000   1.200000
 -3.417070   1.529810   4.509060   1.000000   1.000000   1.000000   1.200000
 -4.520980   0.401010   4.113610   1.000000   1.000000   1.000000   1.200000
28 bonds follow (x1 y1 z1 x2 y2 z2)
 -3.652270   0.815670   3.848620  -4.520980   0.401010   4.113610
 -3.652270   0.815670   3.848620  -3.417070   1.529810   4.509060
 -3.652270   0.815670   3.848620  -3.758560   1.258640   2.954450
 -1.268110  -0.654590   3.547350  -2.163100  -0.271990   3.717410
  1.792160   2.195780   4.559130   1.235620   2.294630   5.382270
  1.792160   2.195780   4.559130   2.752290   2.317300   4.804810
  1.792160   2.195780   4.559130   1.523890   2.909330   3.905420
  1.165240  -0.133740   2.985120   1.583880   0.571490   3.520640
  2.124490   5.427730  -0.099100   1.294540   4.900560   0.106040
  2.124490   5.427730  -0.099100   1.991410   5.906160  -0.968280
 -2.268690   6.104090   1.533500  -2.047050   6.923490   1.692330
  2.124490   5.427730  -0.099100   2.251850   6.113170   0.617570
 -3.502520   6.105200   0.854600  -3.763460   5.013690   0.711020
 -3.502520   6.105200   0.854600  -4.308750   6.595220   1.456370
 -3.502520   6.105200   0.854600  -3.410070   6.633810  -0.130550
 -2.268690   6.104090   1.533500  -3.502520   6.105200   0.854600
 -1.136270   3.169520   2.133230  -0.851640   3.262230   0.795160
 -1.136270   3.169520   2.133230  -2.441380   3.015860   2.557730
 -1.136270   3.169520   2.133230  -0.245400   3.729850   3.014400
 -0.590390   1.473380   2.308800  -1.136270   3.169520   2.133230
 -0.314560   0.008160   2.513570  -0.590390   1.473380   2.308800
 -0.314560   0.008160   2.513570  -1.268110  -0.654590   3.547350
 -0.314560   0.008160   2.513570   1.165240  -0.133740   2.985120
 -0.403260  -0.780790   1.151110  -0.314560   0.008160   2.513570
  0.206150  -0.188190   0.016810  -0.403260  -0.780790   1.151110
  0.206150  -0.188190   0.016810  -0.097050  -0.815690  -0.858990
  0.206150  -0.188190   0.016810  -0.166350   0.864460  -0.089250
  0.206150  -0.188190   0.016810   1.315560  -0.213590   0.157190
