33 atoms follow (x y z r g b radiusScale)
 -0.017440   0.009730  -0.020490   0.000000   1.000000   0.000000   1.850000
  1.101180  -0.017330  -0.041020   1.000000   1.000000   1.000000   1.200000
 -0.396650   1.069010  -0.014500   1.000000   1.000000   1.000000   1.200000
 -0.432300  -0.560420  -0.889060   1.000000   1.000000   1.000000   1.200000
 -0.458070  -0.658000   1.143650   1.000000   0.000000   0.000000   1.400000
 -0.309750   0.158570   2.498480   0.500000   0.500000   0.500000   1.900000
  1.163310  -0.094450   2.989100   1.000000   0.000000   0.000000   1.400000
 -1.226280  -0.592940   3.520360   1.000000   0.000000   0.000000   1.400000
 -0.602490   1.606540   2.342100   1.000000   0.000000   0.000000   1.400000
 -1.205090   3.447560   1.969680   1.000000   1.000000   0.000000   1.850000
 -0.069460   3.891010   2.699810   1.000000   0.000000   0.000000   1.400000
 -2.436050   3.162080   2.555180   1.000000   0.000000   0.000000   1.400000
 -0.857670   3.167000   0.616340   1.000000   0.000000   0.000000   1.400000
 -1.533930   5.143010   1.483410   1.000000   0.000000   0.000000   1.400000
 -2.827660   5.471830   1.127020   0.000000   1.000000   0.000000   1.850000
 -3.008360   5.214440   0.048370   1.000000   1.000000   1.000000   1.200000
 -2.975350   6.574020   1.267330   1.000000   1.000000   1.000000   1.200000
 -3.576610   4.925940   1.759960   1.000000   1.000000   1.000000   1.200000
  0.986070   5.304310   0.524950   0.000000   0.000000   1.000000   1.540000
  0.847140   5.196390   1.554340   1.000000   1.000000   1.000000   1.200000
  0.787640   6.256310   0.263900   1.000000   1.000000   1.000000   1.200000
  0.258890   4.676540   0.102800   1.000000   1.000000   1.000000   1.200000
  1.918430   5.021690   0.248620   1.000000   1.000000   1.000000   1.200000
  1.593800   2.271280   4.690650   0.000000   0.000000   1.000000   1.540000
  1.536930   0.534380   3.625160   1.000000   1.000000   1.000000   1.200000
  1.096650   2.881420   4.065280   1.000000   1.000000   1.000000   1.200000
  2.524290   2.611670   4.808100   1.000000   1.000000   1.000000   1.200000
  1.139300   2.276730   5.579310   1.000000   1.000000   1.000000   1.200000
 -3.624930   0.927370   3.787370   0.000000   0.000000   1.000000   1.540000
 -2.128570  -0.256160   3.688830   1.000000   1.000000   1.000000   1.200000
 -3.870630   1.204780   2.856970   1.000000   1.000000   1.000000   1.200000
 -3.221900   1.729210   4.234660   1.000000   1.000000   1.000000   1.200000
 -4.451700   0.659280   4.277560   1.000000   1.000000   1.000000   1.200000
28 bonds follow (x1 y1 z1 x2 y2 z2)
 -3.624930   0.927370   3.787370  -4.451700   0.659280   4.277560
 -3.624930   0.927370   3.787370  -3.221900   1.729210   4.234660
 -3.624930   0.927370   3.787370  -3.870630   1.204780   2.856970
 -1.226280  -0.592940   3.520360  -2.128570  -0.256160   3.688830
  1.593800   2.271280   4.690650   1.139300   2.276730   5.579310
  1.593800   2.271280   4.690650   2.524290   2.611670   4.808100
  1.593800   2.271280   4.690650   1.096650   2.881420   4.065280
  1.163310  -0.094450   2.989100   1.536930   0.534380   3.625160
  0.986070   5.304310   0.524950   1.918430   5.021690   0.248620
  0.986070   5.304310   0.524950   0.258890   4.676540   0.102800
  0.986070   5.304310   0.524950   0.787640   6.256310   0.263900
  0.986070   5.304310   0.524950   0.847140   5.196390   1.554340
 -2.827660   5.471830   1.127020  -3.576610   4.925940   1.759960
 -2.827660   5.471830   1.127020  -2.975350   6.574020   1.267330
 -2.827660   5.471830   1.127020  -3.008360   5.214440   0.048370
 -1.533930   5.143010   1.483410  -2.827660   5.471830   1.127020
 -1.205090   3.447560   1.969680  -1.533930   5.143010   1.483410
 -1.205090   3.447560   1.969680  -0.857670   3.167000   0.616340
 -1.205090   3.447560   1.969680  -2.436050   3.162080   2.555180
 -1.205090   3.447560   1.969680  -0.069460   3.891010   2.699810
 -0.309750   0.158570   2.498480  -0.602490   1.606540   2.342100
 -0.309750   0.158570   2.498480  -1.226280  -0.592940   3.520360
 -0.309750   0.158570   2.498480   1.163310  -0.094450   2.989100
 -0.458070  -0.658000   1.143650  -0.309750   0.158570   2.498480
 -0.017440   0.009730  -0.020490  -0.458070  -0.658000   1.143650
 -0.017440   0.009730  -0.020490  -0.432300  -0.560420  -0.889060
 -0.017440   0.009730  -0.020490  -0.396650   1.069010  -0.014500
 -0.017440   0.009730  -0.020490   1.101180  -0.017330  -0.041020
