33 atoms follow (x y z r g b radiusScale)
 -0.239750  -0.190370  -0.038100   0.000000   1.000000   0.000000   1.850000
  0.731470  -0.458220  -0.530350   1.000000   1.000000   1.000000   1.200000
 -0.363350   0.925080   0.051220   1.000000   1.000000   1.000000   1.200000
 -1.081450  -0.624120  -0.638920   1.000000   1.000000   1.000000   1.200000
 -0.273670  -0.805760   1.232660   1.000000   0.000000   0.000000   1.400000
 -0.217080   0.148630   2.500760   0.500000   0.500000   0.500000   1.900000
  1.292540   0.127180   2.963670   1.000000   0.000000   0.000000   1.400000
 -1.098200  -0.577940   3.575170   1.000000   0.000000   0.000000   1.400000
 -0.714780   1.522810   2.239230   1.000000   0.000000   0.000000   1.400000
 -1.125740   3.420700   1.924200   1.000000   1.000000   0.000000   1.850000
  0.112180   3.750830   2.544510   1.000000   0.000000   0.000000   1.400000
 -2.297980   3.219510   2.629810   1.000000   0.000000   0.000000   1.400000
 -0.943810   3.138390   0.539470   1.000000   0.000000   0.000000   1.400000
 -1.460350   5.145010   1.568560   1.000000   0.000000   0.000000   1.400000
 -2.664130   5.766350   1.850730   0.000000   1.000000   0.000000   1.850000
 -3.051040   5.457560   2.856530   1.000000   1.000000   1.000000   1.200000
 -3.427740   5.505970   1.070330   1.000000   1.000000   1.000000   1.200000
 -2.496570   6.876360   1.841870   1.000000   1.000000   1.000000   1.200000
  0.818270   5.162390   0.261730   0.000000   0.000000   1.000000   1.540000
  1.090850   4.977530   1.238740   1.000000   1.000000   1.000000   1.200000
  1.571220   5.564090  -0.283480   1.000000   1.000000   1.000000   1.200000
 -0.003110   5.775090   0.299760   1.000000   1.000000   1.000000   1.200000
  0.492630   4.248920  -0.138260   1.000000   1.000000   1.000000   1.200000
  0.964560   2.508000   4.885570   0.000000   0.000000   1.000000   1.540000
  1.566900   0.802030   3.594020   1.000000   1.000000   1.000000   1.200000
  1.359860   3.079020   4.160890   1.000000   1.000000   1.000000   1.200000
  1.282340   2.849580   5.768430   1.000000   1.000000   1.000000   1.200000
 -0.029260   2.625180   4.844560   1.000000   1.000000   1.000000   1.200000
 -3.661610   0.894630   3.394440   0.000000   0.000000   1.000000   1.540000
 -2.033520  -0.325150   3.650660   1.000000   1.000000   1.000000   1.200000
 -3.506130   1.217500   2.457840   1.000000   1.000000   1.000000   1.200000
 -3.504880   1.680350   3.996630   1.000000   1.000000   1.000000   1.200000
 -4.614610   0.608080   3.478040   1.000000   1.000000   1.000000   1.200000
28 bonds follow (x1 y1 z1 x2 y2 z2)
 -3.661610   0.894630   3.394440  -4.614610   0.608080   3.478040
 -3.661610   0.894630   3.394440  -3.504880   1.680350   3.996630
 -3.661610   0.894630   3.394440  -3.506130   1.217500   2.457840
 -1.098200  -0.577940   3.575170  -2.033520  -0.325150   3.650660
  0.964560   2.508000   4.885570  -0.029260   2.625180   4.844560
  0.964560   2.508000   4.885570   1.282340   2.849580   5.768430
  0.964560   2.508000   4.885570   1.359860   3.079020   4.160890
  1.292540   0.127180   2.963670   1.566900   0.802030   3.594020
  0.818270   5.162390   0.261730   0.492630   4.248920  -0.138260
  0.818270   5.162390   0.261730  -0.003110   5.775090   0.299760
  0.818270   5.162390   0.261730   1.571220   5.564090  -0.283480
  0.818270   5.162390   0.261730   1.090850   4.977530   1.238740
 -2.664130   5.766350   1.850730  -2.496570   6.876360   1.841870
 -2.664130   5.766350   1.850730  -3.427740   5.505970   1.070330
 -2.664130   5.766350   1.850730  -3.051040   5.457560   2.856530
 -1.460350   5.145010   1.568560  -2.664130   5.766350   1.850730
 -1.125740   3.420700   1.924200  -1.460350   5.145010   1.568560
 -1.125740   3.420700   1.924200  -0.943810   3.138390   0.539470
 -1.125740   3.420700   1.924200  -2.297980   3.219510   2.629810
 -1.125740   3.420700   1.924200   0.112180   3.750830   2.544510
 -0.217080   0.148630   2.500760  -0.714780   1.522810   2.239230
 -0.217080   0.148630   2.500760  -1.098200  -0.577940   3.575170
 -0.217080   0.148630   2.500760   1.292540   0.127180   2.963670
 -0.273670  -0.805760   1.232660  -0.217080   0.148630   2.500760
 -0.239750  -0.190370  -0.038100  -0.273670  -0.805760   1.232660
 -0.239750  -0.190370  -0.038100  -1.081450  -0.624120  -0.638920
 -0.239750  -0.190370  -0.038100  -0.363350   0.925080   0.051220
 -0.239750  -0.190370  -0.038100   0.731470  -0.458220  -0.530350
