33 atoms follow (x y z r g b radiusScale)
 -0.249050  -0.171790  -0.066230   0.000000   1.000000   0.000000   1.850000
  0.689830  -0.501290  -0.583800   1.000000   1.000000   1.000000   1.200000
 -0.311180   0.948770  -0.002330   1.000000   1.000000   1.000000   1.200000
 -1.132460  -0.586150  -0.620210   1.000000   1.000000   1.000000   1.200000
 -0.254460  -0.752770   1.222180   1.000000   0.000000   0.000000   1.400000
 -0.252520   0.178670   2.502730   0.500000   0.500000   0.500000   1.900000
  1.211740   0.045910   3.061790   1.000000   0.000000   0.000000   1.400000
 -1.162260  -0.479240   3.597510   1.000000   0.000000   0.000000   1.400000
 -0.660560   1.576570   2.220460   1.000000   0.000000   0.000000   1.400000
 -1.192250   3.371040   1.806390   1.000000   1.000000   0.000000   1.850000
 -0.104220   3.852280   2.603690   1.000000   0.000000   0.000000   1.400000
 -2.441860   3.054750   2.326090   1.000000   0.000000   0.000000   1.400000
 -0.725860   3.119070   0.481250   1.000000   0.000000   0.000000   1.400000
 -1.616360   5.038630   1.326640   1.000000   0.000000   0.000000   1.400000
 -2.711770   5.761030   1.756530   0.000000   1.000000   0.000000   1.850000
 -3.605660   5.527320   1.120460   1.000000   1.000000   1.000000   1.200000
 -2.471820   6.854240   1.661970   1.000000   1.000000   1.000000   1.200000
 -2.954120   5.525590   2.826330   1.000000   1.000000   1.000000   1.200000
  0.931370   5.275870   0.683880   0.000000   0.000000   1.000000   1.540000
  1.323620   4.515710   1.256730   1.000000   1.000000   1.000000   1.200000
  1.618400   5.717330   0.099710   1.000000   1.000000   1.000000   1.200000
  0.463400   5.928060   1.328470   1.000000   1.000000   1.000000   1.200000
  0.157930   4.838620   0.110050   1.000000   1.000000   1.000000   1.200000
  1.441520   2.414000   4.800250   0.000000   0.000000   1.000000   1.540000
  1.471570   0.630780   3.788870   1.000000   1.000000   1.000000   1.200000
  0.882210   3.054390   4.265500   1.000000   1.000000   1.000000   1.200000
  2.334670   2.820230   4.977530   1.000000   1.000000   1.000000   1.200000
  0.995200   2.228210   5.673430   1.000000   1.000000   1.000000   1.200000
 -3.672810   0.969620   3.726750   0.000000   0.000000   1.000000   1.540000
 -2.081530  -0.167030   3.703300   1.000000   1.000000   1.000000   1.200000
 -3.883080   1.232050   2.783040   1.000000   1.000000   1.000000   1.200000
 -3.314300   1.785570   4.183810   1.000000   1.000000   1.000000   1.200000
 -4.511540   0.679710   4.183130   1.000000   1.000000   1.000000   1.200000
29 bonds follow (x1 y1 z1 x2 y2 z2)
 -3.672810   0.969620   3.726750  -4.511540   0.679710   4.183130
 -3.672810   0.969620   3.726750  -3.314300   1.785570   4.183810
 -3.672810   0.969620   3.726750  -3.883080   1.232050   2.783040
 -1.162260  -0.479240   3.597510  -2.081530  -0.167030   3.703300
  1.441520   2.414000   4.800250   0.995200   2.228210   5.673430
  1.441520   2.414000   4.800250   2.334670   2.820230   4.977530
  1.441520   2.414000   4.800250   0.882210   3.054390   4.265500
  1.211740   0.045910   3.061790   1.471570   0.630780   3.788870
  0.931370   5.275870   0.683880   0.157930   4.838620   0.110050
  0.931370   5.275870   0.683880   0.463400   5.928060   1.328470
  0.931370   5.275870   0.683880   1.618400   5.717330   0.099710
  0.931370   5.275870   0.683880   1.323620   4.515710   1.256730
 -2.711770   5.761030   1.756530  -2.954120   5.525590   2.826330
 -2.711770   5.761030   1.756530  -2.471820   6.854240   1.661970
 -2.711770   5.761030   1.756530  -3.605660   5.527320   1.120460
 -1.616360   5.038630   1.326640  -2.711770   5.761030   1.756530
 -1.192250   3.371040   1.806390  -1.616360   5.038630   1.326640
 -1.192250   3.371040   1.806390  -0.725860   3.119070   0.481250
 -1.192250   3.371040   1.806390  -2.441860   3.054750   2.326090
 -1.192250   3.371040   1.806390  -0.104220   3.852280   2.603690
 -0.660560   1.576570   2.220460  -1.192250   3.371040   1.806390
 -0.252520   0.178670   2.502730  -0.660560   1.576570   2.220460
 -0.252520   0.178670   2.502730  -1.162260  -0.479240   3.597510
 -0.252520   0.178670   2.502730   1.211740   0.045910   3.061790
 -0.254460  -0.752770   1.222180  -0.252520   0.178670   2.502730
 -0.249050  -0.171790  -0.066230  -0.254460  -0.752770   1.222180
 -0.249050  -0.171790  -0.066230  -1.132460  -0.586150  -0.620210
 -0.249050  -0.171790  -0.066230  -0.311180   0.948770  -0.002330
 -0.249050  -0.171790  -0.066230   0.689830  -0.501290  -0.583800
