33 atoms follow (x y z r g b radiusScale)
 -0.054020   0.022650   0.003310   0.000000   1.000000   0.000000   1.850000
  1.047030  -0.118630  -0.144310   1.000000   1.000000   1.000000   1.200000
 -0.319280   1.111750   0.096010   1.000000   1.000000   1.000000   1.200000
 -0.610150  -0.441150  -0.850560   1.000000   1.000000   1.000000   1.200000
 -0.445320  -0.676480   1.166650   1.000000   0.000000   0.000000   1.400000
 -0.303310   0.133200   2.527140   0.500000   0.500000   0.500000   1.900000
  1.198440  -0.053700   2.963670   1.000000   0.000000   0.000000   1.400000
 -1.176280  -0.687850   3.537580   1.000000   0.000000   0.000000   1.400000
 -0.675960   1.565240   2.412520   1.000000   0.000000   0.000000   1.400000
 -1.189570   3.438190   1.923100   1.000000   1.000000   0.000000   1.850000
 -0.136650   3.926410   2.734620   1.000000   0.000000   0.000000   1.400000
 -2.448100   3.127960   2.405060   1.000000   0.000000   0.000000   1.400000
 -0.748540   3.118890   0.613410   1.000000   0.000000   0.000000   1.400000
 -1.527130   5.122400   1.384350   1.000000   0.000000   0.000000   1.400000
 -2.800670   5.650600   1.341200   0.000000   1.000000   0.000000   1.850000
 -3.300890   5.379720   0.372940   1.000000   1.000000   1.000000   1.200000
 -2.729770   6.768640   1.411610   1.000000   1.000000   1.000000   1.200000
 -3.423550   5.266770   2.191460   1.000000   1.000000   1.000000   1.200000
  0.914270   5.305320   0.487250   0.000000   0.000000   1.000000   1.540000
  0.630570   5.446030   1.482460   1.000000   1.000000   1.000000   1.200000
  1.405970   6.103930   0.109360   1.000000   1.000000   1.000000   1.200000
  0.018700   5.110960  -0.013980   1.000000   1.000000   1.000000   1.200000
  1.482220   4.455240   0.440700   1.000000   1.000000   1.000000   1.200000
  1.544120   2.300050   4.704580   0.000000   0.000000   1.000000   1.540000
  1.584770   0.621710   3.540990   1.000000   1.000000   1.000000   1.200000
  1.016980   2.906660   4.100850   1.000000   1.000000   1.000000   1.200000
  2.455690   2.683990   4.836350   1.000000   1.000000   1.000000   1.200000
  1.089240   2.251700   5.591890   1.000000   1.000000   1.000000   1.200000
 -3.594190   0.952780   3.752480   0.000000   0.000000   1.000000   1.540000
 -2.070040  -0.359400   3.739600   1.000000   1.000000   1.000000   1.200000
 -3.842600   1.171980   2.807150   1.000000   1.000000   1.000000   1.200000
 -3.142690   1.765480   4.128730   1.000000   1.000000   1.000000   1.200000
 -4.427710   0.775600   4.272410   1.000000   1.000000   1.000000   1.200000
28 bonds follow (x1 y1 z1 x2 y2 z2)
 -3.594190   0.952780   3.752480  -4.427710   0.775600   4.272410
 -3.594190   0.952780   3.752480  -3.142690   1.765480   4.128730
 -3.594190   0.952780   3.752480  -3.842600   1.171980   2.807150
 -1.176280  -0.687850   3.537580  -2.070040  -0.359400   3.739600
  1.544120   2.300050   4.704580   1.089240   2.251700   5.591890
  1.544120   2.300050   4.704580   2.455690   2.683990   4.836350
  1.544120   2.300050   4.704580   1.016980   2.906660   4.100850
  1.198440  -0.053700   2.963670   1.584770   0.621710   3.540990
  0.914270   5.305320   0.487250   1.482220   4.455240   0.440700
  0.914270   5.305320   0.487250   0.018700   5.110960  -0.013980
  0.914270   5.305320   0.487250   1.405970   6.103930   0.109360
  0.914270   5.305320   0.487250   0.630570   5.446030   1.482460
 -2.800670   5.650600   1.341200  -3.423550   5.266770   2.191460
 -2.800670   5.650600   1.341200  -2.729770   6.768640   1.411610
 -2.800670   5.650600   1.341200  -3.300890   5.379720   0.372940
 -1.527130   5.122400   1.384350  -2.800670   5.650600   1.341200
 -1.189570   3.438190   1.923100  -1.527130   5.122400   1.384350
 -1.189570   3.438190   1.923100  -0.748540   3.118890   0.613410
 -1.189570   3.438190   1.923100  -2.448100   3.127960   2.405060
 -1.189570   3.438190   1.923100  -0.136650   3.926410   2.734620
 -0.303310   0.133200   2.527140  -0.675960   1.565240   2.412520
 -0.303310   0.133200   2.527140  -1.176280  -0.687850   3.537580
 -0.303310   0.133200   2.527140   1.198440  -0.053700   2.963670
 -0.445320  -0.676480   1.166650  -0.303310   0.133200   2.527140
 -0.054020   0.022650   0.003310  -0.445320  -0.676480   1.166650
 -0.054020   0.022650   0.003310  -0.610150  -0.441150  -0.850560
 -0.054020   0.022650   0.003310  -0.319280   1.111750   0.096010
 -0.054020   0.022650   0.003310   1.047030  -0.118630  -0.144310
