33 atoms follow (x y z r g b radiusScale)
 -0.217790  -0.236890  -0.073830   0.000000   1.000000   0.000000   1.850000
  0.824820  -0.316020  -0.480470   1.000000   1.000000   1.000000   1.200000
 -0.556540   0.833100  -0.033380   1.000000   1.000000   1.000000   1.200000
 -0.904380  -0.848620  -0.715960   1.000000   1.000000   1.000000   1.200000
 -0.249360  -0.808820   1.214590   1.000000   0.000000   0.000000   1.400000
 -0.271320   0.151330   2.480200   0.500000   0.500000   0.500000   1.900000
  1.194840   0.004260   3.021090   1.000000   0.000000   0.000000   1.400000
 -1.091410  -0.616840   3.571300   1.000000   0.000000   0.000000   1.400000
 -0.642320   1.565070   2.250680   1.000000   0.000000   0.000000   1.400000
 -1.097900   3.451880   1.925470   1.000000   1.000000   0.000000   1.850000
  0.135760   3.842350   2.523110   1.000000   0.000000   0.000000   1.400000
 -2.241620   3.184460   2.652000   1.000000   0.000000   0.000000   1.400000
 -0.950310   3.195330   0.539780   1.000000   0.000000   0.000000   1.400000
 -1.501900   5.169240   1.592180   1.000000   0.000000   0.000000   1.400000
 -2.730680   5.764590   1.797120   0.000000   1.000000   0.000000   1.850000
 -3.024730   5.705210   2.877570   1.000000   1.000000   1.000000   1.200000
 -3.521660   5.263160   1.178800   1.000000   1.000000   1.000000   1.200000
 -2.654080   6.842390   1.492580   1.000000   1.000000   1.000000   1.200000
  0.795590   5.162750   0.251980   0.000000   0.000000   1.000000   1.540000
  0.886800   5.207330   1.293840   1.000000   1.000000   1.000000   1.200000
  1.447530   5.770940  -0.217670   1.000000   1.000000   1.000000   1.200000
 -0.197940   5.411920   0.047380   1.000000   1.000000   1.000000   1.200000
  0.912590   4.185210  -0.016690   1.000000   1.000000   1.000000   1.200000
  0.972670   2.505440   4.910880   0.000000   0.000000   1.000000   1.540000
  1.421120   0.444640   3.842610   1.000000   1.000000   1.000000   1.200000
  1.587160   2.899590   4.224080   1.000000   1.000000   1.000000   1.200000
  1.226550   2.865980   5.807540   1.000000   1.000000   1.000000   1.200000
  0.049620   2.830220   4.690200   1.000000   1.000000   1.000000   1.200000
 -3.599890   0.888270   3.400820   0.000000   0.000000   1.000000   1.540000
 -2.042230  -0.474060   3.658830   1.000000   1.000000   1.000000   1.200000
 -3.773770   1.298790   2.504220   1.000000   1.000000   1.000000   1.200000
 -3.161460   1.596000   3.961930   1.000000   1.000000   1.000000   1.200000
 -4.473720   0.643930   3.817550   1.000000   1.000000   1.000000   1.200000
28 bonds follow (x1 y1 z1 x2 y2 z2)
 -3.599890   0.888270   3.400820  -4.473720   0.643930   3.817550
 -3.599890   0.888270   3.400820  -3.161460   1.596000   3.961930
 -3.599890   0.888270   3.400820  -3.773770   1.298790   2.504220
 -1.091410  -0.616840   3.571300  -2.042230  -0.474060   3.658830
  0.972670   2.505440   4.910880   0.049620   2.830220   4.690200
  0.972670   2.505440   4.910880   1.226550   2.865980   5.807540
  0.972670   2.505440   4.910880   1.587160   2.899590   4.224080
  1.194840   0.004260   3.021090   1.421120   0.444640   3.842610
  0.795590   5.162750   0.251980   0.912590   4.185210  -0.016690
  0.795590   5.162750   0.251980  -0.197940   5.411920   0.047380
  0.795590   5.162750   0.251980   1.447530   5.770940  -0.217670
  0.795590   5.162750   0.251980   0.886800   5.207330   1.293840
 -2.730680   5.764590   1.797120  -2.654080   6.842390   1.492580
 -2.730680   5.764590   1.797120  -3.521660   5.263160   1.178800
 -2.730680   5.764590   1.797120  -3.024730   5.705210   2.877570
 -1.501900   5.169240   1.592180  -2.730680   5.764590   1.797120
 -1.097900   3.451880   1.925470  -1.501900   5.169240   1.592180
 -1.097900   3.451880   1.925470  -0.950310   3.195330   0.539780
 -1.097900   3.451880   1.925470  -2.241620   3.184460   2.652000
 -1.097900   3.451880   1.925470   0.135760   3.842350   2.523110
 -0.271320   0.151330   2.480200  -0.642320   1.565070   2.250680
 -0.271320   0.151330   2.480200  -1.091410  -0.616840   3.571300
 -0.271320   0.151330   2.480200   1.194840   0.004260   3.021090
 -0.249360  -0.808820   1.214590  -0.271320   0.151330   2.480200
 -0.217790  -0.236890  -0.073830  -0.249360  -0.808820   1.214590
 -0.217790  -0.236890  -0.073830  -0.904380  -0.848620  -0.715960
 -0.217790  -0.236890  -0.073830  -0.556540   0.833100  -0.033380
 -0.217790  -0.236890  -0.073830   0.824820  -0.316020  -0.480470
