33 atoms follow (x y z r g b radiusScale)
 -0.085260  -0.086920  -0.030120   0.000000   1.000000   0.000000   1.850000
  0.961520  -0.359170  -0.326640   1.000000   1.000000   1.000000   1.200000
 -0.214910   1.025970   0.056290   1.000000   1.000000   1.000000   1.200000
 -0.797540  -0.506390  -0.788020   1.000000   1.000000   1.000000   1.200000
 -0.388890  -0.712090   1.197380   1.000000   0.000000   0.000000   1.400000
 -0.315860   0.142490   2.535050   0.500000   0.500000   0.500000   1.900000
  1.169770  -0.032040   3.014620   1.000000   0.000000   0.000000   1.400000
 -1.137810  -0.679320   3.588450   1.000000   0.000000   0.000000   1.400000
 -0.691430   1.569670   2.381440   1.000000   0.000000   0.000000   1.400000
 -1.186110   3.448280   1.867390   1.000000   1.000000   0.000000   1.850000
 -0.121070   3.901930   2.687660   1.000000   0.000000   0.000000   1.400000
 -2.456430   3.086130   2.267380   1.000000   0.000000   0.000000   1.400000
 -0.689350   3.152570   0.565330   1.000000   0.000000   0.000000   1.400000
 -1.601750   5.149910   1.441570   1.000000   0.000000   0.000000   1.400000
 -2.837480   5.772220   1.531280   0.000000   1.000000   0.000000   1.850000
 -3.481540   5.488120   0.657700   1.000000   1.000000   1.000000   1.200000
 -2.671010   6.882260   1.516220   1.000000   1.000000   1.000000   1.200000
 -3.363040   5.489350   2.479780   1.000000   1.000000   1.000000   1.200000
  0.913850   5.258850   0.510750   0.000000   0.000000   1.000000   1.540000
  0.878750   5.388700   1.532180   1.000000   1.000000   1.000000   1.200000
  1.685360   5.743600   0.080550   1.000000   1.000000   1.000000   1.200000
  0.000570   5.566950   0.148560   1.000000   1.000000   1.000000   1.200000
  0.956130   4.228150   0.341160   1.000000   1.000000   1.000000   1.200000
  1.508330   2.312780   4.740220   0.000000   0.000000   1.000000   1.540000
  1.543480   0.630210   3.612660   1.000000   1.000000   1.000000   1.200000
  0.995830   2.881840   4.089310   1.000000   1.000000   1.000000   1.200000
  2.435030   2.673320   4.825780   1.000000   1.000000   1.000000   1.200000
  1.064330   2.364550   5.632610   1.000000   1.000000   1.000000   1.200000
 -3.522210   0.945020   3.711790   0.000000   0.000000   1.000000   1.540000
 -2.038300  -0.387610   3.809540   1.000000   1.000000   1.000000   1.200000
 -3.765100   1.110710   2.753600   1.000000   1.000000   1.000000   1.200000
 -3.048890   1.769390   4.033800   1.000000   1.000000   1.000000   1.200000
 -4.362190   0.832690   4.239500   1.000000   1.000000   1.000000   1.200000
28 bonds follow (x1 y1 z1 x2 y2 z2)
 -3.522210   0.945020   3.711790  -4.362190   0.832690   4.239500
 -3.522210   0.945020   3.711790  -3.048890   1.769390   4.033800
 -3.522210   0.945020   3.711790  -3.765100   1.110710   2.753600
 -1.137810  -0.679320   3.588450  -2.038300  -0.387610   3.809540
  1.508330   2.312780   4.740220   1.064330   2.364550   5.632610
  1.508330   2.312780   4.740220   2.435030   2.673320   4.825780
  1.508330   2.312780   4.740220   0.995830   2.881840   4.089310
  1.169770  -0.032040   3.014620   1.543480   0.630210   3.612660
  0.913850   5.258850   0.510750   0.956130   4.228150   0.341160
  0.913850   5.258850   0.510750   0.000570   5.566950   0.148560
  0.913850   5.258850   0.510750   1.685360   5.743600   0.080550
  0.913850   5.258850   0.510750   0.878750   5.388700   1.532180
 -2.837480   5.772220   1.531280  -3.363040   5.489350   2.479780
 -2.837480   5.772220   1.531280  -2.671010   6.882260   1.516220
 -2.837480   5.772220   1.531280  -3.481540   5.488120   0.657700
 -1.601750   5.149910   1.441570  -2.837480   5.772220   1.531280
 -1.186110   3.448280   1.867390  -1.601750   5.149910   1.441570
 -1.186110   3.448280   1.867390  -0.689350   3.152570   0.565330
 -1.186110   3.448280   1.867390  -2.456430   3.086130   2.267380
 -1.186110   3.448280   1.867390  -0.121070   3.901930   2.687660
 -0.315860   0.142490   2.535050  -0.691430   1.569670   2.381440
 -0.315860   0.142490   2.535050  -1.137810  -0.679320   3.588450
 -0.315860   0.142490   2.535050   1.169770  -0.032040   3.014620
 -0.388890  -0.712090   1.197380  -0.315860   0.142490   2.535050
 -0.085260  -0.086920  -0.030120  -0.388890  -0.712090   1.197380
 -0.085260  -0.086920  -0.030120  -0.797540  -0.506390  -0.788020
 -0.085260  -0.086920  -0.030120  -0.214910   1.025970   0.056290
 -0.085260  -0.086920  -0.030120   0.961520  -0.359170  -0.326640
