33 atoms follow (x y z r g b radiusScale)
 -0.241320  -0.186680  -0.037310   0.000000   1.000000   0.000000   1.850000
  0.725640  -0.457300  -0.535940   1.000000   1.000000   1.000000   1.200000
 -0.358300   0.929270   0.056570   1.000000   1.000000   1.000000   1.200000
 -1.088840  -0.613340  -0.635150   1.000000   1.000000   1.000000   1.200000
 -0.270570  -0.805650   1.231970   1.000000   0.000000   0.000000   1.400000
 -0.219060   0.149240   2.501120   0.500000   0.500000   0.500000   1.900000
  1.289010   0.128050   2.962560   1.000000   0.000000   0.000000   1.400000
 -1.092690  -0.578940   3.577290   1.000000   0.000000   0.000000   1.400000
 -0.712080   1.525680   2.241720   1.000000   0.000000   0.000000   1.400000
 -1.125320   3.419970   1.921740   1.000000   1.000000   0.000000   1.850000
  0.111770   3.751480   2.544200   1.000000   0.000000   0.000000   1.400000
 -2.297540   3.216470   2.628070   1.000000   0.000000   0.000000   1.400000
 -0.945750   3.138220   0.536540   1.000000   0.000000   0.000000   1.400000
 -1.462890   5.140070   1.567900   1.000000   0.000000   0.000000   1.400000
 -2.660530   5.770120   1.850470   0.000000   1.000000   0.000000   1.850000
 -3.052990   5.461530   2.854020   1.000000   1.000000   1.000000   1.200000
 -3.425080   5.521220   1.067010   1.000000   1.000000   1.000000   1.200000
 -2.481460   6.878890   1.845980   1.000000   1.000000   1.000000   1.200000
  0.817590   5.160480   0.264380   0.000000   0.000000   1.000000   1.540000
  1.102460   4.956500   1.239330   1.000000   1.000000   1.000000   1.200000
  1.572400   5.548630  -0.282390   1.000000   1.000000   1.000000   1.200000
  0.009110   5.794030   0.319710   1.000000   1.000000   1.000000   1.200000
  0.464550   4.260670  -0.142150   1.000000   1.000000   1.000000   1.200000
  0.965820   2.507720   4.888870   0.000000   0.000000   1.000000   1.540000
  1.568380   0.802500   3.590560   1.000000   1.000000   1.000000   1.200000
  1.354180   3.075720   4.157940   1.000000   1.000000   1.000000   1.200000
  1.289200   2.855320   5.767300   1.000000   1.000000   1.000000   1.200000
 -0.028540   2.621440   4.854730   1.000000   1.000000   1.000000   1.200000
 -3.663970   0.894460   3.393190   0.000000   0.000000   1.000000   1.540000
 -2.027750  -0.326820   3.656650   1.000000   1.000000   1.000000   1.200000
 -3.519780   1.229680   2.459140   1.000000   1.000000   1.000000   1.200000
 -3.511960   1.675000   4.003150   1.000000   1.000000   1.000000   1.200000
 -4.612300   0.594380   3.482110   1.000000   1.000000   1.000000   1.200000
28 bonds follow (x1 y1 z1 x2 y2 z2)
 -3.663970   0.894460   3.393190  -4.612300   0.594380   3.482110
 -3.663970   0.894460   3.393190  -3.511960   1.675000   4.003150
 -3.663970   0.894460   3.393190  -3.519780   1.229680   2.459140
 -1.092690  -0.578940   3.577290  -2.027750  -0.326820   3.656650
  0.965820   2.507720   4.888870  -0.028540   2.621440   4.854730
  0.965820   2.507720   4.888870   1.289200   2.855320   5.767300
  0.965820   2.507720   4.888870   1.354180   3.075720   4.157940
  1.289010   0.128050   2.962560   1.568380   0.802500   3.590560
  0.817590   5.160480   0.264380   0.464550   4.260670  -0.142150
  0.817590   5.160480   0.264380   0.009110   5.794030   0.319710
  0.817590   5.160480   0.264380   1.572400   5.548630  -0.282390
  0.817590   5.160480   0.264380   1.102460   4.956500   1.239330
 -2.660530   5.770120   1.850470  -2.481460   6.878890   1.845980
 -2.660530   5.770120   1.850470  -3.425080   5.521220   1.067010
 -2.660530   5.770120   1.850470  -3.052990   5.461530   2.854020
 -1.462890   5.140070   1.567900  -2.660530   5.770120   1.850470
 -1.125320   3.419970   1.921740  -1.462890   5.140070   1.567900
 -1.125320   3.419970   1.921740  -0.945750   3.138220   0.536540
 -1.125320   3.419970   1.921740  -2.297540   3.216470   2.628070
 -1.125320   3.419970   1.921740   0.111770   3.751480   2.544200
 -0.219060   0.149240   2.501120  -0.712080   1.525680   2.241720
 -0.219060   0.149240   2.501120  -1.092690  -0.578940   3.577290
 -0.219060   0.149240   2.501120   1.289010   0.128050   2.962560
 -0.270570  -0.805650   1.231970  -0.219060   0.149240   2.501120
 -0.241320  -0.186680  -0.037310  -0.270570  -0.805650   1.231970
 -0.241320  -0.186680  -0.037310  -1.088840  -0.613340  -0.635150
 -0.241320  -0.186680  -0.037310  -0.358300   0.929270   0.056570
 -0.241320  -0.186680  -0.037310   0.725640  -0.457300  -0.535940
