33 atoms follow (x y z r g b radiusScale)
 -0.531590  -0.237970  -0.029470   0.000000   1.000000   0.000000   1.850000
  0.285060  -0.488310  -0.756140   1.000000   1.000000   1.000000   1.200000
 -0.688760   0.873930   0.026020   1.000000   1.000000   1.000000   1.200000
 -1.468840  -0.768200  -0.345110   1.000000   1.000000   1.000000   1.200000
 -0.137810  -0.753590   1.223400   1.000000   0.000000   0.000000   1.400000
 -0.230770   0.147160   2.527130   0.500000   0.500000   0.500000   1.900000
  1.213770   0.069710   3.148930   1.000000   0.000000   0.000000   1.400000
 -1.145220  -0.577090   3.585010   1.000000   0.000000   0.000000   1.400000
 -0.624650   1.555370   2.275790   1.000000   0.000000   0.000000   1.400000
 -1.191790   3.414190   1.762800   1.000000   1.000000   0.000000   1.850000
 -0.120060   3.854860   2.593820   1.000000   0.000000   0.000000   1.400000
 -2.450890   3.105800   2.259030   1.000000   0.000000   0.000000   1.400000
 -0.743480   3.132190   0.445900   1.000000   0.000000   0.000000   1.400000
 -1.572110   5.098300   1.348020   1.000000   0.000000   0.000000   1.400000
 -2.598930   5.758330   1.998160   0.000000   1.000000   0.000000   1.850000
 -3.588440   5.301570   1.734730   1.000000   1.000000   1.000000   1.200000
 -2.583570   6.831740   1.671710   1.000000   1.000000   1.000000   1.200000
 -2.458290   5.707400   3.110560   1.000000   1.000000   1.000000   1.200000
  0.909910   5.336730   0.486340   0.000000   0.000000   1.000000   1.540000
  0.966290   4.930210   1.450950   1.000000   1.000000   1.000000   1.200000
  1.784890   5.743190   0.199340   1.000000   1.000000   1.000000   1.200000
  0.138780   6.026060   0.504370   1.000000   1.000000   1.000000   1.200000
  0.617250   4.560050  -0.135840   1.000000   1.000000   1.000000   1.200000
  1.264510   2.430810   4.916500   0.000000   0.000000   1.000000   1.540000
  1.403180   0.677700   3.879760   1.000000   1.000000   1.000000   1.200000
  0.905930   3.004370   4.173940   1.000000   1.000000   1.000000   1.200000
  2.115530   2.824980   5.256040   1.000000   1.000000   1.000000   1.200000
  0.601740   2.411640   5.662520   1.000000   1.000000   1.000000   1.200000
 -3.514430   0.895500   3.573870   0.000000   0.000000   1.000000   1.540000
 -2.069020  -0.288350   3.714210   1.000000   1.000000   1.000000   1.200000
 -3.592100   1.104490   2.595540   1.000000   1.000000   1.000000   1.200000
 -3.118310   1.709310   4.007900   1.000000   1.000000   1.000000   1.200000
 -4.431470   0.750140   3.939970   1.000000   1.000000   1.000000   1.200000
28 bonds follow (x1 y1 z1 x2 y2 z2)
 -3.514430   0.895500   3.573870  -4.431470   0.750140   3.939970
 -3.514430   0.895500   3.573870  -3.118310   1.709310   4.007900
 -3.514430   0.895500   3.573870  -3.592100   1.104490   2.595540
 -1.145220  -0.577090   3.585010  -2.069020  -0.288350   3.714210
  1.264510   2.430810   4.916500   0.601740   2.411640   5.662520
  1.264510   2.430810   4.916500   2.115530   2.824980   5.256040
  1.264510   2.430810   4.916500   0.905930   3.004370   4.173940
  1.213770   0.069710   3.148930   1.403180   0.677700   3.879760
  0.909910   5.336730   0.486340   0.617250   4.560050  -0.135840
  0.909910   5.336730   0.486340   0.138780   6.026060   0.504370
  0.909910   5.336730   0.486340   1.784890   5.743190   0.199340
  0.909910   5.336730   0.486340   0.966290   4.930210   1.450950
 -2.598930   5.758330   1.998160  -2.458290   5.707400   3.110560
 -2.598930   5.758330   1.998160  -2.583570   6.831740   1.671710
 -2.598930   5.758330   1.998160  -3.588440   5.301570   1.734730
 -1.572110   5.098300   1.348020  -2.598930   5.758330   1.998160
 -1.191790   3.414190   1.762800  -1.572110   5.098300   1.348020
 -1.191790   3.414190   1.762800  -0.743480   3.132190   0.445900
 -1.191790   3.414190   1.762800  -2.450890   3.105800   2.259030
 -1.191790   3.414190   1.762800  -0.120060   3.854860   2.593820
 -0.230770   0.147160   2.527130  -0.624650   1.555370   2.275790
 -0.230770   0.147160   2.527130  -1.145220  -0.577090   3.585010
 -0.230770   0.147160   2.527130   1.213770   0.069710   3.148930
 -0.137810  -0.753590   1.223400  -0.230770   0.147160   2.527130
 -0.531590  -0.237970  -0.029470  -0.137810  -0.753590   1.223400
 -0.531590  -0.237970  -0.029470  -1.468840  -0.768200  -0.345110
 -0.531590  -0.237970  -0.029470  -0.688760   0.873930   0.026020
 -0.531590  -0.237970  -0.029470   0.285060  -0.488310  -0.756140
