33 atoms follow (x y z r g b radiusScale)
 -0.542780  -0.220460  -0.020480   0.000000   1.000000   0.000000   1.850000
  0.256900  -0.481100  -0.762380   1.000000   1.000000   1.000000   1.200000
 -0.674670   0.893150   0.047460   1.000000   1.000000   1.000000   1.200000
 -1.497450  -0.723610  -0.327910   1.000000   1.000000   1.000000   1.200000
 -0.141050  -0.754160   1.224010   1.000000   0.000000   0.000000   1.400000
 -0.217960   0.152040   2.531880   0.500000   0.500000   0.500000   1.900000
  1.221830   0.079530   3.147280   1.000000   0.000000   0.000000   1.400000
 -1.134090  -0.585590   3.569280   1.000000   0.000000   0.000000   1.400000
 -0.635580   1.549210   2.264060   1.000000   0.000000   0.000000   1.400000
 -1.187920   3.406610   1.768440   1.000000   1.000000   0.000000   1.850000
 -0.121110   3.842620   2.600540   1.000000   0.000000   0.000000   1.400000
 -2.446110   3.106670   2.277520   1.000000   0.000000   0.000000   1.400000
 -0.746600   3.132970   0.451420   1.000000   0.000000   0.000000   1.400000
 -1.571200   5.088030   1.335470   1.000000   0.000000   0.000000   1.400000
 -2.584160   5.766500   1.994130   0.000000   1.000000   0.000000   1.850000
 -3.578660   5.302460   1.765120   1.000000   1.000000   1.000000   1.200000
 -2.576580   6.830990   1.640670   1.000000   1.000000   1.000000   1.200000
 -2.415490   5.740910   3.103090   1.000000   1.000000   1.000000   1.200000
  0.904420   5.340990   0.471910   0.000000   0.000000   1.000000   1.540000
  0.948750   5.036200   1.479540   1.000000   1.000000   1.000000   1.200000
  1.751630   5.799940   0.180670   1.000000   1.000000   1.000000   1.200000
  0.075690   5.954400   0.390720   1.000000   1.000000   1.000000   1.200000
  0.696060   4.495680  -0.078000   1.000000   1.000000   1.000000   1.200000
  1.250970   2.423780   4.923830   0.000000   0.000000   1.000000   1.540000
  1.420060   0.669830   3.889690   1.000000   1.000000   1.000000   1.200000
  0.916440   3.005390   4.176310   1.000000   1.000000   1.000000   1.200000
  2.108590   2.795400   5.272300   1.000000   1.000000   1.000000   1.200000
  0.579090   2.425170   5.661960   1.000000   1.000000   1.000000   1.200000
 -3.534660   0.904430   3.565180   0.000000   0.000000   1.000000   1.540000
 -2.042590  -0.252720   3.713940   1.000000   1.000000   1.000000   1.200000
 -3.663380   1.094200   2.589120   1.000000   1.000000   1.000000   1.200000
 -3.179780   1.748630   3.975730   1.000000   1.000000   1.000000   1.200000
 -4.421780   0.693370   3.971330   1.000000   1.000000   1.000000   1.200000
28 bonds follow (x1 y1 z1 x2 y2 z2)
 -3.534660   0.904430   3.565180  -4.421780   0.693370   3.971330
 -3.534660   0.904430   3.565180  -3.179780   1.748630   3.975730
 -3.534660   0.904430   3.565180  -3.663380   1.094200   2.589120
 -1.134090  -0.585590   3.569280  -2.042590  -0.252720   3.713940
  1.250970   2.423780   4.923830   0.579090   2.425170   5.661960
  1.250970   2.423780   4.923830   2.108590   2.795400   5.272300
  1.250970   2.423780   4.923830   0.916440   3.005390   4.176310
  1.221830   0.079530   3.147280   1.420060   0.669830   3.889690
  0.904420   5.340990   0.471910   0.696060   4.495680  -0.078000
  0.904420   5.340990   0.471910   0.075690   5.954400   0.390720
  0.904420   5.340990   0.471910   1.751630   5.799940   0.180670
  0.904420   5.340990   0.471910   0.948750   5.036200   1.479540
 -2.584160   5.766500   1.994130  -2.415490   5.740910   3.103090
 -2.584160   5.766500   1.994130  -2.576580   6.830990   1.640670
 -2.584160   5.766500   1.994130  -3.578660   5.302460   1.765120
 -1.571200   5.088030   1.335470  -2.584160   5.766500   1.994130
 -1.187920   3.406610   1.768440  -1.571200   5.088030   1.335470
 -1.187920   3.406610   1.768440  -0.746600   3.132970   0.451420
 -1.187920   3.406610   1.768440  -2.446110   3.106670   2.277520
 -1.187920   3.406610   1.768440  -0.121110   3.842620   2.600540
 -0.217960   0.152040   2.531880  -0.635580   1.549210   2.264060
 -0.217960   0.152040   2.531880  -1.134090  -0.585590   3.569280
 -0.217960   0.152040   2.531880   1.221830   0.079530   3.147280
 -0.141050  -0.754160   1.224010  -0.217960   0.152040   2.531880
 -0.542780  -0.220460  -0.020480  -0.141050  -0.754160   1.224010
 -0.542780  -0.220460  -0.020480  -1.497450  -0.723610  -0.327910
 -0.542780  -0.220460  -0.020480  -0.674670   0.893150   0.047460
 -0.542780  -0.220460  -0.020480   0.256900  -0.481100  -0.762380
