33 atoms follow (x y z r g b radiusScale)
 -0.440580  -0.063710  -0.053370   0.000000   1.000000   0.000000   1.850000
  0.514760  -0.112550  -0.639350   1.000000   1.000000   1.000000   1.200000
 -0.772280   1.000460   0.086050   1.000000   1.000000   1.000000   1.200000
 -1.222600  -0.661890  -0.590430   1.000000   1.000000   1.000000   1.200000
 -0.227920  -0.693490   1.191450   1.000000   0.000000   0.000000   1.400000
 -0.205310   0.154710   2.531940   0.500000   0.500000   0.500000   1.900000
  1.264250  -0.051540   3.065780   1.000000   0.000000   0.000000   1.400000
 -1.020180  -0.666810   3.600490   1.000000   0.000000   0.000000   1.400000
 -0.595060   1.566190   2.344650   1.000000   0.000000   0.000000   1.400000
 -1.190310   3.452130   1.856780   1.000000   1.000000   0.000000   1.850000
 -0.026020   3.909510   2.524830   1.000000   0.000000   0.000000   1.400000
 -2.370900   3.143880   2.506060   1.000000   0.000000   0.000000   1.400000
 -0.922980   3.091440   0.505260   1.000000   0.000000   0.000000   1.400000
 -1.572440   5.122860   1.374890   1.000000   0.000000   0.000000   1.400000
 -2.557120   5.943340   1.885490   0.000000   1.000000   0.000000   1.850000
 -3.181550   5.407130   2.647090   1.000000   1.000000   1.000000   1.200000
 -3.216220   6.290950   1.045530   1.000000   1.000000   1.000000   1.200000
 -2.078480   6.841060   2.363590   1.000000   1.000000   1.000000   1.200000
  0.907080   5.108840   0.294540   0.000000   0.000000   1.000000   1.540000
  1.376400   4.397340   0.863230   1.000000   1.000000   1.000000   1.200000
  1.550810   5.664190  -0.243840   1.000000   1.000000   1.000000   1.200000
  0.349640   5.687220   0.962970   1.000000   1.000000   1.000000   1.200000
  0.211690   4.612070  -0.305210   1.000000   1.000000   1.000000   1.200000
  1.039930   2.495240   5.018950   0.000000   0.000000   1.000000   1.540000
  1.421210   0.102470   3.998100   1.000000   1.000000   1.000000   1.200000
  0.929530   2.972700   4.142290   1.000000   1.000000   1.000000   1.200000
  1.771490   2.939830   5.533630   1.000000   1.000000   1.000000   1.200000
  0.191770   2.594230   5.538180   1.000000   1.000000   1.000000   1.200000
 -3.560740   0.759900   3.387300   0.000000   0.000000   1.000000   1.540000
 -1.946530  -0.433390   3.756620   1.000000   1.000000   1.000000   1.200000
 -3.813660   1.008860   2.452120   1.000000   1.000000   1.000000   1.200000
 -3.224830   1.594350   3.833150   1.000000   1.000000   1.000000   1.200000
 -4.373590   0.435910   3.867630   1.000000   1.000000   1.000000   1.200000
28 bonds follow (x1 y1 z1 x2 y2 z2)
 -3.560740   0.759900   3.387300  -4.373590   0.435910   3.867630
 -3.560740   0.759900   3.387300  -3.224830   1.594350   3.833150
 -3.560740   0.759900   3.387300  -3.813660   1.008860   2.452120
 -1.020180  -0.666810   3.600490  -1.946530  -0.433390   3.756620
  1.039930   2.495240   5.018950   0.191770   2.594230   5.538180
  1.039930   2.495240   5.018950   1.771490   2.939830   5.533630
  1.039930   2.495240   5.018950   0.929530   2.972700   4.142290
  1.264250  -0.051540   3.065780   1.421210   0.102470   3.998100
  0.907080   5.108840   0.294540   0.211690   4.612070  -0.305210
  0.907080   5.108840   0.294540   0.349640   5.687220   0.962970
  0.907080   5.108840   0.294540   1.550810   5.664190  -0.243840
  0.907080   5.108840   0.294540   1.376400   4.397340   0.863230
 -2.557120   5.943340   1.885490  -2.078480   6.841060   2.363590
 -2.557120   5.943340   1.885490  -3.216220   6.290950   1.045530
 -2.557120   5.943340   1.885490  -3.181550   5.407130   2.647090
 -1.572440   5.122860   1.374890  -2.557120   5.943340   1.885490
 -1.190310   3.452130   1.856780  -1.572440   5.122860   1.374890
 -1.190310   3.452130   1.856780  -0.922980   3.091440   0.505260
 -1.190310   3.452130   1.856780  -2.370900   3.143880   2.506060
 -1.190310   3.452130   1.856780  -0.026020   3.909510   2.524830
 -0.205310   0.154710   2.531940  -0.595060   1.566190   2.344650
 -0.205310   0.154710   2.531940  -1.020180  -0.666810   3.600490
 -0.205310   0.154710   2.531940   1.264250  -0.051540   3.065780
 -0.227920  -0.693490   1.191450  -0.205310   0.154710   2.531940
 -0.440580  -0.063710  -0.053370  -0.227920  -0.693490   1.191450
 -0.440580  -0.063710  -0.053370  -1.222600  -0.661890  -0.590430
 -0.440580  -0.063710  -0.053370  -0.772280   1.000460   0.086050
 -0.440580  -0.063710  -0.053370   0.514760  -0.112550  -0.639350
