33 atoms follow (x y z r g b radiusScale)
 -0.551790  -0.143140  -0.029800   0.000000   1.000000   0.000000   1.850000
  0.250500  -0.381190  -0.775840   1.000000   1.000000   1.000000   1.200000
 -0.686960   0.968980   0.071030   1.000000   1.000000   1.000000   1.200000
 -1.504950  -0.635450  -0.357490   1.000000   1.000000   1.000000   1.200000
 -0.162940  -0.715440   1.201420   1.000000   0.000000   0.000000   1.400000
 -0.168010   0.179950   2.516270   0.500000   0.500000   0.500000   1.900000
  1.289600   0.054120   3.081700   1.000000   0.000000   0.000000   1.400000
 -1.080860  -0.614290   3.512860   1.000000   0.000000   0.000000   1.400000
 -0.591980   1.585630   2.315110   1.000000   0.000000   0.000000   1.400000
 -1.186240   3.421230   1.860030   1.000000   1.000000   0.000000   1.850000
 -0.089260   3.942000   2.611650   1.000000   0.000000   0.000000   1.400000
 -2.408870   3.085030   2.428270   1.000000   0.000000   0.000000   1.400000
 -0.786910   3.097930   0.532200   1.000000   0.000000   0.000000   1.400000
 -1.566490   5.069800   1.295810   1.000000   0.000000   0.000000   1.400000
 -2.487850   5.880080   1.920780   0.000000   1.000000   0.000000   1.850000
 -3.392340   5.291460   2.227840   1.000000   1.000000   1.000000   1.200000
 -2.797830   6.686230   1.204940   1.000000   1.000000   1.000000   1.200000
 -2.033200   6.355580   2.831770   1.000000   1.000000   1.000000   1.200000
  0.880980   5.190920   0.316100   0.000000   0.000000   1.000000   1.540000
  0.860360   5.214340   1.348410   1.000000   1.000000   1.000000   1.200000
  1.625610   5.743390  -0.073170   1.000000   1.000000   1.000000   1.200000
 -0.058150   5.507920   0.009530   1.000000   1.000000   1.000000   1.200000
  0.936680   4.186930   0.048270   1.000000   1.000000   1.000000   1.200000
  1.105850   2.403810   4.968780   0.000000   0.000000   1.000000   1.540000
  1.550790   0.639440   3.803360   1.000000   1.000000   1.000000   1.200000
  0.833280   3.045500   4.244830   1.000000   1.000000   1.000000   1.200000
  1.844580   2.808620   5.503360   1.000000   1.000000   1.000000   1.200000
  0.326790   2.248130   5.573720   1.000000   1.000000   1.000000   1.200000
 -3.697540   0.803860   3.511330   0.000000   0.000000   1.000000   1.540000
 -1.999570  -0.322640   3.633260   1.000000   1.000000   1.000000   1.200000
 -3.998840   0.960660   2.571360   1.000000   1.000000   1.000000   1.200000
 -3.403240   1.687350   3.883230   1.000000   1.000000   1.000000   1.200000
 -4.465730   0.456020   4.045370   1.000000   1.000000   1.000000   1.200000
28 bonds follow (x1 y1 z1 x2 y2 z2)
 -3.697540   0.803860   3.511330  -4.465730   0.456020   4.045370
 -3.697540   0.803860   3.511330  -3.403240   1.687350   3.883230
 -3.697540   0.803860   3.511330  -3.998840   0.960660   2.571360
 -1.080860  -0.614290   3.512860  -1.999570  -0.322640   3.633260
  1.105850   2.403810   4.968780   0.326790   2.248130   5.573720
  1.105850   2.403810   4.968780   1.844580   2.808620   5.503360
  1.105850   2.403810   4.968780   0.833280   3.045500   4.244830
  1.289600   0.054120   3.081700   1.550790   0.639440   3.803360
  0.880980   5.190920   0.316100   0.936680   4.186930   0.048270
  0.880980   5.190920   0.316100  -0.058150   5.507920   0.009530
  0.880980   5.190920   0.316100   1.625610   5.743390  -0.073170
  0.880980   5.190920   0.316100   0.860360   5.214340   1.348410
 -2.487850   5.880080   1.920780  -2.033200   6.355580   2.831770
 -2.487850   5.880080   1.920780  -2.797830   6.686230   1.204940
 -2.487850   5.880080   1.920780  -3.392340   5.291460   2.227840
 -1.566490   5.069800   1.295810  -2.487850   5.880080   1.920780
 -1.186240   3.421230   1.860030  -1.566490   5.069800   1.295810
 -1.186240   3.421230   1.860030  -0.786910   3.097930   0.532200
 -1.186240   3.421230   1.860030  -2.408870   3.085030   2.428270
 -1.186240   3.421230   1.860030  -0.089260   3.942000   2.611650
 -0.168010   0.179950   2.516270  -0.591980   1.585630   2.315110
 -0.168010   0.179950   2.516270  -1.080860  -0.614290   3.512860
 -0.168010   0.179950   2.516270   1.289600   0.054120   3.081700
 -0.162940  -0.715440   1.201420  -0.168010   0.179950   2.516270
 -0.551790  -0.143140  -0.029800  -0.162940  -0.715440   1.201420
 -0.551790  -0.143140  -0.029800  -1.504950  -0.635450  -0.357490
 -0.551790  -0.143140  -0.029800  -0.686960   0.968980   0.071030
 -0.551790  -0.143140  -0.029800   0.250500  -0.381190  -0.775840
