33 atoms follow (x y z r g b radiusScale)
 -0.098870  -0.094300  -0.023630   0.000000   1.000000   0.000000   1.850000
  0.927260  -0.395500  -0.361640   1.000000   1.000000   1.000000   1.200000
 -0.189130   1.021200   0.080080   1.000000   1.000000   1.000000   1.200000
 -0.850850  -0.476960  -0.762600   1.000000   1.000000   1.000000   1.200000
 -0.374730  -0.730780   1.205800   1.000000   0.000000   0.000000   1.400000
 -0.309870   0.143250   2.531180   0.500000   0.500000   0.500000   1.900000
  1.180610  -0.015510   3.009370   1.000000   0.000000   0.000000   1.400000
 -1.150700  -0.654620   3.589480   1.000000   0.000000   0.000000   1.400000
 -0.678300   1.568930   2.354680   1.000000   0.000000   0.000000   1.400000
 -1.193360   3.439660   1.858640   1.000000   1.000000   0.000000   1.850000
 -0.140870   3.912900   2.686110   1.000000   0.000000   0.000000   1.400000
 -2.459220   3.073220   2.279440   1.000000   0.000000   0.000000   1.400000
 -0.732770   3.140270   0.550430   1.000000   0.000000   0.000000   1.400000
 -1.592080   5.128640   1.423600   1.000000   0.000000   0.000000   1.400000
 -2.812600   5.758160   1.567750   0.000000   1.000000   0.000000   1.850000
 -3.496730   5.483100   0.721590   1.000000   1.000000   1.000000   1.200000
 -2.639810   6.867560   1.550220   1.000000   1.000000   1.000000   1.200000
 -3.301000   5.473930   2.536320   1.000000   1.000000   1.000000   1.200000
  0.946360   5.280290   0.524030   0.000000   0.000000   1.000000   1.540000
  0.968440   5.253940   1.555810   1.000000   1.000000   1.000000   1.200000
  1.715440   5.795750   0.127220   1.000000   1.000000   1.000000   1.200000
  0.031980   5.690660   0.280480   1.000000   1.000000   1.000000   1.200000
  0.910750   4.289640   0.204270   1.000000   1.000000   1.000000   1.200000
  1.503030   2.325710   4.749890   0.000000   0.000000   1.000000   1.540000
  1.484710   0.584880   3.706260   1.000000   1.000000   1.000000   1.200000
  1.003770   2.941130   4.131750   1.000000   1.000000   1.000000   1.200000
  2.444040   2.643800   4.842840   1.000000   1.000000   1.000000   1.200000
  1.070180   2.343300   5.648910   1.000000   1.000000   1.000000   1.200000
 -3.522430   0.957710   3.703740   0.000000   0.000000   1.000000   1.540000
 -2.040170  -0.324210   3.812880   1.000000   1.000000   1.000000   1.200000
 -3.779380   1.110250   2.747380   1.000000   1.000000   1.000000   1.200000
 -3.101550   1.808540   4.028900   1.000000   1.000000   1.000000   1.200000
 -4.348230   0.781010   4.235680   1.000000   1.000000   1.000000   1.200000
28 bonds follow (x1 y1 z1 x2 y2 z2)
 -3.522430   0.957710   3.703740  -4.348230   0.781010   4.235680
 -3.522430   0.957710   3.703740  -3.101550   1.808540   4.028900
 -3.522430   0.957710   3.703740  -3.779380   1.110250   2.747380
 -1.150700  -0.654620   3.589480  -2.040170  -0.324210   3.812880
  1.503030   2.325710   4.749890   1.070180   2.343300   5.648910
  1.503030   2.325710   4.749890   2.444040   2.643800   4.842840
  1.503030   2.325710   4.749890   1.003770   2.941130   4.131750
  1.180610  -0.015510   3.009370   1.484710   0.584880   3.706260
  0.946360   5.280290   0.524030   0.910750   4.289640   0.204270
  0.946360   5.280290   0.524030   0.031980   5.690660   0.280480
  0.946360   5.280290   0.524030   1.715440   5.795750   0.127220
  0.946360   5.280290   0.524030   0.968440   5.253940   1.555810
 -2.812600   5.758160   1.567750  -3.301000   5.473930   2.536320
 -2.812600   5.758160   1.567750  -2.639810   6.867560   1.550220
 -2.812600   5.758160   1.567750  -3.496730   5.483100   0.721590
 -1.592080   5.128640   1.423600  -2.812600   5.758160   1.567750
 -1.193360   3.439660   1.858640  -1.592080   5.128640   1.423600
 -1.193360   3.439660   1.858640  -0.732770   3.140270   0.550430
 -1.193360   3.439660   1.858640  -2.459220   3.073220   2.279440
 -1.193360   3.439660   1.858640  -0.140870   3.912900   2.686110
 -0.309870   0.143250   2.531180  -0.678300   1.568930   2.354680
 -0.309870   0.143250   2.531180  -1.150700  -0.654620   3.589480
 -0.309870   0.143250   2.531180   1.180610  -0.015510   3.009370
 -0.374730  -0.730780   1.205800  -0.309870   0.143250   2.531180
 -0.098870  -0.094300  -0.023630  -0.374730  -0.730780   1.205800
 -0.098870  -0.094300  -0.023630  -0.850850  -0.476960  -0.762600
 -0.098870  -0.094300  -0.023630  -0.189130   1.021200   0.080080
 -0.098870  -0.094300  -0.023630   0.927260  -0.395500  -0.361640
