33 atoms follow (x y z r g b radiusScale)
 -0.223890  -0.239440  -0.065390   0.000000   1.000000   0.000000   1.850000
  0.796380  -0.430590  -0.492360   1.000000   1.000000   1.000000   1.200000
 -0.454390   0.858700  -0.025690   1.000000   1.000000   1.000000   1.200000
 -0.982600  -0.781220  -0.689390   1.000000   1.000000   1.000000   1.200000
 -0.284800  -0.801670   1.226070   1.000000   0.000000   0.000000   1.400000
 -0.223170   0.142660   2.502210   0.500000   0.500000   0.500000   1.900000
  1.279480   0.100850   2.976520   1.000000   0.000000   0.000000   1.400000
 -1.127320  -0.580710   3.555760   1.000000   0.000000   0.000000   1.400000
 -0.710370   1.513100   2.239750   1.000000   0.000000   0.000000   1.400000
 -1.133330   3.447400   1.932810   1.000000   1.000000   0.000000   1.850000
  0.116110   3.778920   2.524790   1.000000   0.000000   0.000000   1.400000
 -2.294360   3.209980   2.657330   1.000000   0.000000   0.000000   1.400000
 -0.927130   3.150150   0.566330   1.000000   0.000000   0.000000   1.400000
 -1.447540   5.170750   1.591110   1.000000   0.000000   0.000000   1.400000
 -2.689320   5.731310   1.840560   0.000000   1.000000   0.000000   1.850000
 -3.032730   5.489490   2.880100   1.000000   1.000000   1.000000   1.200000
 -3.443650   5.341120   1.107250   1.000000   1.000000   1.000000   1.200000
 -2.603670   6.842830   1.725490   1.000000   1.000000   1.000000   1.200000
  0.825820   5.177000   0.232900   0.000000   0.000000   1.000000   1.540000
  0.938240   5.131700   1.274980   1.000000   1.000000   1.000000   1.200000
  1.530000   5.738860  -0.212890   1.000000   1.000000   1.000000   1.200000
 -0.140650   5.551720   0.077300   1.000000   1.000000   1.000000   1.200000
  0.815990   4.208210  -0.099040   1.000000   1.000000   1.000000   1.200000
  0.956770   2.514910   4.871580   0.000000   0.000000   1.000000   1.540000
  1.528000   0.655720   3.721990   1.000000   1.000000   1.000000   1.200000
  1.474600   3.086820   4.231420   1.000000   1.000000   1.000000   1.200000
  1.249970   2.719670   5.803530   1.000000   1.000000   1.000000   1.200000
 -0.007540   2.768190   4.774690   1.000000   1.000000   1.000000   1.200000
 -3.625670   0.891260   3.392220   0.000000   0.000000   1.000000   1.540000
 -2.032460  -0.247830   3.693140   1.000000   1.000000   1.000000   1.200000
 -3.505840   1.214830   2.450330   1.000000   1.000000   1.000000   1.200000
 -3.311500   1.632790   3.991480   1.000000   1.000000   1.000000   1.200000
 -4.600640   0.746670   3.552530   1.000000   1.000000   1.000000   1.200000
28 bonds follow (x1 y1 z1 x2 y2 z2)
 -3.625670   0.891260   3.392220  -4.600640   0.746670   3.552530
 -3.625670   0.891260   3.392220  -3.311500   1.632790   3.991480
 -3.625670   0.891260   3.392220  -3.505840   1.214830   2.450330
 -1.127320  -0.580710   3.555760  -2.032460  -0.247830   3.693140
  0.956770   2.514910   4.871580  -0.007540   2.768190   4.774690
  0.956770   2.514910   4.871580   1.249970   2.719670   5.803530
  0.956770   2.514910   4.871580   1.474600   3.086820   4.231420
  1.279480   0.100850   2.976520   1.528000   0.655720   3.721990
  0.825820   5.177000   0.232900   0.815990   4.208210  -0.099040
  0.825820   5.177000   0.232900  -0.140650   5.551720   0.077300
  0.825820   5.177000   0.232900   1.530000   5.738860  -0.212890
  0.825820   5.177000   0.232900   0.938240   5.131700   1.274980
 -2.689320   5.731310   1.840560  -2.603670   6.842830   1.725490
 -2.689320   5.731310   1.840560  -3.443650   5.341120   1.107250
 -2.689320   5.731310   1.840560  -3.032730   5.489490   2.880100
 -1.447540   5.170750   1.591110  -2.689320   5.731310   1.840560
 -1.133330   3.447400   1.932810  -1.447540   5.170750   1.591110
 -1.133330   3.447400   1.932810  -0.927130   3.150150   0.566330
 -1.133330   3.447400   1.932810  -2.294360   3.209980   2.657330
 -1.133330   3.447400   1.932810   0.116110   3.778920   2.524790
 -0.223170   0.142660   2.502210  -0.710370   1.513100   2.239750
 -0.223170   0.142660   2.502210  -1.127320  -0.580710   3.555760
 -0.223170   0.142660   2.502210   1.279480   0.100850   2.976520
 -0.284800  -0.801670   1.226070  -0.223170   0.142660   2.502210
 -0.223890  -0.239440  -0.065390  -0.284800  -0.801670   1.226070
 -0.223890  -0.239440  -0.065390  -0.982600  -0.781220  -0.689390
 -0.223890  -0.239440  -0.065390  -0.454390   0.858700  -0.025690
 -0.223890  -0.239440  -0.065390   0.796380  -0.430590  -0.492360
