33 atoms follow (x y z r g b radiusScale)
 -0.134320  -0.107580  -0.024120   0.000000   1.000000   0.000000   1.850000
  0.852470  -0.450530  -0.432050   1.000000   1.000000   1.000000   1.200000
 -0.163160   1.009690   0.097430   1.000000   1.000000   1.000000   1.200000
 -0.948900  -0.439100  -0.720010   1.000000   1.000000   1.000000   1.200000
 -0.355360  -0.753750   1.213710   1.000000   0.000000   0.000000   1.400000
 -0.275690   0.144550   2.527210   0.500000   0.500000   0.500000   1.900000
  1.212330   0.011320   3.017400   1.000000   0.000000   0.000000   1.400000
 -1.185280  -0.573880   3.580910   1.000000   0.000000   0.000000   1.400000
 -0.654660   1.560630   2.301600   1.000000   0.000000   0.000000   1.400000
 -1.216650   3.417880   1.838860   1.000000   1.000000   0.000000   1.850000
 -0.156260   3.884900   2.666030   1.000000   0.000000   0.000000   1.400000
 -2.473990   3.092980   2.334160   1.000000   0.000000   0.000000   1.400000
 -0.753300   3.145600   0.523840   1.000000   0.000000   0.000000   1.400000
 -1.562350   5.101040   1.348310   1.000000   0.000000   0.000000   1.400000
 -2.761160   5.719400   1.633010   0.000000   1.000000   0.000000   1.850000
 -3.523790   5.458830   0.851620   1.000000   1.000000   1.000000   1.200000
 -2.602480   6.830050   1.634310   1.000000   1.000000   1.000000   1.200000
 -3.146860   5.398190   2.636980   1.000000   1.000000   1.000000   1.200000
  0.947300   5.290510   0.581120   0.000000   0.000000   1.000000   1.540000
  1.074780   4.879310   1.528600   1.000000   1.000000   1.000000   1.200000
  1.752860   5.817250   0.278190   1.000000   1.000000   1.000000   1.200000
  0.100840   5.889770   0.646620   1.000000   1.000000   1.000000   1.200000
  0.705190   4.505700  -0.053150   1.000000   1.000000   1.000000   1.200000
  1.489240   2.349500   4.769060   0.000000   0.000000   1.000000   1.540000
  1.494230   0.551520   3.769160   1.000000   1.000000   1.000000   1.200000
  0.985430   2.977030   4.167170   1.000000   1.000000   1.000000   1.200000
  2.428750   2.669110   4.869960   1.000000   1.000000   1.000000   1.200000
  1.057380   2.337070   5.668550   1.000000   1.000000   1.000000   1.200000
 -3.554690   0.962800   3.711730   0.000000   0.000000   1.000000   1.540000
 -2.085170  -0.219420   3.741070   1.000000   1.000000   1.000000   1.200000
 -3.777420   1.097240   2.744310   1.000000   1.000000   1.000000   1.200000
 -3.179520   1.830320   4.047870   1.000000   1.000000   1.000000   1.200000
 -4.392290   0.752510   4.211390   1.000000   1.000000   1.000000   1.200000
28 bonds follow (x1 y1 z1 x2 y2 z2)
 -3.554690   0.962800   3.711730  -4.392290   0.752510   4.211390
 -3.554690   0.962800   3.711730  -3.179520   1.830320   4.047870
 -3.554690   0.962800   3.711730  -3.777420   1.097240   2.744310
 -1.185280  -0.573880   3.580910  -2.085170  -0.219420   3.741070
  1.489240   2.349500   4.769060   1.057380   2.337070   5.668550
  1.489240   2.349500   4.769060   2.428750   2.669110   4.869960
  1.489240   2.349500   4.769060   0.985430   2.977030   4.167170
  1.212330   0.011320   3.017400   1.494230   0.551520   3.769160
  0.947300   5.290510   0.581120   0.705190   4.505700  -0.053150
  0.947300   5.290510   0.581120   0.100840   5.889770   0.646620
  0.947300   5.290510   0.581120   1.752860   5.817250   0.278190
  0.947300   5.290510   0.581120   1.074780   4.879310   1.528600
 -2.761160   5.719400   1.633010  -3.146860   5.398190   2.636980
 -2.761160   5.719400   1.633010  -2.602480   6.830050   1.634310
 -2.761160   5.719400   1.633010  -3.523790   5.458830   0.851620
 -1.562350   5.101040   1.348310  -2.761160   5.719400   1.633010
 -1.216650   3.417880   1.838860  -1.562350   5.101040   1.348310
 -1.216650   3.417880   1.838860  -0.753300   3.145600   0.523840
 -1.216650   3.417880   1.838860  -2.473990   3.092980   2.334160
 -1.216650   3.417880   1.838860  -0.156260   3.884900   2.666030
 -0.275690   0.144550   2.527210  -0.654660   1.560630   2.301600
 -0.275690   0.144550   2.527210  -1.185280  -0.573880   3.580910
 -0.275690   0.144550   2.527210   1.212330   0.011320   3.017400
 -0.355360  -0.753750   1.213710  -0.275690   0.144550   2.527210
 -0.134320  -0.107580  -0.024120  -0.355360  -0.753750   1.213710
 -0.134320  -0.107580  -0.024120  -0.948900  -0.439100  -0.720010
 -0.134320  -0.107580  -0.024120  -0.163160   1.009690   0.097430
 -0.134320  -0.107580  -0.024120   0.852470  -0.450530  -0.432050
