33 atoms follow (x y z r g b radiusScale)
 -0.165030  -0.124950  -0.036980   0.000000   1.000000   0.000000   1.850000
  0.797830  -0.490040  -0.481190   1.000000   1.000000   1.000000   1.200000
 -0.175490   0.994880   0.063910   1.000000   1.000000   1.000000   1.200000
 -1.014520  -0.461710  -0.687380   1.000000   1.000000   1.000000   1.200000
 -0.333600  -0.746100   1.220330   1.000000   0.000000   0.000000   1.400000
 -0.253980   0.158770   2.522320   0.500000   0.500000   0.500000   1.900000
  1.228410   0.006970   3.039340   1.000000   0.000000   0.000000   1.400000
 -1.191690  -0.517390   3.573780   1.000000   0.000000   0.000000   1.400000
 -0.659720   1.563750   2.260960   1.000000   0.000000   0.000000   1.400000
 -1.211270   3.403080   1.820680   1.000000   1.000000   0.000000   1.850000
 -0.147780   3.831990   2.665270   1.000000   0.000000   0.000000   1.400000
 -2.459810   3.119120   2.353700   1.000000   0.000000   0.000000   1.400000
 -0.744170   3.125090   0.513090   1.000000   0.000000   0.000000   1.400000
 -1.581530   5.087960   1.305480   1.000000   0.000000   0.000000   1.400000
 -2.752230   5.722460   1.675820   0.000000   1.000000   0.000000   1.850000
 -3.570070   5.481690   0.947180   1.000000   1.000000   1.000000   1.200000
 -2.574970   6.830740   1.673870   1.000000   1.000000   1.000000   1.200000
 -3.075850   5.404880   2.701630   1.000000   1.000000   1.000000   1.200000
  0.935250   5.286950   0.625190   0.000000   0.000000   1.000000   1.540000
  1.110450   4.675190   1.452580   1.000000   1.000000   1.000000   1.200000
  1.779090   5.721330   0.290070   1.000000   1.000000   1.000000   1.200000
  0.221680   5.972690   0.921510   1.000000   1.000000   1.000000   1.200000
  0.482170   4.685350  -0.083950   1.000000   1.000000   1.000000   1.200000
  1.476180   2.360110   4.784920   0.000000   0.000000   1.000000   1.540000
  1.545000   0.676070   3.665900   1.000000   1.000000   1.000000   1.200000
  0.946900   2.911890   4.132300   1.000000   1.000000   1.000000   1.200000
  2.388490   2.754490   4.875700   1.000000   1.000000   1.000000   1.200000
  1.025520   2.394560   5.674940   1.000000   1.000000   1.000000   1.200000
 -3.595860   0.953710   3.723670   0.000000   0.000000   1.000000   1.540000
 -2.089450  -0.149110   3.717460   1.000000   1.000000   1.000000   1.200000
 -3.795360   1.127680   2.757310   1.000000   1.000000   1.000000   1.200000
 -3.195400   1.795590   4.094360   1.000000   1.000000   1.000000   1.200000
 -4.449640   0.760020   4.202120   1.000000   1.000000   1.000000   1.200000
28 bonds follow (x1 y1 z1 x2 y2 z2)
 -3.595860   0.953710   3.723670  -4.449640   0.760020   4.202120
 -3.595860   0.953710   3.723670  -3.195400   1.795590   4.094360
 -3.595860   0.953710   3.723670  -3.795360   1.127680   2.757310
 -1.191690  -0.517390   3.573780  -2.089450  -0.149110   3.717460
  1.476180   2.360110   4.784920   1.025520   2.394560   5.674940
  1.476180   2.360110   4.784920   2.388490   2.754490   4.875700
  1.476180   2.360110   4.784920   0.946900   2.911890   4.132300
  1.228410   0.006970   3.039340   1.545000   0.676070   3.665900
  0.935250   5.286950   0.625190   0.482170   4.685350  -0.083950
  0.935250   5.286950   0.625190   0.221680   5.972690   0.921510
  0.935250   5.286950   0.625190   1.779090   5.721330   0.290070
  0.935250   5.286950   0.625190   1.110450   4.675190   1.452580
 -2.752230   5.722460   1.675820  -3.075850   5.404880   2.701630
 -2.752230   5.722460   1.675820  -2.574970   6.830740   1.673870
 -2.752230   5.722460   1.675820  -3.570070   5.481690   0.947180
 -1.581530   5.087960   1.305480  -2.752230   5.722460   1.675820
 -1.211270   3.403080   1.820680  -1.581530   5.087960   1.305480
 -1.211270   3.403080   1.820680  -0.744170   3.125090   0.513090
 -1.211270   3.403080   1.820680  -2.459810   3.119120   2.353700
 -1.211270   3.403080   1.820680  -0.147780   3.831990   2.665270
 -0.253980   0.158770   2.522320  -0.659720   1.563750   2.260960
 -0.253980   0.158770   2.522320  -1.191690  -0.517390   3.573780
 -0.253980   0.158770   2.522320   1.228410   0.006970   3.039340
 -0.333600  -0.746100   1.220330  -0.253980   0.158770   2.522320
 -0.165030  -0.124950  -0.036980  -0.333600  -0.746100   1.220330
 -0.165030  -0.124950  -0.036980  -1.014520  -0.461710  -0.687380
 -0.165030  -0.124950  -0.036980  -0.175490   0.994880   0.063910
 -0.165030  -0.124950  -0.036980   0.797830  -0.490040  -0.481190
