33 atoms follow (x y z r g b radiusScale)
 -0.057700   0.007400   0.003510   0.000000   1.000000   0.000000   1.850000
  1.038990  -0.156730  -0.154170   1.000000   1.000000   1.000000   1.200000
 -0.300680   1.101580   0.095160   1.000000   1.000000   1.000000   1.200000
 -0.630550  -0.446950  -0.844650   1.000000   1.000000   1.000000   1.200000
 -0.452610  -0.679930   1.171840   1.000000   0.000000   0.000000   1.400000
 -0.295550   0.128970   2.530580   0.500000   0.500000   0.500000   1.900000
  1.205950  -0.052390   2.974850   1.000000   0.000000   0.000000   1.400000
 -1.168580  -0.696840   3.538710   1.000000   0.000000   0.000000   1.400000
 -0.695420   1.554550   2.418970   1.000000   0.000000   0.000000   1.400000
 -1.181400   3.441970   1.911870   1.000000   1.000000   0.000000   1.850000
 -0.138830   3.926790   2.739590   1.000000   0.000000   0.000000   1.400000
 -2.451160   3.138400   2.366730   1.000000   0.000000   0.000000   1.400000
 -0.738070   3.134100   0.600950   1.000000   0.000000   0.000000   1.400000
 -1.526910   5.138380   1.396450   1.000000   0.000000   0.000000   1.400000
 -2.804830   5.664030   1.372450   0.000000   1.000000   0.000000   1.850000
 -3.318610   5.381450   0.414900   1.000000   1.000000   1.000000   1.200000
 -2.734710   6.782180   1.433250   1.000000   1.000000   1.000000   1.200000
 -3.409640   5.283670   2.237050   1.000000   1.000000   1.000000   1.200000
  0.899460   5.293690   0.482180   0.000000   0.000000   1.000000   1.540000
  0.605940   5.466050   1.466730   1.000000   1.000000   1.000000   1.200000
  1.446240   6.056990   0.111730   1.000000   1.000000   1.000000   1.200000
  0.004250   5.161110  -0.032490   1.000000   1.000000   1.000000   1.200000
  1.403260   4.396910   0.456810   1.000000   1.000000   1.000000   1.200000
  1.538320   2.306580   4.700800   0.000000   0.000000   1.000000   1.540000
  1.555820   0.578420   3.623570   1.000000   1.000000   1.000000   1.200000
  1.004100   2.932540   4.124100   1.000000   1.000000   1.000000   1.200000
  2.445340   2.693940   4.851470   1.000000   1.000000   1.000000   1.200000
  1.083840   2.211190   5.584680   1.000000   1.000000   1.000000   1.200000
 -3.587260   0.946640   3.751090   0.000000   0.000000   1.000000   1.540000
 -2.071720  -0.383360   3.720190   1.000000   1.000000   1.000000   1.200000
 -3.834320   1.165670   2.805200   1.000000   1.000000   1.000000   1.200000
 -3.118630   1.753000   4.119920   1.000000   1.000000   1.000000   1.200000
 -4.422580   0.790140   4.274850   1.000000   1.000000   1.000000   1.200000
28 bonds follow (x1 y1 z1 x2 y2 z2)
 -3.587260   0.946640   3.751090  -4.422580   0.790140   4.274850
 -3.587260   0.946640   3.751090  -3.118630   1.753000   4.119920
 -3.587260   0.946640   3.751090  -3.834320   1.165670   2.805200
 -1.168580  -0.696840   3.538710  -2.071720  -0.383360   3.720190
  1.538320   2.306580   4.700800   1.083840   2.211190   5.584680
  1.538320   2.306580   4.700800   2.445340   2.693940   4.851470
  1.538320   2.306580   4.700800   1.004100   2.932540   4.124100
  1.205950  -0.052390   2.974850   1.555820   0.578420   3.623570
  0.899460   5.293690   0.482180   1.403260   4.396910   0.456810
  0.899460   5.293690   0.482180   0.004250   5.161110  -0.032490
  0.899460   5.293690   0.482180   1.446240   6.056990   0.111730
  0.899460   5.293690   0.482180   0.605940   5.466050   1.466730
 -2.804830   5.664030   1.372450  -3.409640   5.283670   2.237050
 -2.804830   5.664030   1.372450  -2.734710   6.782180   1.433250
 -2.804830   5.664030   1.372450  -3.318610   5.381450   0.414900
 -1.526910   5.138380   1.396450  -2.804830   5.664030   1.372450
 -1.181400   3.441970   1.911870  -1.526910   5.138380   1.396450
 -1.181400   3.441970   1.911870  -0.738070   3.134100   0.600950
 -1.181400   3.441970   1.911870  -2.451160   3.138400   2.366730
 -1.181400   3.441970   1.911870  -0.138830   3.926790   2.739590
 -0.295550   0.128970   2.530580  -0.695420   1.554550   2.418970
 -0.295550   0.128970   2.530580  -1.168580  -0.696840   3.538710
 -0.295550   0.128970   2.530580   1.205950  -0.052390   2.974850
 -0.452610  -0.679930   1.171840  -0.295550   0.128970   2.530580
 -0.057700   0.007400   0.003510  -0.452610  -0.679930   1.171840
 -0.057700   0.007400   0.003510  -0.630550  -0.446950  -0.844650
 -0.057700   0.007400   0.003510  -0.300680   1.101580   0.095160
 -0.057700   0.007400   0.003510   1.038990  -0.156730  -0.154170
