33 atoms follow (x y z r g b radiusScale)
 -0.008430   0.005370  -0.006850   0.000000   1.000000   0.000000   1.850000
  1.110430  -0.012690  -0.026330   1.000000   1.000000   1.000000   1.200000
 -0.396400   1.061300   0.002370   1.000000   1.000000   1.000000   1.200000
 -0.416980  -0.563010  -0.879680   1.000000   1.000000   1.000000   1.200000
 -0.446540  -0.671470   1.152450   1.000000   0.000000   0.000000   1.400000
 -0.326330   0.149810   2.509730   0.500000   0.500000   0.500000   1.900000
  1.155410  -0.088440   2.985860   1.000000   0.000000   0.000000   1.400000
 -1.230080  -0.622610   3.532010   1.000000   0.000000   0.000000   1.400000
 -0.617080   1.593500   2.342880   1.000000   0.000000   0.000000   1.400000
 -1.176330   3.481800   1.957460   1.000000   1.000000   0.000000   1.850000
 -0.044540   3.879810   2.726090   1.000000   0.000000   0.000000   1.400000
 -2.392870   3.135280   2.517590   1.000000   0.000000   0.000000   1.400000
 -0.896090   3.192730   0.588570   1.000000   0.000000   0.000000   1.400000
 -1.548520   5.169850   1.556370   1.000000   0.000000   0.000000   1.400000
 -2.813910   5.470890   1.079310   0.000000   1.000000   0.000000   1.850000
 -2.890650   5.194210  -0.006560   1.000000   1.000000   1.000000   1.200000
 -2.982600   6.572970   1.190720   1.000000   1.000000   1.000000   1.200000
 -3.602660   4.918750   1.654800   1.000000   1.000000   1.000000   1.200000
  0.932140   5.305070   0.519810   0.000000   0.000000   1.000000   1.540000
  0.839810   5.143630   1.551860   1.000000   1.000000   1.000000   1.200000
  0.596550   6.244960   0.311970   1.000000   1.000000   1.000000   1.200000
  0.280960   4.613410   0.070100   1.000000   1.000000   1.000000   1.200000
  1.881020   5.171480   0.210970   1.000000   1.000000   1.000000   1.200000
  1.600650   2.261460   4.682680   0.000000   0.000000   1.000000   1.540000
  1.519850   0.531880   3.635470   1.000000   1.000000   1.000000   1.200000
  1.118390   2.896140   4.072470   1.000000   1.000000   1.000000   1.200000
  2.538260   2.576850   4.811520   1.000000   1.000000   1.000000   1.200000
  1.143170   2.251070   5.569650   1.000000   1.000000   1.000000   1.200000
 -3.623960   0.927150   3.790160   0.000000   0.000000   1.000000   1.540000
 -2.135360  -0.300470   3.703360   1.000000   1.000000   1.000000   1.200000
 -3.835020   1.185440   2.845460   1.000000   1.000000   1.000000   1.200000
 -3.184950   1.721430   4.217080   1.000000   1.000000   1.000000   1.200000
 -4.476000   0.728750   4.270340   1.000000   1.000000   1.000000   1.200000
28 bonds follow (x1 y1 z1 x2 y2 z2)
 -3.623960   0.927150   3.790160  -4.476000   0.728750   4.270340
 -3.623960   0.927150   3.790160  -3.184950   1.721430   4.217080
 -3.623960   0.927150   3.790160  -3.835020   1.185440   2.845460
 -1.230080  -0.622610   3.532010  -2.135360  -0.300470   3.703360
  1.600650   2.261460   4.682680   1.143170   2.251070   5.569650
  1.600650   2.261460   4.682680   2.538260   2.576850   4.811520
  1.600650   2.261460   4.682680   1.118390   2.896140   4.072470
  1.155410  -0.088440   2.985860   1.519850   0.531880   3.635470
  0.932140   5.305070   0.519810   1.881020   5.171480   0.210970
  0.932140   5.305070   0.519810   0.280960   4.613410   0.070100
  0.932140   5.305070   0.519810   0.596550   6.244960   0.311970
  0.932140   5.305070   0.519810   0.839810   5.143630   1.551860
 -2.813910   5.470890   1.079310  -3.602660   4.918750   1.654800
 -2.813910   5.470890   1.079310  -2.982600   6.572970   1.190720
 -2.813910   5.470890   1.079310  -2.890650   5.194210  -0.006560
 -1.548520   5.169850   1.556370  -2.813910   5.470890   1.079310
 -1.176330   3.481800   1.957460  -1.548520   5.169850   1.556370
 -1.176330   3.481800   1.957460  -0.896090   3.192730   0.588570
 -1.176330   3.481800   1.957460  -2.392870   3.135280   2.517590
 -1.176330   3.481800   1.957460  -0.044540   3.879810   2.726090
 -0.326330   0.149810   2.509730  -0.617080   1.593500   2.342880
 -0.326330   0.149810   2.509730  -1.230080  -0.622610   3.532010
 -0.326330   0.149810   2.509730   1.155410  -0.088440   2.985860
 -0.446540  -0.671470   1.152450  -0.326330   0.149810   2.509730
 -0.008430   0.005370  -0.006850  -0.446540  -0.671470   1.152450
 -0.008430   0.005370  -0.006850  -0.416980  -0.563010  -0.879680
 -0.008430   0.005370  -0.006850  -0.396400   1.061300   0.002370
 -0.008430   0.005370  -0.006850   1.110430  -0.012690  -0.026330
