33 atoms follow (x y z r g b radiusScale)
  0.285080  -0.169500   0.078800   0.000000   1.000000   0.000000   1.850000
  1.381770  -0.296660   0.262570   1.000000   1.000000   1.000000   1.200000
  0.002180   0.917000   0.040710   1.000000   1.000000   1.000000   1.200000
 -0.022460  -0.687550  -0.863220   1.000000   1.000000   1.000000   1.200000
 -0.413910  -0.791800   1.142390   1.000000   0.000000   0.000000   1.400000
 -0.276090  -0.002240   2.509970   0.500000   0.500000   0.500000   1.900000
  1.211720  -0.155640   2.948220   1.000000   0.000000   0.000000   1.400000
 -1.227510  -0.707650   3.521240   1.000000   0.000000   0.000000   1.400000
 -0.704120   1.438850   2.399350   1.000000   0.000000   0.000000   1.400000
 -1.147580   3.194490   2.166400   1.000000   1.000000   0.000000   1.850000
 -0.328300   3.738560   3.125930   1.000000   0.000000   0.000000   1.400000
 -2.472200   3.007570   2.460210   1.000000   0.000000   0.000000   1.400000
 -0.794320   3.318270   0.848360   1.000000   0.000000   0.000000   1.400000
 -2.355470   6.239450   1.467090   1.000000   0.000000   0.000000   1.400000
 -3.639830   6.171570   0.899720   0.000000   1.000000   0.000000   1.850000
 -3.775290   6.947730   0.101080   1.000000   1.000000   1.000000   1.200000
 -4.430900   6.294650   1.685120   1.000000   1.000000   1.000000   1.200000
 -3.706550   5.133710   0.477430   1.000000   1.000000   1.000000   1.200000
  2.288390   5.264470  -0.169880   0.000000   0.000000   1.000000   1.540000
  2.199580   5.945330   0.552310   1.000000   1.000000   1.000000   1.200000
 -2.242670   7.259010   1.826080   1.000000   1.000000   1.000000   1.200000
  2.249940   5.711760  -1.057490   1.000000   1.000000   1.000000   1.200000
  1.530500   4.619080  -0.092460   1.000000   1.000000   1.000000   1.200000
  1.828190   2.187120   4.460490   0.000000   0.000000   1.000000   1.540000
  1.614350   0.543990   3.509420   1.000000   1.000000   1.000000   1.200000
  1.535190   2.881140   3.796300   1.000000   1.000000   1.000000   1.200000
  2.774670   2.370440   4.721700   1.000000   1.000000   1.000000   1.200000
  1.250120   2.271440   5.271420   1.000000   1.000000   1.000000   1.200000
 -3.671750   0.809970   3.841780   0.000000   0.000000   1.000000   1.540000
 -2.106820  -0.316760   3.721540   1.000000   1.000000   1.000000   1.200000
 -3.717800   1.302170   2.968850   1.000000   1.000000   1.000000   1.200000
 -3.449150   1.472960   4.556280   1.000000   1.000000   1.000000   1.200000
 -4.562460   0.406230   4.040950   1.000000   1.000000   1.000000   1.200000
28 bonds follow (x1 y1 z1 x2 y2 z2)
 -3.671750   0.809970   3.841780  -4.562460   0.406230   4.040950
 -3.671750   0.809970   3.841780  -3.449150   1.472960   4.556280
 -3.671750   0.809970   3.841780  -3.717800   1.302170   2.968850
 -1.227510  -0.707650   3.521240  -2.106820  -0.316760   3.721540
  1.828190   2.187120   4.460490   1.250120   2.271440   5.271420
  1.828190   2.187120   4.460490   2.774670   2.370440   4.721700
  1.828190   2.187120   4.460490   1.535190   2.881140   3.796300
  1.211720  -0.155640   2.948220   1.614350   0.543990   3.509420
  2.288390   5.264470  -0.169880   1.530500   4.619080  -0.092460
  2.288390   5.264470  -0.169880   2.249940   5.711760  -1.057490
 -2.355470   6.239450   1.467090  -2.242670   7.259010   1.826080
  2.288390   5.264470  -0.169880   2.199580   5.945330   0.552310
 -3.639830   6.171570   0.899720  -3.706550   5.133710   0.477430
 -3.639830   6.171570   0.899720  -4.430900   6.294650   1.685120
 -3.639830   6.171570   0.899720  -3.775290   6.947730   0.101080
 -2.355470   6.239450   1.467090  -3.639830   6.171570   0.899720
 -1.147580   3.194490   2.166400  -0.794320   3.318270   0.848360
 -1.147580   3.194490   2.166400  -2.472200   3.007570   2.460210
 -1.147580   3.194490   2.166400  -0.328300   3.738560   3.125930
 -0.704120   1.438850   2.399350  -1.147580   3.194490   2.166400
 -0.276090  -0.002240   2.509970  -0.704120   1.438850   2.399350
 -0.276090  -0.002240   2.509970  -1.227510  -0.707650   3.521240
 -0.276090  -0.002240   2.509970   1.211720  -0.155640   2.948220
 -0.413910  -0.791800   1.142390  -0.276090  -0.002240   2.509970
  0.285080  -0.169500   0.078800  -0.413910  -0.791800   1.142390
  0.285080  -0.169500   0.078800  -0.022460  -0.687550  -0.863220
  0.285080  -0.169500   0.078800   0.002180   0.917000   0.040710
  0.285080  -0.169500   0.078800   1.381770  -0.296660   0.262570
