33 atoms follow (x y z r g b radiusScale)
 -0.556070  -0.152300  -0.037530   0.000000   1.000000   0.000000   1.850000
  0.225940  -0.421230  -0.795320   1.000000   1.000000   1.000000   1.200000
 -0.662480   0.962480   0.049060   1.000000   1.000000   1.000000   1.200000
 -1.527170  -0.626240  -0.340210   1.000000   1.000000   1.000000   1.200000
 -0.152840  -0.713080   1.194470   1.000000   0.000000   0.000000   1.400000
 -0.176990   0.182330   2.510920   0.500000   0.500000   0.500000   1.900000
  1.279910   0.072970   3.087320   1.000000   0.000000   0.000000   1.400000
 -1.078270  -0.608200   3.522590   1.000000   0.000000   0.000000   1.400000
 -0.596900   1.590250   2.321060   1.000000   0.000000   0.000000   1.400000
 -1.180090   3.420750   1.856710   1.000000   1.000000   0.000000   1.850000
 -0.082430   3.934630   2.609340   1.000000   0.000000   0.000000   1.400000
 -2.398400   3.052920   2.417960   1.000000   0.000000   0.000000   1.400000
 -0.786890   3.092860   0.531950   1.000000   0.000000   0.000000   1.400000
 -1.565170   5.065620   1.297690   1.000000   0.000000   0.000000   1.400000
 -2.484990   5.884100   1.918960   0.000000   1.000000   0.000000   1.850000
 -3.414120   5.311860   2.180790   1.000000   1.000000   1.000000   1.200000
 -2.747880   6.718500   1.216010   1.000000   1.000000   1.000000   1.200000
 -2.045390   6.321390   2.855880   1.000000   1.000000   1.000000   1.200000
  0.871120   5.200990   0.328180   0.000000   0.000000   1.000000   1.540000
  0.799760   5.250960   1.374170   1.000000   1.000000   1.000000   1.200000
  1.612390   5.777390  -0.038080   1.000000   1.000000   1.000000   1.200000
 -0.063290   5.478580  -0.030640   1.000000   1.000000   1.000000   1.200000
  0.988870   4.215320   0.090490   1.000000   1.000000   1.000000   1.200000
  1.115910   2.396590   4.970260   0.000000   0.000000   1.000000   1.540000
  1.538010   0.702530   3.773890   1.000000   1.000000   1.000000   1.200000
  0.842270   3.021620   4.232360   1.000000   1.000000   1.000000   1.200000
  1.847880   2.818990   5.500520   1.000000   1.000000   1.000000   1.200000
  0.334150   2.247770   5.573570   1.000000   1.000000   1.000000   1.200000
 -3.709750   0.806390   3.518760   0.000000   0.000000   1.000000   1.540000
 -1.987160  -0.299030   3.662150   1.000000   1.000000   1.000000   1.200000
 -4.006490   0.989190   2.581590   1.000000   1.000000   1.000000   1.200000
 -3.349500   1.667000   3.887790   1.000000   1.000000   1.000000   1.200000
 -4.499550   0.520380   4.058530   1.000000   1.000000   1.000000   1.200000
28 bonds follow (x1 y1 z1 x2 y2 z2)
 -3.709750   0.806390   3.518760  -4.499550   0.520380   4.058530
 -3.709750   0.806390   3.518760  -3.349500   1.667000   3.887790
 -3.709750   0.806390   3.518760  -4.006490   0.989190   2.581590
 -1.078270  -0.608200   3.522590  -1.987160  -0.299030   3.662150
  1.115910   2.396590   4.970260   0.334150   2.247770   5.573570
  1.115910   2.396590   4.970260   1.847880   2.818990   5.500520
  1.115910   2.396590   4.970260   0.842270   3.021620   4.232360
  1.279910   0.072970   3.087320   1.538010   0.702530   3.773890
  0.871120   5.200990   0.328180   0.988870   4.215320   0.090490
  0.871120   5.200990   0.328180  -0.063290   5.478580  -0.030640
  0.871120   5.200990   0.328180   1.612390   5.777390  -0.038080
  0.871120   5.200990   0.328180   0.799760   5.250960   1.374170
 -2.484990   5.884100   1.918960  -2.045390   6.321390   2.855880
 -2.484990   5.884100   1.918960  -2.747880   6.718500   1.216010
 -2.484990   5.884100   1.918960  -3.414120   5.311860   2.180790
 -1.565170   5.065620   1.297690  -2.484990   5.884100   1.918960
 -1.180090   3.420750   1.856710  -1.565170   5.065620   1.297690
 -1.180090   3.420750   1.856710  -0.786890   3.092860   0.531950
 -1.180090   3.420750   1.856710  -2.398400   3.052920   2.417960
 -1.180090   3.420750   1.856710  -0.082430   3.934630   2.609340
 -0.176990   0.182330   2.510920  -0.596900   1.590250   2.321060
 -0.176990   0.182330   2.510920  -1.078270  -0.608200   3.522590
 -0.176990   0.182330   2.510920   1.279910   0.072970   3.087320
 -0.152840  -0.713080   1.194470  -0.176990   0.182330   2.510920
 -0.556070  -0.152300  -0.037530  -0.152840  -0.713080   1.194470
 -0.556070  -0.152300  -0.037530  -1.527170  -0.626240  -0.340210
 -0.556070  -0.152300  -0.037530  -0.662480   0.962480   0.049060
 -0.556070  -0.152300  -0.037530   0.225940  -0.421230  -0.795320
