33 atoms follow (x y z r g b radiusScale)
  0.230860  -0.180750   0.034490   0.000000   1.000000   0.000000   1.850000
  1.338130  -0.241710   0.181850   1.000000   1.000000   1.000000   1.200000
 -0.110080   0.886090  -0.035320   1.000000   1.000000   1.000000   1.200000
 -0.082480  -0.764850  -0.866700   1.000000   1.000000   1.000000   1.200000
 -0.402570  -0.795740   1.145910   1.000000   0.000000   0.000000   1.400000
 -0.304320  -0.003050   2.509810   0.500000   0.500000   0.500000   1.900000
  1.178790  -0.135800   2.955180   1.000000   0.000000   0.000000   1.400000
 -1.262160  -0.670570   3.550370   1.000000   0.000000   0.000000   1.400000
 -0.609830   1.460730   2.332460   1.000000   0.000000   0.000000   1.400000
 -1.146130   3.186530   2.144720   1.000000   1.000000   0.000000   1.850000
 -0.263700   3.731770   3.043590   1.000000   0.000000   0.000000   1.400000
 -2.445680   2.989340   2.533920   1.000000   0.000000   0.000000   1.400000
 -0.838160   3.271970   0.814400   1.000000   0.000000   0.000000   1.400000
 -2.290080   6.135370   1.520880   1.000000   0.000000   0.000000   1.400000
 -3.548160   6.129400   0.862070   0.000000   1.000000   0.000000   1.850000
 -3.529960   6.726620  -0.083450   1.000000   1.000000   1.000000   1.200000
 -4.332480   6.509540   1.556560   1.000000   1.000000   1.000000   1.200000
 -3.709910   5.038510   0.616810   1.000000   1.000000   1.000000   1.200000
  2.170520   5.386620  -0.118830   0.000000   0.000000   1.000000   1.540000
  2.286720   6.074050   0.594230   1.000000   1.000000   1.000000   1.200000
 -2.108900   7.078080   1.664710   1.000000   1.000000   1.000000   1.200000
  2.119690   5.846220  -1.002590   1.000000   1.000000   1.000000   1.200000
  1.320980   4.877630   0.037860   1.000000   1.000000   1.000000   1.200000
  1.809310   2.204540   4.539540   0.000000   0.000000   1.000000   1.540000
  1.543510   0.554000   3.550870   1.000000   1.000000   1.000000   1.200000
  1.551320   2.937760   3.904530   1.000000   1.000000   1.000000   1.200000
  2.766140   2.316340   4.802480   1.000000   1.000000   1.000000   1.200000
  1.240980   2.281400   5.357380   1.000000   1.000000   1.000000   1.200000
 -3.669430   0.833260   3.843290   0.000000   0.000000   1.000000   1.540000
 -2.155100  -0.294730   3.721210   1.000000   1.000000   1.000000   1.200000
 -3.798670   1.320900   2.976890   1.000000   1.000000   1.000000   1.200000
 -3.445960   1.510650   4.543930   1.000000   1.000000   1.000000   1.200000
 -4.516640   0.369130   4.094530   1.000000   1.000000   1.000000   1.200000
28 bonds follow (x1 y1 z1 x2 y2 z2)
 -3.669430   0.833260   3.843290  -4.516640   0.369130   4.094530
 -3.669430   0.833260   3.843290  -3.445960   1.510650   4.543930
 -3.669430   0.833260   3.843290  -3.798670   1.320900   2.976890
 -1.262160  -0.670570   3.550370  -2.155100  -0.294730   3.721210
  1.809310   2.204540   4.539540   1.240980   2.281400   5.357380
  1.809310   2.204540   4.539540   2.766140   2.316340   4.802480
  1.809310   2.204540   4.539540   1.551320   2.937760   3.904530
  1.178790  -0.135800   2.955180   1.543510   0.554000   3.550870
  2.170520   5.386620  -0.118830   1.320980   4.877630   0.037860
  2.170520   5.386620  -0.118830   2.119690   5.846220  -1.002590
 -2.290080   6.135370   1.520880  -2.108900   7.078080   1.664710
  2.170520   5.386620  -0.118830   2.286720   6.074050   0.594230
 -3.548160   6.129400   0.862070  -3.709910   5.038510   0.616810
 -3.548160   6.129400   0.862070  -4.332480   6.509540   1.556560
 -3.548160   6.129400   0.862070  -3.529960   6.726620  -0.083450
 -2.290080   6.135370   1.520880  -3.548160   6.129400   0.862070
 -1.146130   3.186530   2.144720  -0.838160   3.271970   0.814400
 -1.146130   3.186530   2.144720  -2.445680   2.989340   2.533920
 -1.146130   3.186530   2.144720  -0.263700   3.731770   3.043590
 -0.609830   1.460730   2.332460  -1.146130   3.186530   2.144720
 -0.304320  -0.003050   2.509810  -0.609830   1.460730   2.332460
 -0.304320  -0.003050   2.509810  -1.262160  -0.670570   3.550370
 -0.304320  -0.003050   2.509810   1.178790  -0.135800   2.955180
 -0.402570  -0.795740   1.145910  -0.304320  -0.003050   2.509810
  0.230860  -0.180750   0.034490  -0.402570  -0.795740   1.145910
  0.230860  -0.180750   0.034490  -0.082480  -0.764850  -0.866700
  0.230860  -0.180750   0.034490  -0.110080   0.886090  -0.035320
  0.230860  -0.180750   0.034490   1.338130  -0.241710   0.181850
