33 atoms follow (x y z r g b radiusScale)
 -0.020750   0.011760  -0.024900   0.000000   1.000000   0.000000   1.850000
  1.097790  -0.018510  -0.047770   1.000000   1.000000   1.000000   1.200000
 -0.397450   1.072180  -0.019030   1.000000   1.000000   1.000000   1.200000
 -0.438270  -0.557260  -0.892880   1.000000   1.000000   1.000000   1.200000
 -0.460590  -0.654060   1.140290   1.000000   0.000000   0.000000   1.400000
 -0.304400   0.161740   2.494870   0.500000   0.500000   0.500000   1.900000
  1.167210  -0.094620   2.988890   1.000000   0.000000   0.000000   1.400000
 -1.226330  -0.580920   3.516670   1.000000   0.000000   0.000000   1.400000
 -0.615210   1.606820   2.350650   1.000000   0.000000   0.000000   1.400000
 -1.207700   3.442790   1.969120   1.000000   1.000000   0.000000   1.850000
 -0.068960   3.897750   2.689190   1.000000   0.000000   0.000000   1.400000
 -2.432590   3.153320   2.565660   1.000000   0.000000   0.000000   1.400000
 -0.836560   3.149930   0.624360   1.000000   0.000000   0.000000   1.400000
 -1.543620   5.131140   1.466920   1.000000   0.000000   0.000000   1.400000
 -2.834810   5.493540   1.135070   0.000000   1.000000   0.000000   1.850000
 -3.042900   5.238190   0.060850   1.000000   1.000000   1.000000   1.200000
 -2.946750   6.600600   1.274630   1.000000   1.000000   1.000000   1.200000
 -3.582660   4.968050   1.786200   1.000000   1.000000   1.000000   1.200000
  0.985890   5.294420   0.534740   0.000000   0.000000   1.000000   1.540000
  0.843000   5.191310   1.570730   1.000000   1.000000   1.000000   1.200000
  0.833110   6.256820   0.259800   1.000000   1.000000   1.000000   1.200000
  0.241430   4.681120   0.111370   1.000000   1.000000   1.000000   1.200000
  1.902580   4.977370   0.268670   1.000000   1.000000   1.000000   1.200000
  1.592190   2.273830   4.693150   0.000000   0.000000   1.000000   1.540000
  1.541030   0.532250   3.626580   1.000000   1.000000   1.000000   1.200000
  1.089420   2.876020   4.064410   1.000000   1.000000   1.000000   1.200000
  2.518820   2.625010   4.809870   1.000000   1.000000   1.000000   1.200000
  1.136520   2.280140   5.581320   1.000000   1.000000   1.000000   1.200000
 -3.622690   0.929580   3.784410   0.000000   0.000000   1.000000   1.540000
 -2.125650  -0.232540   3.684300   1.000000   1.000000   1.000000   1.200000
 -3.876990   1.208630   2.857000   1.000000   1.000000   1.000000   1.200000
 -3.228770   1.734150   4.234720   1.000000   1.000000   1.000000   1.200000
 -4.441780   0.643920   4.277380   1.000000   1.000000   1.000000   1.200000
28 bonds follow (x1 y1 z1 x2 y2 z2)
 -3.622690   0.929580   3.784410  -4.441780   0.643920   4.277380
 -3.622690   0.929580   3.784410  -3.228770   1.734150   4.234720
 -3.622690   0.929580   3.784410  -3.876990   1.208630   2.857000
 -1.226330  -0.580920   3.516670  -2.125650  -0.232540   3.684300
  1.592190   2.273830   4.693150   1.136520   2.280140   5.581320
  1.592190   2.273830   4.693150   2.518820   2.625010   4.809870
  1.592190   2.273830   4.693150   1.089420   2.876020   4.064410
  1.167210  -0.094620   2.988890   1.541030   0.532250   3.626580
  0.985890   5.294420   0.534740   1.902580   4.977370   0.268670
  0.985890   5.294420   0.534740   0.241430   4.681120   0.111370
  0.985890   5.294420   0.534740   0.833110   6.256820   0.259800
  0.985890   5.294420   0.534740   0.843000   5.191310   1.570730
 -2.834810   5.493540   1.135070  -3.582660   4.968050   1.786200
 -2.834810   5.493540   1.135070  -2.946750   6.600600   1.274630
 -2.834810   5.493540   1.135070  -3.042900   5.238190   0.060850
 -1.543620   5.131140   1.466920  -2.834810   5.493540   1.135070
 -1.207700   3.442790   1.969120  -1.543620   5.131140   1.466920
 -1.207700   3.442790   1.969120  -0.836560   3.149930   0.624360
 -1.207700   3.442790   1.969120  -2.432590   3.153320   2.565660
 -1.207700   3.442790   1.969120  -0.068960   3.897750   2.689190
 -0.304400   0.161740   2.494870  -0.615210   1.606820   2.350650
 -0.304400   0.161740   2.494870  -1.226330  -0.580920   3.516670
 -0.304400   0.161740   2.494870   1.167210  -0.094620   2.988890
 -0.460590  -0.654060   1.140290  -0.304400   0.161740   2.494870
 -0.020750   0.011760  -0.024900  -0.460590  -0.654060   1.140290
 -0.020750   0.011760  -0.024900  -0.438270  -0.557260  -0.892880
 -0.020750   0.011760  -0.024900  -0.397450   1.072180  -0.019030
 -0.020750   0.011760  -0.024900   1.097790  -0.018510  -0.047770
