33 atoms follow (x y z r g b radiusScale)
 -0.064580  -0.036510  -0.018150   0.000000   1.000000   0.000000   1.850000
  1.020430  -0.237460  -0.213960   1.000000   1.000000   1.000000   1.200000
 -0.271540   1.065670   0.056750   1.000000   1.000000   1.000000   1.200000
 -0.677910  -0.498020  -0.834470   1.000000   1.000000   1.000000   1.200000
 -0.443110  -0.681860   1.178140   1.000000   0.000000   0.000000   1.400000
 -0.297780   0.128080   2.538690   0.500000   0.500000   0.500000   1.900000
  1.199110  -0.044240   2.996860   1.000000   0.000000   0.000000   1.400000
 -1.154550  -0.703420   3.560650   1.000000   0.000000   0.000000   1.400000
 -0.704140   1.546340   2.424760   1.000000   0.000000   0.000000   1.400000
 -1.183010   3.466550   1.886780   1.000000   1.000000   0.000000   1.850000
 -0.117300   3.901640   2.711880   1.000000   0.000000   0.000000   1.400000
 -2.460470   3.141430   2.303500   1.000000   0.000000   0.000000   1.400000
 -0.674150   3.170480   0.589910   1.000000   0.000000   0.000000   1.400000
 -1.558160   5.143240   1.431420   1.000000   0.000000   0.000000   1.400000
 -2.818480   5.708770   1.435480   0.000000   1.000000   0.000000   1.850000
 -3.373760   5.421760   0.503350   1.000000   1.000000   1.000000   1.200000
 -2.697360   6.824280   1.461490   1.000000   1.000000   1.000000   1.200000
 -3.407100   5.375850   2.329410   1.000000   1.000000   1.000000   1.200000
  0.863870   5.253040   0.491480   0.000000   0.000000   1.000000   1.540000
  0.634300   5.475820   1.478700   1.000000   1.000000   1.000000   1.200000
  1.526530   5.901280   0.094160   1.000000   1.000000   1.000000   1.200000
 -0.045640   5.257110  -0.007400   1.000000   1.000000   1.000000   1.200000
  1.197070   4.269990   0.473470   1.000000   1.000000   1.000000   1.200000
  1.525240   2.313850   4.702570   0.000000   0.000000   1.000000   1.540000
  1.521130   0.529410   3.708190   1.000000   1.000000   1.000000   1.200000
  0.983940   2.940290   4.134330   1.000000   1.000000   1.000000   1.200000
  2.427990   2.707960   4.859350   1.000000   1.000000   1.000000   1.200000
  1.072140   2.196620   5.584390   1.000000   1.000000   1.000000   1.200000
 -3.561020   0.932680   3.744020   0.000000   0.000000   1.000000   1.540000
 -2.078790  -0.442800   3.704890   1.000000   1.000000   1.000000   1.200000
 -3.783110   1.124720   2.785750   1.000000   1.000000   1.000000   1.200000
 -3.052420   1.727510   4.084670   1.000000   1.000000   1.000000   1.200000
 -4.412530   0.853170   4.259210   1.000000   1.000000   1.000000   1.200000
28 bonds follow (x1 y1 z1 x2 y2 z2)
 -3.561020   0.932680   3.744020  -4.412530   0.853170   4.259210
 -3.561020   0.932680   3.744020  -3.052420   1.727510   4.084670
 -3.561020   0.932680   3.744020  -3.783110   1.124720   2.785750
 -1.154550  -0.703420   3.560650  -2.078790  -0.442800   3.704890
  1.525240   2.313850   4.702570   1.072140   2.196620   5.584390
  1.525240   2.313850   4.702570   2.427990   2.707960   4.859350
  1.525240   2.313850   4.702570   0.983940   2.940290   4.134330
  1.199110  -0.044240   2.996860   1.521130   0.529410   3.708190
  0.863870   5.253040   0.491480   1.197070   4.269990   0.473470
  0.863870   5.253040   0.491480  -0.045640   5.257110  -0.007400
  0.863870   5.253040   0.491480   1.526530   5.901280   0.094160
  0.863870   5.253040   0.491480   0.634300   5.475820   1.478700
 -2.818480   5.708770   1.435480  -3.407100   5.375850   2.329410
 -2.818480   5.708770   1.435480  -2.697360   6.824280   1.461490
 -2.818480   5.708770   1.435480  -3.373760   5.421760   0.503350
 -1.558160   5.143240   1.431420  -2.818480   5.708770   1.435480
 -1.183010   3.466550   1.886780  -1.558160   5.143240   1.431420
 -1.183010   3.466550   1.886780  -0.674150   3.170480   0.589910
 -1.183010   3.466550   1.886780  -2.460470   3.141430   2.303500
 -1.183010   3.466550   1.886780  -0.117300   3.901640   2.711880
 -0.297780   0.128080   2.538690  -0.704140   1.546340   2.424760
 -0.297780   0.128080   2.538690  -1.154550  -0.703420   3.560650
 -0.297780   0.128080   2.538690   1.199110  -0.044240   2.996860
 -0.443110  -0.681860   1.178140  -0.297780   0.128080   2.538690
 -0.064580  -0.036510  -0.018150  -0.443110  -0.681860   1.178140
 -0.064580  -0.036510  -0.018150  -0.677910  -0.498020  -0.834470
 -0.064580  -0.036510  -0.018150  -0.271540   1.065670   0.056750
 -0.064580  -0.036510  -0.018150   1.020430  -0.237460  -0.213960
