33 atoms follow (x y z r g b radiusScale)
 -0.489560  -0.090910  -0.043600   0.000000   1.000000   0.000000   1.850000
  0.432350  -0.117160  -0.682820   1.000000   1.000000   1.000000   1.200000
 -0.831720   0.966850   0.114620   1.000000   1.000000   1.000000   1.200000
 -1.288010  -0.702530  -0.540130   1.000000   1.000000   1.000000   1.200000
 -0.191830  -0.712690   1.187420   1.000000   0.000000   0.000000   1.400000
 -0.190370   0.151990   2.526140   0.500000   0.500000   0.500000   1.900000
  1.274470  -0.056110   3.066720   1.000000   0.000000   0.000000   1.400000
 -1.079390  -0.609400   3.567430   1.000000   0.000000   0.000000   1.400000
 -0.586690   1.570670   2.373690   1.000000   0.000000   0.000000   1.400000
 -1.193180   3.469680   1.865100   1.000000   1.000000   0.000000   1.850000
 -0.044810   3.947760   2.548620   1.000000   0.000000   0.000000   1.400000
 -2.388800   3.117520   2.456390   1.000000   0.000000   0.000000   1.400000
 -0.865100   3.100230   0.537420   1.000000   0.000000   0.000000   1.400000
 -1.608520   5.119720   1.318900   1.000000   0.000000   0.000000   1.400000
 -2.550700   5.942090   1.913240   0.000000   1.000000   0.000000   1.850000
 -3.258410   5.347240   2.548660   1.000000   1.000000   1.000000   1.200000
 -3.129030   6.469770   1.109860   1.000000   1.000000   1.000000   1.200000
 -2.034400   6.708980   2.551550   1.000000   1.000000   1.000000   1.200000
  0.893720   5.087810   0.304540   0.000000   0.000000   1.000000   1.540000
  1.212780   4.553500   1.135470   1.000000   1.000000   1.000000   1.200000
  1.658490   5.527940  -0.177190   1.000000   1.000000   1.000000   1.200000
  0.186500   5.771380   0.650380   1.000000   1.000000   1.000000   1.200000
  0.374520   4.422930  -0.294700   1.000000   1.000000   1.000000   1.200000
  1.045600   2.447860   5.011660   0.000000   0.000000   1.000000   1.540000
  1.519630   0.410510   3.868350   1.000000   1.000000   1.000000   1.200000
  0.931060   2.916450   4.130310   1.000000   1.000000   1.000000   1.200000
  1.854990   2.816580   5.465890   1.000000   1.000000   1.000000   1.200000
  0.248660   2.650730   5.578720   1.000000   1.000000   1.000000   1.200000
 -3.530200   0.746880   3.416610   0.000000   0.000000   1.000000   1.540000
 -2.011410  -0.340740   3.679540   1.000000   1.000000   1.000000   1.200000
 -3.761030   0.840630   2.448170   1.000000   1.000000   1.000000   1.200000
 -3.117460   1.613670   3.714060   1.000000   1.000000   1.000000   1.200000
 -4.371210   0.599750   3.933200   1.000000   1.000000   1.000000   1.200000
28 bonds follow (x1 y1 z1 x2 y2 z2)
 -3.530200   0.746880   3.416610  -4.371210   0.599750   3.933200
 -3.530200   0.746880   3.416610  -3.117460   1.613670   3.714060
 -3.530200   0.746880   3.416610  -3.761030   0.840630   2.448170
 -1.079390  -0.609400   3.567430  -2.011410  -0.340740   3.679540
  1.045600   2.447860   5.011660   0.248660   2.650730   5.578720
  1.045600   2.447860   5.011660   1.854990   2.816580   5.465890
  1.045600   2.447860   5.011660   0.931060   2.916450   4.130310
  1.274470  -0.056110   3.066720   1.519630   0.410510   3.868350
  0.893720   5.087810   0.304540   0.374520   4.422930  -0.294700
  0.893720   5.087810   0.304540   0.186500   5.771380   0.650380
  0.893720   5.087810   0.304540   1.658490   5.527940  -0.177190
  0.893720   5.087810   0.304540   1.212780   4.553500   1.135470
 -2.550700   5.942090   1.913240  -2.034400   6.708980   2.551550
 -2.550700   5.942090   1.913240  -3.129030   6.469770   1.109860
 -2.550700   5.942090   1.913240  -3.258410   5.347240   2.548660
 -1.608520   5.119720   1.318900  -2.550700   5.942090   1.913240
 -1.193180   3.469680   1.865100  -1.608520   5.119720   1.318900
 -1.193180   3.469680   1.865100  -0.865100   3.100230   0.537420
 -1.193180   3.469680   1.865100  -2.388800   3.117520   2.456390
 -1.193180   3.469680   1.865100  -0.044810   3.947760   2.548620
 -0.190370   0.151990   2.526140  -0.586690   1.570670   2.373690
 -0.190370   0.151990   2.526140  -1.079390  -0.609400   3.567430
 -0.190370   0.151990   2.526140   1.274470  -0.056110   3.066720
 -0.191830  -0.712690   1.187420  -0.190370   0.151990   2.526140
 -0.489560  -0.090910  -0.043600  -0.191830  -0.712690   1.187420
 -0.489560  -0.090910  -0.043600  -1.288010  -0.702530  -0.540130
 -0.489560  -0.090910  -0.043600  -0.831720   0.966850   0.114620
 -0.489560  -0.090910  -0.043600   0.432350  -0.117160  -0.682820
