33 atoms follow (x y z r g b radiusScale)
  0.169690  -0.192190   0.013100   0.000000   1.000000   0.000000   1.850000
  1.278410  -0.177540   0.160000   1.000000   1.000000   1.000000   1.200000
 -0.237070   0.845870  -0.118060   1.000000   1.000000   1.000000   1.200000
 -0.105760  -0.847230  -0.850690   1.000000   1.000000   1.000000   1.200000
 -0.425920  -0.777130   1.155760   1.000000   0.000000   0.000000   1.400000
 -0.294120   0.014620   2.513550   0.500000   0.500000   0.500000   1.900000
  1.159160  -0.144370   3.039350   1.000000   0.000000   0.000000   1.400000
 -1.273770  -0.632850   3.529120   1.000000   0.000000   0.000000   1.400000
 -0.628970   1.469750   2.307930   1.000000   0.000000   0.000000   1.400000
 -1.123240   3.195360   2.111640   1.000000   1.000000   0.000000   1.850000
 -0.212010   3.729240   2.995950   1.000000   0.000000   0.000000   1.400000
 -2.410070   3.029860   2.562620   1.000000   0.000000   0.000000   1.400000
 -0.889560   3.248490   0.759200   1.000000   0.000000   0.000000   1.400000
 -2.238760   6.050250   1.555410   1.000000   0.000000   0.000000   1.400000
 -3.451090   6.066380   0.838000   0.000000   1.000000   0.000000   1.850000
 -3.297530   6.449250  -0.200180   1.000000   1.000000   1.000000   1.200000
 -4.190730   6.715860   1.372120   1.000000   1.000000   1.000000   1.200000
 -3.832940   5.026460   0.770280   1.000000   1.000000   1.000000   1.200000
  2.057100   5.481880  -0.072880   0.000000   0.000000   1.000000   1.540000
  2.171990   6.143200   0.665870   1.000000   1.000000   1.000000   1.200000
 -1.887940   6.989890   1.797010   1.000000   1.000000   1.000000   1.200000
  1.779820   5.963060  -0.901520   1.000000   1.000000   1.000000   1.200000
  1.338920   4.832970   0.185150   1.000000   1.000000   1.000000   1.200000
  1.765050   2.177340   4.570400   0.000000   0.000000   1.000000   1.540000
  1.548510   0.587950   3.568950   1.000000   1.000000   1.000000   1.200000
  1.469130   2.872250   3.908690   1.000000   1.000000   1.000000   1.200000
  2.724470   2.334890   4.798540   1.000000   1.000000   1.000000   1.200000
  1.217440   2.276530   5.399710   1.000000   1.000000   1.000000   1.200000
 -3.621790   0.795110   3.847440   0.000000   0.000000   1.000000   1.540000
 -2.166550  -0.248100   3.720340   1.000000   1.000000   1.000000   1.200000
 -3.742460   1.193800   2.935100   1.000000   1.000000   1.000000   1.200000
 -3.358010   1.536250   4.466440   1.000000   1.000000   1.000000   1.200000
 -4.484980   0.399830   4.154490   1.000000   1.000000   1.000000   1.200000
28 bonds follow (x1 y1 z1 x2 y2 z2)
 -3.621790   0.795110   3.847440  -4.484980   0.399830   4.154490
 -3.621790   0.795110   3.847440  -3.358010   1.536250   4.466440
 -3.621790   0.795110   3.847440  -3.742460   1.193800   2.935100
 -1.273770  -0.632850   3.529120  -2.166550  -0.248100   3.720340
  1.765050   2.177340   4.570400   1.217440   2.276530   5.399710
  1.765050   2.177340   4.570400   2.724470   2.334890   4.798540
  1.765050   2.177340   4.570400   1.469130   2.872250   3.908690
  1.159160  -0.144370   3.039350   1.548510   0.587950   3.568950
  2.057100   5.481880  -0.072880   1.338920   4.832970   0.185150
  2.057100   5.481880  -0.072880   1.779820   5.963060  -0.901520
 -2.238760   6.050250   1.555410  -1.887940   6.989890   1.797010
  2.057100   5.481880  -0.072880   2.171990   6.143200   0.665870
 -3.451090   6.066380   0.838000  -3.832940   5.026460   0.770280
 -3.451090   6.066380   0.838000  -4.190730   6.715860   1.372120
 -3.451090   6.066380   0.838000  -3.297530   6.449250  -0.200180
 -2.238760   6.050250   1.555410  -3.451090   6.066380   0.838000
 -1.123240   3.195360   2.111640  -0.889560   3.248490   0.759200
 -1.123240   3.195360   2.111640  -2.410070   3.029860   2.562620
 -1.123240   3.195360   2.111640  -0.212010   3.729240   2.995950
 -0.628970   1.469750   2.307930  -1.123240   3.195360   2.111640
 -0.294120   0.014620   2.513550  -0.628970   1.469750   2.307930
 -0.294120   0.014620   2.513550  -1.273770  -0.632850   3.529120
 -0.294120   0.014620   2.513550   1.159160  -0.144370   3.039350
 -0.425920  -0.777130   1.155760  -0.294120   0.014620   2.513550
  0.169690  -0.192190   0.013100  -0.425920  -0.777130   1.155760
  0.169690  -0.192190   0.013100  -0.105760  -0.847230  -0.850690
  0.169690  -0.192190   0.013100  -0.237070   0.845870  -0.118060
  0.169690  -0.192190   0.013100   1.278410  -0.177540   0.160000
