33 atoms follow (x y z r g b radiusScale)
 -0.289130  -0.185190  -0.063510   0.000000   1.000000   0.000000   1.850000
  0.650440  -0.461390  -0.609900   1.000000   1.000000   1.000000   1.200000
 -0.401420   0.930880   0.012140   1.000000   1.000000   1.000000   1.200000
 -1.165150  -0.633910  -0.601350   1.000000   1.000000   1.000000   1.200000
 -0.234070  -0.774360   1.221490   1.000000   0.000000   0.000000   1.400000
 -0.250480   0.168550   2.502370   0.500000   0.500000   0.500000   1.900000
  1.203680   0.073770   3.073940   1.000000   0.000000   0.000000   1.400000
 -1.155030  -0.487640   3.597060   1.000000   0.000000   0.000000   1.400000
 -0.653100   1.567880   2.224680   1.000000   0.000000   0.000000   1.400000
 -1.188680   3.373050   1.800890   1.000000   1.000000   0.000000   1.850000
 -0.114090   3.872200   2.591830   1.000000   0.000000   0.000000   1.400000
 -2.432800   3.004890   2.303520   1.000000   0.000000   0.000000   1.400000
 -0.742420   3.131700   0.471900   1.000000   0.000000   0.000000   1.400000
 -1.603020   5.052890   1.347140   1.000000   0.000000   0.000000   1.400000
 -2.691930   5.769050   1.789790   0.000000   1.000000   0.000000   1.850000
 -3.602090   5.514260   1.185680   1.000000   1.000000   1.000000   1.200000
 -2.467550   6.863180   1.667060   1.000000   1.000000   1.000000   1.200000
 -2.903290   5.556510   2.870760   1.000000   1.000000   1.000000   1.200000
  0.947350   5.289260   0.663080   0.000000   0.000000   1.000000   1.540000
  1.396860   4.506570   1.156350   1.000000   1.000000   1.000000   1.200000
  1.606080   5.858680   0.151190   1.000000   1.000000   1.000000   1.200000
  0.429680   5.824440   1.379140   1.000000   1.000000   1.000000   1.200000
  0.212160   4.875200   0.047440   1.000000   1.000000   1.000000   1.200000
  1.419640   2.423960   4.812450   0.000000   0.000000   1.000000   1.540000
  1.450900   0.678360   3.791290   1.000000   1.000000   1.000000   1.200000
  0.884540   3.059980   4.247880   1.000000   1.000000   1.000000   1.200000
  2.325390   2.807340   4.976950   1.000000   1.000000   1.000000   1.200000
  0.963720   2.291800   5.690530   1.000000   1.000000   1.000000   1.200000
 -3.683860   0.968610   3.724010   0.000000   0.000000   1.000000   1.540000
 -2.055700  -0.141690   3.740210   1.000000   1.000000   1.000000   1.200000
 -3.834530   1.226060   2.766920   1.000000   1.000000   1.000000   1.200000
 -3.325930   1.780390   4.189080   1.000000   1.000000   1.000000   1.200000
 -4.556510   0.715510   4.136850   1.000000   1.000000   1.000000   1.200000
29 bonds follow (x1 y1 z1 x2 y2 z2)
 -3.683860   0.968610   3.724010  -4.556510   0.715510   4.136850
 -3.683860   0.968610   3.724010  -3.325930   1.780390   4.189080
 -3.683860   0.968610   3.724010  -3.834530   1.226060   2.766920
 -1.155030  -0.487640   3.597060  -2.055700  -0.141690   3.740210
  1.419640   2.423960   4.812450   0.963720   2.291800   5.690530
  1.419640   2.423960   4.812450   2.325390   2.807340   4.976950
  1.419640   2.423960   4.812450   0.884540   3.059980   4.247880
  1.203680   0.073770   3.073940   1.450900   0.678360   3.791290
  0.947350   5.289260   0.663080   0.212160   4.875200   0.047440
  0.947350   5.289260   0.663080   0.429680   5.824440   1.379140
  0.947350   5.289260   0.663080   1.606080   5.858680   0.151190
  0.947350   5.289260   0.663080   1.396860   4.506570   1.156350
 -2.691930   5.769050   1.789790  -2.903290   5.556510   2.870760
 -2.691930   5.769050   1.789790  -2.467550   6.863180   1.667060
 -2.691930   5.769050   1.789790  -3.602090   5.514260   1.185680
 -1.603020   5.052890   1.347140  -2.691930   5.769050   1.789790
 -1.188680   3.373050   1.800890  -1.603020   5.052890   1.347140
 -1.188680   3.373050   1.800890  -0.742420   3.131700   0.471900
 -1.188680   3.373050   1.800890  -2.432800   3.004890   2.303520
 -1.188680   3.373050   1.800890  -0.114090   3.872200   2.591830
 -0.653100   1.567880   2.224680  -1.188680   3.373050   1.800890
 -0.250480   0.168550   2.502370  -0.653100   1.567880   2.224680
 -0.250480   0.168550   2.502370  -1.155030  -0.487640   3.597060
 -0.250480   0.168550   2.502370   1.203680   0.073770   3.073940
 -0.234070  -0.774360   1.221490  -0.250480   0.168550   2.502370
 -0.289130  -0.185190  -0.063510  -0.234070  -0.774360   1.221490
 -0.289130  -0.185190  -0.063510  -1.165150  -0.633910  -0.601350
 -0.289130  -0.185190  -0.063510  -0.401420   0.930880   0.012140
 -0.289130  -0.185190  -0.063510   0.650440  -0.461390  -0.609900
