33 atoms follow (x y z r g b radiusScale)
 -0.569670  -0.168340  -0.049550   0.000000   1.000000   0.000000   1.850000
  0.161320  -0.512140  -0.826530   1.000000   1.000000   1.000000   1.200000
 -0.607920   0.953790  -0.000030   1.000000   1.000000   1.000000   1.200000
 -1.578160  -0.597710  -0.287860   1.000000   1.000000   1.000000   1.200000
 -0.131290  -0.703080   1.182900   1.000000   0.000000   0.000000   1.400000
 -0.192120   0.172640   2.507410   0.500000   0.500000   0.500000   1.900000
  1.253410   0.132830   3.097390   1.000000   0.000000   0.000000   1.400000
 -1.093400  -0.575760   3.545700   1.000000   0.000000   0.000000   1.400000
 -0.599660   1.585010   2.320530   1.000000   0.000000   0.000000   1.400000
 -1.153330   3.388070   1.834410   1.000000   1.000000   0.000000   1.850000
 -0.064560   3.891520   2.601920   1.000000   0.000000   0.000000   1.400000
 -2.379900   3.043820   2.376710   1.000000   0.000000   0.000000   1.400000
 -0.750010   3.080820   0.506330   1.000000   0.000000   0.000000   1.400000
 -1.601860   5.059350   1.319170   1.000000   0.000000   0.000000   1.400000
 -2.503920   5.913610   1.926020   0.000000   1.000000   0.000000   1.850000
 -3.504520   5.422220   2.040410   1.000000   1.000000   1.000000   1.200000
 -2.611110   6.827680   1.283460   1.000000   1.000000   1.000000   1.200000
 -2.130450   6.225220   2.938460   1.000000   1.000000   1.000000   1.200000
  0.835230   5.230060   0.383820   0.000000   0.000000   1.000000   1.540000
  0.666750   5.335090   1.402080   1.000000   1.000000   1.000000   1.200000
  1.571520   5.831460   0.050560   1.000000   1.000000   1.000000   1.200000
 -0.074530   5.432680  -0.066710   1.000000   1.000000   1.000000   1.200000
  1.037060   4.224650   0.217370   1.000000   1.000000   1.000000   1.200000
  1.146310   2.385300   4.970540   0.000000   0.000000   1.000000   1.540000
  1.490000   0.805250   3.756840   1.000000   1.000000   1.000000   1.200000
  0.897750   3.008870   4.222190   1.000000   1.000000   1.000000   1.200000
  1.927740   2.760090   5.464690   1.000000   1.000000   1.000000   1.200000
  0.374850   2.314800   5.600180   1.000000   1.000000   1.000000   1.200000
 -3.724640   0.809590   3.551160   0.000000   0.000000   1.000000   1.540000
 -2.013430  -0.308280   3.683430   1.000000   1.000000   1.000000   1.200000
 -3.908730   0.987650   2.582780   1.000000   1.000000   1.000000   1.200000
 -3.153420   1.569620   3.878070   1.000000   1.000000   1.000000   1.200000
 -4.592520   0.842170   4.045260   1.000000   1.000000   1.000000   1.200000
29 bonds follow (x1 y1 z1 x2 y2 z2)
 -3.724640   0.809590   3.551160  -4.592520   0.842170   4.045260
 -3.724640   0.809590   3.551160  -3.153420   1.569620   3.878070
 -3.724640   0.809590   3.551160  -3.908730   0.987650   2.582780
 -1.093400  -0.575760   3.545700  -2.013430  -0.308280   3.683430
  1.146310   2.385300   4.970540   0.374850   2.314800   5.600180
  1.146310   2.385300   4.970540   1.927740   2.760090   5.464690
  1.146310   2.385300   4.970540   0.897750   3.008870   4.222190
  1.253410   0.132830   3.097390   1.490000   0.805250   3.756840
  0.835230   5.230060   0.383820   1.037060   4.224650   0.217370
  0.835230   5.230060   0.383820  -0.074530   5.432680  -0.066710
  0.835230   5.230060   0.383820   1.571520   5.831460   0.050560
  0.835230   5.230060   0.383820   0.666750   5.335090   1.402080
 -2.503920   5.913610   1.926020  -2.130450   6.225220   2.938460
 -2.503920   5.913610   1.926020  -2.611110   6.827680   1.283460
 -2.503920   5.913610   1.926020  -3.504520   5.422220   2.040410
 -1.601860   5.059350   1.319170  -2.503920   5.913610   1.926020
 -1.153330   3.388070   1.834410  -1.601860   5.059350   1.319170
 -1.153330   3.388070   1.834410  -0.750010   3.080820   0.506330
 -1.153330   3.388070   1.834410  -2.379900   3.043820   2.376710
 -1.153330   3.388070   1.834410  -0.064560   3.891520   2.601920
 -0.599660   1.585010   2.320530  -1.153330   3.388070   1.834410
 -0.192120   0.172640   2.507410  -0.599660   1.585010   2.320530
 -0.192120   0.172640   2.507410  -1.093400  -0.575760   3.545700
 -0.192120   0.172640   2.507410   1.253410   0.132830   3.097390
 -0.131290  -0.703080   1.182900  -0.192120   0.172640   2.507410
 -0.569670  -0.168340  -0.049550  -0.131290  -0.703080   1.182900
 -0.569670  -0.168340  -0.049550  -1.578160  -0.597710  -0.287860
 -0.569670  -0.168340  -0.049550  -0.607920   0.953790  -0.000030
 -0.569670  -0.168340  -0.049550   0.161320  -0.512140  -0.826530
