33 atoms follow (x y z r g b radiusScale)
 -0.574800  -0.164390  -0.036670   0.000000   1.000000   0.000000   1.850000
  0.150270  -0.512820  -0.816700   1.000000   1.000000   1.000000   1.200000
 -0.602370   0.958670   0.014650   1.000000   1.000000   1.000000   1.200000
 -1.587970  -0.584570  -0.270630   1.000000   1.000000   1.000000   1.200000
 -0.136210  -0.709580   1.191970   1.000000   0.000000   0.000000   1.400000
 -0.186680   0.169200   2.512430   0.500000   0.500000   0.500000   1.900000
  1.268950   0.140780   3.105470   1.000000   0.000000   0.000000   1.400000
 -1.109010  -0.577280   3.546220   1.000000   0.000000   0.000000   1.400000
 -0.615920   1.574260   2.289910   1.000000   0.000000   0.000000   1.400000
 -1.152410   3.377940   1.820750   1.000000   1.000000   0.000000   1.850000
 -0.062100   3.873450   2.590030   1.000000   0.000000   0.000000   1.400000
 -2.396420   3.070260   2.360850   1.000000   0.000000   0.000000   1.400000
 -0.719630   3.090110   0.493310   1.000000   0.000000   0.000000   1.400000
 -1.614410   5.042390   1.337580   1.000000   0.000000   0.000000   1.400000
 -2.510680   5.903560   1.933030   0.000000   1.000000   0.000000   1.850000
 -3.534760   5.451470   1.976760   1.000000   1.000000   1.000000   1.200000
 -2.547690   6.844310   1.319530   1.000000   1.000000   1.000000   1.200000
 -2.180640   6.164110   2.974390   1.000000   1.000000   1.000000   1.200000
  0.822810   5.247460   0.411040   0.000000   0.000000   1.000000   1.540000
  0.686180   5.369650   1.426650   1.000000   1.000000   1.000000   1.200000
  1.560040   5.828100   0.043140   1.000000   1.000000   1.000000   1.200000
 -0.094400   5.438680  -0.022180   1.000000   1.000000   1.000000   1.200000
  1.004920   4.235760   0.260300   1.000000   1.000000   1.000000   1.200000
  1.160040   2.390770   4.964060   0.000000   0.000000   1.000000   1.540000
  1.447000   0.768600   3.827650   1.000000   1.000000   1.000000   1.200000
  0.927000   3.058240   4.249930   1.000000   1.000000   1.000000   1.200000
  1.989710   2.681350   5.435450   1.000000   1.000000   1.000000   1.200000
  0.413420   2.346850   5.624870   1.000000   1.000000   1.000000   1.200000
 -3.710810   0.832250   3.562120   0.000000   0.000000   1.000000   1.540000
 -2.045550  -0.344380   3.628290   1.000000   1.000000   1.000000   1.200000
 -3.868970   0.959160   2.581140   1.000000   1.000000   1.000000   1.200000
 -3.158370   1.614490   3.867790   1.000000   1.000000   1.000000   1.200000
 -4.594170   0.875300   4.026620   1.000000   1.000000   1.000000   1.200000
29 bonds follow (x1 y1 z1 x2 y2 z2)
 -3.710810   0.832250   3.562120  -4.594170   0.875300   4.026620
 -3.710810   0.832250   3.562120  -3.158370   1.614490   3.867790
 -3.710810   0.832250   3.562120  -3.868970   0.959160   2.581140
 -1.109010  -0.577280   3.546220  -2.045550  -0.344380   3.628290
  1.160040   2.390770   4.964060   0.413420   2.346850   5.624870
  1.160040   2.390770   4.964060   1.989710   2.681350   5.435450
  1.160040   2.390770   4.964060   0.927000   3.058240   4.249930
  1.268950   0.140780   3.105470   1.447000   0.768600   3.827650
  0.822810   5.247460   0.411040   1.004920   4.235760   0.260300
  0.822810   5.247460   0.411040  -0.094400   5.438680  -0.022180
  0.822810   5.247460   0.411040   1.560040   5.828100   0.043140
  0.822810   5.247460   0.411040   0.686180   5.369650   1.426650
 -2.510680   5.903560   1.933030  -2.180640   6.164110   2.974390
 -2.510680   5.903560   1.933030  -2.547690   6.844310   1.319530
 -2.510680   5.903560   1.933030  -3.534760   5.451470   1.976760
 -1.614410   5.042390   1.337580  -2.510680   5.903560   1.933030
 -1.152410   3.377940   1.820750  -1.614410   5.042390   1.337580
 -1.152410   3.377940   1.820750  -0.719630   3.090110   0.493310
 -1.152410   3.377940   1.820750  -2.396420   3.070260   2.360850
 -1.152410   3.377940   1.820750  -0.062100   3.873450   2.590030
 -0.615920   1.574260   2.289910  -1.152410   3.377940   1.820750
 -0.186680   0.169200   2.512430  -0.615920   1.574260   2.289910
 -0.186680   0.169200   2.512430  -1.109010  -0.577280   3.546220
 -0.186680   0.169200   2.512430   1.268950   0.140780   3.105470
 -0.136210  -0.709580   1.191970  -0.186680   0.169200   2.512430
 -0.574800  -0.164390  -0.036670  -0.136210  -0.709580   1.191970
 -0.574800  -0.164390  -0.036670  -1.587970  -0.584570  -0.270630
 -0.574800  -0.164390  -0.036670  -0.602370   0.958670   0.014650
 -0.574800  -0.164390  -0.036670   0.150270  -0.512820  -0.816700
