33 atoms follow (x y z r g b radiusScale)
 -0.259940  -0.157020  -0.048190   0.000000   1.000000   0.000000   1.850000
  0.673770  -0.456600  -0.591870   1.000000   1.000000   1.000000   1.200000
 -0.335340   0.960840   0.052380   1.000000   1.000000   1.000000   1.200000
 -1.147270  -0.557250  -0.605730   1.000000   1.000000   1.000000   1.200000
 -0.242200  -0.779680   1.220470   1.000000   0.000000   0.000000   1.400000
 -0.240450   0.156750   2.503030   0.500000   0.500000   0.500000   1.900000
  1.264740   0.126440   2.957000   1.000000   0.000000   0.000000   1.400000
 -1.058170  -0.602890   3.611860   1.000000   0.000000   0.000000   1.400000
 -0.674120   1.552000   2.264150   1.000000   0.000000   0.000000   1.400000
 -1.136690   3.413740   1.905330   1.000000   1.000000   0.000000   1.850000
  0.103910   3.767310   2.511420   1.000000   0.000000   0.000000   1.400000
 -2.298530   3.164320   2.615440   1.000000   0.000000   0.000000   1.400000
 -0.958140   3.120470   0.520720   1.000000   0.000000   0.000000   1.400000
 -1.475590   5.117460   1.549570   1.000000   0.000000   0.000000   1.400000
 -2.629030   5.815830   1.846310   0.000000   1.000000   0.000000   1.850000
 -3.057560   5.491690   2.830010   1.000000   1.000000   1.000000   1.200000
 -3.394870   5.656590   1.041180   1.000000   1.000000   1.000000   1.200000
 -2.371370   6.908120   1.893080   1.000000   1.000000   1.000000   1.200000
  0.824390   5.153820   0.287780   0.000000   0.000000   1.000000   1.540000
  1.141760   4.722180   1.173710   1.000000   1.000000   1.000000   1.200000
  1.597320   5.488670  -0.272130   1.000000   1.000000   1.000000   1.200000
  0.175590   5.903070   0.539850   1.000000   1.000000   1.000000   1.200000
  0.265330   4.427980  -0.217490   1.000000   1.000000   1.000000   1.200000
  0.980930   2.508900   4.931280   0.000000   0.000000   1.000000   1.540000
  1.540830   0.736610   3.646420   1.000000   1.000000   1.000000   1.200000
  1.322620   3.052720   4.159810   1.000000   1.000000   1.000000   1.200000
  1.385580   2.857340   5.774990   1.000000   1.000000   1.000000   1.200000
 -0.009240   2.646030   4.976240   1.000000   1.000000   1.000000   1.200000
 -3.681080   0.877930   3.379650   0.000000   0.000000   1.000000   1.540000
 -1.958890  -0.303820   3.797680   1.000000   1.000000   1.000000   1.200000
 -3.648600   1.349240   2.495400   1.000000   1.000000   1.000000   1.200000
 -3.475360   1.563200   4.080680   1.000000   1.000000   1.000000   1.200000
 -4.604930   0.530260   3.529100   1.000000   1.000000   1.000000   1.200000
28 bonds follow (x1 y1 z1 x2 y2 z2)
 -3.681080   0.877930   3.379650  -4.604930   0.530260   3.529100
 -3.681080   0.877930   3.379650  -3.475360   1.563200   4.080680
 -3.681080   0.877930   3.379650  -3.648600   1.349240   2.495400
 -1.058170  -0.602890   3.611860  -1.958890  -0.303820   3.797680
  0.980930   2.508900   4.931280  -0.009240   2.646030   4.976240
  0.980930   2.508900   4.931280   1.385580   2.857340   5.774990
  0.980930   2.508900   4.931280   1.322620   3.052720   4.159810
  1.264740   0.126440   2.957000   1.540830   0.736610   3.646420
  0.824390   5.153820   0.287780   0.265330   4.427980  -0.217490
  0.824390   5.153820   0.287780   0.175590   5.903070   0.539850
  0.824390   5.153820   0.287780   1.597320   5.488670  -0.272130
  0.824390   5.153820   0.287780   1.141760   4.722180   1.173710
 -2.629030   5.815830   1.846310  -2.371370   6.908120   1.893080
 -2.629030   5.815830   1.846310  -3.394870   5.656590   1.041180
 -2.629030   5.815830   1.846310  -3.057560   5.491690   2.830010
 -1.475590   5.117460   1.549570  -2.629030   5.815830   1.846310
 -1.136690   3.413740   1.905330  -1.475590   5.117460   1.549570
 -1.136690   3.413740   1.905330  -0.958140   3.120470   0.520720
 -1.136690   3.413740   1.905330  -2.298530   3.164320   2.615440
 -1.136690   3.413740   1.905330   0.103910   3.767310   2.511420
 -0.240450   0.156750   2.503030  -0.674120   1.552000   2.264150
 -0.240450   0.156750   2.503030  -1.058170  -0.602890   3.611860
 -0.240450   0.156750   2.503030   1.264740   0.126440   2.957000
 -0.242200  -0.779680   1.220470  -0.240450   0.156750   2.503030
 -0.259940  -0.157020  -0.048190  -0.242200  -0.779680   1.220470
 -0.259940  -0.157020  -0.048190  -1.147270  -0.557250  -0.605730
 -0.259940  -0.157020  -0.048190  -0.335340   0.960840   0.052380
 -0.259940  -0.157020  -0.048190   0.673770  -0.456600  -0.591870
