33 atoms follow (x y z r g b radiusScale)
  0.410300  -0.072240   0.110380   0.000000   1.000000   0.000000   1.850000
  1.473950  -0.186360   0.440820   1.000000   1.000000   1.000000   1.200000
  0.129060   1.010330   0.022220   1.000000   1.000000   1.000000   1.200000
  0.231390  -0.616820  -0.849010   1.000000   1.000000   1.000000   1.200000
 -0.423640  -0.675640   1.086850   1.000000   0.000000   0.000000   1.400000
 -0.317830  -0.019120   2.524150   0.500000   0.500000   0.500000   1.900000
  1.176430  -0.118530   2.952490   1.000000   0.000000   0.000000   1.400000
 -1.207420  -0.832010   3.512000   1.000000   0.000000   0.000000   1.400000
 -0.740820   1.431030   2.470790   1.000000   0.000000   0.000000   1.400000
 -1.163930   3.203500   2.211330   1.000000   1.000000   0.000000   1.850000
 -0.494840   3.700780   3.300060   1.000000   0.000000   0.000000   1.400000
 -2.533520   3.062450   2.257100   1.000000   0.000000   0.000000   1.400000
 -0.479870   3.302960   1.028510   1.000000   0.000000   0.000000   1.400000
 -2.539980   6.577260   1.395270   1.000000   0.000000   0.000000   1.400000
 -3.869400   6.254020   1.020510   0.000000   1.000000   0.000000   1.850000
 -4.424730   7.188640   0.752230   1.000000   1.000000   1.000000   1.200000
 -4.408570   5.700850   1.816380   1.000000   1.000000   1.000000   1.200000
 -3.752950   5.626160   0.099510   1.000000   1.000000   1.000000   1.200000
  2.425650   4.782890  -0.261270   0.000000   0.000000   1.000000   1.540000
  2.051840   5.351290   0.472970   1.000000   1.000000   1.000000   1.200000
 -2.636460   7.354980   2.159070   1.000000   1.000000   1.000000   1.200000
  2.030980   5.095300  -1.125630   1.000000   1.000000   1.000000   1.200000
  2.135080   3.839840  -0.107190   1.000000   1.000000   1.000000   1.200000
  1.902230   2.305050   4.287420   0.000000   0.000000   1.000000   1.540000
  1.583660   0.633220   3.440190   1.000000   1.000000   1.000000   1.200000
  1.570850   2.974710   3.617740   1.000000   1.000000   1.000000   1.200000
  2.871330   2.468670   4.464170   1.000000   1.000000   1.000000   1.200000
  1.390790   2.439050   5.135600   1.000000   1.000000   1.000000   1.200000
 -3.509430   0.726900   3.752790   0.000000   0.000000   1.000000   1.540000
 -2.117470  -0.510920   3.708180   1.000000   1.000000   1.000000   1.200000
 -3.453860   1.269540   2.909350   1.000000   1.000000   1.000000   1.200000
 -3.335530   1.337760   4.525270   1.000000   1.000000   1.000000   1.200000
 -4.435100   0.362060   3.835270   1.000000   1.000000   1.000000   1.200000
28 bonds follow (x1 y1 z1 x2 y2 z2)
 -3.509430   0.726900   3.752790  -4.435100   0.362060   3.835270
 -3.509430   0.726900   3.752790  -3.335530   1.337760   4.525270
 -3.509430   0.726900   3.752790  -3.453860   1.269540   2.909350
 -1.207420  -0.832010   3.512000  -2.117470  -0.510920   3.708180
  1.902230   2.305050   4.287420   1.390790   2.439050   5.135600
  1.902230   2.305050   4.287420   2.871330   2.468670   4.464170
  1.902230   2.305050   4.287420   1.570850   2.974710   3.617740
  1.176430  -0.118530   2.952490   1.583660   0.633220   3.440190
  2.425650   4.782890  -0.261270   2.135080   3.839840  -0.107190
  2.425650   4.782890  -0.261270   2.030980   5.095300  -1.125630
 -2.539980   6.577260   1.395270  -2.636460   7.354980   2.159070
  2.425650   4.782890  -0.261270   2.051840   5.351290   0.472970
 -3.869400   6.254020   1.020510  -3.752950   5.626160   0.099510
 -3.869400   6.254020   1.020510  -4.408570   5.700850   1.816380
 -3.869400   6.254020   1.020510  -4.424730   7.188640   0.752230
 -2.539980   6.577260   1.395270  -3.869400   6.254020   1.020510
 -1.163930   3.203500   2.211330  -0.479870   3.302960   1.028510
 -1.163930   3.203500   2.211330  -2.533520   3.062450   2.257100
 -1.163930   3.203500   2.211330  -0.494840   3.700780   3.300060
 -0.740820   1.431030   2.470790  -1.163930   3.203500   2.211330
 -0.317830  -0.019120   2.524150  -0.740820   1.431030   2.470790
 -0.317830  -0.019120   2.524150  -1.207420  -0.832010   3.512000
 -0.317830  -0.019120   2.524150   1.176430  -0.118530   2.952490
 -0.423640  -0.675640   1.086850  -0.317830  -0.019120   2.524150
  0.410300  -0.072240   0.110380  -0.423640  -0.675640   1.086850
  0.410300  -0.072240   0.110380   0.231390  -0.616820  -0.849010
  0.410300  -0.072240   0.110380   0.129060   1.010330   0.022220
  0.410300  -0.072240   0.110380   1.473950  -0.186360   0.440820
