33 atoms follow (x y z r g b radiusScale)
 -0.437340  -0.061250  -0.052840   0.000000   1.000000   0.000000   1.850000
  0.519890  -0.114460  -0.635990   1.000000   1.000000   1.000000   1.200000
 -0.763660   1.003240   0.087470   1.000000   1.000000   1.000000   1.200000
 -1.221350  -0.653760  -0.593550   1.000000   1.000000   1.000000   1.200000
 -0.232680  -0.693960   1.192480   1.000000   0.000000   0.000000   1.400000
 -0.202950   0.156390   2.533250   0.500000   0.500000   0.500000   1.900000
  1.264670  -0.050890   3.066820   1.000000   0.000000   0.000000   1.400000
 -1.017700  -0.668480   3.598640   1.000000   0.000000   0.000000   1.400000
 -0.597620   1.564840   2.338480   1.000000   0.000000   0.000000   1.400000
 -1.190140   3.451850   1.856140   1.000000   1.000000   0.000000   1.850000
 -0.022060   3.901270   2.524210   1.000000   0.000000   0.000000   1.400000
 -2.370020   3.149570   2.509030   1.000000   0.000000   0.000000   1.400000
 -0.923490   3.089780   0.505670   1.000000   0.000000   0.000000   1.400000
 -1.570080   5.124410   1.375840   1.000000   0.000000   0.000000   1.400000
 -2.558190   5.942460   1.884070   0.000000   1.000000   0.000000   1.850000
 -3.175890   5.408490   2.652730   1.000000   1.000000   1.000000   1.200000
 -3.223190   6.279270   1.044420   1.000000   1.000000   1.000000   1.200000
 -2.082820   6.846420   2.353000   1.000000   1.000000   1.000000   1.200000
  0.903860   5.109700   0.294610   0.000000   0.000000   1.000000   1.540000
  1.388230   4.389300   0.856710   1.000000   1.000000   1.000000   1.200000
  1.539900   5.672920  -0.248300   1.000000   1.000000   1.000000   1.200000
  0.354230   5.681960   0.977210   1.000000   1.000000   1.000000   1.200000
  0.208270   4.620460  -0.291960   1.000000   1.000000   1.000000   1.200000
  1.039260   2.498050   5.018510   0.000000   0.000000   1.000000   1.540000
  1.427630   0.087050   4.000200   1.000000   1.000000   1.000000   1.200000
  0.929180   2.975570   4.142070   1.000000   1.000000   1.000000   1.200000
  1.764420   2.949020   5.536880   1.000000   1.000000   1.000000   1.200000
  0.187960   2.589680   5.534130   1.000000   1.000000   1.000000   1.200000
 -3.566740   0.758100   3.388170   0.000000   0.000000   1.000000   1.540000
 -1.943470  -0.436010   3.760550   1.000000   1.000000   1.000000   1.200000
 -3.809170   1.018240   2.453090   1.000000   1.000000   1.000000   1.200000
 -3.227960   1.585770   3.844270   1.000000   1.000000   1.000000   1.200000
 -4.387050   0.437460   3.858130   1.000000   1.000000   1.000000   1.200000
28 bonds follow (x1 y1 z1 x2 y2 z2)
 -3.566740   0.758100   3.388170  -4.387050   0.437460   3.858130
 -3.566740   0.758100   3.388170  -3.227960   1.585770   3.844270
 -3.566740   0.758100   3.388170  -3.809170   1.018240   2.453090
 -1.017700  -0.668480   3.598640  -1.943470  -0.436010   3.760550
  1.039260   2.498050   5.018510   0.187960   2.589680   5.534130
  1.039260   2.498050   5.018510   1.764420   2.949020   5.536880
  1.039260   2.498050   5.018510   0.929180   2.975570   4.142070
  1.264670  -0.050890   3.066820   1.427630   0.087050   4.000200
  0.903860   5.109700   0.294610   0.208270   4.620460  -0.291960
  0.903860   5.109700   0.294610   0.354230   5.681960   0.977210
  0.903860   5.109700   0.294610   1.539900   5.672920  -0.248300
  0.903860   5.109700   0.294610   1.388230   4.389300   0.856710
 -2.558190   5.942460   1.884070  -2.082820   6.846420   2.353000
 -2.558190   5.942460   1.884070  -3.223190   6.279270   1.044420
 -2.558190   5.942460   1.884070  -3.175890   5.408490   2.652730
 -1.570080   5.124410   1.375840  -2.558190   5.942460   1.884070
 -1.190140   3.451850   1.856140  -1.570080   5.124410   1.375840
 -1.190140   3.451850   1.856140  -0.923490   3.089780   0.505670
 -1.190140   3.451850   1.856140  -2.370020   3.149570   2.509030
 -1.190140   3.451850   1.856140  -0.022060   3.901270   2.524210
 -0.202950   0.156390   2.533250  -0.597620   1.564840   2.338480
 -0.202950   0.156390   2.533250  -1.017700  -0.668480   3.598640
 -0.202950   0.156390   2.533250   1.264670  -0.050890   3.066820
 -0.232680  -0.693960   1.192480  -0.202950   0.156390   2.533250
 -0.437340  -0.061250  -0.052840  -0.232680  -0.693960   1.192480
 -0.437340  -0.061250  -0.052840  -1.221350  -0.653760  -0.593550
 -0.437340  -0.061250  -0.052840  -0.763660   1.003240   0.087470
 -0.437340  -0.061250  -0.052840   0.519890  -0.114460  -0.635990
