33 atoms follow (x y z r g b radiusScale)
 -0.515070  -0.255640  -0.035990   0.000000   1.000000   0.000000   1.850000
  0.325840  -0.480620  -0.742850   1.000000   1.000000   1.000000   1.200000
 -0.702920   0.851410   0.020430   1.000000   1.000000   1.000000   1.200000
 -1.429930  -0.808400  -0.376910   1.000000   1.000000   1.000000   1.200000
 -0.143680  -0.761720   1.228430   1.000000   0.000000   0.000000   1.400000
 -0.237000   0.151290   2.529140   0.500000   0.500000   0.500000   1.900000
  1.200900   0.049770   3.152510   1.000000   0.000000   0.000000   1.400000
 -1.145110  -0.570440   3.584600   1.000000   0.000000   0.000000   1.400000
 -0.634790   1.559050   2.277170   1.000000   0.000000   0.000000   1.400000
 -1.189650   3.421560   1.761680   1.000000   1.000000   0.000000   1.850000
 -0.115050   3.869060   2.585010   1.000000   0.000000   0.000000   1.400000
 -2.450850   3.085150   2.231420   1.000000   0.000000   0.000000   1.400000
 -0.740620   3.131830   0.446420   1.000000   0.000000   0.000000   1.400000
 -1.576190   5.119710   1.356810   1.000000   0.000000   0.000000   1.400000
 -2.624270   5.760810   2.000480   0.000000   1.000000   0.000000   1.850000
 -3.605030   5.313640   1.692220   1.000000   1.000000   1.000000   1.200000
 -2.601870   6.845190   1.715340   1.000000   1.000000   1.000000   1.200000
 -2.515590   5.667380   3.113680   1.000000   1.000000   1.000000   1.200000
  0.916200   5.323810   0.506700   0.000000   0.000000   1.000000   1.540000
  1.027610   4.816230   1.413510   1.000000   1.000000   1.000000   1.200000
  1.795830   5.685520   0.178590   1.000000   1.000000   1.000000   1.200000
  0.218300   6.068600   0.672430   1.000000   1.000000   1.000000   1.200000
  0.485360   4.651720  -0.155940   1.000000   1.000000   1.000000   1.200000
  1.280080   2.439070   4.905250   0.000000   0.000000   1.000000   1.540000
  1.431180   0.691160   3.840820   1.000000   1.000000   1.000000   1.200000
  0.894350   3.003250   4.169180   1.000000   1.000000   1.000000   1.200000
  2.129190   2.853320   5.225410   1.000000   1.000000   1.000000   1.200000
  0.633710   2.409490   5.665290   1.000000   1.000000   1.000000   1.200000
 -3.500890   0.894120   3.582720   0.000000   0.000000   1.000000   1.540000
 -2.076360  -0.302930   3.704690   1.000000   1.000000   1.000000   1.200000
 -3.556170   1.153350   2.614140   1.000000   1.000000   1.000000   1.200000
 -3.072470   1.665790   4.060340   1.000000   1.000000   1.000000   1.200000
 -4.428760   0.781950   3.932630   1.000000   1.000000   1.000000   1.200000
28 bonds follow (x1 y1 z1 x2 y2 z2)
 -3.500890   0.894120   3.582720  -4.428760   0.781950   3.932630
 -3.500890   0.894120   3.582720  -3.072470   1.665790   4.060340
 -3.500890   0.894120   3.582720  -3.556170   1.153350   2.614140
 -1.145110  -0.570440   3.584600  -2.076360  -0.302930   3.704690
  1.280080   2.439070   4.905250   0.633710   2.409490   5.665290
  1.280080   2.439070   4.905250   2.129190   2.853320   5.225410
  1.280080   2.439070   4.905250   0.894350   3.003250   4.169180
  1.200900   0.049770   3.152510   1.431180   0.691160   3.840820
  0.916200   5.323810   0.506700   0.485360   4.651720  -0.155940
  0.916200   5.323810   0.506700   0.218300   6.068600   0.672430
  0.916200   5.323810   0.506700   1.795830   5.685520   0.178590
  0.916200   5.323810   0.506700   1.027610   4.816230   1.413510
 -2.624270   5.760810   2.000480  -2.515590   5.667380   3.113680
 -2.624270   5.760810   2.000480  -2.601870   6.845190   1.715340
 -2.624270   5.760810   2.000480  -3.605030   5.313640   1.692220
 -1.576190   5.119710   1.356810  -2.624270   5.760810   2.000480
 -1.189650   3.421560   1.761680  -1.576190   5.119710   1.356810
 -1.189650   3.421560   1.761680  -0.740620   3.131830   0.446420
 -1.189650   3.421560   1.761680  -2.450850   3.085150   2.231420
 -1.189650   3.421560   1.761680  -0.115050   3.869060   2.585010
 -0.237000   0.151290   2.529140  -0.634790   1.559050   2.277170
 -0.237000   0.151290   2.529140  -1.145110  -0.570440   3.584600
 -0.237000   0.151290   2.529140   1.200900   0.049770   3.152510
 -0.143680  -0.761720   1.228430  -0.237000   0.151290   2.529140
 -0.515070  -0.255640  -0.035990  -0.143680  -0.761720   1.228430
 -0.515070  -0.255640  -0.035990  -1.429930  -0.808400  -0.376910
 -0.515070  -0.255640  -0.035990  -0.702920   0.851410   0.020430
 -0.515070  -0.255640  -0.035990   0.325840  -0.480620  -0.742850
