33 atoms follow (x y z r g b radiusScale)
  0.194670  -0.190600   0.013460   0.000000   1.000000   0.000000   1.850000
  1.304080  -0.201810   0.154590   1.000000   1.000000   1.000000   1.200000
 -0.187720   0.858020  -0.104230   1.000000   1.000000   1.000000   1.200000
 -0.100210  -0.830870  -0.855070   1.000000   1.000000   1.000000   1.200000
 -0.408090  -0.776710   1.153330   1.000000   0.000000   0.000000   1.400000
 -0.312010   0.011670   2.513850   0.500000   0.500000   0.500000   1.900000
  1.162020  -0.136020   3.001880   1.000000   0.000000   0.000000   1.400000
 -1.269640  -0.646410   3.541920   1.000000   0.000000   0.000000   1.400000
 -0.596410   1.473180   2.305130   1.000000   0.000000   0.000000   1.400000
 -1.128480   3.172390   2.126730   1.000000   1.000000   0.000000   1.850000
 -0.237710   3.728930   3.006770   1.000000   0.000000   0.000000   1.400000
 -2.438200   3.022580   2.563830   1.000000   0.000000   0.000000   1.400000
 -0.862280   3.257650   0.784100   1.000000   0.000000   0.000000   1.400000
 -2.255050   6.066500   1.539560   1.000000   0.000000   0.000000   1.400000
 -3.490560   6.103880   0.850430   0.000000   1.000000   0.000000   1.850000
 -3.345470   6.584660  -0.147090   1.000000   1.000000   1.000000   1.200000
 -4.292580   6.634580   1.421740   1.000000   1.000000   1.000000   1.200000
 -3.728820   5.021640   0.767310   1.000000   1.000000   1.000000   1.200000
  2.102250   5.445760  -0.090430   0.000000   0.000000   1.000000   1.540000
  2.241960   6.123490   0.627190   1.000000   1.000000   1.000000   1.200000
 -2.085140   7.131720   1.685620   1.000000   1.000000   1.000000   1.200000
  1.936530   5.923110  -0.948920   1.000000   1.000000   1.000000   1.200000
  1.308630   4.882060   0.128520   1.000000   1.000000   1.000000   1.200000
  1.783950   2.190070   4.564680   0.000000   0.000000   1.000000   1.540000
  1.585060   0.583330   3.514650   1.000000   1.000000   1.000000   1.200000
  1.506820   2.893270   3.903150   1.000000   1.000000   1.000000   1.200000
  2.744410   2.323590   4.802630   1.000000   1.000000   1.000000   1.200000
  1.231730   2.297410   5.389650   1.000000   1.000000   1.000000   1.200000
 -3.643720   0.808050   3.849620   0.000000   0.000000   1.000000   1.540000
 -2.164890  -0.263030   3.720260   1.000000   1.000000   1.000000   1.200000
 -3.744440   1.232690   2.945960   1.000000   1.000000   1.000000   1.200000
 -3.397740   1.533240   4.494460   1.000000   1.000000   1.000000   1.200000
 -4.515500   0.407280   4.123890   1.000000   1.000000   1.000000   1.200000
28 bonds follow (x1 y1 z1 x2 y2 z2)
 -3.643720   0.808050   3.849620  -4.515500   0.407280   4.123890
 -3.643720   0.808050   3.849620  -3.397740   1.533240   4.494460
 -3.643720   0.808050   3.849620  -3.744440   1.232690   2.945960
 -1.269640  -0.646410   3.541920  -2.164890  -0.263030   3.720260
  1.783950   2.190070   4.564680   1.231730   2.297410   5.389650
  1.783950   2.190070   4.564680   2.744410   2.323590   4.802630
  1.783950   2.190070   4.564680   1.506820   2.893270   3.903150
  1.162020  -0.136020   3.001880   1.585060   0.583330   3.514650
  2.102250   5.445760  -0.090430   1.308630   4.882060   0.128520
  2.102250   5.445760  -0.090430   1.936530   5.923110  -0.948920
 -2.255050   6.066500   1.539560  -2.085140   7.131720   1.685620
  2.102250   5.445760  -0.090430   2.241960   6.123490   0.627190
 -3.490560   6.103880   0.850430  -3.728820   5.021640   0.767310
 -3.490560   6.103880   0.850430  -4.292580   6.634580   1.421740
 -3.490560   6.103880   0.850430  -3.345470   6.584660  -0.147090
 -2.255050   6.066500   1.539560  -3.490560   6.103880   0.850430
 -1.128480   3.172390   2.126730  -0.862280   3.257650   0.784100
 -1.128480   3.172390   2.126730  -2.438200   3.022580   2.563830
 -1.128480   3.172390   2.126730  -0.237710   3.728930   3.006770
 -0.596410   1.473180   2.305130  -1.128480   3.172390   2.126730
 -0.312010   0.011670   2.513850  -0.596410   1.473180   2.305130
 -0.312010   0.011670   2.513850  -1.269640  -0.646410   3.541920
 -0.312010   0.011670   2.513850   1.162020  -0.136020   3.001880
 -0.408090  -0.776710   1.153330  -0.312010   0.011670   2.513850
  0.194670  -0.190600   0.013460  -0.408090  -0.776710   1.153330
  0.194670  -0.190600   0.013460  -0.100210  -0.830870  -0.855070
  0.194670  -0.190600   0.013460  -0.187720   0.858020  -0.104230
  0.194670  -0.190600   0.013460   1.304080  -0.201810   0.154590
