33 atoms follow (x y z r g b radiusScale)
  0.374340  -0.130110   0.101670   0.000000   1.000000   0.000000   1.850000
  1.444000  -0.234730   0.417010   1.000000   1.000000   1.000000   1.200000
  0.089740   0.947960  -0.025640   1.000000   1.000000   1.000000   1.200000
  0.178840  -0.706820  -0.835730   1.000000   1.000000   1.000000   1.200000
 -0.441090  -0.693320   1.112040   1.000000   0.000000   0.000000   1.400000
 -0.299490   0.018590   2.517070   0.500000   0.500000   0.500000   1.900000
  1.166890  -0.140920   2.999550   1.000000   0.000000   0.000000   1.400000
 -1.179230  -0.778340   3.521450   1.000000   0.000000   0.000000   1.400000
 -0.751730   1.455630   2.447670   1.000000   0.000000   0.000000   1.400000
 -1.151950   3.198510   2.200010   1.000000   1.000000   0.000000   1.850000
 -0.455060   3.692230   3.285460   1.000000   0.000000   0.000000   1.400000
 -2.514380   3.094480   2.316750   1.000000   0.000000   0.000000   1.400000
 -0.626290   3.292370   0.931410   1.000000   0.000000   0.000000   1.400000
 -2.467920   6.467780   1.397070   1.000000   0.000000   0.000000   1.400000
 -3.802580   6.230980   0.979940   0.000000   1.000000   0.000000   1.850000
 -4.199100   7.137640   0.465050   1.000000   1.000000   1.000000   1.200000
 -4.457240   5.960220   1.828670   1.000000   1.000000   1.000000   1.200000
 -3.700370   5.379310   0.249450   1.000000   1.000000   1.000000   1.200000
  2.416080   4.978530  -0.240140   0.000000   0.000000   1.000000   1.540000
  2.030760   5.530860   0.494340   1.000000   1.000000   1.000000   1.200000
 -2.571510   7.146640   2.175630   1.000000   1.000000   1.000000   1.200000
  2.107300   5.334390  -1.116400   1.000000   1.000000   1.000000   1.200000
  2.079430   4.043870  -0.134920   1.000000   1.000000   1.000000   1.200000
  1.852270   2.204340   4.301980   0.000000   0.000000   1.000000   1.540000
  1.576700   0.576220   3.543500   1.000000   1.000000   1.000000   1.200000
  1.540180   2.921790   3.674260   1.000000   1.000000   1.000000   1.200000
  2.816360   2.351830   4.516470   1.000000   1.000000   1.000000   1.200000
  1.315890   2.273530   5.142890   1.000000   1.000000   1.000000   1.200000
 -3.512140   0.719180   3.770720   0.000000   0.000000   1.000000   1.540000
 -2.078440  -0.440670   3.728260   1.000000   1.000000   1.000000   1.200000
 -3.681000   1.282360   2.958230   1.000000   1.000000   1.000000   1.200000
 -3.304790   1.329240   4.535030   1.000000   1.000000   1.000000   1.200000
 -4.328100   0.187080   3.988690   1.000000   1.000000   1.000000   1.200000
28 bonds follow (x1 y1 z1 x2 y2 z2)
 -3.512140   0.719180   3.770720  -4.328100   0.187080   3.988690
 -3.512140   0.719180   3.770720  -3.304790   1.329240   4.535030
 -3.512140   0.719180   3.770720  -3.681000   1.282360   2.958230
 -1.179230  -0.778340   3.521450  -2.078440  -0.440670   3.728260
  1.852270   2.204340   4.301980   1.315890   2.273530   5.142890
  1.852270   2.204340   4.301980   2.816360   2.351830   4.516470
  1.852270   2.204340   4.301980   1.540180   2.921790   3.674260
  1.166890  -0.140920   2.999550   1.576700   0.576220   3.543500
  2.416080   4.978530  -0.240140   2.079430   4.043870  -0.134920
  2.416080   4.978530  -0.240140   2.107300   5.334390  -1.116400
 -2.467920   6.467780   1.397070  -2.571510   7.146640   2.175630
  2.416080   4.978530  -0.240140   2.030760   5.530860   0.494340
 -3.802580   6.230980   0.979940  -3.700370   5.379310   0.249450
 -3.802580   6.230980   0.979940  -4.457240   5.960220   1.828670
 -3.802580   6.230980   0.979940  -4.199100   7.137640   0.465050
 -2.467920   6.467780   1.397070  -3.802580   6.230980   0.979940
 -1.151950   3.198510   2.200010  -0.626290   3.292370   0.931410
 -1.151950   3.198510   2.200010  -2.514380   3.094480   2.316750
 -1.151950   3.198510   2.200010  -0.455060   3.692230   3.285460
 -0.751730   1.455630   2.447670  -1.151950   3.198510   2.200010
 -0.299490   0.018590   2.517070  -0.751730   1.455630   2.447670
 -0.299490   0.018590   2.517070  -1.179230  -0.778340   3.521450
 -0.299490   0.018590   2.517070   1.166890  -0.140920   2.999550
 -0.441090  -0.693320   1.112040  -0.299490   0.018590   2.517070
  0.374340  -0.130110   0.101670  -0.441090  -0.693320   1.112040
  0.374340  -0.130110   0.101670   0.178840  -0.706820  -0.835730
  0.374340  -0.130110   0.101670   0.089740   0.947960  -0.025640
  0.374340  -0.130110   0.101670   1.444000  -0.234730   0.417010
