33 atoms follow (x y z r g b radiusScale)
 -0.475920  -0.085960  -0.053210   0.000000   1.000000   0.000000   1.850000
  0.455000  -0.103290  -0.678530   1.000000   1.000000   1.000000   1.200000
 -0.828310   0.969490   0.105120   1.000000   1.000000   1.000000   1.200000
 -1.262240  -0.700900  -0.563880   1.000000   1.000000   1.000000   1.200000
 -0.193560  -0.709250   1.182020   1.000000   0.000000   0.000000   1.400000
 -0.202140   0.150050   2.526870   0.500000   0.500000   0.500000   1.900000
  1.261170  -0.056320   3.063300   1.000000   0.000000   0.000000   1.400000
 -1.058840  -0.625100   3.588700   1.000000   0.000000   0.000000   1.400000
 -0.585780   1.571070   2.382620   1.000000   0.000000   0.000000   1.400000
 -1.193280   3.458920   1.865010   1.000000   1.000000   0.000000   1.850000
 -0.044430   3.957600   2.531800   1.000000   0.000000   0.000000   1.400000
 -2.382630   3.108540   2.469570   1.000000   0.000000   0.000000   1.400000
 -0.891230   3.109610   0.528210   1.000000   0.000000   0.000000   1.400000
 -1.597560   5.121450   1.338510   1.000000   0.000000   0.000000   1.400000
 -2.549390   5.944050   1.903290   0.000000   1.000000   0.000000   1.850000
 -3.234440   5.367220   2.578960   1.000000   1.000000   1.000000   1.200000
 -3.153270   6.418180   1.084410   1.000000   1.000000   1.000000   1.200000
 -2.045150   6.755440   2.495760   1.000000   1.000000   1.000000   1.200000
  0.903780   5.091120   0.300620   0.000000   0.000000   1.000000   1.540000
  1.258190   4.482630   1.048560   1.000000   1.000000   1.000000   1.200000
  1.641260   5.563640  -0.195460   1.000000   1.000000   1.000000   1.200000
  0.247900   5.755780   0.762830   1.000000   1.000000   1.000000   1.200000
  0.321170   4.494690  -0.326040   1.000000   1.000000   1.000000   1.200000
  1.043990   2.459830   5.018070   0.000000   0.000000   1.000000   1.540000
  1.487820   0.323620   3.914020   1.000000   1.000000   1.000000   1.200000
  0.937950   2.920240   4.131140   1.000000   1.000000   1.000000   1.200000
  1.837810   2.846660   5.484860   1.000000   1.000000   1.000000   1.200000
  0.233000   2.655930   5.567800   1.000000   1.000000   1.000000   1.200000
 -3.523210   0.758330   3.399910   0.000000   0.000000   1.000000   1.540000
 -1.999180  -0.395470   3.693620   1.000000   1.000000   1.000000   1.200000
 -3.783590   0.875910   2.441890   1.000000   1.000000   1.000000   1.200000
 -3.150950   1.633920   3.722280   1.000000   1.000000   1.000000   1.200000
 -4.339640   0.541110   3.931330   1.000000   1.000000   1.000000   1.200000
28 bonds follow (x1 y1 z1 x2 y2 z2)
 -3.523210   0.758330   3.399910  -4.339640   0.541110   3.931330
 -3.523210   0.758330   3.399910  -3.150950   1.633920   3.722280
 -3.523210   0.758330   3.399910  -3.783590   0.875910   2.441890
 -1.058840  -0.625100   3.588700  -1.999180  -0.395470   3.693620
  1.043990   2.459830   5.018070   0.233000   2.655930   5.567800
  1.043990   2.459830   5.018070   1.837810   2.846660   5.484860
  1.043990   2.459830   5.018070   0.937950   2.920240   4.131140
  1.261170  -0.056320   3.063300   1.487820   0.323620   3.914020
  0.903780   5.091120   0.300620   0.321170   4.494690  -0.326040
  0.903780   5.091120   0.300620   0.247900   5.755780   0.762830
  0.903780   5.091120   0.300620   1.641260   5.563640  -0.195460
  0.903780   5.091120   0.300620   1.258190   4.482630   1.048560
 -2.549390   5.944050   1.903290  -2.045150   6.755440   2.495760
 -2.549390   5.944050   1.903290  -3.153270   6.418180   1.084410
 -2.549390   5.944050   1.903290  -3.234440   5.367220   2.578960
 -1.597560   5.121450   1.338510  -2.549390   5.944050   1.903290
 -1.193280   3.458920   1.865010  -1.597560   5.121450   1.338510
 -1.193280   3.458920   1.865010  -0.891230   3.109610   0.528210
 -1.193280   3.458920   1.865010  -2.382630   3.108540   2.469570
 -1.193280   3.458920   1.865010  -0.044430   3.957600   2.531800
 -0.202140   0.150050   2.526870  -0.585780   1.571070   2.382620
 -0.202140   0.150050   2.526870  -1.058840  -0.625100   3.588700
 -0.202140   0.150050   2.526870   1.261170  -0.056320   3.063300
 -0.193560  -0.709250   1.182020  -0.202140   0.150050   2.526870
 -0.475920  -0.085960  -0.053210  -0.193560  -0.709250   1.182020
 -0.475920  -0.085960  -0.053210  -1.262240  -0.700900  -0.563880
 -0.475920  -0.085960  -0.053210  -0.828310   0.969490   0.105120
 -0.475920  -0.085960  -0.053210   0.455000  -0.103290  -0.678530
