33 atoms follow (x y z r g b radiusScale)
 -0.544440  -0.128370  -0.017640   0.000000   1.000000   0.000000   1.850000
  0.288780  -0.322920  -0.742690   1.000000   1.000000   1.000000   1.200000
 -0.724090   0.976350   0.095960   1.000000   1.000000   1.000000   1.200000
 -1.467900  -0.650880  -0.382150   1.000000   1.000000   1.000000   1.200000
 -0.177370  -0.715580   1.210690   1.000000   0.000000   0.000000   1.400000
 -0.159390   0.175110   2.519470   0.500000   0.500000   0.500000   1.900000
  1.310610   0.025470   3.077440   1.000000   0.000000   0.000000   1.400000
 -1.091440  -0.619370   3.505140   1.000000   0.000000   0.000000   1.400000
 -0.585720   1.580010   2.308320   1.000000   0.000000   0.000000   1.400000
 -1.186420   3.424230   1.861270   1.000000   1.000000   0.000000   1.850000
 -0.100120   3.939330   2.614610   1.000000   0.000000   0.000000   1.400000
 -2.417610   3.136070   2.438240   1.000000   0.000000   0.000000   1.400000
 -0.785690   3.097530   0.533450   1.000000   0.000000   0.000000   1.400000
 -1.578180   5.077950   1.292650   1.000000   0.000000   0.000000   1.400000
 -2.503710   5.885700   1.927870   0.000000   1.000000   0.000000   1.850000
 -3.371720   5.282350   2.301220   1.000000   1.000000   1.000000   1.200000
 -2.872010   6.650010   1.194350   1.000000   1.000000   1.000000   1.200000
 -2.023110   6.415160   2.794270   1.000000   1.000000   1.000000   1.200000
  0.889140   5.168840   0.302690   0.000000   0.000000   1.000000   1.540000
  0.948680   5.151390   1.332090   1.000000   1.000000   1.000000   1.200000
  1.645100   5.678810  -0.122690   1.000000   1.000000   1.000000   1.200000
 -0.034880   5.582700   0.085600   1.000000   1.000000   1.000000   1.200000
  0.851820   4.174750  -0.014780   1.000000   1.000000   1.000000   1.200000
  1.091070   2.413520   4.968360   0.000000   0.000000   1.000000   1.540000
  1.548050   0.574870   3.833190   1.000000   1.000000   1.000000   1.200000
  0.832700   3.066880   4.250060   1.000000   1.000000   1.000000   1.200000
  1.848900   2.790330   5.496870   1.000000   1.000000   1.000000   1.200000
  0.312860   2.284330   5.580880   1.000000   1.000000   1.000000   1.200000
 -3.674260   0.791960   3.501800   0.000000   0.000000   1.000000   1.540000
 -2.019710  -0.342290   3.593180   1.000000   1.000000   1.000000   1.200000
 -3.951880   0.914950   2.549570   1.000000   1.000000   1.000000   1.200000
 -3.427780   1.694610   3.862150   1.000000   1.000000   1.000000   1.200000
 -4.443140   0.423060   4.020280   1.000000   1.000000   1.000000   1.200000
28 bonds follow (x1 y1 z1 x2 y2 z2)
 -3.674260   0.791960   3.501800  -4.443140   0.423060   4.020280
 -3.674260   0.791960   3.501800  -3.427780   1.694610   3.862150
 -3.674260   0.791960   3.501800  -3.951880   0.914950   2.549570
 -1.091440  -0.619370   3.505140  -2.019710  -0.342290   3.593180
  1.091070   2.413520   4.968360   0.312860   2.284330   5.580880
  1.091070   2.413520   4.968360   1.848900   2.790330   5.496870
  1.091070   2.413520   4.968360   0.832700   3.066880   4.250060
  1.310610   0.025470   3.077440   1.548050   0.574870   3.833190
  0.889140   5.168840   0.302690   0.851820   4.174750  -0.014780
  0.889140   5.168840   0.302690  -0.034880   5.582700   0.085600
  0.889140   5.168840   0.302690   1.645100   5.678810  -0.122690
  0.889140   5.168840   0.302690   0.948680   5.151390   1.332090
 -2.503710   5.885700   1.927870  -2.023110   6.415160   2.794270
 -2.503710   5.885700   1.927870  -2.872010   6.650010   1.194350
 -2.503710   5.885700   1.927870  -3.371720   5.282350   2.301220
 -1.578180   5.077950   1.292650  -2.503710   5.885700   1.927870
 -1.186420   3.424230   1.861270  -1.578180   5.077950   1.292650
 -1.186420   3.424230   1.861270  -0.785690   3.097530   0.533450
 -1.186420   3.424230   1.861270  -2.417610   3.136070   2.438240
 -1.186420   3.424230   1.861270  -0.100120   3.939330   2.614610
 -0.159390   0.175110   2.519470  -0.585720   1.580010   2.308320
 -0.159390   0.175110   2.519470  -1.091440  -0.619370   3.505140
 -0.159390   0.175110   2.519470   1.310610   0.025470   3.077440
 -0.177370  -0.715580   1.210690  -0.159390   0.175110   2.519470
 -0.544440  -0.128370  -0.017640  -0.177370  -0.715580   1.210690
 -0.544440  -0.128370  -0.017640  -1.467900  -0.650880  -0.382150
 -0.544440  -0.128370  -0.017640  -0.724090   0.976350   0.095960
 -0.544440  -0.128370  -0.017640   0.288780  -0.322920  -0.742690
