33 atoms follow (x y z r g b radiusScale)
 -0.079780  -0.081320  -0.032260   0.000000   1.000000   0.000000   1.850000
  0.976390  -0.337810  -0.308540   1.000000   1.000000   1.000000   1.200000
 -0.227800   1.030170   0.045820   1.000000   1.000000   1.000000   1.200000
 -0.771430  -0.517280  -0.799400   1.000000   1.000000   1.000000   1.200000
 -0.397980  -0.703150   1.192860   1.000000   0.000000   0.000000   1.400000
 -0.315730   0.140560   2.536750   0.500000   0.500000   0.500000   1.900000
  1.171170  -0.038280   3.015370   1.000000   0.000000   0.000000   1.400000
 -1.136260  -0.688030   3.586790   1.000000   0.000000   0.000000   1.400000
 -0.695290   1.567720   2.393890   1.000000   0.000000   0.000000   1.400000
 -1.185340   3.454480   1.869370   1.000000   1.000000   0.000000   1.850000
 -0.112440   3.895260   2.686190   1.000000   0.000000   0.000000   1.400000
 -2.459050   3.096630   2.268410   1.000000   0.000000   0.000000   1.400000
 -0.667460   3.163160   0.574710   1.000000   0.000000   0.000000   1.400000
 -1.601080   5.154810   1.445740   1.000000   0.000000   0.000000   1.400000
 -2.840950   5.769640   1.512850   0.000000   1.000000   0.000000   1.850000
 -3.466990   5.483250   0.626940   1.000000   1.000000   1.000000   1.200000
 -2.678960   6.880910   1.501380   1.000000   1.000000   1.000000   1.200000
 -3.382130   5.482400   2.450710   1.000000   1.000000   1.000000   1.200000
  0.895840   5.246120   0.506140   0.000000   0.000000   1.000000   1.540000
  0.821290   5.431930   1.525560   1.000000   1.000000   1.000000   1.200000
  1.657890   5.739730   0.072620   1.000000   1.000000   1.000000   1.200000
 -0.026900   5.509420   0.106130   1.000000   1.000000   1.000000   1.200000
  0.970270   4.222180   0.399530   1.000000   1.000000   1.000000   1.200000
  1.511140   2.309410   4.733820   0.000000   0.000000   1.000000   1.540000
  1.549280   0.638100   3.594940   1.000000   1.000000   1.000000   1.200000
  0.991330   2.868750   4.080360   1.000000   1.000000   1.000000   1.200000
  2.429830   2.688910   4.823610   1.000000   1.000000   1.000000   1.200000
  1.061160   2.353680   5.623680   1.000000   1.000000   1.000000   1.200000
 -3.526010   0.939040   3.718070   0.000000   0.000000   1.000000   1.540000
 -2.045120  -0.413320   3.790260   1.000000   1.000000   1.000000   1.200000
 -3.758320   1.107390   2.757590   1.000000   1.000000   1.000000   1.200000
 -3.031340   1.751000   4.039740   1.000000   1.000000   1.000000   1.200000
 -4.373100   0.856320   4.240030   1.000000   1.000000   1.000000   1.200000
28 bonds follow (x1 y1 z1 x2 y2 z2)
 -3.526010   0.939040   3.718070  -4.373100   0.856320   4.240030
 -3.526010   0.939040   3.718070  -3.031340   1.751000   4.039740
 -3.526010   0.939040   3.718070  -3.758320   1.107390   2.757590
 -1.136260  -0.688030   3.586790  -2.045120  -0.413320   3.790260
  1.511140   2.309410   4.733820   1.061160   2.353680   5.623680
  1.511140   2.309410   4.733820   2.429830   2.688910   4.823610
  1.511140   2.309410   4.733820   0.991330   2.868750   4.080360
  1.171170  -0.038280   3.015370   1.549280   0.638100   3.594940
  0.895840   5.246120   0.506140   0.970270   4.222180   0.399530
  0.895840   5.246120   0.506140  -0.026900   5.509420   0.106130
  0.895840   5.246120   0.506140   1.657890   5.739730   0.072620
  0.895840   5.246120   0.506140   0.821290   5.431930   1.525560
 -2.840950   5.769640   1.512850  -3.382130   5.482400   2.450710
 -2.840950   5.769640   1.512850  -2.678960   6.880910   1.501380
 -2.840950   5.769640   1.512850  -3.466990   5.483250   0.626940
 -1.601080   5.154810   1.445740  -2.840950   5.769640   1.512850
 -1.185340   3.454480   1.869370  -1.601080   5.154810   1.445740
 -1.185340   3.454480   1.869370  -0.667460   3.163160   0.574710
 -1.185340   3.454480   1.869370  -2.459050   3.096630   2.268410
 -1.185340   3.454480   1.869370  -0.112440   3.895260   2.686190
 -0.315730   0.140560   2.536750  -0.695290   1.567720   2.393890
 -0.315730   0.140560   2.536750  -1.136260  -0.688030   3.586790
 -0.315730   0.140560   2.536750   1.171170  -0.038280   3.015370
 -0.397980  -0.703150   1.192860  -0.315730   0.140560   2.536750
 -0.079780  -0.081320  -0.032260  -0.397980  -0.703150   1.192860
 -0.079780  -0.081320  -0.032260  -0.771430  -0.517280  -0.799400
 -0.079780  -0.081320  -0.032260  -0.227800   1.030170   0.045820
 -0.079780  -0.081320  -0.032260   0.976390  -0.337810  -0.308540
