33 atoms follow (x y z r g b radiusScale)
 -0.556620  -0.153490  -0.038400   0.000000   1.000000   0.000000   1.850000
  0.222780  -0.426950  -0.797220   1.000000   1.000000   1.000000   1.200000
 -0.659270   0.962030   0.045800   1.000000   1.000000   1.000000   1.200000
 -1.529860  -0.625250  -0.337330   1.000000   1.000000   1.000000   1.200000
 -0.151490  -0.712470   1.193630   1.000000   0.000000   0.000000   1.400000
 -0.178330   0.182460   2.509850   0.500000   0.500000   0.500000   1.900000
  1.279000   0.075570   3.088250   1.000000   0.000000   0.000000   1.400000
 -1.078380  -0.607160   3.524190   1.000000   0.000000   0.000000   1.400000
 -0.597520   1.590900   2.321880   1.000000   0.000000   0.000000   1.400000
 -1.178900   3.420440   1.856120   1.000000   1.000000   0.000000   1.850000
 -0.081590   3.933110   2.609020   1.000000   0.000000   0.000000   1.400000
 -2.396720   3.049160   2.416300   1.000000   0.000000   0.000000   1.400000
 -0.786650   3.091930   0.531760   1.000000   0.000000   0.000000   1.400000
 -1.565540   5.065230   1.297980   1.000000   0.000000   0.000000   1.400000
 -2.485140   5.885210   1.918910   0.000000   1.000000   0.000000   1.850000
 -3.417410   5.315390   2.174290   1.000000   1.000000   1.000000   1.200000
 -2.741130   6.723280   1.218140   1.000000   1.000000   1.000000   1.200000
 -2.047540   6.316990   2.859350   1.000000   1.000000   1.000000   1.200000
  0.869660   5.202480   0.330500   0.000000   0.000000   1.000000   1.540000
  0.791250   5.255510   1.371500   1.000000   1.000000   1.000000   1.200000
  1.609370   5.781760  -0.032410   1.000000   1.000000   1.000000   1.200000
 -0.064020   5.476420  -0.035030   1.000000   1.000000   1.000000   1.200000
  0.995880   4.214190   0.095620   1.000000   1.000000   1.000000   1.200000
  1.117310   2.395600   4.970500   0.000000   0.000000   1.000000   1.540000
  1.535130   0.712030   3.769620   1.000000   1.000000   1.000000   1.200000
  0.844000   3.018200   4.230310   1.000000   1.000000   1.000000   1.200000
  1.848970   2.819860   5.499660   1.000000   1.000000   1.000000   1.200000
  0.335160   2.249060   5.573830   1.000000   1.000000   1.000000   1.200000
 -3.711220   0.806460   3.519900   0.000000   0.000000   1.000000   1.540000
 -1.986250  -0.296690   3.666500   1.000000   1.000000   1.000000   1.200000
 -4.005730   0.992440   2.582620   1.000000   1.000000   1.000000   1.200000
 -3.340330   1.663070   3.887960   1.000000   1.000000   1.000000   1.200000
 -4.504970   0.531940   4.059950   1.000000   1.000000   1.000000   1.200000
28 bonds follow (x1 y1 z1 x2 y2 z2)
 -3.711220   0.806460   3.519900  -4.504970   0.531940   4.059950
 -3.711220   0.806460   3.519900  -3.340330   1.663070   3.887960
 -3.711220   0.806460   3.519900  -4.005730   0.992440   2.582620
 -1.078380  -0.607160   3.524190  -1.986250  -0.296690   3.666500
  1.117310   2.395600   4.970500   0.335160   2.249060   5.573830
  1.117310   2.395600   4.970500   1.848970   2.819860   5.499660
  1.117310   2.395600   4.970500   0.844000   3.018200   4.230310
  1.279000   0.075570   3.088250   1.535130   0.712030   3.769620
  0.869660   5.202480   0.330500   0.995880   4.214190   0.095620
  0.869660   5.202480   0.330500  -0.064020   5.476420  -0.035030
  0.869660   5.202480   0.330500   1.609370   5.781760  -0.032410
  0.869660   5.202480   0.330500   0.791250   5.255510   1.371500
 -2.485140   5.885210   1.918910  -2.047540   6.316990   2.859350
 -2.485140   5.885210   1.918910  -2.741130   6.723280   1.218140
 -2.485140   5.885210   1.918910  -3.417410   5.315390   2.174290
 -1.565540   5.065230   1.297980  -2.485140   5.885210   1.918910
 -1.178900   3.420440   1.856120  -1.565540   5.065230   1.297980
 -1.178900   3.420440   1.856120  -0.786650   3.091930   0.531760
 -1.178900   3.420440   1.856120  -2.396720   3.049160   2.416300
 -1.178900   3.420440   1.856120  -0.081590   3.933110   2.609020
 -0.178330   0.182460   2.509850  -0.597520   1.590900   2.321880
 -0.178330   0.182460   2.509850  -1.078380  -0.607160   3.524190
 -0.178330   0.182460   2.509850   1.279000   0.075570   3.088250
 -0.151490  -0.712470   1.193630  -0.178330   0.182460   2.509850
 -0.556620  -0.153490  -0.038400  -0.151490  -0.712470   1.193630
 -0.556620  -0.153490  -0.038400  -1.529860  -0.625250  -0.337330
 -0.556620  -0.153490  -0.038400  -0.659270   0.962030   0.045800
 -0.556620  -0.153490  -0.038400   0.222780  -0.426950  -0.797220
