33 atoms follow (x y z r g b radiusScale)
 -0.000090   0.000030   0.000110   0.000000   1.000000   0.000000   1.850000
  1.118920  -0.000080  -0.000110   1.000000   1.000000   1.000000   1.200000
 -0.405360   1.049350   0.000360   1.000000   1.000000   1.000000   1.200000
 -0.386670  -0.578320  -0.876030   1.000000   1.000000   1.000000   1.200000
 -0.445530  -0.680510   1.156030   1.000000   0.000000   0.000000   1.400000
 -0.328850   0.129140   2.516270   0.500000   0.500000   0.500000   1.900000
  1.153490  -0.065920   2.993710   1.000000   0.000000   0.000000   1.400000
 -1.241200  -0.623320   3.539870   1.000000   0.000000   0.000000   1.400000
 -0.679710   1.568830   2.367080   1.000000   0.000000   0.000000   1.400000
 -1.151010   3.398100   1.975730   1.000000   1.000000   0.000000   1.850000
 -0.030280   3.843330   2.701490   1.000000   0.000000   0.000000   1.400000
 -2.396820   3.160670   2.528790   1.000000   0.000000   0.000000   1.400000
 -0.857720   3.160940   0.617130   1.000000   0.000000   0.000000   1.400000
 -1.533280   5.168100   1.569020   1.000000   0.000000   0.000000   1.400000
 -2.705780   5.611520   0.976740   0.000000   1.000000   0.000000   1.850000
 -2.734410   5.315090  -0.105280   1.000000   1.000000   1.000000   1.200000
 -2.750050   6.729170   1.054260   1.000000   1.000000   1.000000   1.200000
 -3.583240   5.162560   1.510310   1.000000   1.000000   1.000000   1.200000
  0.757270   5.418180   0.511410   0.000000   0.000000   1.000000   1.540000
  1.273980   5.144300   1.347260   1.000000   1.000000   1.000000   1.200000
 -0.293610   5.588820   0.855730   1.000000   1.000000   1.000000   1.200000
  0.711730   4.621530  -0.124380   1.000000   1.000000   1.000000   1.200000
  1.157570   6.228290   0.072090   1.000000   1.000000   1.000000   1.200000
  1.620770   2.232150   4.685600   0.000000   0.000000   1.000000   1.540000
  1.513290   0.571620   3.635330   1.000000   1.000000   1.000000   1.200000
  1.172430   2.893880   4.076850   1.000000   1.000000   1.000000   1.200000
  2.569030   2.506930   4.829430   1.000000   1.000000   1.000000   1.200000
  1.151620   2.229380   5.566520   1.000000   1.000000   1.000000   1.200000
 -3.597450   0.959180   3.767120   0.000000   0.000000   1.000000   1.540000
 -2.135470  -0.268260   3.722670   1.000000   1.000000   1.000000   1.200000
 -3.832870   1.195360   2.822660   1.000000   1.000000   1.000000   1.200000
 -3.168310   1.771000   4.171400   1.000000   1.000000   1.000000   1.200000
 -4.434730   0.748850   4.267660   1.000000   1.000000   1.000000   1.200000
29 bonds follow (x1 y1 z1 x2 y2 z2)
 -3.597450   0.959180   3.767120  -4.434730   0.748850   4.267660
 -3.597450   0.959180   3.767120  -3.168310   1.771000   4.171400
 -3.597450   0.959180   3.767120  -3.832870   1.195360   2.822660
 -1.241200  -0.623320   3.539870  -2.135470  -0.268260   3.722670
  1.620770   2.232150   4.685600   1.151620   2.229380   5.566520
  1.620770   2.232150   4.685600   2.569030   2.506930   4.829430
  1.620770   2.232150   4.685600   1.172430   2.893880   4.076850
  1.153490  -0.065920   2.993710   1.513290   0.571620   3.635330
  0.757270   5.418180   0.511410   1.157570   6.228290   0.072090
  0.757270   5.418180   0.511410   0.711730   4.621530  -0.124380
  0.757270   5.418180   0.511410  -0.293610   5.588820   0.855730
  0.757270   5.418180   0.511410   1.273980   5.144300   1.347260
 -2.705780   5.611520   0.976740  -3.583240   5.162560   1.510310
 -2.705780   5.611520   0.976740  -2.750050   6.729170   1.054260
 -2.705780   5.611520   0.976740  -2.734410   5.315090  -0.105280
 -1.533280   5.168100   1.569020  -2.705780   5.611520   0.976740
 -1.151010   3.398100   1.975730  -1.533280   5.168100   1.569020
 -1.151010   3.398100   1.975730  -0.857720   3.160940   0.617130
 -1.151010   3.398100   1.975730  -2.396820   3.160670   2.528790
 -1.151010   3.398100   1.975730  -0.030280   3.843330   2.701490
 -0.679710   1.568830   2.367080  -1.151010   3.398100   1.975730
 -0.328850   0.129140   2.516270  -0.679710   1.568830   2.367080
 -0.328850   0.129140   2.516270  -1.241200  -0.623320   3.539870
 -0.328850   0.129140   2.516270   1.153490  -0.065920   2.993710
 -0.445530  -0.680510   1.156030  -0.328850   0.129140   2.516270
 -0.000090   0.000030   0.000110  -0.445530  -0.680510   1.156030
 -0.000090   0.000030   0.000110  -0.386670  -0.578320  -0.876030
 -0.000090   0.000030   0.000110  -0.405360   1.049350   0.000360
 -0.000090   0.000030   0.000110   1.118920  -0.000080  -0.000110
