33 atoms follow (x y z r g b radiusScale)
 -0.293980  -0.125980  -0.078350   0.000000   1.000000   0.000000   1.850000
  0.631190  -0.429280  -0.633990   1.000000   1.000000   1.000000   1.200000
 -0.374130   0.991790   0.013380   1.000000   1.000000   1.000000   1.200000
 -1.188890  -0.542770  -0.610820   1.000000   1.000000   1.000000   1.200000
 -0.246260  -0.729110   1.198810   1.000000   0.000000   0.000000   1.400000
 -0.233080   0.157500   2.515860   0.500000   0.500000   0.500000   1.900000
  1.261840   0.090120   2.986090   1.000000   0.000000   0.000000   1.400000
 -1.029660  -0.609710   3.629010   1.000000   0.000000   0.000000   1.400000
 -0.656890   1.553040   2.287400   1.000000   0.000000   0.000000   1.400000
 -1.156330   3.403220   1.889050   1.000000   1.000000   0.000000   1.850000
  0.079970   3.791800   2.479330   1.000000   0.000000   0.000000   1.400000
 -2.319270   3.132260   2.603960   1.000000   0.000000   0.000000   1.400000
 -0.973200   3.092080   0.519840   1.000000   0.000000   0.000000   1.400000
 -1.482170   5.134730   1.498650   1.000000   0.000000   0.000000   1.400000
 -2.600640   5.866720   1.845280   0.000000   1.000000   0.000000   1.850000
 -3.052570   5.484500   2.797890   1.000000   1.000000   1.000000   1.200000
 -3.368490   5.809150   1.027760   1.000000   1.000000   1.000000   1.200000
 -2.300180   6.940460   1.982690   1.000000   1.000000   1.000000   1.200000
  0.862500   5.168070   0.289680   0.000000   0.000000   1.000000   1.540000
  1.228390   4.496270   0.988580   1.000000   1.000000   1.000000   1.200000
  1.589350   5.567720  -0.275200   1.000000   1.000000   1.000000   1.200000
  0.332220   5.876840   0.820200   1.000000   1.000000   1.000000   1.200000
  0.151730   4.643220  -0.279090   1.000000   1.000000   1.000000   1.200000
  0.997660   2.515880   4.984240   0.000000   0.000000   1.000000   1.540000
  1.518340   0.547970   3.788880   1.000000   1.000000   1.000000   1.200000
  1.282250   3.018870   4.163370   1.000000   1.000000   1.000000   1.200000
  1.528760   2.839680   5.765380   1.000000   1.000000   1.000000   1.200000
  0.033940   2.726720   5.147060   1.000000   1.000000   1.000000   1.200000
 -3.694180   0.819610   3.386570   0.000000   0.000000   1.000000   1.540000
 -1.945090  -0.359520   3.806630   1.000000   1.000000   1.000000   1.200000
 -3.633200   1.321380   2.519820   1.000000   1.000000   1.000000   1.200000
 -3.358450   1.440230   4.098940   1.000000   1.000000   1.000000   1.200000
 -4.654870   0.619170   3.572850   1.000000   1.000000   1.000000   1.200000
28 bonds follow (x1 y1 z1 x2 y2 z2)
 -3.694180   0.819610   3.386570  -4.654870   0.619170   3.572850
 -3.694180   0.819610   3.386570  -3.358450   1.440230   4.098940
 -3.694180   0.819610   3.386570  -3.633200   1.321380   2.519820
 -1.029660  -0.609710   3.629010  -1.945090  -0.359520   3.806630
  0.997660   2.515880   4.984240   0.033940   2.726720   5.147060
  0.997660   2.515880   4.984240   1.528760   2.839680   5.765380
  0.997660   2.515880   4.984240   1.282250   3.018870   4.163370
  1.261840   0.090120   2.986090   1.518340   0.547970   3.788880
  0.862500   5.168070   0.289680   0.151730   4.643220  -0.279090
  0.862500   5.168070   0.289680   0.332220   5.876840   0.820200
  0.862500   5.168070   0.289680   1.589350   5.567720  -0.275200
  0.862500   5.168070   0.289680   1.228390   4.496270   0.988580
 -2.600640   5.866720   1.845280  -2.300180   6.940460   1.982690
 -2.600640   5.866720   1.845280  -3.368490   5.809150   1.027760
 -2.600640   5.866720   1.845280  -3.052570   5.484500   2.797890
 -1.482170   5.134730   1.498650  -2.600640   5.866720   1.845280
 -1.156330   3.403220   1.889050  -1.482170   5.134730   1.498650
 -1.156330   3.403220   1.889050  -0.973200   3.092080   0.519840
 -1.156330   3.403220   1.889050  -2.319270   3.132260   2.603960
 -1.156330   3.403220   1.889050   0.079970   3.791800   2.479330
 -0.233080   0.157500   2.515860  -0.656890   1.553040   2.287400
 -0.233080   0.157500   2.515860  -1.029660  -0.609710   3.629010
 -0.233080   0.157500   2.515860   1.261840   0.090120   2.986090
 -0.246260  -0.729110   1.198810  -0.233080   0.157500   2.515860
 -0.293980  -0.125980  -0.078350  -0.246260  -0.729110   1.198810
 -0.293980  -0.125980  -0.078350  -1.188890  -0.542770  -0.610820
 -0.293980  -0.125980  -0.078350  -0.374130   0.991790   0.013380
 -0.293980  -0.125980  -0.078350   0.631190  -0.429280  -0.633990
