33 atoms follow (x y z r g b radiusScale)
 -0.217030  -0.243590  -0.074240   0.000000   1.000000   0.000000   1.850000
  0.822870  -0.328930  -0.484850   1.000000   1.000000   1.000000   1.200000
 -0.548540   0.830880  -0.031640   1.000000   1.000000   1.000000   1.200000
 -0.909080  -0.846300  -0.717800   1.000000   1.000000   1.000000   1.200000
 -0.250210  -0.816070   1.214640   1.000000   0.000000   0.000000   1.400000
 -0.268520   0.151880   2.481470   0.500000   0.500000   0.500000   1.900000
  1.200550   0.019190   3.012610   1.000000   0.000000   0.000000   1.400000
 -1.090540  -0.610850   3.570930   1.000000   0.000000   0.000000   1.400000
 -0.656780   1.562990   2.259470   1.000000   0.000000   0.000000   1.400000
 -1.099380   3.447260   1.925420   1.000000   1.000000   0.000000   1.850000
  0.131720   3.842560   2.525940   1.000000   0.000000   0.000000   1.400000
 -2.247560   3.186290   2.654060   1.000000   0.000000   0.000000   1.400000
 -0.951700   3.195140   0.537130   1.000000   0.000000   0.000000   1.400000
 -1.492830   5.166090   1.597630   1.000000   0.000000   0.000000   1.400000
 -2.725330   5.758670   1.804550   0.000000   1.000000   0.000000   1.850000
 -3.030530   5.675770   2.879950   1.000000   1.000000   1.000000   1.200000
 -3.509200   5.272220   1.165910   1.000000   1.000000   1.000000   1.200000
 -2.642480   6.842320   1.523970   1.000000   1.000000   1.000000   1.200000
  0.799830   5.162950   0.248680   0.000000   0.000000   1.000000   1.540000
  0.870550   5.195050   1.286020   1.000000   1.000000   1.000000   1.200000
  1.465580   5.776780  -0.190900   1.000000   1.000000   1.000000   1.200000
 -0.182260   5.412750   0.028820   1.000000   1.000000   1.000000   1.200000
  0.916180   4.176560  -0.036750   1.000000   1.000000   1.000000   1.200000
  0.969040   2.507420   4.904310   0.000000   0.000000   1.000000   1.540000
  1.437610   0.480610   3.819570   1.000000   1.000000   1.000000   1.200000
  1.579760   2.930030   4.231280   1.000000   1.000000   1.000000   1.200000
  1.231690   2.822210   5.815300   1.000000   1.000000   1.000000   1.200000
  0.045200   2.843340   4.706130   1.000000   1.000000   1.000000   1.200000
 -3.600050   0.891760   3.395150   0.000000   0.000000   1.000000   1.540000
 -2.040070  -0.440470   3.657320   1.000000   1.000000   1.000000   1.200000
 -3.744410   1.309330   2.496190   1.000000   1.000000   1.000000   1.200000
 -3.172880   1.593880   3.971910   1.000000   1.000000   1.000000   1.200000
 -4.487340   0.652410   3.785390   1.000000   1.000000   1.000000   1.200000
28 bonds follow (x1 y1 z1 x2 y2 z2)
 -3.600050   0.891760   3.395150  -4.487340   0.652410   3.785390
 -3.600050   0.891760   3.395150  -3.172880   1.593880   3.971910
 -3.600050   0.891760   3.395150  -3.744410   1.309330   2.496190
 -1.090540  -0.610850   3.570930  -2.040070  -0.440470   3.657320
  0.969040   2.507420   4.904310   0.045200   2.843340   4.706130
  0.969040   2.507420   4.904310   1.231690   2.822210   5.815300
  0.969040   2.507420   4.904310   1.579760   2.930030   4.231280
  1.200550   0.019190   3.012610   1.437610   0.480610   3.819570
  0.799830   5.162950   0.248680   0.916180   4.176560  -0.036750
  0.799830   5.162950   0.248680  -0.182260   5.412750   0.028820
  0.799830   5.162950   0.248680   1.465580   5.776780  -0.190900
  0.799830   5.162950   0.248680   0.870550   5.195050   1.286020
 -2.725330   5.758670   1.804550  -2.642480   6.842320   1.523970
 -2.725330   5.758670   1.804550  -3.509200   5.272220   1.165910
 -2.725330   5.758670   1.804550  -3.030530   5.675770   2.879950
 -1.492830   5.166090   1.597630  -2.725330   5.758670   1.804550
 -1.099380   3.447260   1.925420  -1.492830   5.166090   1.597630
 -1.099380   3.447260   1.925420  -0.951700   3.195140   0.537130
 -1.099380   3.447260   1.925420  -2.247560   3.186290   2.654060
 -1.099380   3.447260   1.925420   0.131720   3.842560   2.525940
 -0.268520   0.151880   2.481470  -0.656780   1.562990   2.259470
 -0.268520   0.151880   2.481470  -1.090540  -0.610850   3.570930
 -0.268520   0.151880   2.481470   1.200550   0.019190   3.012610
 -0.250210  -0.816070   1.214640  -0.268520   0.151880   2.481470
 -0.217030  -0.243590  -0.074240  -0.250210  -0.816070   1.214640
 -0.217030  -0.243590  -0.074240  -0.909080  -0.846300  -0.717800
 -0.217030  -0.243590  -0.074240  -0.548540   0.830880  -0.031640
 -0.217030  -0.243590  -0.074240   0.822870  -0.328930  -0.484850
