33 atoms follow (x y z r g b radiusScale)
 -0.343360  -0.074900  -0.060240   0.000000   1.000000   0.000000   1.850000
  0.604400  -0.303590  -0.614320   1.000000   1.000000   1.000000   1.200000
 -0.490410   1.032800   0.064690   1.000000   1.000000   1.000000   1.200000
 -1.205910  -0.520950  -0.621300   1.000000   1.000000   1.000000   1.200000
 -0.286210  -0.720500   1.196250   1.000000   0.000000   0.000000   1.400000
 -0.185270   0.164700   2.514930   0.500000   0.500000   0.500000   1.900000
  1.295470   0.008120   3.050030   1.000000   0.000000   0.000000   1.400000
 -1.009920  -0.604830   3.604330   1.000000   0.000000   0.000000   1.400000
 -0.683390   1.538620   2.296860   1.000000   0.000000   0.000000   1.400000
 -1.169740   3.427550   1.873450   1.000000   1.000000   0.000000   1.850000
  0.057280   3.805400   2.489150   1.000000   0.000000   0.000000   1.400000
 -2.344260   3.184680   2.573430   1.000000   0.000000   0.000000   1.400000
 -0.967240   3.104610   0.504310   1.000000   0.000000   0.000000   1.400000
 -1.503760   5.114490   1.434590   1.000000   0.000000   0.000000   1.400000
 -2.568940   5.884940   1.850440   0.000000   1.000000   0.000000   1.850000
 -3.062150   5.444780   2.755350   1.000000   1.000000   1.000000   1.200000
 -3.322070   5.965120   1.021920   1.000000   1.000000   1.000000   1.200000
 -2.189930   6.913510   2.096350   1.000000   1.000000   1.000000   1.200000
  0.865110   5.148280   0.303870   0.000000   0.000000   1.000000   1.540000
  1.364410   4.415790   0.820240   1.000000   1.000000   1.000000   1.200000
  1.474320   5.684790  -0.295710   1.000000   1.000000   1.000000   1.200000
  0.386680   5.733500   1.018480   1.000000   1.000000   1.000000   1.200000
  0.090980   4.678270  -0.215770   1.000000   1.000000   1.000000   1.200000
  1.011730   2.520550   5.015400   0.000000   0.000000   1.000000   1.540000
  1.473580   0.323860   3.939380   1.000000   1.000000   1.000000   1.200000
  1.143520   2.955090   4.119770   1.000000   1.000000   1.000000   1.200000
  1.644430   2.937280   5.666600   1.000000   1.000000   1.000000   1.200000
  0.078680   2.717570   5.316080   1.000000   1.000000   1.000000   1.200000
 -3.686750   0.757110   3.416090   0.000000   0.000000   1.000000   1.540000
 -1.972790  -0.566390   3.594270   1.000000   1.000000   1.000000   1.200000
 -3.566050   1.096760   2.480110   1.000000   1.000000   1.000000   1.200000
 -3.320120   1.465140   4.024640   1.000000   1.000000   1.000000   1.200000
 -4.666960   0.670320   3.589370   1.000000   1.000000   1.000000   1.200000
28 bonds follow (x1 y1 z1 x2 y2 z2)
 -3.686750   0.757110   3.416090  -4.666960   0.670320   3.589370
 -3.686750   0.757110   3.416090  -3.320120   1.465140   4.024640
 -3.686750   0.757110   3.416090  -3.566050   1.096760   2.480110
 -1.009920  -0.604830   3.604330  -1.972790  -0.566390   3.594270
  1.011730   2.520550   5.015400   0.078680   2.717570   5.316080
  1.011730   2.520550   5.015400   1.644430   2.937280   5.666600
  1.011730   2.520550   5.015400   1.143520   2.955090   4.119770
  1.295470   0.008120   3.050030   1.473580   0.323860   3.939380
  0.865110   5.148280   0.303870   0.090980   4.678270  -0.215770
  0.865110   5.148280   0.303870   0.386680   5.733500   1.018480
  0.865110   5.148280   0.303870   1.474320   5.684790  -0.295710
  0.865110   5.148280   0.303870   1.364410   4.415790   0.820240
 -2.568940   5.884940   1.850440  -2.189930   6.913510   2.096350
 -2.568940   5.884940   1.850440  -3.322070   5.965120   1.021920
 -2.568940   5.884940   1.850440  -3.062150   5.444780   2.755350
 -1.503760   5.114490   1.434590  -2.568940   5.884940   1.850440
 -1.169740   3.427550   1.873450  -1.503760   5.114490   1.434590
 -1.169740   3.427550   1.873450  -0.967240   3.104610   0.504310
 -1.169740   3.427550   1.873450  -2.344260   3.184680   2.573430
 -1.169740   3.427550   1.873450   0.057280   3.805400   2.489150
 -0.185270   0.164700   2.514930  -0.683390   1.538620   2.296860
 -0.185270   0.164700   2.514930  -1.009920  -0.604830   3.604330
 -0.185270   0.164700   2.514930   1.295470   0.008120   3.050030
 -0.286210  -0.720500   1.196250  -0.185270   0.164700   2.514930
 -0.343360  -0.074900  -0.060240  -0.286210  -0.720500   1.196250
 -0.343360  -0.074900  -0.060240  -1.205910  -0.520950  -0.621300
 -0.343360  -0.074900  -0.060240  -0.490410   1.032800   0.064690
 -0.343360  -0.074900  -0.060240   0.604400  -0.303590  -0.614320
