33 atoms follow (x y z r g b radiusScale)
 -0.061730  -0.018310  -0.007740   0.000000   1.000000   0.000000   1.850000
  1.028450  -0.206390  -0.184930   1.000000   1.000000   1.000000   1.200000
 -0.282260   1.081270   0.074840   1.000000   1.000000   1.000000   1.200000
 -0.657580  -0.475680  -0.838660   1.000000   1.000000   1.000000   1.200000
 -0.451410  -0.680920   1.175930   1.000000   0.000000   0.000000   1.400000
 -0.294180   0.126560   2.535930   0.500000   0.500000   0.500000   1.900000
  1.206220  -0.046540   2.988680   1.000000   0.000000   0.000000   1.400000
 -1.160180  -0.702670   3.549490   1.000000   0.000000   0.000000   1.400000
 -0.705080   1.545650   2.425140   1.000000   0.000000   0.000000   1.400000
 -1.179250   3.456440   1.895730   1.000000   1.000000   0.000000   1.850000
 -0.127710   3.914410   2.728380   1.000000   0.000000   0.000000   1.400000
 -2.457600   3.144950   2.324700   1.000000   0.000000   0.000000   1.400000
 -0.703290   3.157640   0.591490   1.000000   0.000000   0.000000   1.400000
 -1.542110   5.143560   1.417830   1.000000   0.000000   0.000000   1.400000
 -2.811590   5.688670   1.411010   0.000000   1.000000   0.000000   1.850000
 -3.350480   5.401540   0.468970   1.000000   1.000000   1.000000   1.200000
 -2.718540   6.806410   1.452660   1.000000   1.000000   1.000000   1.200000
 -3.405960   5.332920   2.292640   1.000000   1.000000   1.000000   1.200000
  0.874840   5.269810   0.486010   0.000000   0.000000   1.000000   1.540000
  0.612140   5.470240   1.471760   1.000000   1.000000   1.000000   1.200000
  1.500290   5.964970   0.102830   1.000000   1.000000   1.000000   1.200000
 -0.024420   5.207850  -0.031070   1.000000   1.000000   1.000000   1.200000
  1.283400   4.330510   0.468130   1.000000   1.000000   1.000000   1.200000
  1.530390   2.313080   4.698900   0.000000   0.000000   1.000000   1.540000
  1.525210   0.524540   3.703410   1.000000   1.000000   1.000000   1.200000
  0.989550   2.950910   4.142870   1.000000   1.000000   1.000000   1.200000
  2.433710   2.703100   4.862560   1.000000   1.000000   1.000000   1.200000
  1.077320   2.180470   5.578600   1.000000   1.000000   1.000000   1.200000
 -3.572930   0.937280   3.748110   0.000000   0.000000   1.000000   1.540000
 -2.078080  -0.419220   3.699550   1.000000   1.000000   1.000000   1.200000
 -3.805870   1.142540   2.795320   1.000000   1.000000   1.000000   1.200000
 -3.079150   1.735950   4.100930   1.000000   1.000000   1.000000   1.200000
 -4.418230   0.827300   4.267960   1.000000   1.000000   1.000000   1.200000
28 bonds follow (x1 y1 z1 x2 y2 z2)
 -3.572930   0.937280   3.748110  -4.418230   0.827300   4.267960
 -3.572930   0.937280   3.748110  -3.079150   1.735950   4.100930
 -3.572930   0.937280   3.748110  -3.805870   1.142540   2.795320
 -1.160180  -0.702670   3.549490  -2.078080  -0.419220   3.699550
  1.530390   2.313080   4.698900   1.077320   2.180470   5.578600
  1.530390   2.313080   4.698900   2.433710   2.703100   4.862560
  1.530390   2.313080   4.698900   0.989550   2.950910   4.142870
  1.206220  -0.046540   2.988680   1.525210   0.524540   3.703410
  0.874840   5.269810   0.486010   1.283400   4.330510   0.468130
  0.874840   5.269810   0.486010  -0.024420   5.207850  -0.031070
  0.874840   5.269810   0.486010   1.500290   5.964970   0.102830
  0.874840   5.269810   0.486010   0.612140   5.470240   1.471760
 -2.811590   5.688670   1.411010  -3.405960   5.332920   2.292640
 -2.811590   5.688670   1.411010  -2.718540   6.806410   1.452660
 -2.811590   5.688670   1.411010  -3.350480   5.401540   0.468970
 -1.542110   5.143560   1.417830  -2.811590   5.688670   1.411010
 -1.179250   3.456440   1.895730  -1.542110   5.143560   1.417830
 -1.179250   3.456440   1.895730  -0.703290   3.157640   0.591490
 -1.179250   3.456440   1.895730  -2.457600   3.144950   2.324700
 -1.179250   3.456440   1.895730  -0.127710   3.914410   2.728380
 -0.294180   0.126560   2.535930  -0.705080   1.545650   2.425140
 -0.294180   0.126560   2.535930  -1.160180  -0.702670   3.549490
 -0.294180   0.126560   2.535930   1.206220  -0.046540   2.988680
 -0.451410  -0.680920   1.175930  -0.294180   0.126560   2.535930
 -0.061730  -0.018310  -0.007740  -0.451410  -0.680920   1.175930
 -0.061730  -0.018310  -0.007740  -0.657580  -0.475680  -0.838660
 -0.061730  -0.018310  -0.007740  -0.282260   1.081270   0.074840
 -0.061730  -0.018310  -0.007740   1.028450  -0.206390  -0.184930
