33 atoms follow (x y z r g b radiusScale)
  0.153700  -0.190580   0.016370   0.000000   1.000000   0.000000   1.850000
  1.261740  -0.161080   0.168700   1.000000   1.000000   1.000000   1.200000
 -0.265810   0.841800  -0.115520   1.000000   1.000000   1.000000   1.200000
 -0.108350  -0.845520  -0.851940   1.000000   1.000000   1.000000   1.200000
 -0.437340  -0.783600   1.156450   1.000000   0.000000   0.000000   1.400000
 -0.286730   0.015800   2.512970   0.500000   0.500000   0.500000   1.900000
  1.164420  -0.148110   3.062850   1.000000   0.000000   0.000000   1.400000
 -1.271450  -0.631460   3.521930   1.000000   0.000000   0.000000   1.400000
 -0.650940   1.466190   2.314970   1.000000   0.000000   0.000000   1.400000
 -1.122830   3.213940   2.102110   1.000000   1.000000   0.000000   1.850000
 -0.193760   3.731060   2.982520   1.000000   0.000000   0.000000   1.400000
 -2.394470   3.032940   2.558240   1.000000   0.000000   0.000000   1.400000
 -0.904020   3.247010   0.747980   1.000000   0.000000   0.000000   1.400000
 -2.221510   6.014540   1.568370   1.000000   0.000000   0.000000   1.400000
 -3.424940   6.064900   0.830690   0.000000   1.000000   0.000000   1.850000
 -3.247240   6.392360  -0.224170   1.000000   1.000000   1.000000   1.200000
 -4.171570   6.749670   1.314270   1.000000   1.000000   1.000000   1.200000
 -3.800110   5.009800   0.869120   1.000000   1.000000   1.000000   1.200000
  2.028440   5.501670  -0.060890   0.000000   0.000000   1.000000   1.540000
  2.109100   6.162690   0.683720   1.000000   1.000000   1.000000   1.200000
 -1.941170   7.037400   1.749160   1.000000   1.000000   1.000000   1.200000
  1.662560   5.987970  -0.853000   1.000000   1.000000   1.000000   1.200000
  1.369380   4.800430   0.202010   1.000000   1.000000   1.000000   1.200000
  1.753080   2.170010   4.570170   0.000000   0.000000   1.000000   1.540000
  1.535690   0.548560   3.652560   1.000000   1.000000   1.000000   1.200000
  1.448750   2.874180   3.921990   1.000000   1.000000   1.000000   1.200000
  2.711300   2.329250   4.800080   1.000000   1.000000   1.000000   1.200000
  1.206080   2.243680   5.402270   1.000000   1.000000   1.000000   1.200000
 -3.607540   0.791730   3.843350   0.000000   0.000000   1.000000   1.540000
 -2.161070  -0.226380   3.688560   1.000000   1.000000   1.000000   1.200000
 -3.759180   1.183680   2.932740   1.000000   1.000000   1.000000   1.200000
 -3.337500   1.539770   4.451150   1.000000   1.000000   1.000000   1.200000
 -4.453870   0.382220   4.176500   1.000000   1.000000   1.000000   1.200000
28 bonds follow (x1 y1 z1 x2 y2 z2)
 -3.607540   0.791730   3.843350  -4.453870   0.382220   4.176500
 -3.607540   0.791730   3.843350  -3.337500   1.539770   4.451150
 -3.607540   0.791730   3.843350  -3.759180   1.183680   2.932740
 -1.271450  -0.631460   3.521930  -2.161070  -0.226380   3.688560
  1.753080   2.170010   4.570170   1.206080   2.243680   5.402270
  1.753080   2.170010   4.570170   2.711300   2.329250   4.800080
  1.753080   2.170010   4.570170   1.448750   2.874180   3.921990
  1.164420  -0.148110   3.062850   1.535690   0.548560   3.652560
  2.028440   5.501670  -0.060890   1.369380   4.800430   0.202010
  2.028440   5.501670  -0.060890   1.662560   5.987970  -0.853000
 -2.221510   6.014540   1.568370  -1.941170   7.037400   1.749160
  2.028440   5.501670  -0.060890   2.109100   6.162690   0.683720
 -3.424940   6.064900   0.830690  -3.800110   5.009800   0.869120
 -3.424940   6.064900   0.830690  -4.171570   6.749670   1.314270
 -3.424940   6.064900   0.830690  -3.247240   6.392360  -0.224170
 -2.221510   6.014540   1.568370  -3.424940   6.064900   0.830690
 -1.122830   3.213940   2.102110  -0.904020   3.247010   0.747980
 -1.122830   3.213940   2.102110  -2.394470   3.032940   2.558240
 -1.122830   3.213940   2.102110  -0.193760   3.731060   2.982520
 -0.650940   1.466190   2.314970  -1.122830   3.213940   2.102110
 -0.286730   0.015800   2.512970  -0.650940   1.466190   2.314970
 -0.286730   0.015800   2.512970  -1.271450  -0.631460   3.521930
 -0.286730   0.015800   2.512970   1.164420  -0.148110   3.062850
 -0.437340  -0.783600   1.156450  -0.286730   0.015800   2.512970
  0.153700  -0.190580   0.016370  -0.437340  -0.783600   1.156450
  0.153700  -0.190580   0.016370  -0.108350  -0.845520  -0.851940
  0.153700  -0.190580   0.016370  -0.265810   0.841800  -0.115520
  0.153700  -0.190580   0.016370   1.261740  -0.161080   0.168700
