33 atoms follow (x y z r g b radiusScale)
 -0.108470  -0.097690  -0.020930   0.000000   1.000000   0.000000   1.850000
  0.905230  -0.413570  -0.381480   1.000000   1.000000   1.000000   1.200000
 -0.176830   1.019250   0.092520   1.000000   1.000000   1.000000   1.200000
 -0.881660  -0.460240  -0.747740   1.000000   1.000000   1.000000   1.200000
 -0.368540  -0.740600   1.209170   1.000000   0.000000   0.000000   1.400000
 -0.302320   0.142020   2.528940   0.500000   0.500000   0.500000   1.900000
  1.191280  -0.003740   3.008520   1.000000   0.000000   0.000000   1.400000
 -1.161980  -0.634150   3.588600   1.000000   0.000000   0.000000   1.400000
 -0.668530   1.566670   2.339180   1.000000   0.000000   0.000000   1.400000
 -1.202400   3.434440   1.851800   1.000000   1.000000   0.000000   1.850000
 -0.149000   3.913430   2.681080   1.000000   0.000000   0.000000   1.400000
 -2.464220   3.073310   2.294260   1.000000   0.000000   0.000000   1.400000
 -0.748160   3.141170   0.543100   1.000000   0.000000   0.000000   1.400000
 -1.578860   5.114550   1.405280   1.000000   0.000000   0.000000   1.400000
 -2.795920   5.744350   1.588620   0.000000   1.000000   0.000000   1.850000
 -3.501080   5.474520   0.759030   1.000000   1.000000   1.000000   1.200000
 -2.618400   6.852750   1.574070   1.000000   1.000000   1.000000   1.200000
 -3.254540   5.453410   2.569020   1.000000   1.000000   1.000000   1.200000
  0.953890   5.288030   0.538080   0.000000   0.000000   1.000000   1.540000
  1.019170   5.146430   1.568440   1.000000   1.000000   1.000000   1.200000
  1.726440   5.817310   0.168920   1.000000   1.000000   1.000000   1.200000
  0.044100   5.758950   0.373490   1.000000   1.000000   1.000000   1.200000
  0.871650   4.347600   0.109990   1.000000   1.000000   1.000000   1.200000
  1.499490   2.334510   4.754730   0.000000   0.000000   1.000000   1.540000
  1.464200   0.546390   3.756600   1.000000   1.000000   1.000000   1.200000
  1.005110   2.974360   4.158440   1.000000   1.000000   1.000000   1.200000
  2.445280   2.635210   4.854300   1.000000   1.000000   1.000000   1.200000
  1.070600   2.324040   5.655620   1.000000   1.000000   1.000000   1.200000
 -3.527870   0.962950   3.703120   0.000000   0.000000   1.000000   1.540000
 -2.052460  -0.289400   3.794270   1.000000   1.000000   1.000000   1.200000
 -3.781850   1.104950   2.744550   1.000000   1.000000   1.000000   1.200000
 -3.133920   1.825910   4.029440   1.000000   1.000000   1.000000   1.200000
 -4.350480   0.759770   4.230160   1.000000   1.000000   1.000000   1.200000
28 bonds follow (x1 y1 z1 x2 y2 z2)
 -3.527870   0.962950   3.703120  -4.350480   0.759770   4.230160
 -3.527870   0.962950   3.703120  -3.133920   1.825910   4.029440
 -3.527870   0.962950   3.703120  -3.781850   1.104950   2.744550
 -1.161980  -0.634150   3.588600  -2.052460  -0.289400   3.794270
  1.499490   2.334510   4.754730   1.070600   2.324040   5.655620
  1.499490   2.334510   4.754730   2.445280   2.635210   4.854300
  1.499490   2.334510   4.754730   1.005110   2.974360   4.158440
  1.191280  -0.003740   3.008520   1.464200   0.546390   3.756600
  0.953890   5.288030   0.538080   0.871650   4.347600   0.109990
  0.953890   5.288030   0.538080   0.044100   5.758950   0.373490
  0.953890   5.288030   0.538080   1.726440   5.817310   0.168920
  0.953890   5.288030   0.538080   1.019170   5.146430   1.568440
 -2.795920   5.744350   1.588620  -3.254540   5.453410   2.569020
 -2.795920   5.744350   1.588620  -2.618400   6.852750   1.574070
 -2.795920   5.744350   1.588620  -3.501080   5.474520   0.759030
 -1.578860   5.114550   1.405280  -2.795920   5.744350   1.588620
 -1.202400   3.434440   1.851800  -1.578860   5.114550   1.405280
 -1.202400   3.434440   1.851800  -0.748160   3.141170   0.543100
 -1.202400   3.434440   1.851800  -2.464220   3.073310   2.294260
 -1.202400   3.434440   1.851800  -0.149000   3.913430   2.681080
 -0.302320   0.142020   2.528940  -0.668530   1.566670   2.339180
 -0.302320   0.142020   2.528940  -1.161980  -0.634150   3.588600
 -0.302320   0.142020   2.528940   1.191280  -0.003740   3.008520
 -0.368540  -0.740600   1.209170  -0.302320   0.142020   2.528940
 -0.108470  -0.097690  -0.020930  -0.368540  -0.740600   1.209170
 -0.108470  -0.097690  -0.020930  -0.881660  -0.460240  -0.747740
 -0.108470  -0.097690  -0.020930  -0.176830   1.019250   0.092520
 -0.108470  -0.097690  -0.020930   0.905230  -0.413570  -0.381480
