33 atoms follow (x y z r g b radiusScale)
 -0.001290   0.000590   0.001540   0.000000   1.000000   0.000000   1.850000
  1.117820   0.000230  -0.001970   1.000000   1.000000   1.000000   1.200000
 -0.404830   1.050830   0.006590   1.000000   1.000000   1.000000   1.200000
 -0.389690  -0.574090  -0.876150   1.000000   1.000000   1.000000   1.200000
 -0.443700  -0.683350   1.155820   1.000000   0.000000   0.000000   1.400000
 -0.330820   0.132590   2.515820   0.500000   0.500000   0.500000   1.900000
  1.153720  -0.068690   2.992590   1.000000   0.000000   0.000000   1.400000
 -1.240910  -0.626120   3.540230   1.000000   0.000000   0.000000   1.400000
 -0.676150   1.568780   2.366680   1.000000   0.000000   0.000000   1.400000
 -1.169200   3.433180   1.968980   1.000000   1.000000   0.000000   1.850000
 -0.012700   3.853240   2.680350   1.000000   0.000000   0.000000   1.400000
 -2.399390   3.135360   2.537010   1.000000   0.000000   0.000000   1.400000
 -0.830800   3.174750   0.611490   1.000000   0.000000   0.000000   1.400000
 -1.590920   5.131090   1.616260   1.000000   0.000000   0.000000   1.400000
 -2.733360   5.591370   0.990750   0.000000   1.000000   0.000000   1.850000
 -2.723750   5.305090  -0.095970   1.000000   1.000000   1.000000   1.200000
 -2.741980   6.711600   1.070670   1.000000   1.000000   1.000000   1.200000
 -3.654470   5.177270   1.474330   1.000000   1.000000   1.000000   1.200000
  0.823940   5.406070   0.489350   0.000000   0.000000   1.000000   1.540000
  1.153940   5.081680   1.414250   1.000000   1.000000   1.000000   1.200000
 -0.100940   5.879750   0.666860   1.000000   1.000000   1.000000   1.200000
  0.609580   4.553950  -0.055910   1.000000   1.000000   1.000000   1.200000
  1.485740   6.010860   0.028120   1.000000   1.000000   1.000000   1.200000
  1.620710   2.233060   4.686350   0.000000   0.000000   1.000000   1.540000
  1.510750   0.567810   3.635040   1.000000   1.000000   1.000000   1.200000
  1.161290   2.882370   4.072080   1.000000   1.000000   1.000000   1.200000
  2.563390   2.524990   4.831510   1.000000   1.000000   1.000000   1.200000
  1.148930   2.225340   5.565720   1.000000   1.000000   1.000000   1.200000
 -3.598670   0.957460   3.768290   0.000000   0.000000   1.000000   1.540000
 -2.133000  -0.268200   3.724390   1.000000   1.000000   1.000000   1.200000
 -3.827010   1.192480   2.821760   1.000000   1.000000   1.000000   1.200000
 -3.162220   1.766570   4.170480   1.000000   1.000000   1.000000   1.200000
 -4.440500   0.759300   4.265880   1.000000   1.000000   1.000000   1.200000
28 bonds follow (x1 y1 z1 x2 y2 z2)
 -3.598670   0.957460   3.768290  -4.440500   0.759300   4.265880
 -3.598670   0.957460   3.768290  -3.162220   1.766570   4.170480
 -3.598670   0.957460   3.768290  -3.827010   1.192480   2.821760
 -1.240910  -0.626120   3.540230  -2.133000  -0.268200   3.724390
  1.620710   2.233060   4.686350   1.148930   2.225340   5.565720
  1.620710   2.233060   4.686350   2.563390   2.524990   4.831510
  1.620710   2.233060   4.686350   1.161290   2.882370   4.072080
  1.153720  -0.068690   2.992590   1.510750   0.567810   3.635040
  0.823940   5.406070   0.489350   1.485740   6.010860   0.028120
  0.823940   5.406070   0.489350   0.609580   4.553950  -0.055910
  0.823940   5.406070   0.489350  -0.100940   5.879750   0.666860
  0.823940   5.406070   0.489350   1.153940   5.081680   1.414250
 -2.733360   5.591370   0.990750  -3.654470   5.177270   1.474330
 -2.733360   5.591370   0.990750  -2.741980   6.711600   1.070670
 -2.733360   5.591370   0.990750  -2.723750   5.305090  -0.095970
 -1.590920   5.131090   1.616260  -2.733360   5.591370   0.990750
 -1.169200   3.433180   1.968980  -1.590920   5.131090   1.616260
 -1.169200   3.433180   1.968980  -0.830800   3.174750   0.611490
 -1.169200   3.433180   1.968980  -2.399390   3.135360   2.537010
 -1.169200   3.433180   1.968980  -0.012700   3.853240   2.680350
 -0.330820   0.132590   2.515820  -0.676150   1.568780   2.366680
 -0.330820   0.132590   2.515820  -1.240910  -0.626120   3.540230
 -0.330820   0.132590   2.515820   1.153720  -0.068690   2.992590
 -0.443700  -0.683350   1.155820  -0.330820   0.132590   2.515820
 -0.001290   0.000590   0.001540  -0.443700  -0.683350   1.155820
 -0.001290   0.000590   0.001540  -0.389690  -0.574090  -0.876150
 -0.001290   0.000590   0.001540  -0.404830   1.050830   0.006590
 -0.001290   0.000590   0.001540   1.117820   0.000230  -0.001970
