33 atoms follow (x y z r g b radiusScale)
 -0.559220  -0.158760  -0.042060   0.000000   1.000000   0.000000   1.850000
  0.207920  -0.454590  -0.803910   1.000000   1.000000   1.000000   1.200000
 -0.644570   0.960620   0.029880   1.000000   1.000000   1.000000   1.200000
 -1.542180  -0.621090  -0.322420   1.000000   1.000000   1.000000   1.200000
 -0.145240  -0.708740   1.190170   1.000000   0.000000   0.000000   1.400000
 -0.184490   0.182090   2.504360   0.500000   0.500000   0.500000   1.900000
  1.274950   0.088520   3.092790   1.000000   0.000000   0.000000   1.400000
 -1.080280  -0.601180   3.532130   1.000000   0.000000   0.000000   1.400000
 -0.599980   1.593560   2.325530   1.000000   0.000000   0.000000   1.400000
 -1.172500   3.417370   1.852920   1.000000   1.000000   0.000000   1.850000
 -0.077760   3.924380   2.607660   1.000000   0.000000   0.000000   1.400000
 -2.388210   3.034700   2.407510   1.000000   0.000000   0.000000   1.400000
 -0.784030   3.087100   0.529580   1.000000   0.000000   0.000000   1.400000
 -1.569950   5.064550   1.300080   1.000000   0.000000   0.000000   1.400000
 -2.486870   5.891610   1.919020   0.000000   1.000000   0.000000   1.850000
 -3.433810   5.334940   2.142500   1.000000   1.000000   1.000000   1.200000
 -2.710080   6.748170   1.229910   1.000000   1.000000   1.000000   1.200000
 -2.060600   6.295760   2.876340   1.000000   1.000000   1.000000   1.200000
  0.862060   5.209640   0.341230   0.000000   0.000000   1.000000   1.540000
  0.749890   5.275720   1.372850   1.000000   1.000000   1.000000   1.200000
  1.598330   5.804910  -0.005190   1.000000   1.000000   1.000000   1.200000
 -0.060120   5.459720  -0.050390   1.000000   1.000000   1.000000   1.200000
  1.018500   4.207540   0.121340   1.000000   1.000000   1.000000   1.200000
  1.124040   2.391100   4.971630   0.000000   0.000000   1.000000   1.540000
  1.519890   0.756350   3.749580   1.000000   1.000000   1.000000   1.200000
  0.854450   3.002680   4.220860   1.000000   1.000000   1.000000   1.200000
  1.857380   2.821050   5.493820   1.000000   1.000000   1.000000   1.200000
  0.340430   2.258830   5.576280   1.000000   1.000000   1.000000   1.200000
 -3.717550   0.806110   3.526020   0.000000   0.000000   1.000000   1.540000
 -1.986000  -0.290790   3.688070   1.000000   1.000000   1.000000   1.200000
 -3.995630   1.004600   2.585880   1.000000   1.000000   1.000000   1.200000
 -3.291880   1.640460   3.887460   1.000000   1.000000   1.000000   1.200000
 -4.532060   0.596240   4.064710   1.000000   1.000000   1.000000   1.200000
28 bonds follow (x1 y1 z1 x2 y2 z2)
 -3.717550   0.806110   3.526020  -4.532060   0.596240   4.064710
 -3.717550   0.806110   3.526020  -3.291880   1.640460   3.887460
 -3.717550   0.806110   3.526020  -3.995630   1.004600   2.585880
 -1.080280  -0.601180   3.532130  -1.986000  -0.290790   3.688070
  1.124040   2.391100   4.971630   0.340430   2.258830   5.576280
  1.124040   2.391100   4.971630   1.857380   2.821050   5.493820
  1.124040   2.391100   4.971630   0.854450   3.002680   4.220860
  1.274950   0.088520   3.092790   1.519890   0.756350   3.749580
  0.862060   5.209640   0.341230   1.018500   4.207540   0.121340
  0.862060   5.209640   0.341230  -0.060120   5.459720  -0.050390
  0.862060   5.209640   0.341230   1.598330   5.804910  -0.005190
  0.862060   5.209640   0.341230   0.749890   5.275720   1.372850
 -2.486870   5.891610   1.919020  -2.060600   6.295760   2.876340
 -2.486870   5.891610   1.919020  -2.710080   6.748170   1.229910
 -2.486870   5.891610   1.919020  -3.433810   5.334940   2.142500
 -1.569950   5.064550   1.300080  -2.486870   5.891610   1.919020
 -1.172500   3.417370   1.852920  -1.569950   5.064550   1.300080
 -1.172500   3.417370   1.852920  -0.784030   3.087100   0.529580
 -1.172500   3.417370   1.852920  -2.388210   3.034700   2.407510
 -1.172500   3.417370   1.852920  -0.077760   3.924380   2.607660
 -0.184490   0.182090   2.504360  -0.599980   1.593560   2.325530
 -0.184490   0.182090   2.504360  -1.080280  -0.601180   3.532130
 -0.184490   0.182090   2.504360   1.274950   0.088520   3.092790
 -0.145240  -0.708740   1.190170  -0.184490   0.182090   2.504360
 -0.559220  -0.158760  -0.042060  -0.145240  -0.708740   1.190170
 -0.559220  -0.158760  -0.042060  -1.542180  -0.621090  -0.322420
 -0.559220  -0.158760  -0.042060  -0.644570   0.960620   0.029880
 -0.559220  -0.158760  -0.042060   0.207920  -0.454590  -0.803910
