33 atoms follow (x y z r g b radiusScale)
  0.274750  -0.169640   0.077360   0.000000   1.000000   0.000000   1.850000
  1.372950  -0.292030   0.253920   1.000000   1.000000   1.000000   1.200000
 -0.014680   0.915960   0.048070   1.000000   1.000000   1.000000   1.200000
 -0.034170  -0.682230  -0.866470   1.000000   1.000000   1.000000   1.200000
 -0.416840  -0.804610   1.140350   1.000000   0.000000   0.000000   1.400000
 -0.276020  -0.006260   2.505440   0.500000   0.500000   0.500000   1.900000
  1.211200  -0.153830   2.948860   1.000000   0.000000   0.000000   1.400000
 -1.232730  -0.697740   3.524120   1.000000   0.000000   0.000000   1.400000
 -0.702240   1.437230   2.393940   1.000000   0.000000   0.000000   1.400000
 -1.146850   3.201000   2.162780   1.000000   1.000000   0.000000   1.850000
 -0.311870   3.743240   3.120610   1.000000   0.000000   0.000000   1.400000
 -2.457340   2.989130   2.470370   1.000000   0.000000   0.000000   1.400000
 -0.813050   3.309080   0.833720   1.000000   0.000000   0.000000   1.400000
 -2.338510   6.220090   1.482780   1.000000   0.000000   0.000000   1.400000
 -3.628240   6.171820   0.889390   0.000000   1.000000   0.000000   1.850000
 -3.752650   6.896210   0.055550   1.000000   1.000000   1.000000   1.200000
 -4.398240   6.331390   1.680010   1.000000   1.000000   1.000000   1.200000
 -3.659060   5.119270   0.504540   1.000000   1.000000   1.000000   1.200000
  2.268620   5.287920  -0.159740   0.000000   0.000000   1.000000   1.540000
  2.221680   5.986250   0.554950   1.000000   1.000000   1.000000   1.200000
 -2.258150   7.129360   1.718890   1.000000   1.000000   1.000000   1.200000
  2.231950   5.748200  -1.048080   1.000000   1.000000   1.000000   1.200000
  1.469990   4.690320  -0.077550   1.000000   1.000000   1.000000   1.200000
  1.827330   2.192950   4.479560   0.000000   0.000000   1.000000   1.540000
  1.611030   0.546760   3.509370   1.000000   1.000000   1.000000   1.200000
  1.541100   2.892670   3.817660   1.000000   1.000000   1.000000   1.200000
  2.774970   2.364280   4.743950   1.000000   1.000000   1.000000   1.200000
  1.249180   2.279160   5.289960   1.000000   1.000000   1.000000   1.200000
 -3.677430   0.822150   3.840400   0.000000   0.000000   1.000000   1.540000
 -2.106830  -0.290900   3.714290   1.000000   1.000000   1.000000   1.200000
 -3.757940   1.330750   2.979510   1.000000   1.000000   1.000000   1.200000
 -3.451240   1.473900   4.563290   1.000000   1.000000   1.000000   1.200000
 -4.550960   0.389640   4.053840   1.000000   1.000000   1.000000   1.200000
28 bonds follow (x1 y1 z1 x2 y2 z2)
 -3.677430   0.822150   3.840400  -4.550960   0.389640   4.053840
 -3.677430   0.822150   3.840400  -3.451240   1.473900   4.563290
 -3.677430   0.822150   3.840400  -3.757940   1.330750   2.979510
 -1.232730  -0.697740   3.524120  -2.106830  -0.290900   3.714290
  1.827330   2.192950   4.479560   1.249180   2.279160   5.289960
  1.827330   2.192950   4.479560   2.774970   2.364280   4.743950
  1.827330   2.192950   4.479560   1.541100   2.892670   3.817660
  1.211200  -0.153830   2.948860   1.611030   0.546760   3.509370
  2.268620   5.287920  -0.159740   1.469990   4.690320  -0.077550
  2.268620   5.287920  -0.159740   2.231950   5.748200  -1.048080
 -2.338510   6.220090   1.482780  -2.258150   7.129360   1.718890
  2.268620   5.287920  -0.159740   2.221680   5.986250   0.554950
 -3.628240   6.171820   0.889390  -3.659060   5.119270   0.504540
 -3.628240   6.171820   0.889390  -4.398240   6.331390   1.680010
 -3.628240   6.171820   0.889390  -3.752650   6.896210   0.055550
 -2.338510   6.220090   1.482780  -3.628240   6.171820   0.889390
 -1.146850   3.201000   2.162780  -0.813050   3.309080   0.833720
 -1.146850   3.201000   2.162780  -2.457340   2.989130   2.470370
 -1.146850   3.201000   2.162780  -0.311870   3.743240   3.120610
 -0.702240   1.437230   2.393940  -1.146850   3.201000   2.162780
 -0.276020  -0.006260   2.505440  -0.702240   1.437230   2.393940
 -0.276020  -0.006260   2.505440  -1.232730  -0.697740   3.524120
 -0.276020  -0.006260   2.505440   1.211200  -0.153830   2.948860
 -0.416840  -0.804610   1.140350  -0.276020  -0.006260   2.505440
  0.274750  -0.169640   0.077360  -0.416840  -0.804610   1.140350
  0.274750  -0.169640   0.077360  -0.034170  -0.682230  -0.866470
  0.274750  -0.169640   0.077360  -0.014680   0.915960   0.048070
  0.274750  -0.169640   0.077360   1.372950  -0.292030   0.253920
