33 atoms follow (x y z r g b radiusScale)
 -0.364710  -0.057410  -0.045150   0.000000   1.000000   0.000000   1.850000
  0.592910  -0.243840  -0.597830   1.000000   1.000000   1.000000   1.200000
 -0.550240   1.043880   0.089970   1.000000   1.000000   1.000000   1.200000
 -1.208550  -0.523780  -0.617310   1.000000   1.000000   1.000000   1.200000
 -0.293320  -0.717310   1.202560   1.000000   0.000000   0.000000   1.400000
 -0.170850   0.167150   2.519070   0.500000   0.500000   0.500000   1.900000
  1.291950  -0.017610   3.065130   1.000000   0.000000   0.000000   1.400000
 -1.003630  -0.616950   3.588840   1.000000   0.000000   0.000000   1.400000
 -0.677950   1.537520   2.289950   1.000000   0.000000   0.000000   1.400000
 -1.175810   3.434900   1.870970   1.000000   1.000000   0.000000   1.850000
  0.050160   3.807540   2.490810   1.000000   0.000000   0.000000   1.400000
 -2.356800   3.201960   2.560560   1.000000   0.000000   0.000000   1.400000
 -0.949250   3.108900   0.504040   1.000000   0.000000   0.000000   1.400000
 -1.512950   5.121230   1.405810   1.000000   0.000000   0.000000   1.400000
 -2.564680   5.895820   1.856230   0.000000   1.000000   0.000000   1.850000
 -3.071590   5.421720   2.736090   1.000000   1.000000   1.000000   1.200000
 -3.310400   6.030500   1.028360   1.000000   1.000000   1.000000   1.200000
 -2.167360   6.903530   2.153440   1.000000   1.000000   1.000000   1.200000
  0.857440   5.131250   0.314550   0.000000   0.000000   1.000000   1.540000
  1.398890   4.408940   0.793120   1.000000   1.000000   1.000000   1.200000
  1.418830   5.705960  -0.295070   1.000000   1.000000   1.000000   1.200000
  0.390600   5.689640   1.055320   1.000000   1.000000   1.000000   1.200000
  0.085380   4.645720  -0.208540   1.000000   1.000000   1.000000   1.200000
  1.018000   2.521240   5.018280   0.000000   0.000000   1.000000   1.540000
  1.474320   0.211680   3.978860   1.000000   1.000000   1.000000   1.200000
  1.070610   2.946910   4.110440   1.000000   1.000000   1.000000   1.200000
  1.668350   2.983230   5.619740   1.000000   1.000000   1.000000   1.200000
  0.098090   2.674450   5.378850   1.000000   1.000000   1.000000   1.200000
 -3.672300   0.743970   3.419350   0.000000   0.000000   1.000000   1.540000
 -1.966320  -0.580940   3.576330   1.000000   1.000000   1.000000   1.200000
 -3.584180   1.048510   2.468200   1.000000   1.000000   1.000000   1.200000
 -3.303520   1.482390   3.989430   1.000000   1.000000   1.000000   1.200000
 -4.644950   0.642400   3.624120   1.000000   1.000000   1.000000   1.200000
28 bonds follow (x1 y1 z1 x2 y2 z2)
 -3.672300   0.743970   3.419350  -4.644950   0.642400   3.624120
 -3.672300   0.743970   3.419350  -3.303520   1.482390   3.989430
 -3.672300   0.743970   3.419350  -3.584180   1.048510   2.468200
 -1.003630  -0.616950   3.588840  -1.966320  -0.580940   3.576330
  1.018000   2.521240   5.018280   0.098090   2.674450   5.378850
  1.018000   2.521240   5.018280   1.668350   2.983230   5.619740
  1.018000   2.521240   5.018280   1.070610   2.946910   4.110440
  1.291950  -0.017610   3.065130   1.474320   0.211680   3.978860
  0.857440   5.131250   0.314550   0.085380   4.645720  -0.208540
  0.857440   5.131250   0.314550   0.390600   5.689640   1.055320
  0.857440   5.131250   0.314550   1.418830   5.705960  -0.295070
  0.857440   5.131250   0.314550   1.398890   4.408940   0.793120
 -2.564680   5.895820   1.856230  -2.167360   6.903530   2.153440
 -2.564680   5.895820   1.856230  -3.310400   6.030500   1.028360
 -2.564680   5.895820   1.856230  -3.071590   5.421720   2.736090
 -1.512950   5.121230   1.405810  -2.564680   5.895820   1.856230
 -1.175810   3.434900   1.870970  -1.512950   5.121230   1.405810
 -1.175810   3.434900   1.870970  -0.949250   3.108900   0.504040
 -1.175810   3.434900   1.870970  -2.356800   3.201960   2.560560
 -1.175810   3.434900   1.870970   0.050160   3.807540   2.490810
 -0.170850   0.167150   2.519070  -0.677950   1.537520   2.289950
 -0.170850   0.167150   2.519070  -1.003630  -0.616950   3.588840
 -0.170850   0.167150   2.519070   1.291950  -0.017610   3.065130
 -0.293320  -0.717310   1.202560  -0.170850   0.167150   2.519070
 -0.364710  -0.057410  -0.045150  -0.293320  -0.717310   1.202560
 -0.364710  -0.057410  -0.045150  -1.208550  -0.523780  -0.617310
 -0.364710  -0.057410  -0.045150  -0.550240   1.043880   0.089970
 -0.364710  -0.057410  -0.045150   0.592910  -0.243840  -0.597830
