33 atoms follow (x y z r g b radiusScale)
 -0.495370  -0.092470  -0.038130   0.000000   1.000000   0.000000   1.850000
  0.422540  -0.128180  -0.681410   1.000000   1.000000   1.000000   1.200000
 -0.830710   0.969360   0.118170   1.000000   1.000000   1.000000   1.200000
 -1.300400  -0.702310  -0.525760   1.000000   1.000000   1.000000   1.200000
 -0.192600  -0.712370   1.192220   1.000000   0.000000   0.000000   1.400000
 -0.184870   0.152980   2.525080   0.500000   0.500000   0.500000   1.900000
  1.284030  -0.055010   3.068690   1.000000   0.000000   0.000000   1.400000
 -1.088290  -0.604660   3.556660   1.000000   0.000000   0.000000   1.400000
 -0.586950   1.570430   2.366180   1.000000   0.000000   0.000000   1.400000
 -1.191710   3.474440   1.863420   1.000000   1.000000   0.000000   1.850000
 -0.046810   3.940090   2.559380   1.000000   0.000000   0.000000   1.400000
 -2.392760   3.125520   2.452350   1.000000   0.000000   0.000000   1.400000
 -0.852920   3.093440   0.540280   1.000000   0.000000   0.000000   1.400000
 -1.613710   5.117980   1.312170   1.000000   0.000000   0.000000   1.400000
 -2.550690   5.939530   1.917530   0.000000   1.000000   0.000000   1.850000
 -3.270280   5.341110   2.534290   1.000000   1.000000   1.000000   1.200000
 -3.114610   6.489850   1.119700   1.000000   1.000000   1.000000   1.200000
 -2.028550   6.685730   2.574910   1.000000   1.000000   1.000000   1.200000
  0.889580   5.088320   0.306460   0.000000   0.000000   1.000000   1.540000
  1.191100   4.604120   1.165980   1.000000   1.000000   1.000000   1.200000
  1.662940   5.523530  -0.175360   1.000000   1.000000   1.000000   1.200000
  0.174400   5.772910   0.598640   1.000000   1.000000   1.000000   1.200000
  0.399560   4.379080  -0.289840   1.000000   1.000000   1.000000   1.200000
  1.046780   2.443610   5.007510   0.000000   0.000000   1.000000   1.540000
  1.526620   0.442630   3.852690   1.000000   1.000000   1.000000   1.200000
  0.924920   2.923090   4.133310   1.000000   1.000000   1.000000   1.200000
  1.860440   2.805000   5.459840   1.000000   1.000000   1.000000   1.200000
  0.254650   2.637890   5.584140   1.000000   1.000000   1.000000   1.200000
 -3.537590   0.742070   3.425310   0.000000   0.000000   1.000000   1.540000
 -2.014600  -0.317590   3.676090   1.000000   1.000000   1.000000   1.200000
 -3.755250   0.832570   2.453290   1.000000   1.000000   1.000000   1.200000
 -3.113010   1.604660   3.719400   1.000000   1.000000   1.000000   1.200000
 -4.387250   0.615700   3.933010   1.000000   1.000000   1.000000   1.200000
28 bonds follow (x1 y1 z1 x2 y2 z2)
 -3.537590   0.742070   3.425310  -4.387250   0.615700   3.933010
 -3.537590   0.742070   3.425310  -3.113010   1.604660   3.719400
 -3.537590   0.742070   3.425310  -3.755250   0.832570   2.453290
 -1.088290  -0.604660   3.556660  -2.014600  -0.317590   3.676090
  1.046780   2.443610   5.007510   0.254650   2.637890   5.584140
  1.046780   2.443610   5.007510   1.860440   2.805000   5.459840
  1.046780   2.443610   5.007510   0.924920   2.923090   4.133310
  1.284030  -0.055010   3.068690   1.526620   0.442630   3.852690
  0.889580   5.088320   0.306460   0.399560   4.379080  -0.289840
  0.889580   5.088320   0.306460   0.174400   5.772910   0.598640
  0.889580   5.088320   0.306460   1.662940   5.523530  -0.175360
  0.889580   5.088320   0.306460   1.191100   4.604120   1.165980
 -2.550690   5.939530   1.917530  -2.028550   6.685730   2.574910
 -2.550690   5.939530   1.917530  -3.114610   6.489850   1.119700
 -2.550690   5.939530   1.917530  -3.270280   5.341110   2.534290
 -1.613710   5.117980   1.312170  -2.550690   5.939530   1.917530
 -1.191710   3.474440   1.863420  -1.613710   5.117980   1.312170
 -1.191710   3.474440   1.863420  -0.852920   3.093440   0.540280
 -1.191710   3.474440   1.863420  -2.392760   3.125520   2.452350
 -1.191710   3.474440   1.863420  -0.046810   3.940090   2.559380
 -0.184870   0.152980   2.525080  -0.586950   1.570430   2.366180
 -0.184870   0.152980   2.525080  -1.088290  -0.604660   3.556660
 -0.184870   0.152980   2.525080   1.284030  -0.055010   3.068690
 -0.192600  -0.712370   1.192220  -0.184870   0.152980   2.525080
 -0.495370  -0.092470  -0.038130  -0.192600  -0.712370   1.192220
 -0.495370  -0.092470  -0.038130  -1.300400  -0.702310  -0.525760
 -0.495370  -0.092470  -0.038130  -0.830710   0.969360   0.118170
 -0.495370  -0.092470  -0.038130   0.422540  -0.128180  -0.681410
