33 atoms follow (x y z r g b radiusScale)
  0.391480  -0.102930   0.117580   0.000000   1.000000   0.000000   1.850000
  1.454010  -0.208510   0.455470   1.000000   1.000000   1.000000   1.200000
  0.104930   0.977050   0.005480   1.000000   1.000000   1.000000   1.200000
  0.220470  -0.665330  -0.833110   1.000000   1.000000   1.000000   1.200000
 -0.448560  -0.693470   1.096070   1.000000   0.000000   0.000000   1.400000
 -0.309940   0.001670   2.511130   0.500000   0.500000   0.500000   1.900000
  1.171840  -0.130230   2.987850   1.000000   0.000000   0.000000   1.400000
 -1.184610  -0.790240   3.515260   1.000000   0.000000   0.000000   1.400000
 -0.756980   1.445740   2.466760   1.000000   0.000000   0.000000   1.400000
 -1.157470   3.191250   2.211980   1.000000   1.000000   0.000000   1.850000
 -0.472040   3.702770   3.285070   1.000000   0.000000   0.000000   1.400000
 -2.526700   3.089360   2.280850   1.000000   0.000000   0.000000   1.400000
 -0.563660   3.304590   0.978080   1.000000   0.000000   0.000000   1.400000
 -2.513250   6.522060   1.404240   1.000000   0.000000   0.000000   1.400000
 -3.821220   6.244120   0.988240   0.000000   1.000000   0.000000   1.850000
 -4.331250   7.158920   0.599050   1.000000   1.000000   1.000000   1.200000
 -4.420230   5.821810   1.842050   1.000000   1.000000   1.000000   1.200000
 -3.777720   5.465440   0.190350   1.000000   1.000000   1.000000   1.200000
  2.429350   4.893850  -0.251370   0.000000   0.000000   1.000000   1.540000
  2.014940   5.438640   0.482400   1.000000   1.000000   1.000000   1.200000
 -2.484580   7.186500   2.110100   1.000000   1.000000   1.000000   1.200000
  2.051790   5.222450  -1.121760   1.000000   1.000000   1.000000   1.200000
  2.121910   3.948830  -0.127730   1.000000   1.000000   1.000000   1.200000
  1.879580   2.249780   4.289140   0.000000   0.000000   1.000000   1.540000
  1.562140   0.543750   3.589170   1.000000   1.000000   1.000000   1.200000
  1.559440   2.971740   3.669220   1.000000   1.000000   1.000000   1.200000
  2.840060   2.408160   4.510850   1.000000   1.000000   1.000000   1.200000
  1.341380   2.304990   5.129810   1.000000   1.000000   1.000000   1.200000
 -3.492500   0.713790   3.759540   0.000000   0.000000   1.000000   1.540000
 -2.103330  -0.471850   3.687340   1.000000   1.000000   1.000000   1.200000
 -3.559560   1.271120   2.926060   1.000000   1.000000   1.000000   1.200000
 -3.298400   1.322880   4.527570   1.000000   1.000000   1.000000   1.200000
 -4.361500   0.250400   3.921650   1.000000   1.000000   1.000000   1.200000
28 bonds follow (x1 y1 z1 x2 y2 z2)
 -3.492500   0.713790   3.759540  -4.361500   0.250400   3.921650
 -3.492500   0.713790   3.759540  -3.298400   1.322880   4.527570
 -3.492500   0.713790   3.759540  -3.559560   1.271120   2.926060
 -1.184610  -0.790240   3.515260  -2.103330  -0.471850   3.687340
  1.879580   2.249780   4.289140   1.341380   2.304990   5.129810
  1.879580   2.249780   4.289140   2.840060   2.408160   4.510850
  1.879580   2.249780   4.289140   1.559440   2.971740   3.669220
  1.171840  -0.130230   2.987850   1.562140   0.543750   3.589170
  2.429350   4.893850  -0.251370   2.121910   3.948830  -0.127730
  2.429350   4.893850  -0.251370   2.051790   5.222450  -1.121760
 -2.513250   6.522060   1.404240  -2.484580   7.186500   2.110100
  2.429350   4.893850  -0.251370   2.014940   5.438640   0.482400
 -3.821220   6.244120   0.988240  -3.777720   5.465440   0.190350
 -3.821220   6.244120   0.988240  -4.420230   5.821810   1.842050
 -3.821220   6.244120   0.988240  -4.331250   7.158920   0.599050
 -2.513250   6.522060   1.404240  -3.821220   6.244120   0.988240
 -1.157470   3.191250   2.211980  -0.563660   3.304590   0.978080
 -1.157470   3.191250   2.211980  -2.526700   3.089360   2.280850
 -1.157470   3.191250   2.211980  -0.472040   3.702770   3.285070
 -0.756980   1.445740   2.466760  -1.157470   3.191250   2.211980
 -0.309940   0.001670   2.511130  -0.756980   1.445740   2.466760
 -0.309940   0.001670   2.511130  -1.184610  -0.790240   3.515260
 -0.309940   0.001670   2.511130   1.171840  -0.130230   2.987850
 -0.448560  -0.693470   1.096070  -0.309940   0.001670   2.511130
  0.391480  -0.102930   0.117580  -0.448560  -0.693470   1.096070
  0.391480  -0.102930   0.117580   0.220470  -0.665330  -0.833110
  0.391480  -0.102930   0.117580   0.104930   0.977050   0.005480
  0.391480  -0.102930   0.117580   1.454010  -0.208510   0.455470
