33 atoms follow (x y z r g b radiusScale)
 -0.221240  -0.245710  -0.068660   0.000000   1.000000   0.000000   1.850000
  0.805520  -0.414000  -0.486990   1.000000   1.000000   1.000000   1.200000
 -0.477980   0.849270  -0.035680   1.000000   1.000000   1.000000   1.200000
 -0.962400  -0.809100  -0.693640   1.000000   1.000000   1.000000   1.200000
 -0.277990  -0.804960   1.224470   1.000000   0.000000   0.000000   1.400000
 -0.232950   0.143900   2.493980   0.500000   0.500000   0.500000   1.900000
  1.268780   0.086490   2.982900   1.000000   0.000000   0.000000   1.400000
 -1.124480  -0.587620   3.561310   1.000000   0.000000   0.000000   1.400000
 -0.703560   1.523850   2.249020   1.000000   0.000000   0.000000   1.400000
 -1.130140   3.450110   1.932010   1.000000   1.000000   0.000000   1.850000
  0.118710   3.796030   2.524550   1.000000   0.000000   0.000000   1.400000
 -2.284750   3.203230   2.659360   1.000000   0.000000   0.000000   1.400000
 -0.930930   3.159980   0.557390   1.000000   0.000000   0.000000   1.400000
 -1.452940   5.166000   1.597960   1.000000   0.000000   0.000000   1.400000
 -2.694340   5.731880   1.834460   0.000000   1.000000   0.000000   1.850000
 -3.032700   5.521390   2.882490   1.000000   1.000000   1.000000   1.200000
 -3.451200   5.317130   1.116830   1.000000   1.000000   1.000000   1.200000
 -2.608980   6.840070   1.684530   1.000000   1.000000   1.000000   1.200000
  0.821310   5.176310   0.233510   0.000000   0.000000   1.000000   1.540000
  0.906550   5.148210   1.267170   1.000000   1.000000   1.000000   1.200000
  1.523070   5.761020  -0.190060   1.000000   1.000000   1.000000   1.200000
 -0.133720   5.500860   0.046410   1.000000   1.000000   1.000000   1.200000
  0.858130   4.191900  -0.094430   1.000000   1.000000   1.000000   1.200000
  0.957550   2.515220   4.875640   0.000000   0.000000   1.000000   1.540000
  1.497210   0.621280   3.749280   1.000000   1.000000   1.000000   1.200000
  1.504120   3.066100   4.241540   1.000000   1.000000   1.000000   1.200000
  1.248200   2.709040   5.810770   1.000000   1.000000   1.000000   1.200000
  0.004630   2.804690   4.767120   1.000000   1.000000   1.000000   1.200000
 -3.617770   0.892140   3.389540   0.000000   0.000000   1.000000   1.540000
 -2.032140  -0.270090   3.704370   1.000000   1.000000   1.000000   1.200000
 -3.550510   1.247150   2.454070   1.000000   1.000000   1.000000   1.200000
 -3.268810   1.613550   3.994300   1.000000   1.000000   1.000000   1.200000
 -4.581220   0.739100   3.602550   1.000000   1.000000   1.000000   1.200000
28 bonds follow (x1 y1 z1 x2 y2 z2)
 -3.617770   0.892140   3.389540  -4.581220   0.739100   3.602550
 -3.617770   0.892140   3.389540  -3.268810   1.613550   3.994300
 -3.617770   0.892140   3.389540  -3.550510   1.247150   2.454070
 -1.124480  -0.587620   3.561310  -2.032140  -0.270090   3.704370
  0.957550   2.515220   4.875640   0.004630   2.804690   4.767120
  0.957550   2.515220   4.875640   1.248200   2.709040   5.810770
  0.957550   2.515220   4.875640   1.504120   3.066100   4.241540
  1.268780   0.086490   2.982900   1.497210   0.621280   3.749280
  0.821310   5.176310   0.233510   0.858130   4.191900  -0.094430
  0.821310   5.176310   0.233510  -0.133720   5.500860   0.046410
  0.821310   5.176310   0.233510   1.523070   5.761020  -0.190060
  0.821310   5.176310   0.233510   0.906550   5.148210   1.267170
 -2.694340   5.731880   1.834460  -2.608980   6.840070   1.684530
 -2.694340   5.731880   1.834460  -3.451200   5.317130   1.116830
 -2.694340   5.731880   1.834460  -3.032700   5.521390   2.882490
 -1.452940   5.166000   1.597960  -2.694340   5.731880   1.834460
 -1.130140   3.450110   1.932010  -1.452940   5.166000   1.597960
 -1.130140   3.450110   1.932010  -0.930930   3.159980   0.557390
 -1.130140   3.450110   1.932010  -2.284750   3.203230   2.659360
 -1.130140   3.450110   1.932010   0.118710   3.796030   2.524550
 -0.232950   0.143900   2.493980  -0.703560   1.523850   2.249020
 -0.232950   0.143900   2.493980  -1.124480  -0.587620   3.561310
 -0.232950   0.143900   2.493980   1.268780   0.086490   2.982900
 -0.277990  -0.804960   1.224470  -0.232950   0.143900   2.493980
 -0.221240  -0.245710  -0.068660  -0.277990  -0.804960   1.224470
 -0.221240  -0.245710  -0.068660  -0.962400  -0.809100  -0.693640
 -0.221240  -0.245710  -0.068660  -0.477980   0.849270  -0.035680
 -0.221240  -0.245710  -0.068660   0.805520  -0.414000  -0.486990
