33 atoms follow (x y z r g b radiusScale)
 -0.569440  -0.159980   0.015410   0.000000   1.000000   0.000000   1.850000
  0.186630  -0.462370  -0.755350   1.000000   1.000000   1.000000   1.200000
 -0.629130   0.959640   0.091220   1.000000   1.000000   1.000000   1.200000
 -1.566390  -0.590400  -0.265160   1.000000   1.000000   1.000000   1.200000
 -0.163720  -0.743410   1.237260   1.000000   0.000000   0.000000   1.400000
 -0.172860   0.179240   2.526290   0.500000   0.500000   0.500000   1.900000
  1.273090   0.100440   3.143070   1.000000   0.000000   0.000000   1.400000
 -1.105210  -0.601050   3.514010   1.000000   0.000000   0.000000   1.400000
 -0.692690   1.535650   2.217710   1.000000   0.000000   0.000000   1.400000
 -1.171470   3.383340   1.802310   1.000000   1.000000   0.000000   1.850000
 -0.077960   3.840620   2.597950   1.000000   0.000000   0.000000   1.400000
 -2.418960   3.069870   2.321990   1.000000   0.000000   0.000000   1.400000
 -0.727430   3.117070   0.483280   1.000000   0.000000   0.000000   1.400000
 -1.587480   5.063940   1.314000   1.000000   0.000000   0.000000   1.400000
 -2.535270   5.833190   1.961320   0.000000   1.000000   0.000000   1.850000
 -3.551070   5.369680   1.861220   1.000000   1.000000   1.000000   1.200000
 -2.545220   6.853810   1.496630   1.000000   1.000000   1.000000   1.200000
 -2.285620   5.929260   3.051890   1.000000   1.000000   1.000000   1.200000
  0.848330   5.308470   0.448570   0.000000   0.000000   1.000000   1.540000
  0.852660   5.347950   1.477020   1.000000   1.000000   1.000000   1.200000
  1.574940   5.865810   0.029110   1.000000   1.000000   1.000000   1.200000
 -0.096690   5.615270   0.155850   1.000000   1.000000   1.000000   1.200000
  0.914500   4.301260   0.193270   1.000000   1.000000   1.000000   1.200000
  1.197950   2.401230   4.946040   0.000000   0.000000   1.000000   1.540000
  1.481190   0.717430   3.862020   1.000000   1.000000   1.000000   1.200000
  0.955060   3.043340   4.212220   1.000000   1.000000   1.000000   1.200000
  2.080000   2.661590   5.333310   1.000000   1.000000   1.000000   1.200000
  0.506050   2.452220   5.663510   1.000000   1.000000   1.000000   1.200000
 -3.631970   0.912700   3.550830   0.000000   0.000000   1.000000   1.540000
 -2.006700  -0.257780   3.653540   1.000000   1.000000   1.000000   1.200000
 -3.877200   1.036120   2.588940   1.000000   1.000000   1.000000   1.200000
 -3.320390   1.802540   3.891940   1.000000   1.000000   1.000000   1.200000
 -4.441560   0.628810   4.060890   1.000000   1.000000   1.000000   1.200000
28 bonds follow (x1 y1 z1 x2 y2 z2)
 -3.631970   0.912700   3.550830  -4.441560   0.628810   4.060890
 -3.631970   0.912700   3.550830  -3.320390   1.802540   3.891940
 -3.631970   0.912700   3.550830  -3.877200   1.036120   2.588940
 -1.105210  -0.601050   3.514010  -2.006700  -0.257780   3.653540
  1.197950   2.401230   4.946040   0.506050   2.452220   5.663510
  1.197950   2.401230   4.946040   2.080000   2.661590   5.333310
  1.197950   2.401230   4.946040   0.955060   3.043340   4.212220
  1.273090   0.100440   3.143070   1.481190   0.717430   3.862020
  0.848330   5.308470   0.448570   0.914500   4.301260   0.193270
  0.848330   5.308470   0.448570  -0.096690   5.615270   0.155850
  0.848330   5.308470   0.448570   1.574940   5.865810   0.029110
  0.848330   5.308470   0.448570   0.852660   5.347950   1.477020
 -2.535270   5.833190   1.961320  -2.285620   5.929260   3.051890
 -2.535270   5.833190   1.961320  -2.545220   6.853810   1.496630
 -2.535270   5.833190   1.961320  -3.551070   5.369680   1.861220
 -1.587480   5.063940   1.314000  -2.535270   5.833190   1.961320
 -1.171470   3.383340   1.802310  -1.587480   5.063940   1.314000
 -1.171470   3.383340   1.802310  -0.727430   3.117070   0.483280
 -1.171470   3.383340   1.802310  -2.418960   3.069870   2.321990
 -1.171470   3.383340   1.802310  -0.077960   3.840620   2.597950
 -0.172860   0.179240   2.526290  -0.692690   1.535650   2.217710
 -0.172860   0.179240   2.526290  -1.105210  -0.601050   3.514010
 -0.172860   0.179240   2.526290   1.273090   0.100440   3.143070
 -0.163720  -0.743410   1.237260  -0.172860   0.179240   2.526290
 -0.569440  -0.159980   0.015410  -0.163720  -0.743410   1.237260
 -0.569440  -0.159980   0.015410  -1.566390  -0.590400  -0.265160
 -0.569440  -0.159980   0.015410  -0.629130   0.959640   0.091220
 -0.569440  -0.159980   0.015410   0.186630  -0.462370  -0.755350
