33 atoms follow (x y z r g b radiusScale)
 -0.091600  -0.091120  -0.026990   0.000000   1.000000   0.000000   1.850000
  0.944920  -0.378510  -0.344210   1.000000   1.000000   1.000000   1.200000
 -0.201850   1.023840   0.068270   1.000000   1.000000   1.000000   1.200000
 -0.823890  -0.492140  -0.775360   1.000000   1.000000   1.000000   1.200000
 -0.381160  -0.721540   1.201830   1.000000   0.000000   0.000000   1.400000
 -0.313870   0.143480   2.533220   0.500000   0.500000   0.500000   1.900000
  1.173110  -0.024500   3.012010   1.000000   0.000000   0.000000   1.400000
 -1.142880  -0.668380   3.589300   1.000000   0.000000   0.000000   1.400000
 -0.685740   1.569880   2.368120   1.000000   0.000000   0.000000   1.400000
 -1.188420   3.443650   1.863950   1.000000   1.000000   0.000000   1.850000
 -0.131370   3.908340   2.687940   1.000000   0.000000   0.000000   1.400000
 -2.456470   3.077910   2.270970   1.000000   0.000000   0.000000   1.400000
 -0.712630   3.144180   0.557010   1.000000   0.000000   0.000000   1.400000
 -1.599350   5.140730   1.434490   1.000000   0.000000   0.000000   1.400000
 -2.826570   5.767580   1.549610   0.000000   1.000000   0.000000   1.850000
 -3.491300   5.487860   0.689940   1.000000   1.000000   1.000000   1.200000
 -2.658490   6.877940   1.532470   1.000000   1.000000   1.000000   1.200000
 -3.335680   5.486190   2.507330   1.000000   1.000000   1.000000   1.200000
  0.932540   5.269840   0.515550   0.000000   0.000000   1.000000   1.540000
  0.929750   5.329540   1.557930   1.000000   1.000000   1.000000   1.200000
  1.706380   5.763890   0.098540   1.000000   1.000000   1.000000   1.200000
  0.006350   5.632210   0.200570   1.000000   1.000000   1.000000   1.200000
  0.938840   4.263950   0.277550   1.000000   1.000000   1.000000   1.200000
  1.505700   2.318500   4.745460   0.000000   0.000000   1.000000   1.540000
  1.517820   0.612440   3.654450   1.000000   1.000000   1.000000   1.200000
  1.000110   2.908300   4.107780   1.000000   1.000000   1.000000   1.200000
  2.440230   2.657280   4.833170   1.000000   1.000000   1.000000   1.200000
  1.067850   2.359220   5.641420   1.000000   1.000000   1.000000   1.200000
 -3.520940   0.951560   3.706820   0.000000   0.000000   1.000000   1.540000
 -2.035640  -0.357030   3.817730   1.000000   1.000000   1.000000   1.200000
 -3.773020   1.112320   2.750300   1.000000   1.000000   1.000000   1.200000
 -3.073340   1.789560   4.030040   1.000000   1.000000   1.000000   1.200000
 -4.353170   0.805820   4.238360   1.000000   1.000000   1.000000   1.200000
28 bonds follow (x1 y1 z1 x2 y2 z2)
 -3.520940   0.951560   3.706820  -4.353170   0.805820   4.238360
 -3.520940   0.951560   3.706820  -3.073340   1.789560   4.030040
 -3.520940   0.951560   3.706820  -3.773020   1.112320   2.750300
 -1.142880  -0.668380   3.589300  -2.035640  -0.357030   3.817730
  1.505700   2.318500   4.745460   1.067850   2.359220   5.641420
  1.505700   2.318500   4.745460   2.440230   2.657280   4.833170
  1.505700   2.318500   4.745460   1.000110   2.908300   4.107780
  1.173110  -0.024500   3.012010   1.517820   0.612440   3.654450
  0.932540   5.269840   0.515550   0.938840   4.263950   0.277550
  0.932540   5.269840   0.515550   0.006350   5.632210   0.200570
  0.932540   5.269840   0.515550   1.706380   5.763890   0.098540
  0.932540   5.269840   0.515550   0.929750   5.329540   1.557930
 -2.826570   5.767580   1.549610  -3.335680   5.486190   2.507330
 -2.826570   5.767580   1.549610  -2.658490   6.877940   1.532470
 -2.826570   5.767580   1.549610  -3.491300   5.487860   0.689940
 -1.599350   5.140730   1.434490  -2.826570   5.767580   1.549610
 -1.188420   3.443650   1.863950  -1.599350   5.140730   1.434490
 -1.188420   3.443650   1.863950  -0.712630   3.144180   0.557010
 -1.188420   3.443650   1.863950  -2.456470   3.077910   2.270970
 -1.188420   3.443650   1.863950  -0.131370   3.908340   2.687940
 -0.313870   0.143480   2.533220  -0.685740   1.569880   2.368120
 -0.313870   0.143480   2.533220  -1.142880  -0.668380   3.589300
 -0.313870   0.143480   2.533220   1.173110  -0.024500   3.012010
 -0.381160  -0.721540   1.201830  -0.313870   0.143480   2.533220
 -0.091600  -0.091120  -0.026990  -0.381160  -0.721540   1.201830
 -0.091600  -0.091120  -0.026990  -0.823890  -0.492140  -0.775360
 -0.091600  -0.091120  -0.026990  -0.201850   1.023840   0.068270
 -0.091600  -0.091120  -0.026990   0.944920  -0.378510  -0.344210
