33 atoms follow (x y z r g b radiusScale)
 -0.453540  -0.072960  -0.054620   0.000000   1.000000   0.000000   1.850000
  0.495150  -0.106610  -0.653360   1.000000   1.000000   1.000000   1.200000
 -0.800200   0.985040   0.086520   1.000000   1.000000   1.000000   1.200000
 -1.232120  -0.687760  -0.578770   1.000000   1.000000   1.000000   1.200000
 -0.210850  -0.695240   1.187450   1.000000   0.000000   0.000000   1.400000
 -0.211020   0.149080   2.527070   0.500000   0.500000   0.500000   1.900000
  1.263720  -0.054350   3.062930   1.000000   0.000000   0.000000   1.400000
 -1.031660  -0.655270   3.604060   1.000000   0.000000   0.000000   1.400000
 -0.588690   1.571590   2.366600   1.000000   0.000000   0.000000   1.400000
 -1.190030   3.452980   1.859720   1.000000   1.000000   0.000000   1.850000
 -0.039220   3.937910   2.525040   1.000000   0.000000   0.000000   1.400000
 -2.376080   3.123230   2.494030   1.000000   0.000000   0.000000   1.400000
 -0.917670   3.100960   0.509270   1.000000   0.000000   0.000000   1.400000
 -1.580200   5.118630   1.366260   1.000000   0.000000   0.000000   1.400000
 -2.554160   5.945940   1.892040   0.000000   1.000000   0.000000   1.850000
 -3.203130   5.398020   2.623860   1.000000   1.000000   1.000000   1.200000
 -3.189920   6.337500   1.053650   1.000000   1.000000   1.000000   1.200000
 -2.063810   6.815230   2.407880   1.000000   1.000000   1.000000   1.200000
  0.911830   5.104150   0.292540   0.000000   0.000000   1.000000   1.540000
  1.345170   4.403720   0.924950   1.000000   1.000000   1.000000   1.200000
  1.598120   5.627050  -0.227530   1.000000   1.000000   1.000000   1.200000
  0.311140   5.707430   0.899290   1.000000   1.000000   1.000000   1.200000
  0.251950   4.591720  -0.310050   1.000000   1.000000   1.000000   1.200000
  1.041950   2.482880   5.020300   0.000000   0.000000   1.000000   1.540000
  1.411820   0.179200   3.981170   1.000000   1.000000   1.000000   1.200000
  0.934500   2.954290   4.140050   1.000000   1.000000   1.000000   1.200000
  1.799100   2.902830   5.518130   1.000000   1.000000   1.000000   1.200000
  0.206630   2.617550   5.551880   1.000000   1.000000   1.000000   1.200000
 -3.539710   0.764540   3.386920   0.000000   0.000000   1.000000   1.540000
 -1.966840  -0.427460   3.731890   1.000000   1.000000   1.000000   1.200000
 -3.817250   0.962430   2.446810   1.000000   1.000000   1.000000   1.200000
 -3.207790   1.623950   3.786780   1.000000   1.000000   1.000000   1.200000
 -4.336760   0.451980   3.900120   1.000000   1.000000   1.000000   1.200000
28 bonds follow (x1 y1 z1 x2 y2 z2)
 -3.539710   0.764540   3.386920  -4.336760   0.451980   3.900120
 -3.539710   0.764540   3.386920  -3.207790   1.623950   3.786780
 -3.539710   0.764540   3.386920  -3.817250   0.962430   2.446810
 -1.031660  -0.655270   3.604060  -1.966840  -0.427460   3.731890
  1.041950   2.482880   5.020300   0.206630   2.617550   5.551880
  1.041950   2.482880   5.020300   1.799100   2.902830   5.518130
  1.041950   2.482880   5.020300   0.934500   2.954290   4.140050
  1.263720  -0.054350   3.062930   1.411820   0.179200   3.981170
  0.911830   5.104150   0.292540   0.251950   4.591720  -0.310050
  0.911830   5.104150   0.292540   0.311140   5.707430   0.899290
  0.911830   5.104150   0.292540   1.598120   5.627050  -0.227530
  0.911830   5.104150   0.292540   1.345170   4.403720   0.924950
 -2.554160   5.945940   1.892040  -2.063810   6.815230   2.407880
 -2.554160   5.945940   1.892040  -3.189920   6.337500   1.053650
 -2.554160   5.945940   1.892040  -3.203130   5.398020   2.623860
 -1.580200   5.118630   1.366260  -2.554160   5.945940   1.892040
 -1.190030   3.452980   1.859720  -1.580200   5.118630   1.366260
 -1.190030   3.452980   1.859720  -0.917670   3.100960   0.509270
 -1.190030   3.452980   1.859720  -2.376080   3.123230   2.494030
 -1.190030   3.452980   1.859720  -0.039220   3.937910   2.525040
 -0.211020   0.149080   2.527070  -0.588690   1.571590   2.366600
 -0.211020   0.149080   2.527070  -1.031660  -0.655270   3.604060
 -0.211020   0.149080   2.527070   1.263720  -0.054350   3.062930
 -0.210850  -0.695240   1.187450  -0.211020   0.149080   2.527070
 -0.453540  -0.072960  -0.054620  -0.210850  -0.695240   1.187450
 -0.453540  -0.072960  -0.054620  -1.232120  -0.687760  -0.578770
 -0.453540  -0.072960  -0.054620  -0.800200   0.985040   0.086520
 -0.453540  -0.072960  -0.054620   0.495150  -0.106610  -0.653360
