33 atoms follow (x y z r g b radiusScale)
  0.053460  -0.097200   0.027140   0.000000   1.000000   0.000000   1.850000
  1.169360  -0.023680   0.052760   1.000000   1.000000   1.000000   1.200000
 -0.418410   0.920180  -0.008950   1.000000   1.000000   1.000000   1.200000
 -0.276490  -0.725980  -0.838230   1.000000   1.000000   1.000000   1.200000
 -0.380200  -0.776870   1.189410   1.000000   0.000000   0.000000   1.400000
 -0.322420   0.016130   2.551860   0.500000   0.500000   0.500000   1.900000
  1.156360  -0.146750   3.032460   1.000000   0.000000   0.000000   1.400000
 -1.246070  -0.735000   3.564030   1.000000   0.000000   0.000000   1.400000
 -0.670860   1.469250   2.345780   1.000000   0.000000   0.000000   1.400000
 -1.102520   3.263430   2.029220   1.000000   1.000000   0.000000   1.850000
 -0.120630   3.794680   2.828170   1.000000   0.000000   0.000000   1.400000
 -2.368700   3.123970   2.543700   1.000000   0.000000   0.000000   1.400000
 -0.953190   3.214600   0.664630   1.000000   0.000000   0.000000   1.400000
 -2.063580   5.824660   1.688590   1.000000   0.000000   0.000000   1.400000
 -3.181010   5.905970   0.816930   0.000000   1.000000   0.000000   1.850000
 -2.856380   5.810430  -0.249030   1.000000   1.000000   1.000000   1.200000
 -3.734570   6.863710   0.971470   1.000000   1.000000   1.000000   1.200000
 -3.829840   5.028780   1.083060   1.000000   1.000000   1.000000   1.200000
  1.657830   5.646670   0.075340   0.000000   0.000000   1.000000   1.540000
  1.526930   5.907940   1.029050   1.000000   1.000000   1.000000   1.200000
 -1.448910   6.419130   1.413420   1.000000   1.000000   1.000000   1.200000
  0.794800   5.745360  -0.415050   1.000000   1.000000   1.000000   1.200000
  1.928220   4.685690   0.052580   1.000000   1.000000   1.000000   1.200000
  1.680420   2.143730   4.630070   0.000000   0.000000   1.000000   1.540000
  1.516170   0.473580   3.697220   1.000000   1.000000   1.000000   1.200000
  1.383160   2.877080   4.012590   1.000000   1.000000   1.000000   1.200000
  2.646050   2.272530   4.849430   1.000000   1.000000   1.000000   1.200000
  1.149750   2.196860   5.474340   1.000000   1.000000   1.000000   1.200000
 -3.556370   0.890180   3.780570   0.000000   0.000000   1.000000   1.540000
 -2.149880  -0.390370   3.727730   1.000000   1.000000   1.000000   1.200000
 -3.761120   1.166430   2.839340   1.000000   1.000000   1.000000   1.200000
 -3.140690   1.681760   4.234570   1.000000   1.000000   1.000000   1.200000
 -4.410890   0.663160   4.244060   1.000000   1.000000   1.000000   1.200000
28 bonds follow (x1 y1 z1 x2 y2 z2)
 -3.556370   0.890180   3.780570  -4.410890   0.663160   4.244060
 -3.556370   0.890180   3.780570  -3.140690   1.681760   4.234570
 -3.556370   0.890180   3.780570  -3.761120   1.166430   2.839340
 -1.246070  -0.735000   3.564030  -2.149880  -0.390370   3.727730
  1.680420   2.143730   4.630070   1.149750   2.196860   5.474340
  1.680420   2.143730   4.630070   2.646050   2.272530   4.849430
  1.680420   2.143730   4.630070   1.383160   2.877080   4.012590
  1.156360  -0.146750   3.032460   1.516170   0.473580   3.697220
  1.657830   5.646670   0.075340   1.928220   4.685690   0.052580
  1.657830   5.646670   0.075340   0.794800   5.745360  -0.415050
 -2.063580   5.824660   1.688590  -1.448910   6.419130   1.413420
  1.657830   5.646670   0.075340   1.526930   5.907940   1.029050
 -3.181010   5.905970   0.816930  -3.829840   5.028780   1.083060
 -3.181010   5.905970   0.816930  -3.734570   6.863710   0.971470
 -3.181010   5.905970   0.816930  -2.856380   5.810430  -0.249030
 -2.063580   5.824660   1.688590  -3.181010   5.905970   0.816930
 -1.102520   3.263430   2.029220  -0.953190   3.214600   0.664630
 -1.102520   3.263430   2.029220  -2.368700   3.123970   2.543700
 -1.102520   3.263430   2.029220  -0.120630   3.794680   2.828170
 -0.670860   1.469250   2.345780  -1.102520   3.263430   2.029220
 -0.322420   0.016130   2.551860  -0.670860   1.469250   2.345780
 -0.322420   0.016130   2.551860  -1.246070  -0.735000   3.564030
 -0.322420   0.016130   2.551860   1.156360  -0.146750   3.032460
 -0.380200  -0.776870   1.189410  -0.322420   0.016130   2.551860
  0.053460  -0.097200   0.027140  -0.380200  -0.776870   1.189410
  0.053460  -0.097200   0.027140  -0.276490  -0.725980  -0.838230
  0.053460  -0.097200   0.027140  -0.418410   0.920180  -0.008950
  0.053460  -0.097200   0.027140   1.169360  -0.023680   0.052760
