33 atoms follow (x y z r g b radiusScale)
  0.001920  -0.000570  -0.002020   0.000000   1.000000   0.000000   1.850000
  1.120690  -0.003600   0.000660   1.000000   1.000000   1.000000   1.200000
 -0.402310   1.048790  -0.007030   1.000000   1.000000   1.000000   1.200000
 -0.386170  -0.581850  -0.875560   1.000000   1.000000   1.000000   1.200000
 -0.448390  -0.676240   1.157280   1.000000   0.000000   0.000000   1.400000
 -0.324630   0.123370   2.516400   0.500000   0.500000   0.500000   1.900000
  1.151750  -0.062770   2.995450   1.000000   0.000000   0.000000   1.400000
 -1.240930  -0.619230   3.538760   1.000000   0.000000   0.000000   1.400000
 -0.686310   1.570200   2.368260   1.000000   0.000000   0.000000   1.400000
 -1.109400   3.323120   1.987160   1.000000   1.000000   0.000000   1.850000
 -0.064010   3.836290   2.730420   1.000000   0.000000   0.000000   1.400000
 -2.390860   3.196990   2.514310   1.000000   0.000000   0.000000   1.400000
 -0.904520   3.150550   0.627450   1.000000   0.000000   0.000000   1.400000
 -1.528970   5.227520   1.556680   1.000000   0.000000   0.000000   1.400000
 -2.730410   5.644770   0.948940   0.000000   1.000000   0.000000   1.850000
 -2.758740   5.317480  -0.119170   1.000000   1.000000   1.000000   1.200000
 -2.809790   6.757310   1.026240   1.000000   1.000000   1.000000   1.200000
 -3.538410   5.141080   1.544880   1.000000   1.000000   1.000000   1.200000
  0.794200   5.448030   0.485530   0.000000   0.000000   1.000000   1.540000
  1.306600   5.198070   1.305340   1.000000   1.000000   1.000000   1.200000
 -0.763240   5.737330   1.078250   1.000000   1.000000   1.000000   1.200000
  0.749930   4.682660  -0.153530   1.000000   1.000000   1.000000   1.200000
  1.149760   6.272650   0.059150   1.000000   1.000000   1.000000   1.200000
  1.620570   2.230940   4.684580   0.000000   0.000000   1.000000   1.540000
  1.523510   0.576870   3.631370   1.000000   1.000000   1.000000   1.200000
  1.189300   2.909480   4.082240   1.000000   1.000000   1.000000   1.200000
  2.576230   2.482750   4.825340   1.000000   1.000000   1.000000   1.200000
  1.155790   2.239670   5.568100   1.000000   1.000000   1.000000   1.200000
 -3.596750   0.960780   3.766220   0.000000   0.000000   1.000000   1.540000
 -2.140010  -0.272850   3.722300   1.000000   1.000000   1.000000   1.200000
 -3.840020   1.198530   2.824240   1.000000   1.000000   1.000000   1.200000
 -3.175780   1.775220   4.173480   1.000000   1.000000   1.000000   1.200000
 -4.428130   0.735080   4.269970   1.000000   1.000000   1.000000   1.200000
28 bonds follow (x1 y1 z1 x2 y2 z2)
 -3.596750   0.960780   3.766220  -4.428130   0.735080   4.269970
 -3.596750   0.960780   3.766220  -3.175780   1.775220   4.173480
 -3.596750   0.960780   3.766220  -3.840020   1.198530   2.824240
 -1.240930  -0.619230   3.538760  -2.140010  -0.272850   3.722300
  1.620570   2.230940   4.684580   1.155790   2.239670   5.568100
  1.620570   2.230940   4.684580   2.576230   2.482750   4.825340
  1.620570   2.230940   4.684580   1.189300   2.909480   4.082240
  1.151750  -0.062770   2.995450   1.523510   0.576870   3.631370
  0.794200   5.448030   0.485530   1.149760   6.272650   0.059150
  0.794200   5.448030   0.485530   0.749930   4.682660  -0.153530
 -1.528970   5.227520   1.556680  -0.763240   5.737330   1.078250
  0.794200   5.448030   0.485530   1.306600   5.198070   1.305340
 -2.730410   5.644770   0.948940  -3.538410   5.141080   1.544880
 -2.730410   5.644770   0.948940  -2.809790   6.757310   1.026240
 -2.730410   5.644770   0.948940  -2.758740   5.317480  -0.119170
 -1.528970   5.227520   1.556680  -2.730410   5.644770   0.948940
 -1.109400   3.323120   1.987160  -0.904520   3.150550   0.627450
 -1.109400   3.323120   1.987160  -2.390860   3.196990   2.514310
 -1.109400   3.323120   1.987160  -0.064010   3.836290   2.730420
 -0.686310   1.570200   2.368260  -1.109400   3.323120   1.987160
 -0.324630   0.123370   2.516400  -0.686310   1.570200   2.368260
 -0.324630   0.123370   2.516400  -1.240930  -0.619230   3.538760
 -0.324630   0.123370   2.516400   1.151750  -0.062770   2.995450
 -0.448390  -0.676240   1.157280  -0.324630   0.123370   2.516400
  0.001920  -0.000570  -0.002020  -0.448390  -0.676240   1.157280
  0.001920  -0.000570  -0.002020  -0.386170  -0.581850  -0.875560
  0.001920  -0.000570  -0.002020  -0.402310   1.048790  -0.007030
  0.001920  -0.000570  -0.002020   1.120690  -0.003600   0.000660
