33 atoms follow (x y z r g b radiusScale)
 -0.044170   0.037050  -0.021180   0.000000   1.000000   0.000000   1.850000
  1.065160  -0.046900  -0.147720   1.000000   1.000000   1.000000   1.200000
 -0.366040   1.111960   0.047510   1.000000   1.000000   1.000000   1.200000
 -0.558980  -0.478450  -0.871410   1.000000   1.000000   1.000000   1.200000
 -0.422630  -0.657330   1.150210   1.000000   0.000000   0.000000   1.400000
 -0.323510   0.141260   2.520050   0.500000   0.500000   0.500000   1.900000
  1.180570  -0.050260   2.937500   1.000000   0.000000   0.000000   1.400000
 -1.204670  -0.652470   3.548800   1.000000   0.000000   0.000000   1.400000
 -0.629090   1.590000   2.408380   1.000000   0.000000   0.000000   1.400000
 -1.195380   3.430510   1.942860   1.000000   1.000000   0.000000   1.850000
 -0.101300   3.918970   2.708720   1.000000   0.000000   0.000000   1.400000
 -2.438140   3.116070   2.484560   1.000000   0.000000   0.000000   1.400000
 -0.749450   3.108340   0.630460   1.000000   0.000000   0.000000   1.400000
 -1.564160   5.076740   1.374070   1.000000   0.000000   0.000000   1.400000
 -2.813890   5.645190   1.266720   0.000000   1.000000   0.000000   1.850000
 -3.267190   5.401350   0.268440   1.000000   1.000000   1.000000   1.200000
 -2.703260   6.759940   1.349510   1.000000   1.000000   1.000000   1.200000
 -3.495810   5.278790   2.077770   1.000000   1.000000   1.000000   1.200000
  0.928890   5.291130   0.523950   0.000000   0.000000   1.000000   1.540000
  0.701940   5.362520   1.544370   1.000000   1.000000   1.000000   1.200000
  1.237030   6.172840   0.139420   1.000000   1.000000   1.000000   1.200000
  0.033620   4.960490   0.080780   1.000000   1.000000   1.000000   1.200000
  1.633270   4.564540   0.397090   1.000000   1.000000   1.000000   1.200000
  1.557680   2.293590   4.706850   0.000000   0.000000   1.000000   1.540000
  1.571620   0.627000   3.508110   1.000000   1.000000   1.000000   1.200000
  1.039480   2.886950   4.082570   1.000000   1.000000   1.000000   1.200000
  2.476900   2.664340   4.821470   1.000000   1.000000   1.000000   1.200000
  1.105560   2.285200   5.596560   1.000000   1.000000   1.000000   1.200000
 -3.602080   0.953560   3.759490   0.000000   0.000000   1.000000   1.540000
 -2.092950  -0.310900   3.762070   1.000000   1.000000   1.000000   1.200000
 -3.818180   1.156480   2.802530   1.000000   1.000000   1.000000   1.200000
 -3.167770   1.774690   4.139100   1.000000   1.000000   1.000000   1.200000
 -4.453760   0.782170   4.250960   1.000000   1.000000   1.000000   1.200000
28 bonds follow (x1 y1 z1 x2 y2 z2)
 -3.602080   0.953560   3.759490  -4.453760   0.782170   4.250960
 -3.602080   0.953560   3.759490  -3.167770   1.774690   4.139100
 -3.602080   0.953560   3.759490  -3.818180   1.156480   2.802530
 -1.204670  -0.652470   3.548800  -2.092950  -0.310900   3.762070
  1.557680   2.293590   4.706850   1.105560   2.285200   5.596560
  1.557680   2.293590   4.706850   2.476900   2.664340   4.821470
  1.557680   2.293590   4.706850   1.039480   2.886950   4.082570
  1.180570  -0.050260   2.937500   1.571620   0.627000   3.508110
  0.928890   5.291130   0.523950   1.633270   4.564540   0.397090
  0.928890   5.291130   0.523950   0.033620   4.960490   0.080780
  0.928890   5.291130   0.523950   1.237030   6.172840   0.139420
  0.928890   5.291130   0.523950   0.701940   5.362520   1.544370
 -2.813890   5.645190   1.266720  -3.495810   5.278790   2.077770
 -2.813890   5.645190   1.266720  -2.703260   6.759940   1.349510
 -2.813890   5.645190   1.266720  -3.267190   5.401350   0.268440
 -1.564160   5.076740   1.374070  -2.813890   5.645190   1.266720
 -1.195380   3.430510   1.942860  -1.564160   5.076740   1.374070
 -1.195380   3.430510   1.942860  -0.749450   3.108340   0.630460
 -1.195380   3.430510   1.942860  -2.438140   3.116070   2.484560
 -1.195380   3.430510   1.942860  -0.101300   3.918970   2.708720
 -0.323510   0.141260   2.520050  -0.629090   1.590000   2.408380
 -0.323510   0.141260   2.520050  -1.204670  -0.652470   3.548800
 -0.323510   0.141260   2.520050   1.180570  -0.050260   2.937500
 -0.422630  -0.657330   1.150210  -0.323510   0.141260   2.520050
 -0.044170   0.037050  -0.021180  -0.422630  -0.657330   1.150210
 -0.044170   0.037050  -0.021180  -0.558980  -0.478450  -0.871410
 -0.044170   0.037050  -0.021180  -0.366040   1.111960   0.047510
 -0.044170   0.037050  -0.021180   1.065160  -0.046900  -0.147720
