33 atoms follow (x y z r g b radiusScale)
  0.037900  -0.066510   0.034010   0.000000   1.000000   0.000000   1.850000
  1.155120  -0.017510   0.054780   1.000000   1.000000   1.000000   1.200000
 -0.413600   0.962790   0.035170   1.000000   1.000000   1.000000   1.200000
 -0.312080  -0.651250  -0.852830   1.000000   1.000000   1.000000   1.200000
 -0.398400  -0.774320   1.181030   1.000000   0.000000   0.000000   1.400000
 -0.313490   0.028140   2.542290   0.500000   0.500000   0.500000   1.900000
  1.159880  -0.129140   3.025410   1.000000   0.000000   0.000000   1.400000
 -1.242480  -0.708790   3.552640   1.000000   0.000000   0.000000   1.400000
 -0.708480   1.474090   2.367620   1.000000   0.000000   0.000000   1.400000
 -1.098660   3.232480   2.030950   1.000000   1.000000   0.000000   1.850000
 -0.108020   3.805390   2.794320   1.000000   0.000000   0.000000   1.400000
 -2.359640   3.124890   2.535380   1.000000   0.000000   0.000000   1.400000
 -0.948400   3.196030   0.665250   1.000000   0.000000   0.000000   1.400000
 -2.015100   5.758650   1.687820   1.000000   0.000000   0.000000   1.400000
 -3.122630   5.857980   0.830880   0.000000   1.000000   0.000000   1.850000
 -2.811380   5.691930  -0.228560   1.000000   1.000000   1.000000   1.200000
 -3.587020   6.872980   0.925470   1.000000   1.000000   1.000000   1.200000
 -3.853550   5.082600   1.153000   1.000000   1.000000   1.000000   1.200000
  1.558840   5.662340   0.115250   0.000000   0.000000   1.000000   1.540000
  1.414370   5.763140   1.103530   1.000000   1.000000   1.000000   1.200000
 -1.248570   6.483250   1.419430   1.000000   1.000000   1.000000   1.200000
  0.655390   5.592220  -0.314450   1.000000   1.000000   1.000000   1.200000
  2.041300   4.799730  -0.044320   1.000000   1.000000   1.000000   1.200000
  1.675210   2.160490   4.645870   0.000000   0.000000   1.000000   1.540000
  1.515730   0.482300   3.701350   1.000000   1.000000   1.000000   1.200000
  1.344370   2.896380   4.047570   1.000000   1.000000   1.000000   1.200000
  2.628870   2.335900   4.883880   1.000000   1.000000   1.000000   1.200000
  1.132820   2.158410   5.484620   1.000000   1.000000   1.000000   1.200000
 -3.555450   0.931360   3.765050   0.000000   0.000000   1.000000   1.540000
 -2.140980  -0.361090   3.745580   1.000000   1.000000   1.000000   1.200000
 -3.770450   1.164130   2.814500   1.000000   1.000000   1.000000   1.200000
 -3.147140   1.747990   4.180670   1.000000   1.000000   1.000000   1.200000
 -4.403880   0.713280   4.243650   1.000000   1.000000   1.000000   1.200000
28 bonds follow (x1 y1 z1 x2 y2 z2)
 -3.555450   0.931360   3.765050  -4.403880   0.713280   4.243650
 -3.555450   0.931360   3.765050  -3.147140   1.747990   4.180670
 -3.555450   0.931360   3.765050  -3.770450   1.164130   2.814500
 -1.242480  -0.708790   3.552640  -2.140980  -0.361090   3.745580
  1.675210   2.160490   4.645870   1.132820   2.158410   5.484620
  1.675210   2.160490   4.645870   2.628870   2.335900   4.883880
  1.675210   2.160490   4.645870   1.344370   2.896380   4.047570
  1.159880  -0.129140   3.025410   1.515730   0.482300   3.701350
  1.558840   5.662340   0.115250   2.041300   4.799730  -0.044320
  1.558840   5.662340   0.115250   0.655390   5.592220  -0.314450
 -2.015100   5.758650   1.687820  -1.248570   6.483250   1.419430
  1.558840   5.662340   0.115250   1.414370   5.763140   1.103530
 -3.122630   5.857980   0.830880  -3.853550   5.082600   1.153000
 -3.122630   5.857980   0.830880  -3.587020   6.872980   0.925470
 -3.122630   5.857980   0.830880  -2.811380   5.691930  -0.228560
 -2.015100   5.758650   1.687820  -3.122630   5.857980   0.830880
 -1.098660   3.232480   2.030950  -0.948400   3.196030   0.665250
 -1.098660   3.232480   2.030950  -2.359640   3.124890   2.535380
 -1.098660   3.232480   2.030950  -0.108020   3.805390   2.794320
 -0.708480   1.474090   2.367620  -1.098660   3.232480   2.030950
 -0.313490   0.028140   2.542290  -0.708480   1.474090   2.367620
 -0.313490   0.028140   2.542290  -1.242480  -0.708790   3.552640
 -0.313490   0.028140   2.542290   1.159880  -0.129140   3.025410
 -0.398400  -0.774320   1.181030  -0.313490   0.028140   2.542290
  0.037900  -0.066510   0.034010  -0.398400  -0.774320   1.181030
  0.037900  -0.066510   0.034010  -0.312080  -0.651250  -0.852830
  0.037900  -0.066510   0.034010  -0.413600   0.962790   0.035170
  0.037900  -0.066510   0.034010   1.155120  -0.017510   0.054780
