33 atoms follow (x y z r g b radiusScale)
 -0.236160  -0.166580  -0.065800   0.000000   1.000000   0.000000   1.850000
  0.703260  -0.508450  -0.574180   1.000000   1.000000   1.000000   1.200000
 -0.284640   0.954780  -0.001490   1.000000   1.000000   1.000000   1.200000
 -1.119150  -0.566970  -0.630080   1.000000   1.000000   1.000000   1.200000
 -0.264610  -0.747600   1.222170   1.000000   0.000000   0.000000   1.400000
 -0.250970   0.180500   2.506270   0.500000   0.500000   0.500000   1.900000
  1.215610   0.035160   3.059070   1.000000   0.000000   0.000000   1.400000
 -1.166360  -0.479080   3.594320   1.000000   0.000000   0.000000   1.400000
 -0.662390   1.577330   2.219580   1.000000   0.000000   0.000000   1.400000
 -1.192660   3.376580   1.806890   1.000000   1.000000   0.000000   1.850000
 -0.106390   3.838960   2.615490   1.000000   0.000000   0.000000   1.400000
 -2.444130   3.073100   2.332940   1.000000   0.000000   0.000000   1.400000
 -0.723960   3.111170   0.483810   1.000000   0.000000   0.000000   1.400000
 -1.620080   5.039320   1.319920   1.000000   0.000000   0.000000   1.400000
 -2.719470   5.756460   1.746050   0.000000   1.000000   0.000000   1.850000
 -3.606840   5.529600   1.099200   1.000000   1.000000   1.000000   1.200000
 -2.476740   6.850480   1.661900   1.000000   1.000000   1.000000   1.200000
 -2.973110   5.513400   2.810500   1.000000   1.000000   1.000000   1.200000
  0.926860   5.273470   0.682840   0.000000   0.000000   1.000000   1.540000
  1.298820   4.523030   1.295310   1.000000   1.000000   1.000000   1.200000
  1.642640   5.695640   0.108490   1.000000   1.000000   1.000000   1.200000
  0.459240   5.952200   1.291960   1.000000   1.000000   1.000000   1.200000
  0.177120   4.843370   0.106100   1.000000   1.000000   1.000000   1.200000
  1.447290   2.407050   4.797670   0.000000   0.000000   1.000000   1.540000
  1.484630   0.647380   3.761060   1.000000   1.000000   1.000000   1.200000
  0.886280   3.030590   4.244630   1.000000   1.000000   1.000000   1.200000
  2.336620   2.825470   4.966870   1.000000   1.000000   1.000000   1.200000
  0.999210   2.246040   5.675100   1.000000   1.000000   1.000000   1.200000
 -3.666150   0.966840   3.727720   0.000000   0.000000   1.000000   1.540000
 -2.084210  -0.159990   3.695790   1.000000   1.000000   1.000000   1.200000
 -3.883300   1.225920   2.784680   1.000000   1.000000   1.000000   1.200000
 -3.299950   1.783860   4.177160   1.000000   1.000000   1.000000   1.200000
 -4.502050   0.682930   4.192790   1.000000   1.000000   1.000000   1.200000
29 bonds follow (x1 y1 z1 x2 y2 z2)
 -3.666150   0.966840   3.727720  -4.502050   0.682930   4.192790
 -3.666150   0.966840   3.727720  -3.299950   1.783860   4.177160
 -3.666150   0.966840   3.727720  -3.883300   1.225920   2.784680
 -1.166360  -0.479080   3.594320  -2.084210  -0.159990   3.695790
  1.447290   2.407050   4.797670   0.999210   2.246040   5.675100
  1.447290   2.407050   4.797670   2.336620   2.825470   4.966870
  1.447290   2.407050   4.797670   0.886280   3.030590   4.244630
  1.215610   0.035160   3.059070   1.484630   0.647380   3.761060
  0.926860   5.273470   0.682840   0.177120   4.843370   0.106100
  0.926860   5.273470   0.682840   0.459240   5.952200   1.291960
  0.926860   5.273470   0.682840   1.642640   5.695640   0.108490
  0.926860   5.273470   0.682840   1.298820   4.523030   1.295310
 -2.719470   5.756460   1.746050  -2.973110   5.513400   2.810500
 -2.719470   5.756460   1.746050  -2.476740   6.850480   1.661900
 -2.719470   5.756460   1.746050  -3.606840   5.529600   1.099200
 -1.620080   5.039320   1.319920  -2.719470   5.756460   1.746050
 -1.192660   3.376580   1.806890  -1.620080   5.039320   1.319920
 -1.192660   3.376580   1.806890  -0.723960   3.111170   0.483810
 -1.192660   3.376580   1.806890  -2.444130   3.073100   2.332940
 -1.192660   3.376580   1.806890  -0.106390   3.838960   2.615490
 -0.662390   1.577330   2.219580  -1.192660   3.376580   1.806890
 -0.250970   0.180500   2.506270  -0.662390   1.577330   2.219580
 -0.250970   0.180500   2.506270  -1.166360  -0.479080   3.594320
 -0.250970   0.180500   2.506270   1.215610   0.035160   3.059070
 -0.264610  -0.747600   1.222170  -0.250970   0.180500   2.506270
 -0.236160  -0.166580  -0.065800  -0.264610  -0.747600   1.222170
 -0.236160  -0.166580  -0.065800  -1.119150  -0.566970  -0.630080
 -0.236160  -0.166580  -0.065800  -0.284640   0.954780  -0.001490
 -0.236160  -0.166580  -0.065800   0.703260  -0.508450  -0.574180
