33 atoms follow (x y z r g b radiusScale)
 -0.516220  -0.098850  -0.022050   0.000000   1.000000   0.000000   1.850000
  0.380450  -0.175840  -0.692470   1.000000   1.000000   1.000000   1.200000
 -0.808940   0.974320   0.126960   1.000000   1.000000   1.000000   1.200000
 -1.357380  -0.682890  -0.480620   1.000000   1.000000   1.000000   1.200000
 -0.196570  -0.715790   1.204900   1.000000   0.000000   0.000000   1.400000
 -0.162480   0.162390   2.529350   0.500000   0.500000   0.500000   1.900000
  1.307400  -0.037120   3.072460   1.000000   0.000000   0.000000   1.400000
 -1.107730  -0.600010   3.517480   1.000000   0.000000   0.000000   1.400000
 -0.583430   1.564830   2.332490   1.000000   0.000000   0.000000   1.400000
 -1.188400   3.473500   1.854960   1.000000   1.000000   0.000000   1.850000
 -0.066250   3.916950   2.603660   1.000000   0.000000   0.000000   1.400000
 -2.401680   3.166230   2.442390   1.000000   0.000000   0.000000   1.400000
 -0.812520   3.073890   0.544680   1.000000   0.000000   0.000000   1.400000
 -1.622610   5.104810   1.297750   1.000000   0.000000   0.000000   1.400000
 -2.545250   5.923910   1.930740   0.000000   1.000000   0.000000   1.850000
 -3.317460   5.320900   2.474910   1.000000   1.000000   1.000000   1.200000
 -3.047860   6.556520   1.152620   1.000000   1.000000   1.000000   1.200000
 -2.016350   6.594920   2.659510   1.000000   1.000000   1.000000   1.200000
  0.886260   5.105150   0.300840   0.000000   0.000000   1.000000   1.540000
  1.138060   4.795840   1.270610   1.000000   1.000000   1.000000   1.200000
  1.665800   5.524530  -0.176190   1.000000   1.000000   1.000000   1.200000
  0.080110   5.748880   0.391350   1.000000   1.000000   1.000000   1.200000
  0.528010   4.270480  -0.194390   1.000000   1.000000   1.000000   1.200000
  1.055120   2.432110   4.988260   0.000000   0.000000   1.000000   1.540000
  1.578140   0.492430   3.826070   1.000000   1.000000   1.000000   1.200000
  0.892550   2.988060   4.168140   1.000000   1.000000   1.000000   1.200000
  1.868040   2.777370   5.453940   1.000000   1.000000   1.000000   1.200000
  0.274150   2.536100   5.602200   1.000000   1.000000   1.000000   1.200000
 -3.581880   0.740210   3.458960   0.000000   0.000000   1.000000   1.540000
 -2.023560  -0.289080   3.653070   1.000000   1.000000   1.000000   1.200000
 -3.776560   0.831120   2.482150   1.000000   1.000000   1.000000   1.200000
 -3.183630   1.610320   3.766290   1.000000   1.000000   1.000000   1.200000
 -4.440350   0.586630   3.943860   1.000000   1.000000   1.000000   1.200000
28 bonds follow (x1 y1 z1 x2 y2 z2)
 -3.581880   0.740210   3.458960  -4.440350   0.586630   3.943860
 -3.581880   0.740210   3.458960  -3.183630   1.610320   3.766290
 -3.581880   0.740210   3.458960  -3.776560   0.831120   2.482150
 -1.107730  -0.600010   3.517480  -2.023560  -0.289080   3.653070
  1.055120   2.432110   4.988260   0.274150   2.536100   5.602200
  1.055120   2.432110   4.988260   1.868040   2.777370   5.453940
  1.055120   2.432110   4.988260   0.892550   2.988060   4.168140
  1.307400  -0.037120   3.072460   1.578140   0.492430   3.826070
  0.886260   5.105150   0.300840   0.528010   4.270480  -0.194390
  0.886260   5.105150   0.300840   0.080110   5.748880   0.391350
  0.886260   5.105150   0.300840   1.665800   5.524530  -0.176190
  0.886260   5.105150   0.300840   1.138060   4.795840   1.270610
 -2.545250   5.923910   1.930740  -2.016350   6.594920   2.659510
 -2.545250   5.923910   1.930740  -3.047860   6.556520   1.152620
 -2.545250   5.923910   1.930740  -3.317460   5.320900   2.474910
 -1.622610   5.104810   1.297750  -2.545250   5.923910   1.930740
 -1.188400   3.473500   1.854960  -1.622610   5.104810   1.297750
 -1.188400   3.473500   1.854960  -0.812520   3.073890   0.544680
 -1.188400   3.473500   1.854960  -2.401680   3.166230   2.442390
 -1.188400   3.473500   1.854960  -0.066250   3.916950   2.603660
 -0.162480   0.162390   2.529350  -0.583430   1.564830   2.332490
 -0.162480   0.162390   2.529350  -1.107730  -0.600010   3.517480
 -0.162480   0.162390   2.529350   1.307400  -0.037120   3.072460
 -0.196570  -0.715790   1.204900  -0.162480   0.162390   2.529350
 -0.516220  -0.098850  -0.022050  -0.196570  -0.715790   1.204900
 -0.516220  -0.098850  -0.022050  -1.357380  -0.682890  -0.480620
 -0.516220  -0.098850  -0.022050  -0.808940   0.974320   0.126960
 -0.516220  -0.098850  -0.022050   0.380450  -0.175840  -0.692470
