33 atoms follow (x y z r g b radiusScale)
  0.404020  -0.083410   0.115410   0.000000   1.000000   0.000000   1.850000
  1.466070  -0.192450   0.453190   1.000000   1.000000   1.000000   1.200000
  0.118120   0.998210   0.017730   1.000000   1.000000   1.000000   1.200000
  0.233780  -0.630980  -0.843700   1.000000   1.000000   1.000000   1.200000
 -0.435520  -0.682910   1.088140   1.000000   0.000000   0.000000   1.400000
 -0.311600  -0.012130   2.517550   0.500000   0.500000   0.500000   1.900000
  1.169690  -0.123280   2.963390   1.000000   0.000000   0.000000   1.400000
 -1.202440  -0.815360   3.516460   1.000000   0.000000   0.000000   1.400000
 -0.745140   1.433310   2.471410   1.000000   0.000000   0.000000   1.400000
 -1.168880   3.199200   2.212360   1.000000   1.000000   0.000000   1.850000
 -0.483100   3.702790   3.290180   1.000000   0.000000   0.000000   1.400000
 -2.529330   3.073610   2.264400   1.000000   0.000000   0.000000   1.400000
 -0.505550   3.305470   1.014790   1.000000   0.000000   0.000000   1.400000
 -2.526450   6.558600   1.402760   1.000000   0.000000   0.000000   1.400000
 -3.858690   6.259610   1.010720   0.000000   1.000000   0.000000   1.850000
 -4.416100   7.174160   0.699490   1.000000   1.000000   1.000000   1.200000
 -4.391790   5.740950   1.850540   1.000000   1.000000   1.000000   1.200000
 -3.696040   5.571010   0.138960   1.000000   1.000000   1.000000   1.200000
  2.426730   4.823050  -0.258200   0.000000   0.000000   1.000000   1.540000
  2.044810   5.382620   0.476740   1.000000   1.000000   1.000000   1.200000
 -2.638930   7.182990   2.016050   1.000000   1.000000   1.000000   1.200000
  2.045260   5.141000  -1.126880   1.000000   1.000000   1.000000   1.200000
  2.148440   3.872860  -0.116860   1.000000   1.000000   1.000000   1.200000
  1.896030   2.286670   4.288170   0.000000   0.000000   1.000000   1.540000
  1.559270   0.601540   3.508070   1.000000   1.000000   1.000000   1.200000
  1.569650   2.978650   3.637950   1.000000   1.000000   1.000000   1.200000
  2.861530   2.448780   4.483900   1.000000   1.000000   1.000000   1.200000
  1.372350   2.386600   5.133450   1.000000   1.000000   1.000000   1.200000
 -3.497810   0.719250   3.755210   0.000000   0.000000   1.000000   1.540000
 -2.120810  -0.512900   3.700820   1.000000   1.000000   1.000000   1.200000
 -3.471430   1.262150   2.910050   1.000000   1.000000   1.000000   1.200000
 -3.319570   1.332710   4.523870   1.000000   1.000000   1.000000   1.200000
 -4.411800   0.330740   3.859650   1.000000   1.000000   1.000000   1.200000
28 bonds follow (x1 y1 z1 x2 y2 z2)
 -3.497810   0.719250   3.755210  -4.411800   0.330740   3.859650
 -3.497810   0.719250   3.755210  -3.319570   1.332710   4.523870
 -3.497810   0.719250   3.755210  -3.471430   1.262150   2.910050
 -1.202440  -0.815360   3.516460  -2.120810  -0.512900   3.700820
  1.896030   2.286670   4.288170   1.372350   2.386600   5.133450
  1.896030   2.286670   4.288170   2.861530   2.448780   4.483900
  1.896030   2.286670   4.288170   1.569650   2.978650   3.637950
  1.169690  -0.123280   2.963390   1.559270   0.601540   3.508070
  2.426730   4.823050  -0.258200   2.148440   3.872860  -0.116860
  2.426730   4.823050  -0.258200   2.045260   5.141000  -1.126880
 -2.526450   6.558600   1.402760  -2.638930   7.182990   2.016050
  2.426730   4.823050  -0.258200   2.044810   5.382620   0.476740
 -3.858690   6.259610   1.010720  -3.696040   5.571010   0.138960
 -3.858690   6.259610   1.010720  -4.391790   5.740950   1.850540
 -3.858690   6.259610   1.010720  -4.416100   7.174160   0.699490
 -2.526450   6.558600   1.402760  -3.858690   6.259610   1.010720
 -1.168880   3.199200   2.212360  -0.505550   3.305470   1.014790
 -1.168880   3.199200   2.212360  -2.529330   3.073610   2.264400
 -1.168880   3.199200   2.212360  -0.483100   3.702790   3.290180
 -0.745140   1.433310   2.471410  -1.168880   3.199200   2.212360
 -0.311600  -0.012130   2.517550  -0.745140   1.433310   2.471410
 -0.311600  -0.012130   2.517550  -1.202440  -0.815360   3.516460
 -0.311600  -0.012130   2.517550   1.169690  -0.123280   2.963390
 -0.435520  -0.682910   1.088140  -0.311600  -0.012130   2.517550
  0.404020  -0.083410   0.115410  -0.435520  -0.682910   1.088140
  0.404020  -0.083410   0.115410   0.233780  -0.630980  -0.843700
  0.404020  -0.083410   0.115410   0.118120   0.998210   0.017730
  0.404020  -0.083410   0.115410   1.466070  -0.192450   0.453190
