33 atoms follow (x y z r g b radiusScale)
  0.055860  -0.101600   0.025900   0.000000   1.000000   0.000000   1.850000
  1.171630  -0.024250   0.053400   1.000000   1.000000   1.000000   1.200000
 -0.418060   0.914500  -0.014410   1.000000   1.000000   1.000000   1.200000
 -0.270580  -0.735700  -0.837120   1.000000   1.000000   1.000000   1.200000
 -0.379090  -0.777680   1.189990   1.000000   0.000000   0.000000   1.400000
 -0.323030   0.015370   2.552570   0.500000   0.500000   0.500000   1.900000
  1.155370  -0.149150   3.034630   1.000000   0.000000   0.000000   1.400000
 -1.246300  -0.736800   3.564740   1.000000   0.000000   0.000000   1.400000
 -0.664620   1.469930   2.342570   1.000000   0.000000   0.000000   1.400000
 -1.106360   3.264020   2.030750   1.000000   1.000000   0.000000   1.850000
 -0.120270   3.793760   2.830670   1.000000   0.000000   0.000000   1.400000
 -2.370220   3.125150   2.544650   1.000000   0.000000   0.000000   1.400000
 -0.950470   3.218900   0.665740   1.000000   0.000000   0.000000   1.400000
 -2.071950   5.836680   1.681310   1.000000   0.000000   0.000000   1.400000
 -3.188000   5.907840   0.820160   0.000000   1.000000   0.000000   1.850000
 -2.861030   5.830580  -0.250200   1.000000   1.000000   1.000000   1.200000
 -3.751390   6.859780   0.982090   1.000000   1.000000   1.000000   1.200000
 -3.849790   5.028470   1.062220   1.000000   1.000000   1.000000   1.200000
  1.672370   5.644730   0.069660   0.000000   0.000000   1.000000   1.540000
  1.538150   5.924780   1.019660   1.000000   1.000000   1.000000   1.200000
 -1.435440   6.404880   1.465320   1.000000   1.000000   1.000000   1.200000
  0.811590   5.760200  -0.425680   1.000000   1.000000   1.000000   1.200000
  1.908100   4.668970   0.064960   1.000000   1.000000   1.000000   1.200000
  1.680980   2.141340   4.628250   0.000000   0.000000   1.000000   1.540000
  1.518190   0.480940   3.688590   1.000000   1.000000   1.000000   1.200000
  1.387810   2.871210   4.005120   1.000000   1.000000   1.000000   1.200000
  2.648600   2.263260   4.843350   1.000000   1.000000   1.000000   1.200000
  1.153680   2.206730   5.473840   1.000000   1.000000   1.000000   1.200000
 -3.556650   0.884550   3.782580   0.000000   0.000000   1.000000   1.540000
 -2.150750  -0.394330   3.728110   1.000000   1.000000   1.000000   1.200000
 -3.762230   1.168130   2.843900   1.000000   1.000000   1.000000   1.200000
 -3.141070   1.672200   4.243040   1.000000   1.000000   1.000000   1.200000
 -4.409880   0.651060   4.245290   1.000000   1.000000   1.000000   1.200000
28 bonds follow (x1 y1 z1 x2 y2 z2)
 -3.556650   0.884550   3.782580  -4.409880   0.651060   4.245290
 -3.556650   0.884550   3.782580  -3.141070   1.672200   4.243040
 -3.556650   0.884550   3.782580  -3.762230   1.168130   2.843900
 -1.246300  -0.736800   3.564740  -2.150750  -0.394330   3.728110
  1.680980   2.141340   4.628250   1.153680   2.206730   5.473840
  1.680980   2.141340   4.628250   2.648600   2.263260   4.843350
  1.680980   2.141340   4.628250   1.387810   2.871210   4.005120
  1.155370  -0.149150   3.034630   1.518190   0.480940   3.688590
  1.672370   5.644730   0.069660   1.908100   4.668970   0.064960
  1.672370   5.644730   0.069660   0.811590   5.760200  -0.425680
 -2.071950   5.836680   1.681310  -1.435440   6.404880   1.465320
  1.672370   5.644730   0.069660   1.538150   5.924780   1.019660
 -3.188000   5.907840   0.820160  -3.849790   5.028470   1.062220
 -3.188000   5.907840   0.820160  -3.751390   6.859780   0.982090
 -3.188000   5.907840   0.820160  -2.861030   5.830580  -0.250200
 -2.071950   5.836680   1.681310  -3.188000   5.907840   0.820160
 -1.106360   3.264020   2.030750  -0.950470   3.218900   0.665740
 -1.106360   3.264020   2.030750  -2.370220   3.125150   2.544650
 -1.106360   3.264020   2.030750  -0.120270   3.793760   2.830670
 -0.664620   1.469930   2.342570  -1.106360   3.264020   2.030750
 -0.323030   0.015370   2.552570  -0.664620   1.469930   2.342570
 -0.323030   0.015370   2.552570  -1.246300  -0.736800   3.564740
 -0.323030   0.015370   2.552570   1.155370  -0.149150   3.034630
 -0.379090  -0.777680   1.189990  -0.323030   0.015370   2.552570
  0.055860  -0.101600   0.025900  -0.379090  -0.777680   1.189990
  0.055860  -0.101600   0.025900  -0.270580  -0.735700  -0.837120
  0.055860  -0.101600   0.025900  -0.418060   0.914500  -0.014410
  0.055860  -0.101600   0.025900   1.171630  -0.024250   0.053400
