33 atoms follow (x y z r g b radiusScale)
 -0.182040  -0.135790  -0.046630   0.000000   1.000000   0.000000   1.850000
  0.771660  -0.504980  -0.507560   1.000000   1.000000   1.000000   1.200000
 -0.192700   0.984570   0.039860   1.000000   1.000000   1.000000   1.200000
 -1.044540  -0.484020  -0.673540   1.000000   1.000000   1.000000   1.200000
 -0.318210  -0.741960   1.221610   1.000000   0.000000   0.000000   1.400000
 -0.248120   0.168670   2.519460   0.500000   0.500000   0.500000   1.900000
  1.226580   0.009400   3.049400   1.000000   0.000000   0.000000   1.400000
 -1.187720  -0.497740   3.574590   1.000000   0.000000   0.000000   1.400000
 -0.662730   1.565710   2.243610   1.000000   0.000000   0.000000   1.400000
 -1.206180   3.399060   1.813000   1.000000   1.000000   0.000000   1.850000
 -0.137310   3.813920   2.663770   1.000000   0.000000   0.000000   1.400000
 -2.448820   3.122730   2.352570   1.000000   0.000000   0.000000   1.400000
 -0.737790   3.109570   0.506130   1.000000   0.000000   0.000000   1.400000
 -1.598980   5.072350   1.299650   1.000000   0.000000   0.000000   1.400000
 -2.749040   5.732000   1.696170   0.000000   1.000000   0.000000   1.850000
 -3.589120   5.499460   0.990670   1.000000   1.000000   1.000000   1.200000
 -2.548490   6.836430   1.675950   1.000000   1.000000   1.000000   1.200000
 -3.050150   5.428080   2.732510   1.000000   1.000000   1.000000   1.200000
  0.931980   5.282790   0.644530   0.000000   0.000000   1.000000   1.540000
  1.147220   4.612360   1.417170   1.000000   1.000000   1.000000   1.200000
  1.763410   5.686220   0.250980   1.000000   1.000000   1.000000   1.200000
  0.298190   5.999330   1.047360   1.000000   1.000000   1.000000   1.200000
  0.372080   4.760690  -0.051640   1.000000   1.000000   1.000000   1.200000
  1.468710   2.369030   4.789840   0.000000   0.000000   1.000000   1.540000
  1.584050   0.691940   3.635090   1.000000   1.000000   1.000000   1.200000
  0.928880   2.907870   4.135800   1.000000   1.000000   1.000000   1.200000
  2.368260   2.790180   4.887890   1.000000   1.000000   1.000000   1.200000
  1.011550   2.388950   5.677090   1.000000   1.000000   1.000000   1.200000
 -3.617510   0.952740   3.727190   0.000000   0.000000   1.000000   1.540000
 -2.086160  -0.133050   3.713850   1.000000   1.000000   1.000000   1.200000
 -3.819050   1.156140   2.767120   1.000000   1.000000   1.000000   1.200000
 -3.212150   1.781390   4.120830   1.000000   1.000000   1.000000   1.200000
 -4.469400   0.747240   4.204060   1.000000   1.000000   1.000000   1.200000
28 bonds follow (x1 y1 z1 x2 y2 z2)
 -3.617510   0.952740   3.727190  -4.469400   0.747240   4.204060
 -3.617510   0.952740   3.727190  -3.212150   1.781390   4.120830
 -3.617510   0.952740   3.727190  -3.819050   1.156140   2.767120
 -1.187720  -0.497740   3.574590  -2.086160  -0.133050   3.713850
  1.468710   2.369030   4.789840   1.011550   2.388950   5.677090
  1.468710   2.369030   4.789840   2.368260   2.790180   4.887890
  1.468710   2.369030   4.789840   0.928880   2.907870   4.135800
  1.226580   0.009400   3.049400   1.584050   0.691940   3.635090
  0.931980   5.282790   0.644530   0.372080   4.760690  -0.051640
  0.931980   5.282790   0.644530   0.298190   5.999330   1.047360
  0.931980   5.282790   0.644530   1.763410   5.686220   0.250980
  0.931980   5.282790   0.644530   1.147220   4.612360   1.417170
 -2.749040   5.732000   1.696170  -3.050150   5.428080   2.732510
 -2.749040   5.732000   1.696170  -2.548490   6.836430   1.675950
 -2.749040   5.732000   1.696170  -3.589120   5.499460   0.990670
 -1.598980   5.072350   1.299650  -2.749040   5.732000   1.696170
 -1.206180   3.399060   1.813000  -1.598980   5.072350   1.299650
 -1.206180   3.399060   1.813000  -0.737790   3.109570   0.506130
 -1.206180   3.399060   1.813000  -2.448820   3.122730   2.352570
 -1.206180   3.399060   1.813000  -0.137310   3.813920   2.663770
 -0.248120   0.168670   2.519460  -0.662730   1.565710   2.243610
 -0.248120   0.168670   2.519460  -1.187720  -0.497740   3.574590
 -0.248120   0.168670   2.519460   1.226580   0.009400   3.049400
 -0.318210  -0.741960   1.221610  -0.248120   0.168670   2.519460
 -0.182040  -0.135790  -0.046630  -0.318210  -0.741960   1.221610
 -0.182040  -0.135790  -0.046630  -1.044540  -0.484020  -0.673540
 -0.182040  -0.135790  -0.046630  -0.192700   0.984570   0.039860
 -0.182040  -0.135790  -0.046630   0.771660  -0.504980  -0.507560
