33 atoms follow (x y z r g b radiusScale)
  0.095920  -0.162610   0.033080   0.000000   1.000000   0.000000   1.850000
  1.206870  -0.082100   0.141690   1.000000   1.000000   1.000000   1.200000
 -0.372420   0.852300  -0.066920   1.000000   1.000000   1.000000   1.200000
 -0.170210  -0.816390  -0.834950   1.000000   1.000000   1.000000   1.200000
 -0.419270  -0.798570   1.186050   1.000000   0.000000   0.000000   1.400000
 -0.295140   0.025610   2.524250   0.500000   0.500000   0.500000   1.900000
  1.143340  -0.165610   3.086010   1.000000   0.000000   0.000000   1.400000
 -1.240380  -0.686970   3.527600   1.000000   0.000000   0.000000   1.400000
 -0.648370   1.479750   2.327980   1.000000   0.000000   0.000000   1.400000
 -1.131410   3.215590   2.076230   1.000000   1.000000   0.000000   1.850000
 -0.135440   3.773840   2.853970   1.000000   0.000000   0.000000   1.400000
 -2.409310   3.104190   2.556160   1.000000   0.000000   0.000000   1.400000
 -0.903980   3.285960   0.723590   1.000000   0.000000   0.000000   1.400000
 -2.161760   5.915390   1.629510   1.000000   0.000000   0.000000   1.400000
 -3.312540   6.003970   0.814510   0.000000   1.000000   0.000000   1.850000
 -3.031400   6.125010  -0.262930   1.000000   1.000000   1.000000   1.200000
 -3.985520   6.836530   1.134330   1.000000   1.000000   1.000000   1.200000
 -3.800830   5.009560   1.016110   1.000000   1.000000   1.000000   1.200000
  1.880130   5.585090  -0.008310   0.000000   0.000000   1.000000   1.540000
  1.818900   6.113430   0.839860   1.000000   1.000000   1.000000   1.200000
 -1.736930   6.921680   1.556450   1.000000   1.000000   1.000000   1.200000
  1.205350   5.951900  -0.648420   1.000000   1.000000   1.000000   1.200000
  1.608860   4.647460   0.211090   1.000000   1.000000   1.000000   1.200000
  1.706620   2.133830   4.590870   0.000000   0.000000   1.000000   1.540000
  1.510420   0.500960   3.709770   1.000000   1.000000   1.000000   1.200000
  1.427580   2.850760   3.944170   1.000000   1.000000   1.000000   1.200000
  2.678530   2.236410   4.795290   1.000000   1.000000   1.000000   1.200000
  1.186040   2.240450   5.436030   1.000000   1.000000   1.000000   1.200000
 -3.566660   0.817040   3.812770   0.000000   0.000000   1.000000   1.540000
 -2.149680  -0.339670   3.672760   1.000000   1.000000   1.000000   1.200000
 -3.837460   1.198800   2.927220   1.000000   1.000000   1.000000   1.200000
 -3.248310   1.576010   4.383030   1.000000   1.000000   1.000000   1.200000
 -4.356000   0.386410   4.245990   1.000000   1.000000   1.000000   1.200000
28 bonds follow (x1 y1 z1 x2 y2 z2)
 -3.566660   0.817040   3.812770  -4.356000   0.386410   4.245990
 -3.566660   0.817040   3.812770  -3.248310   1.576010   4.383030
 -3.566660   0.817040   3.812770  -3.837460   1.198800   2.927220
 -1.240380  -0.686970   3.527600  -2.149680  -0.339670   3.672760
  1.706620   2.133830   4.590870   1.186040   2.240450   5.436030
  1.706620   2.133830   4.590870   2.678530   2.236410   4.795290
  1.706620   2.133830   4.590870   1.427580   2.850760   3.944170
  1.143340  -0.165610   3.086010   1.510420   0.500960   3.709770
  1.880130   5.585090  -0.008310   1.608860   4.647460   0.211090
  1.880130   5.585090  -0.008310   1.205350   5.951900  -0.648420
 -2.161760   5.915390   1.629510  -1.736930   6.921680   1.556450
  1.880130   5.585090  -0.008310   1.818900   6.113430   0.839860
 -3.312540   6.003970   0.814510  -3.800830   5.009560   1.016110
 -3.312540   6.003970   0.814510  -3.985520   6.836530   1.134330
 -3.312540   6.003970   0.814510  -3.031400   6.125010  -0.262930
 -2.161760   5.915390   1.629510  -3.312540   6.003970   0.814510
 -1.131410   3.215590   2.076230  -0.903980   3.285960   0.723590
 -1.131410   3.215590   2.076230  -2.409310   3.104190   2.556160
 -1.131410   3.215590   2.076230  -0.135440   3.773840   2.853970
 -0.648370   1.479750   2.327980  -1.131410   3.215590   2.076230
 -0.295140   0.025610   2.524250  -0.648370   1.479750   2.327980
 -0.295140   0.025610   2.524250  -1.240380  -0.686970   3.527600
 -0.295140   0.025610   2.524250   1.143340  -0.165610   3.086010
 -0.419270  -0.798570   1.186050  -0.295140   0.025610   2.524250
  0.095920  -0.162610   0.033080  -0.419270  -0.798570   1.186050
  0.095920  -0.162610   0.033080  -0.170210  -0.816390  -0.834950
  0.095920  -0.162610   0.033080  -0.372420   0.852300  -0.066920
  0.095920  -0.162610   0.033080   1.206870  -0.082100   0.141690
