33 atoms follow (x y z r g b radiusScale)
 -0.255370  -0.162330  -0.043770   0.000000   1.000000   0.000000   1.850000
  0.684030  -0.454310  -0.582680   1.000000   1.000000   1.000000   1.200000
 -0.335910   0.953530   0.059950   1.000000   1.000000   1.000000   1.200000
 -1.137130  -0.561740  -0.611300   1.000000   1.000000   1.000000   1.200000
 -0.246960  -0.789190   1.223510   1.000000   0.000000   0.000000   1.400000
 -0.236130   0.155850   2.503080   0.500000   0.500000   0.500000   1.900000
  1.265420   0.128890   2.956490   1.000000   0.000000   0.000000   1.400000
 -1.062130  -0.597100   3.603340   1.000000   0.000000   0.000000   1.400000
 -0.682130   1.546440   2.260230   1.000000   0.000000   0.000000   1.400000
 -1.131890   3.416210   1.907480   1.000000   1.000000   0.000000   1.850000
  0.105540   3.762860   2.520930   1.000000   0.000000   0.000000   1.400000
 -2.297460   3.176860   2.617740   1.000000   0.000000   0.000000   1.400000
 -0.956230   3.126640   0.522190   1.000000   0.000000   0.000000   1.400000
 -1.473800   5.116030   1.555780   1.000000   0.000000   0.000000   1.400000
 -2.635840   5.805840   1.847290   0.000000   1.000000   0.000000   1.850000
 -3.058350   5.488390   2.835150   1.000000   1.000000   1.000000   1.200000
 -3.400520   5.629050   1.045580   1.000000   1.000000   1.000000   1.200000
 -2.387250   6.900060   1.881200   1.000000   1.000000   1.000000   1.200000
  0.820910   5.152060   0.283070   0.000000   0.000000   1.000000   1.540000
  1.135510   4.769640   1.204020   1.000000   1.000000   1.000000   1.200000
  1.586300   5.488500  -0.276560   1.000000   1.000000   1.000000   1.200000
  0.131230   5.900120   0.494500   1.000000   1.000000   1.000000   1.200000
  0.302610   4.393300  -0.191120   1.000000   1.000000   1.000000   1.200000
  0.977530   2.507970   4.921270   0.000000   0.000000   1.000000   1.540000
  1.556890   0.756990   3.623070   1.000000   1.000000   1.000000   1.200000
  1.326640   3.056860   4.156790   1.000000   1.000000   1.000000   1.200000
  1.361550   2.863290   5.771860   1.000000   1.000000   1.000000   1.200000
 -0.014970   2.634680   4.948000   1.000000   1.000000   1.000000   1.200000
 -3.678230   0.884080   3.381900   0.000000   0.000000   1.000000   1.540000
 -1.973480  -0.305690   3.761270   1.000000   1.000000   1.000000   1.200000
 -3.628980   1.328550   2.484650   1.000000   1.000000   1.000000   1.200000
 -3.495640   1.592170   4.066540   1.000000   1.000000   1.000000   1.200000
 -4.602160   0.531680   3.519370   1.000000   1.000000   1.000000   1.200000
28 bonds follow (x1 y1 z1 x2 y2 z2)
 -3.678230   0.884080   3.381900  -4.602160   0.531680   3.519370
 -3.678230   0.884080   3.381900  -3.495640   1.592170   4.066540
 -3.678230   0.884080   3.381900  -3.628980   1.328550   2.484650
 -1.062130  -0.597100   3.603340  -1.973480  -0.305690   3.761270
  0.977530   2.507970   4.921270  -0.014970   2.634680   4.948000
  0.977530   2.507970   4.921270   1.361550   2.863290   5.771860
  0.977530   2.507970   4.921270   1.326640   3.056860   4.156790
  1.265420   0.128890   2.956490   1.556890   0.756990   3.623070
  0.820910   5.152060   0.283070   0.302610   4.393300  -0.191120
  0.820910   5.152060   0.283070   0.131230   5.900120   0.494500
  0.820910   5.152060   0.283070   1.586300   5.488500  -0.276560
  0.820910   5.152060   0.283070   1.135510   4.769640   1.204020
 -2.635840   5.805840   1.847290  -2.387250   6.900060   1.881200
 -2.635840   5.805840   1.847290  -3.400520   5.629050   1.045580
 -2.635840   5.805840   1.847290  -3.058350   5.488390   2.835150
 -1.473800   5.116030   1.555780  -2.635840   5.805840   1.847290
 -1.131890   3.416210   1.907480  -1.473800   5.116030   1.555780
 -1.131890   3.416210   1.907480  -0.956230   3.126640   0.522190
 -1.131890   3.416210   1.907480  -2.297460   3.176860   2.617740
 -1.131890   3.416210   1.907480   0.105540   3.762860   2.520930
 -0.236130   0.155850   2.503080  -0.682130   1.546440   2.260230
 -0.236130   0.155850   2.503080  -1.062130  -0.597100   3.603340
 -0.236130   0.155850   2.503080   1.265420   0.128890   2.956490
 -0.246960  -0.789190   1.223510  -0.236130   0.155850   2.503080
 -0.255370  -0.162330  -0.043770  -0.246960  -0.789190   1.223510
 -0.255370  -0.162330  -0.043770  -1.137130  -0.561740  -0.611300
 -0.255370  -0.162330  -0.043770  -0.335910   0.953530   0.059950
 -0.255370  -0.162330  -0.043770   0.684030  -0.454310  -0.582680
