33 atoms follow (x y z r g b radiusScale)
 -0.061410  -0.016030  -0.006470   0.000000   1.000000   0.000000   1.850000
  1.029370  -0.202450  -0.181650   1.000000   1.000000   1.000000   1.200000
 -0.283630   1.083000   0.077070   1.000000   1.000000   1.000000   1.200000
 -0.655280  -0.472850  -0.839160   1.000000   1.000000   1.000000   1.200000
 -0.452040  -0.680870   1.175660   1.000000   0.000000   0.000000   1.400000
 -0.293940   0.126540   2.535510   0.500000   0.500000   0.500000   1.900000
  1.206750  -0.047020   2.987590   1.000000   0.000000   0.000000   1.400000
 -1.160850  -0.702420   3.548250   1.000000   0.000000   0.000000   1.400000
 -0.704920   1.546010   2.424890   1.000000   0.000000   0.000000   1.400000
 -1.178940   3.455010   1.896960   1.000000   1.000000   0.000000   1.850000
 -0.129000   3.915920   2.730080   1.000000   0.000000   0.000000   1.400000
 -2.457170   3.144900   2.327750   1.000000   0.000000   0.000000   1.400000
 -0.706890   3.155790   0.591940   1.000000   0.000000   0.000000   1.400000
 -1.540190   5.143510   1.416000   1.000000   0.000000   0.000000   1.400000
 -2.811100   5.686490   1.407890   0.000000   1.000000   0.000000   1.850000
 -3.347580   5.399160   0.464550   1.000000   1.000000   1.000000   1.200000
 -2.721030   6.804160   1.451440   1.000000   1.000000   1.000000   1.200000
 -3.405860   5.327820   2.288220   1.000000   1.000000   1.000000   1.200000
  0.876670   5.272310   0.485360   0.000000   0.000000   1.000000   1.540000
  0.609430   5.469590   1.470180   1.000000   1.000000   1.000000   1.200000
  1.495950   5.973670   0.103840   1.000000   1.000000   1.000000   1.200000
 -0.021540   5.203330  -0.031690   1.000000   1.000000   1.000000   1.200000
  1.295310   4.331770   0.467600   1.000000   1.000000   1.000000   1.200000
  1.531050   2.312760   4.698760   0.000000   0.000000   1.000000   1.540000
  1.526490   0.526900   3.699880   1.000000   1.000000   1.000000   1.200000
  0.990510   2.950810   4.142620   1.000000   1.000000   1.000000   1.200000
  2.434560   2.702460   4.862320   1.000000   1.000000   1.000000   1.200000
  1.077880   2.180770   5.578520   1.000000   1.000000   1.000000   1.200000
 -3.574310   0.937980   3.748480   0.000000   0.000000   1.000000   1.540000
 -2.077660  -0.416010   3.700130   1.000000   1.000000   1.000000   1.200000
 -3.808750   1.144820   2.796400   1.000000   1.000000   1.000000   1.200000
 -3.082630   1.737270   4.102850   1.000000   1.000000   1.000000   1.200000
 -4.418740   0.823920   4.268880   1.000000   1.000000   1.000000   1.200000
28 bonds follow (x1 y1 z1 x2 y2 z2)
 -3.574310   0.937980   3.748480  -4.418740   0.823920   4.268880
 -3.574310   0.937980   3.748480  -3.082630   1.737270   4.102850
 -3.574310   0.937980   3.748480  -3.808750   1.144820   2.796400
 -1.160850  -0.702420   3.548250  -2.077660  -0.416010   3.700130
  1.531050   2.312760   4.698760   1.077880   2.180770   5.578520
  1.531050   2.312760   4.698760   2.434560   2.702460   4.862320
  1.531050   2.312760   4.698760   0.990510   2.950810   4.142620
  1.206750  -0.047020   2.987590   1.526490   0.526900   3.699880
  0.876670   5.272310   0.485360   1.295310   4.331770   0.467600
  0.876670   5.272310   0.485360  -0.021540   5.203330  -0.031690
  0.876670   5.272310   0.485360   1.495950   5.973670   0.103840
  0.876670   5.272310   0.485360   0.609430   5.469590   1.470180
 -2.811100   5.686490   1.407890  -3.405860   5.327820   2.288220
 -2.811100   5.686490   1.407890  -2.721030   6.804160   1.451440
 -2.811100   5.686490   1.407890  -3.347580   5.399160   0.464550
 -1.540190   5.143510   1.416000  -2.811100   5.686490   1.407890
 -1.178940   3.455010   1.896960  -1.540190   5.143510   1.416000
 -1.178940   3.455010   1.896960  -0.706890   3.155790   0.591940
 -1.178940   3.455010   1.896960  -2.457170   3.144900   2.327750
 -1.178940   3.455010   1.896960  -0.129000   3.915920   2.730080
 -0.293940   0.126540   2.535510  -0.704920   1.546010   2.424890
 -0.293940   0.126540   2.535510  -1.160850  -0.702420   3.548250
 -0.293940   0.126540   2.535510   1.206750  -0.047020   2.987590
 -0.452040  -0.680870   1.175660  -0.293940   0.126540   2.535510
 -0.061410  -0.016030  -0.006470  -0.452040  -0.680870   1.175660
 -0.061410  -0.016030  -0.006470  -0.655280  -0.472850  -0.839160
 -0.061410  -0.016030  -0.006470  -0.283630   1.083000   0.077070
 -0.061410  -0.016030  -0.006470   1.029370  -0.202450  -0.181650
