33 atoms follow (x y z r g b radiusScale)
  0.017640  -0.019510   0.009200   0.000000   1.000000   0.000000   1.850000
  1.135900  -0.009630   0.035060   1.000000   1.000000   1.000000   1.200000
 -0.396950   1.024010   0.020980   1.000000   1.000000   1.000000   1.200000
 -0.349850  -0.587710  -0.881550   1.000000   1.000000   1.000000   1.200000
 -0.445930  -0.725470   1.148850   1.000000   0.000000   0.000000   1.400000
 -0.300630   0.032530   2.529550   0.500000   0.500000   0.500000   1.900000
  1.173100  -0.072660   3.024780   1.000000   0.000000   0.000000   1.400000
 -1.257830  -0.645400   3.555020   1.000000   0.000000   0.000000   1.400000
 -0.685060   1.483380   2.383090   1.000000   0.000000   0.000000   1.400000
 -1.128830   3.229980   2.031520   1.000000   1.000000   0.000000   1.850000
 -0.070880   3.773920   2.723210   1.000000   0.000000   0.000000   1.400000
 -2.398880   3.156740   2.543900   1.000000   0.000000   0.000000   1.400000
 -0.886110   3.134670   0.677060   1.000000   0.000000   0.000000   1.400000
 -1.859920   5.593390   1.660210   1.000000   0.000000   0.000000   1.400000
 -3.001860   5.776040   0.866530   0.000000   1.000000   0.000000   1.850000
 -2.782330   5.449350  -0.184320   1.000000   1.000000   1.000000   1.200000
 -3.301400   6.855410   0.868250   1.000000   1.000000   1.000000   1.200000
 -3.826390   5.164680   1.294180   1.000000   1.000000   1.000000   1.200000
  1.310280   5.656840   0.225410   0.000000   0.000000   1.000000   1.540000
  1.339540   5.391620   1.195200   1.000000   1.000000   1.000000   1.200000
 -1.074330   6.315940   1.471220   1.000000   1.000000   1.000000   1.200000
  0.533180   5.167160  -0.182970   1.000000   1.000000   1.000000   1.200000
  2.148830   5.321820  -0.206610   1.000000   1.000000   1.000000   1.200000
  1.647030   2.194230   4.674200   0.000000   0.000000   1.000000   1.540000
  1.524980   0.646800   3.596680   1.000000   1.000000   1.000000   1.200000
  1.288240   2.918460   4.077150   1.000000   1.000000   1.000000   1.200000
  2.613060   2.367710   4.856400   1.000000   1.000000   1.000000   1.200000
  1.149080   2.205770   5.539040   1.000000   1.000000   1.000000   1.200000
 -3.560880   0.983790   3.742840   0.000000   0.000000   1.000000   1.540000
 -2.128270  -0.225860   3.742490   1.000000   1.000000   1.000000   1.200000
 -3.845930   1.198290   2.807760   1.000000   1.000000   1.000000   1.200000
 -3.184270   1.822930   4.142370   1.000000   1.000000   1.000000   1.200000
 -4.357210   0.697200   4.271390   1.000000   1.000000   1.000000   1.200000
28 bonds follow (x1 y1 z1 x2 y2 z2)
 -3.560880   0.983790   3.742840  -4.357210   0.697200   4.271390
 -3.560880   0.983790   3.742840  -3.184270   1.822930   4.142370
 -3.560880   0.983790   3.742840  -3.845930   1.198290   2.807760
 -1.257830  -0.645400   3.555020  -2.128270  -0.225860   3.742490
  1.647030   2.194230   4.674200   1.149080   2.205770   5.539040
  1.647030   2.194230   4.674200   2.613060   2.367710   4.856400
  1.647030   2.194230   4.674200   1.288240   2.918460   4.077150
  1.173100  -0.072660   3.024780   1.524980   0.646800   3.596680
  1.310280   5.656840   0.225410   2.148830   5.321820  -0.206610
  1.310280   5.656840   0.225410   0.533180   5.167160  -0.182970
 -1.859920   5.593390   1.660210  -1.074330   6.315940   1.471220
  1.310280   5.656840   0.225410   1.339540   5.391620   1.195200
 -3.001860   5.776040   0.866530  -3.826390   5.164680   1.294180
 -3.001860   5.776040   0.866530  -3.301400   6.855410   0.868250
 -3.001860   5.776040   0.866530  -2.782330   5.449350  -0.184320
 -1.859920   5.593390   1.660210  -3.001860   5.776040   0.866530
 -1.128830   3.229980   2.031520  -0.886110   3.134670   0.677060
 -1.128830   3.229980   2.031520  -2.398880   3.156740   2.543900
 -1.128830   3.229980   2.031520  -0.070880   3.773920   2.723210
 -0.685060   1.483380   2.383090  -1.128830   3.229980   2.031520
 -0.300630   0.032530   2.529550  -0.685060   1.483380   2.383090
 -0.300630   0.032530   2.529550  -1.257830  -0.645400   3.555020
 -0.300630   0.032530   2.529550   1.173100  -0.072660   3.024780
 -0.445930  -0.725470   1.148850  -0.300630   0.032530   2.529550
  0.017640  -0.019510   0.009200  -0.445930  -0.725470   1.148850
  0.017640  -0.019510   0.009200  -0.349850  -0.587710  -0.881550
  0.017640  -0.019510   0.009200  -0.396950   1.024010   0.020980
  0.017640  -0.019510   0.009200   1.135900  -0.009630   0.035060
