33 atoms follow (x y z r g b radiusScale)
 -0.096340  -0.093300  -0.024700   0.000000   1.000000   0.000000   1.850000
  0.933200  -0.390030  -0.355850   1.000000   1.000000   1.000000   1.200000
 -0.193230   1.022060   0.076190   1.000000   1.000000   1.000000   1.200000
 -0.841890  -0.482030  -0.766910   1.000000   1.000000   1.000000   1.200000
 -0.376740  -0.727760   1.204570   1.000000   0.000000   0.000000   1.400000
 -0.311430   0.143470   2.531870   0.500000   0.500000   0.500000   1.900000
  1.177780  -0.018680   3.010130   1.000000   0.000000   0.000000   1.400000
 -1.147830  -0.659580   3.589500   1.000000   0.000000   0.000000   1.400000
 -0.680940   1.569340   2.359150   1.000000   0.000000   0.000000   1.400000
 -1.191370   3.440980   1.860550   1.000000   1.000000   0.000000   1.850000
 -0.137910   3.911700   2.686980   1.000000   0.000000   0.000000   1.400000
 -2.458070   3.074330   2.276110   1.000000   0.000000   0.000000   1.400000
 -0.726660   3.141030   0.552500   1.000000   0.000000   0.000000   1.400000
 -1.595110   5.132880   1.427700   1.000000   0.000000   0.000000   1.400000
 -2.817300   5.761660   1.561710   0.000000   1.000000   0.000000   1.850000
 -3.495230   5.485110   0.711170   1.000000   1.000000   1.000000   1.200000
 -2.646540   6.871270   1.544070   1.000000   1.000000   1.000000   1.200000
 -3.313270   5.478770   2.526600   1.000000   1.000000   1.000000   1.200000
  0.942320   5.277470   0.520940   0.000000   0.000000   1.000000   1.540000
  0.955310   5.281060   1.554570   1.000000   1.000000   1.000000   1.200000
  1.712530   5.785070   0.117030   1.000000   1.000000   1.000000   1.200000
  0.026290   5.670010   0.253920   1.000000   1.000000   1.000000   1.200000
  0.920960   4.276230   0.228610   1.000000   1.000000   1.000000   1.200000
  1.503940   2.323210   4.748470   0.000000   0.000000   1.000000   1.540000
  1.495250   0.595140   3.689020   1.000000   1.000000   1.000000   1.200000
  1.002700   2.930040   4.123520   1.000000   1.000000   1.000000   1.200000
  2.443000   2.647830   4.839500   1.000000   1.000000   1.000000   1.200000
  1.069570   2.349250   5.646600   1.000000   1.000000   1.000000   1.200000
 -3.521610   0.955770   3.704520   0.000000   0.000000   1.000000   1.540000
 -2.038040  -0.335040   3.815920   1.000000   1.000000   1.000000   1.200000
 -3.777620   1.111310   2.748340   1.000000   1.000000   1.000000   1.200000
 -3.091970   1.802480   4.029060   1.000000   1.000000   1.000000   1.200000
 -4.349280   0.788780   4.236770   1.000000   1.000000   1.000000   1.200000
28 bonds follow (x1 y1 z1 x2 y2 z2)
 -3.521610   0.955770   3.704520  -4.349280   0.788780   4.236770
 -3.521610   0.955770   3.704520  -3.091970   1.802480   4.029060
 -3.521610   0.955770   3.704520  -3.777620   1.111310   2.748340
 -1.147830  -0.659580   3.589500  -2.038040  -0.335040   3.815920
  1.503940   2.323210   4.748470   1.069570   2.349250   5.646600
  1.503940   2.323210   4.748470   2.443000   2.647830   4.839500
  1.503940   2.323210   4.748470   1.002700   2.930040   4.123520
  1.177780  -0.018680   3.010130   1.495250   0.595140   3.689020
  0.942320   5.277470   0.520940   0.920960   4.276230   0.228610
  0.942320   5.277470   0.520940   0.026290   5.670010   0.253920
  0.942320   5.277470   0.520940   1.712530   5.785070   0.117030
  0.942320   5.277470   0.520940   0.955310   5.281060   1.554570
 -2.817300   5.761660   1.561710  -3.313270   5.478770   2.526600
 -2.817300   5.761660   1.561710  -2.646540   6.871270   1.544070
 -2.817300   5.761660   1.561710  -3.495230   5.485110   0.711170
 -1.595110   5.132880   1.427700  -2.817300   5.761660   1.561710
 -1.191370   3.440980   1.860550  -1.595110   5.132880   1.427700
 -1.191370   3.440980   1.860550  -0.726660   3.141030   0.552500
 -1.191370   3.440980   1.860550  -2.458070   3.074330   2.276110
 -1.191370   3.440980   1.860550  -0.137910   3.911700   2.686980
 -0.311430   0.143470   2.531870  -0.680940   1.569340   2.359150
 -0.311430   0.143470   2.531870  -1.147830  -0.659580   3.589500
 -0.311430   0.143470   2.531870   1.177780  -0.018680   3.010130
 -0.376740  -0.727760   1.204570  -0.311430   0.143470   2.531870
 -0.096340  -0.093300  -0.024700  -0.376740  -0.727760   1.204570
 -0.096340  -0.093300  -0.024700  -0.841890  -0.482030  -0.766910
 -0.096340  -0.093300  -0.024700  -0.193230   1.022060   0.076190
 -0.096340  -0.093300  -0.024700   0.933200  -0.390030  -0.355850
