33 atoms follow (x y z r g b radiusScale)
  0.044280  -0.079550   0.031790   0.000000   1.000000   0.000000   1.850000
  1.161360  -0.020810   0.053130   1.000000   1.000000   1.000000   1.200000
 -0.417460   0.943800   0.016120   1.000000   1.000000   1.000000   1.200000
 -0.298070  -0.682220  -0.847010   1.000000   1.000000   1.000000   1.200000
 -0.388840  -0.775650   1.185230   1.000000   0.000000   0.000000   1.400000
 -0.317200   0.022110   2.547380   0.500000   0.500000   0.500000   1.900000
  1.158370  -0.136950   3.026570   1.000000   0.000000   0.000000   1.400000
 -1.244600  -0.722210   3.558270   1.000000   0.000000   0.000000   1.400000
 -0.695330   1.470800   2.358780   1.000000   0.000000   0.000000   1.400000
 -1.094860   3.250170   2.028050   1.000000   1.000000   0.000000   1.850000
 -0.117510   3.800230   2.811550   1.000000   0.000000   0.000000   1.400000
 -2.362070   3.122360   2.538640   1.000000   0.000000   0.000000   1.400000
 -0.955980   3.202050   0.663820   1.000000   0.000000   0.000000   1.400000
 -2.030470   5.786640   1.697490   1.000000   0.000000   0.000000   1.400000
 -3.147150   5.887500   0.815580   0.000000   1.000000   0.000000   1.850000
 -2.827540   5.746090  -0.248640   1.000000   1.000000   1.000000   1.200000
 -3.649310   6.877470   0.942380   1.000000   1.000000   1.000000   1.200000
 -3.806370   5.038820   1.161050   1.000000   1.000000   1.000000   1.200000
  1.601760   5.654810   0.098400   0.000000   0.000000   1.000000   1.540000
  1.459280   5.841040   1.068770   1.000000   1.000000   1.000000   1.200000
 -1.494500   6.386280   1.367060   1.000000   1.000000   1.000000   1.200000
  0.713100   5.671870  -0.358480   1.000000   1.000000   1.000000   1.200000
  2.002440   4.743890  -0.009530   1.000000   1.000000   1.000000   1.200000
  1.678020   2.153510   4.638330   0.000000   0.000000   1.000000   1.540000
  1.510690   0.464140   3.712150   1.000000   1.000000   1.000000   1.200000
  1.360770   2.892100   4.037530   1.000000   1.000000   1.000000   1.200000
  2.636060   2.309840   4.872670   1.000000   1.000000   1.000000   1.200000
  1.137250   2.167390   5.478130   1.000000   1.000000   1.000000   1.200000
 -3.555500   0.913560   3.771930   0.000000   0.000000   1.000000   1.540000
 -2.146030  -0.379430   3.738180   1.000000   1.000000   1.000000   1.200000
 -3.763550   1.164200   2.824230   1.000000   1.000000   1.000000   1.200000
 -3.143860   1.721110   4.201490   1.000000   1.000000   1.000000   1.200000
 -4.410100   0.699040   4.241810   1.000000   1.000000   1.000000   1.200000
28 bonds follow (x1 y1 z1 x2 y2 z2)
 -3.555500   0.913560   3.771930  -4.410100   0.699040   4.241810
 -3.555500   0.913560   3.771930  -3.143860   1.721110   4.201490
 -3.555500   0.913560   3.771930  -3.763550   1.164200   2.824230
 -1.244600  -0.722210   3.558270  -2.146030  -0.379430   3.738180
  1.678020   2.153510   4.638330   1.137250   2.167390   5.478130
  1.678020   2.153510   4.638330   2.636060   2.309840   4.872670
  1.678020   2.153510   4.638330   1.360770   2.892100   4.037530
  1.158370  -0.136950   3.026570   1.510690   0.464140   3.712150
  1.601760   5.654810   0.098400   2.002440   4.743890  -0.009530
  1.601760   5.654810   0.098400   0.713100   5.671870  -0.358480
 -2.030470   5.786640   1.697490  -1.494500   6.386280   1.367060
  1.601760   5.654810   0.098400   1.459280   5.841040   1.068770
 -3.147150   5.887500   0.815580  -3.806370   5.038820   1.161050
 -3.147150   5.887500   0.815580  -3.649310   6.877470   0.942380
 -3.147150   5.887500   0.815580  -2.827540   5.746090  -0.248640
 -2.030470   5.786640   1.697490  -3.147150   5.887500   0.815580
 -1.094860   3.250170   2.028050  -0.955980   3.202050   0.663820
 -1.094860   3.250170   2.028050  -2.362070   3.122360   2.538640
 -1.094860   3.250170   2.028050  -0.117510   3.800230   2.811550
 -0.695330   1.470800   2.358780  -1.094860   3.250170   2.028050
 -0.317200   0.022110   2.547380  -0.695330   1.470800   2.358780
 -0.317200   0.022110   2.547380  -1.244600  -0.722210   3.558270
 -0.317200   0.022110   2.547380   1.158370  -0.136950   3.026570
 -0.388840  -0.775650   1.185230  -0.317200   0.022110   2.547380
  0.044280  -0.079550   0.031790  -0.388840  -0.775650   1.185230
  0.044280  -0.079550   0.031790  -0.298070  -0.682220  -0.847010
  0.044280  -0.079550   0.031790  -0.417460   0.943800   0.016120
  0.044280  -0.079550   0.031790   1.161360  -0.020810   0.053130
