33 atoms follow (x y z r g b radiusScale)
 -0.202170  -0.148820  -0.057760   0.000000   1.000000   0.000000   1.850000
  0.743800  -0.512470  -0.538500   1.000000   1.000000   1.000000   1.200000
 -0.221790   0.971740   0.019160   1.000000   1.000000   1.000000   1.200000
 -1.076290  -0.513430  -0.658910   1.000000   1.000000   1.000000   1.200000
 -0.297810  -0.741360   1.221100   1.000000   0.000000   0.000000   1.400000
 -0.245960   0.177820   2.516970   0.500000   0.500000   0.500000   1.900000
  1.220830   0.015500   3.054560   1.000000   0.000000   0.000000   1.400000
 -1.179340  -0.484740   3.580120   1.000000   0.000000   0.000000   1.400000
 -0.664270   1.570120   2.228580   1.000000   0.000000   0.000000   1.400000
 -1.198700   3.393730   1.808570   1.000000   1.000000   0.000000   1.850000
 -0.123930   3.810600   2.651190   1.000000   0.000000   0.000000   1.400000
 -2.444710   3.112960   2.347310   1.000000   0.000000   0.000000   1.400000
 -0.730000   3.099760   0.495820   1.000000   0.000000   0.000000   1.400000
 -1.613790   5.053460   1.303280   1.000000   0.000000   0.000000   1.400000
 -2.742070   5.743460   1.717000   0.000000   1.000000   0.000000   1.850000
 -3.603900   5.518610   1.036180   1.000000   1.000000   1.000000   1.200000
 -2.514550   6.842160   1.672300   1.000000   1.000000   1.000000   1.200000
 -3.022430   5.465410   2.766310   1.000000   1.000000   1.000000   1.200000
  0.929140   5.279690   0.665150   0.000000   0.000000   1.000000   1.540000
  1.197970   4.561550   1.365350   1.000000   1.000000   1.000000   1.200000
  1.725260   5.660140   0.186050   1.000000   1.000000   1.000000   1.200000
  0.373530   5.994220   1.165810   1.000000   1.000000   1.000000   1.200000
  0.265360   4.803150   0.009930   1.000000   1.000000   1.000000   1.200000
  1.460570   2.383000   4.793170   0.000000   0.000000   1.000000   1.540000
  1.573220   0.685740   3.658140   1.000000   1.000000   1.000000   1.200000
  0.909640   2.942160   4.166230   1.000000   1.000000   1.000000   1.200000
  2.350440   2.817700   4.915470   1.000000   1.000000   1.000000   1.200000
  1.002730   2.343370   5.679560   1.000000   1.000000   1.000000   1.200000
 -3.639720   0.956500   3.728760   0.000000   0.000000   1.000000   1.540000
 -2.084330  -0.132950   3.703670   1.000000   1.000000   1.000000   1.200000
 -3.851150   1.188790   2.777530   1.000000   1.000000   1.000000   1.200000
 -3.243550   1.776420   4.147950   1.000000   1.000000   1.000000   1.200000
 -4.484000   0.720410   4.205130   1.000000   1.000000   1.000000   1.200000
29 bonds follow (x1 y1 z1 x2 y2 z2)
 -3.639720   0.956500   3.728760  -4.484000   0.720410   4.205130
 -3.639720   0.956500   3.728760  -3.243550   1.776420   4.147950
 -3.639720   0.956500   3.728760  -3.851150   1.188790   2.777530
 -1.179340  -0.484740   3.580120  -2.084330  -0.132950   3.703670
  1.460570   2.383000   4.793170   1.002730   2.343370   5.679560
  1.460570   2.383000   4.793170   2.350440   2.817700   4.915470
  1.460570   2.383000   4.793170   0.909640   2.942160   4.166230
  1.220830   0.015500   3.054560   1.573220   0.685740   3.658140
  0.929140   5.279690   0.665150   0.265360   4.803150   0.009930
  0.929140   5.279690   0.665150   0.373530   5.994220   1.165810
  0.929140   5.279690   0.665150   1.725260   5.660140   0.186050
  0.929140   5.279690   0.665150   1.197970   4.561550   1.365350
 -2.742070   5.743460   1.717000  -3.022430   5.465410   2.766310
 -2.742070   5.743460   1.717000  -2.514550   6.842160   1.672300
 -2.742070   5.743460   1.717000  -3.603900   5.518610   1.036180
 -1.613790   5.053460   1.303280  -2.742070   5.743460   1.717000
 -1.198700   3.393730   1.808570  -1.613790   5.053460   1.303280
 -1.198700   3.393730   1.808570  -0.730000   3.099760   0.495820
 -1.198700   3.393730   1.808570  -2.444710   3.112960   2.347310
 -1.198700   3.393730   1.808570  -0.123930   3.810600   2.651190
 -0.664270   1.570120   2.228580  -1.198700   3.393730   1.808570
 -0.245960   0.177820   2.516970  -0.664270   1.570120   2.228580
 -0.245960   0.177820   2.516970  -1.179340  -0.484740   3.580120
 -0.245960   0.177820   2.516970   1.220830   0.015500   3.054560
 -0.297810  -0.741360   1.221100  -0.245960   0.177820   2.516970
 -0.202170  -0.148820  -0.057760  -0.297810  -0.741360   1.221100
 -0.202170  -0.148820  -0.057760  -1.076290  -0.513430  -0.658910
 -0.202170  -0.148820  -0.057760  -0.221790   0.971740   0.019160
 -0.202170  -0.148820  -0.057760   0.743800  -0.512470  -0.538500
