33 atoms follow (x y z r g b radiusScale)
 -0.548260  -0.135660  -0.023100   0.000000   1.000000   0.000000   1.850000
  0.270460  -0.352720  -0.758890   1.000000   1.000000   1.000000   1.200000
 -0.705280   0.971400   0.084320   1.000000   1.000000   1.000000   1.200000
 -1.487310  -0.643850  -0.368780   1.000000   1.000000   1.000000   1.200000
 -0.170380  -0.715480   1.206590   1.000000   0.000000   0.000000   1.400000
 -0.163030   0.177480   2.517880   0.500000   0.500000   0.500000   1.900000
  1.300130   0.039860   3.079160   1.000000   0.000000   0.000000   1.400000
 -1.085760  -0.617510   3.508220   1.000000   0.000000   0.000000   1.400000
 -0.588570   1.582690   2.311220   1.000000   0.000000   0.000000   1.400000
 -1.187420   3.421750   1.861340   1.000000   1.000000   0.000000   1.850000
 -0.095110   3.942550   2.613110   1.000000   0.000000   0.000000   1.400000
 -2.414420   3.111050   2.434030   1.000000   0.000000   0.000000   1.400000
 -0.786070   3.099130   0.532290   1.000000   0.000000   0.000000   1.400000
 -1.570800   5.073410   1.294040   1.000000   0.000000   0.000000   1.400000
 -2.494700   5.881770   1.924150   0.000000   1.000000   0.000000   1.850000
 -3.380880   5.282990   2.264010   1.000000   1.000000   1.000000   1.200000
 -2.835200   6.667510   1.198810   1.000000   1.000000   1.000000   1.200000
 -2.027240   6.384070   2.813630   1.000000   1.000000   1.000000   1.200000
  0.886020   5.178920   0.307090   0.000000   0.000000   1.000000   1.540000
  0.905500   5.187870   1.356900   1.000000   1.000000   1.000000   1.200000
  1.636210   5.716150  -0.100160   1.000000   1.000000   1.000000   1.200000
 -0.049790   5.545350   0.044310   1.000000   1.000000   1.000000   1.200000
  0.895640   4.194110   0.022180   1.000000   1.000000   1.000000   1.200000
  1.098530   2.408880   4.968200   0.000000   0.000000   1.000000   1.540000
  1.550510   0.603140   3.820770   1.000000   1.000000   1.000000   1.200000
  0.830780   3.058730   4.250230   1.000000   1.000000   1.000000   1.200000
  1.845810   2.799170   5.501830   1.000000   1.000000   1.000000   1.200000
  0.320220   2.260850   5.576260   1.000000   1.000000   1.000000   1.200000
 -3.686740   0.799180   3.506530   0.000000   0.000000   1.000000   1.540000
 -2.010220  -0.338040   3.612960   1.000000   1.000000   1.000000   1.200000
 -3.979860   0.937540   2.561120   1.000000   1.000000   1.000000   1.200000
 -3.424910   1.694060   3.874990   1.000000   1.000000   1.000000   1.200000
 -4.449890   0.430560   4.033640   1.000000   1.000000   1.000000   1.200000
28 bonds follow (x1 y1 z1 x2 y2 z2)
 -3.686740   0.799180   3.506530  -4.449890   0.430560   4.033640
 -3.686740   0.799180   3.506530  -3.424910   1.694060   3.874990
 -3.686740   0.799180   3.506530  -3.979860   0.937540   2.561120
 -1.085760  -0.617510   3.508220  -2.010220  -0.338040   3.612960
  1.098530   2.408880   4.968200   0.320220   2.260850   5.576260
  1.098530   2.408880   4.968200   1.845810   2.799170   5.501830
  1.098530   2.408880   4.968200   0.830780   3.058730   4.250230
  1.300130   0.039860   3.079160   1.550510   0.603140   3.820770
  0.886020   5.178920   0.307090   0.895640   4.194110   0.022180
  0.886020   5.178920   0.307090  -0.049790   5.545350   0.044310
  0.886020   5.178920   0.307090   1.636210   5.716150  -0.100160
  0.886020   5.178920   0.307090   0.905500   5.187870   1.356900
 -2.494700   5.881770   1.924150  -2.027240   6.384070   2.813630
 -2.494700   5.881770   1.924150  -2.835200   6.667510   1.198810
 -2.494700   5.881770   1.924150  -3.380880   5.282990   2.264010
 -1.570800   5.073410   1.294040  -2.494700   5.881770   1.924150
 -1.187420   3.421750   1.861340  -1.570800   5.073410   1.294040
 -1.187420   3.421750   1.861340  -0.786070   3.099130   0.532290
 -1.187420   3.421750   1.861340  -2.414420   3.111050   2.434030
 -1.187420   3.421750   1.861340  -0.095110   3.942550   2.613110
 -0.163030   0.177480   2.517880  -0.588570   1.582690   2.311220
 -0.163030   0.177480   2.517880  -1.085760  -0.617510   3.508220
 -0.163030   0.177480   2.517880   1.300130   0.039860   3.079160
 -0.170380  -0.715480   1.206590  -0.163030   0.177480   2.517880
 -0.548260  -0.135660  -0.023100  -0.170380  -0.715480   1.206590
 -0.548260  -0.135660  -0.023100  -1.487310  -0.643850  -0.368780
 -0.548260  -0.135660  -0.023100  -0.705280   0.971400   0.084320
 -0.548260  -0.135660  -0.023100   0.270460  -0.352720  -0.758890
