33 atoms follow (x y z r g b radiusScale)
  0.314350  -0.168870   0.066670   0.000000   1.000000   0.000000   1.850000
  1.408820  -0.293290   0.262150   1.000000   1.000000   1.000000   1.200000
  0.035130   0.914440  -0.017410   1.000000   1.000000   1.000000   1.200000
  0.006690  -0.737340  -0.846370   1.000000   1.000000   1.000000   1.200000
 -0.401010  -0.743830   1.145980   1.000000   0.000000   0.000000   1.400000
 -0.289270   0.002910   2.527840   0.500000   0.500000   0.500000   1.900000
  1.203620  -0.148310   2.949310   1.000000   0.000000   0.000000   1.400000
 -1.218570  -0.740680   3.529460   1.000000   0.000000   0.000000   1.400000
 -0.677500   1.456260   2.399140   1.000000   0.000000   0.000000   1.400000
 -1.169100   3.189470   2.172300   1.000000   1.000000   0.000000   1.850000
 -0.355840   3.712480   3.147660   1.000000   0.000000   0.000000   1.400000
 -2.511400   3.055900   2.440720   1.000000   0.000000   0.000000   1.400000
 -0.725920   3.321630   0.880510   1.000000   0.000000   0.000000   1.400000
 -2.375630   6.307100   1.446020   1.000000   0.000000   0.000000   1.400000
 -3.694090   6.193760   0.921990   0.000000   1.000000   0.000000   1.850000
 -3.893900   6.987390   0.167430   1.000000   1.000000   1.000000   1.200000
 -4.443260   6.229360   1.740790   1.000000   1.000000   1.000000   1.200000
 -3.670800   5.186120   0.419090   1.000000   1.000000   1.000000   1.200000
  2.339190   5.195790  -0.190810   0.000000   0.000000   1.000000   1.540000
  2.115140   5.861910   0.522410   1.000000   1.000000   1.000000   1.200000
 -2.400760   7.050340   1.880000   1.000000   1.000000   1.000000   1.200000
  2.227490   5.647150  -1.078330   1.000000   1.000000   1.000000   1.200000
  1.666090   4.451710  -0.133110   1.000000   1.000000   1.000000   1.200000
  1.824730   2.174800   4.406710   0.000000   0.000000   1.000000   1.540000
  1.628370   0.511430   3.541100   1.000000   1.000000   1.000000   1.200000
  1.522870   2.881350   3.759770   1.000000   1.000000   1.000000   1.200000
  2.776500   2.344480   4.656510   1.000000   1.000000   1.000000   1.200000
  1.260040   2.242040   5.228240   1.000000   1.000000   1.000000   1.200000
 -3.641610   0.775630   3.840820   0.000000   0.000000   1.000000   1.540000
 -2.117570  -0.394910   3.715340   1.000000   1.000000   1.000000   1.200000
 -3.633910   1.228500   2.944570   1.000000   1.000000   1.000000   1.200000
 -3.443290   1.472630   4.530230   1.000000   1.000000   1.000000   1.200000
 -4.556990   0.412280   4.007310   1.000000   1.000000   1.000000   1.200000
28 bonds follow (x1 y1 z1 x2 y2 z2)
 -3.641610   0.775630   3.840820  -4.556990   0.412280   4.007310
 -3.641610   0.775630   3.840820  -3.443290   1.472630   4.530230
 -3.641610   0.775630   3.840820  -3.633910   1.228500   2.944570
 -1.218570  -0.740680   3.529460  -2.117570  -0.394910   3.715340
  1.824730   2.174800   4.406710   1.260040   2.242040   5.228240
  1.824730   2.174800   4.406710   2.776500   2.344480   4.656510
  1.824730   2.174800   4.406710   1.522870   2.881350   3.759770
  1.203620  -0.148310   2.949310   1.628370   0.511430   3.541100
  2.339190   5.195790  -0.190810   1.666090   4.451710  -0.133110
  2.339190   5.195790  -0.190810   2.227490   5.647150  -1.078330
 -2.375630   6.307100   1.446020  -2.400760   7.050340   1.880000
  2.339190   5.195790  -0.190810   2.115140   5.861910   0.522410
 -3.694090   6.193760   0.921990  -3.670800   5.186120   0.419090
 -3.694090   6.193760   0.921990  -4.443260   6.229360   1.740790
 -3.694090   6.193760   0.921990  -3.893900   6.987390   0.167430
 -2.375630   6.307100   1.446020  -3.694090   6.193760   0.921990
 -1.169100   3.189470   2.172300  -0.725920   3.321630   0.880510
 -1.169100   3.189470   2.172300  -2.511400   3.055900   2.440720
 -1.169100   3.189470   2.172300  -0.355840   3.712480   3.147660
 -0.677500   1.456260   2.399140  -1.169100   3.189470   2.172300
 -0.289270   0.002910   2.527840  -0.677500   1.456260   2.399140
 -0.289270   0.002910   2.527840  -1.218570  -0.740680   3.529460
 -0.289270   0.002910   2.527840   1.203620  -0.148310   2.949310
 -0.401010  -0.743830   1.145980  -0.289270   0.002910   2.527840
  0.314350  -0.168870   0.066670  -0.401010  -0.743830   1.145980
  0.314350  -0.168870   0.066670   0.006690  -0.737340  -0.846370
  0.314350  -0.168870   0.066670   0.035130   0.914440  -0.017410
  0.314350  -0.168870   0.066670   1.408820  -0.293290   0.262150
