33 atoms follow (x y z r g b radiusScale)
 -0.184230  -0.137240  -0.047940   0.000000   1.000000   0.000000   1.850000
  0.768430  -0.506280  -0.511000   1.000000   1.000000   1.000000   1.200000
 -0.195410   0.983430   0.037190   1.000000   1.000000   1.000000   1.200000
 -1.048140  -0.487090  -0.671930   1.000000   1.000000   1.000000   1.200000
 -0.316090  -0.741690   1.221600   1.000000   0.000000   0.000000   1.400000
 -0.247620   0.169870   2.519220   0.500000   0.500000   0.500000   1.900000
  1.225960   0.009950   3.050290   1.000000   0.000000   0.000000   1.400000
 -1.186930  -0.495810   3.574950   1.000000   0.000000   0.000000   1.400000
 -0.663000   1.566050   2.241670   1.000000   0.000000   0.000000   1.400000
 -1.205410   3.398600   1.812300   1.000000   1.000000   0.000000   1.850000
 -0.135870   3.812580   2.663010   1.000000   0.000000   0.000000   1.400000
 -2.447870   3.122390   2.352130   1.000000   0.000000   0.000000   1.400000
 -0.736920   3.107910   0.505050   1.000000   0.000000   0.000000   1.400000
 -1.600880   5.070080   1.299570   1.000000   0.000000   0.000000   1.400000
 -2.748670   5.733420   1.698650   0.000000   1.000000   0.000000   1.850000
 -3.591050   5.501700   0.995930   1.000000   1.000000   1.000000   1.200000
 -2.544770   6.837170   1.675770   1.000000   1.000000   1.000000   1.200000
 -3.046960   5.431750   2.736240   1.000000   1.000000   1.000000   1.200000
  0.931340   5.282450   0.646980   0.000000   0.000000   1.000000   1.540000
  1.153320   4.605330   1.412330   1.000000   1.000000   1.000000   1.200000
  1.761260   5.682230   0.243650   1.000000   1.000000   1.000000   1.200000
  0.308370   5.998350   1.060120   1.000000   1.000000   1.000000   1.200000
  0.360240   4.769390  -0.044530   1.000000   1.000000   1.000000   1.200000
  1.467780   2.370400   4.790290   0.000000   0.000000   1.000000   1.540000
  1.586520   0.691860   3.634520   1.000000   1.000000   1.000000   1.200000
  0.926630   2.909760   4.137800   1.000000   1.000000   1.000000   1.200000
  2.365990   2.793920   4.890340   1.000000   1.000000   1.000000   1.200000
  1.010220   2.385810   5.677440   1.000000   1.000000   1.000000   1.200000
 -3.620140   0.952910   3.727480   0.000000   0.000000   1.000000   1.540000
 -2.085840  -0.132140   3.713120   1.000000   1.000000   1.000000   1.200000
 -3.822480   1.159920   2.768360   1.000000   1.000000   1.000000   1.200000
 -3.214990   1.780260   4.124000   1.000000   1.000000   1.000000   1.200000
 -4.471360   0.744710   4.204350   1.000000   1.000000   1.000000   1.200000
28 bonds follow (x1 y1 z1 x2 y2 z2)
 -3.620140   0.952910   3.727480  -4.471360   0.744710   4.204350
 -3.620140   0.952910   3.727480  -3.214990   1.780260   4.124000
 -3.620140   0.952910   3.727480  -3.822480   1.159920   2.768360
 -1.186930  -0.495810   3.574950  -2.085840  -0.132140   3.713120
  1.467780   2.370400   4.790290   1.010220   2.385810   5.677440
  1.467780   2.370400   4.790290   2.365990   2.793920   4.890340
  1.467780   2.370400   4.790290   0.926630   2.909760   4.137800
  1.225960   0.009950   3.050290   1.586520   0.691860   3.634520
  0.931340   5.282450   0.646980   0.360240   4.769390  -0.044530
  0.931340   5.282450   0.646980   0.308370   5.998350   1.060120
  0.931340   5.282450   0.646980   1.761260   5.682230   0.243650
  0.931340   5.282450   0.646980   1.153320   4.605330   1.412330
 -2.748670   5.733420   1.698650  -3.046960   5.431750   2.736240
 -2.748670   5.733420   1.698650  -2.544770   6.837170   1.675770
 -2.748670   5.733420   1.698650  -3.591050   5.501700   0.995930
 -1.600880   5.070080   1.299570  -2.748670   5.733420   1.698650
 -1.205410   3.398600   1.812300  -1.600880   5.070080   1.299570
 -1.205410   3.398600   1.812300  -0.736920   3.107910   0.505050
 -1.205410   3.398600   1.812300  -2.447870   3.122390   2.352130
 -1.205410   3.398600   1.812300  -0.135870   3.812580   2.663010
 -0.247620   0.169870   2.519220  -0.663000   1.566050   2.241670
 -0.247620   0.169870   2.519220  -1.186930  -0.495810   3.574950
 -0.247620   0.169870   2.519220   1.225960   0.009950   3.050290
 -0.316090  -0.741690   1.221600  -0.247620   0.169870   2.519220
 -0.184230  -0.137240  -0.047940  -0.316090  -0.741690   1.221600
 -0.184230  -0.137240  -0.047940  -1.048140  -0.487090  -0.671930
 -0.184230  -0.137240  -0.047940  -0.195410   0.983430   0.037190
 -0.184230  -0.137240  -0.047940   0.768430  -0.506280  -0.511000
