33 atoms follow (x y z r g b radiusScale)
 -0.190840  -0.141610  -0.051850   0.000000   1.000000   0.000000   1.850000
  0.758960  -0.509410  -0.521430   1.000000   1.000000   1.000000   1.200000
 -0.204320   0.979420   0.029790   1.000000   1.000000   1.000000   1.200000
 -1.058970  -0.496640  -0.667230   1.000000   1.000000   1.000000   1.200000
 -0.309480  -0.741200   1.221440   1.000000   0.000000   0.000000   1.400000
 -0.246500   0.173260   2.518520   0.500000   0.500000   0.500000   1.900000
  1.223930   0.011790   3.052430   1.000000   0.000000   0.000000   1.400000
 -1.184260  -0.490770   3.576420   1.000000   0.000000   0.000000   1.400000
 -0.663660   1.567290   2.236230   1.000000   0.000000   0.000000   1.400000
 -1.202960   3.397110   1.810510   1.000000   1.000000   0.000000   1.850000
 -0.131420   3.809990   2.659760   1.000000   0.000000   0.000000   1.400000
 -2.445810   3.120260   2.350580   1.000000   0.000000   0.000000   1.400000
 -0.734290   3.103650   0.501660   1.000000   0.000000   0.000000   1.400000
 -1.606160   5.063330   1.300110   1.000000   0.000000   0.000000   1.400000
 -2.747080   5.737590   1.705850   0.000000   1.000000   0.000000   1.850000
 -3.596610   5.508320   1.011280   1.000000   1.000000   1.000000   1.200000
 -2.533420   6.839160   1.674880   1.000000   1.000000   1.000000   1.200000
 -3.037680   5.443620   2.747960   1.000000   1.000000   1.000000   1.200000
  0.929910   5.281760   0.655130   0.000000   0.000000   1.000000   1.540000
  1.169450   4.589940   1.392210   1.000000   1.000000   1.000000   1.200000
  1.754790   5.672360   0.219750   1.000000   1.000000   1.000000   1.200000
  0.339010   5.991220   1.096960   1.000000   1.000000   1.000000   1.200000
  0.319960   4.785260  -0.029130   1.000000   1.000000   1.000000   1.200000
  1.465040   2.374810   4.791510   0.000000   0.000000   1.000000   1.540000
  1.588620   0.690450   3.637710   1.000000   1.000000   1.000000   1.200000
  0.919950   2.918580   4.145930   1.000000   1.000000   1.000000   1.200000
  2.359570   2.804130   4.898720   1.000000   1.000000   1.000000   1.200000
  1.006760   2.373230   5.678460   1.000000   1.000000   1.000000   1.200000
 -3.627800   0.953830   3.728180   0.000000   0.000000   1.000000   1.540000
 -2.085330  -0.130690   3.710320   1.000000   1.000000   1.000000   1.200000
 -3.833170   1.171110   2.772030   1.000000   1.000000   1.000000   1.200000
 -3.224570   1.777760   4.133340   1.000000   1.000000   1.000000   1.200000
 -4.476660   0.736270   4.205030   1.000000   1.000000   1.000000   1.200000
28 bonds follow (x1 y1 z1 x2 y2 z2)
 -3.627800   0.953830   3.728180  -4.476660   0.736270   4.205030
 -3.627800   0.953830   3.728180  -3.224570   1.777760   4.133340
 -3.627800   0.953830   3.728180  -3.833170   1.171110   2.772030
 -1.184260  -0.490770   3.576420  -2.085330  -0.130690   3.710320
  1.465040   2.374810   4.791510   1.006760   2.373230   5.678460
  1.465040   2.374810   4.791510   2.359570   2.804130   4.898720
  1.465040   2.374810   4.791510   0.919950   2.918580   4.145930
  1.223930   0.011790   3.052430   1.588620   0.690450   3.637710
  0.929910   5.281760   0.655130   0.319960   4.785260  -0.029130
  0.929910   5.281760   0.655130   0.339010   5.991220   1.096960
  0.929910   5.281760   0.655130   1.754790   5.672360   0.219750
  0.929910   5.281760   0.655130   1.169450   4.589940   1.392210
 -2.747080   5.737590   1.705850  -3.037680   5.443620   2.747960
 -2.747080   5.737590   1.705850  -2.533420   6.839160   1.674880
 -2.747080   5.737590   1.705850  -3.596610   5.508320   1.011280
 -1.606160   5.063330   1.300110  -2.747080   5.737590   1.705850
 -1.202960   3.397110   1.810510  -1.606160   5.063330   1.300110
 -1.202960   3.397110   1.810510  -0.734290   3.103650   0.501660
 -1.202960   3.397110   1.810510  -2.445810   3.120260   2.350580
 -1.202960   3.397110   1.810510  -0.131420   3.809990   2.659760
 -0.246500   0.173260   2.518520  -0.663660   1.567290   2.236230
 -0.246500   0.173260   2.518520  -1.184260  -0.490770   3.576420
 -0.246500   0.173260   2.518520   1.223930   0.011790   3.052430
 -0.309480  -0.741200   1.221440  -0.246500   0.173260   2.518520
 -0.190840  -0.141610  -0.051850  -0.309480  -0.741200   1.221440
 -0.190840  -0.141610  -0.051850  -1.058970  -0.496640  -0.667230
 -0.190840  -0.141610  -0.051850  -0.204320   0.979420   0.029790
 -0.190840  -0.141610  -0.051850   0.758960  -0.509410  -0.521430
