33 atoms follow (x y z r g b radiusScale)
 -0.380490  -0.209960  -0.031860   0.000000   1.000000   0.000000   1.850000
  0.566450  -0.381970  -0.608030   1.000000   1.000000   1.000000   1.200000
 -0.601600   0.888410   0.053130   1.000000   1.000000   1.000000   1.200000
 -1.219640  -0.746890  -0.546760   1.000000   1.000000   1.000000   1.200000
 -0.229350  -0.797270   1.245420   1.000000   0.000000   0.000000   1.400000
 -0.223820   0.146170   2.528980   0.500000   0.500000   0.500000   1.900000
  1.232850   0.093530   3.107540   1.000000   0.000000   0.000000   1.400000
 -1.168590  -0.554130   3.562800   1.000000   0.000000   0.000000   1.400000
 -0.606340   1.542670   2.210760   1.000000   0.000000   0.000000   1.400000
 -1.187620   3.395460   1.773720   1.000000   1.000000   0.000000   1.850000
 -0.139220   3.830080   2.616760   1.000000   0.000000   0.000000   1.400000
 -2.443010   3.045880   2.249520   1.000000   0.000000   0.000000   1.400000
 -0.735380   3.167300   0.454840   1.000000   0.000000   0.000000   1.400000
 -1.587880   5.106740   1.374900   1.000000   0.000000   0.000000   1.400000
 -2.685210   5.784540   1.876070   0.000000   1.000000   0.000000   1.850000
 -3.614640   5.459120   1.339970   1.000000   1.000000   1.000000   1.200000
 -2.530290   6.883640   1.713830   1.000000   1.000000   1.000000   1.200000
 -2.808540   5.584130   2.972400   1.000000   1.000000   1.000000   1.200000
  0.951510   5.299480   0.588640   0.000000   0.000000   1.000000   1.540000
  1.492430   4.554910   1.040710   1.000000   1.000000   1.000000   1.200000
  1.527920   6.076050   0.302720   1.000000   1.000000   1.000000   1.200000
  0.231140   5.599750   1.284790   1.000000   1.000000   1.000000   1.200000
  0.438290   4.878130  -0.192270   1.000000   1.000000   1.000000   1.200000
  1.356960   2.436930   4.834430   0.000000   0.000000   1.000000   1.540000
  1.481010   0.775020   3.753510   1.000000   1.000000   1.000000   1.200000
  0.898140   2.979660   4.124540   1.000000   1.000000   1.000000   1.200000
  2.286900   2.779180   4.953760   1.000000   1.000000   1.000000   1.200000
  0.864340   2.547880   5.695150   1.000000   1.000000   1.000000   1.200000
 -3.658590   0.949040   3.708750   0.000000   0.000000   1.000000   1.540000
 -2.051900  -0.184390   3.740060   1.000000   1.000000   1.000000   1.200000
 -3.672150   1.144530   2.724540   1.000000   1.000000   1.000000   1.200000
 -3.324160   1.778450   4.160950   1.000000   1.000000   1.000000   1.200000
 -4.593950   0.774520   4.011120   1.000000   1.000000   1.000000   1.200000
28 bonds follow (x1 y1 z1 x2 y2 z2)
 -3.658590   0.949040   3.708750  -4.593950   0.774520   4.011120
 -3.658590   0.949040   3.708750  -3.324160   1.778450   4.160950
 -3.658590   0.949040   3.708750  -3.672150   1.144530   2.724540
 -1.168590  -0.554130   3.562800  -2.051900  -0.184390   3.740060
  1.356960   2.436930   4.834430   0.864340   2.547880   5.695150
  1.356960   2.436930   4.834430   2.286900   2.779180   4.953760
  1.356960   2.436930   4.834430   0.898140   2.979660   4.124540
  1.232850   0.093530   3.107540   1.481010   0.775020   3.753510
  0.951510   5.299480   0.588640   0.438290   4.878130  -0.192270
  0.951510   5.299480   0.588640   0.231140   5.599750   1.284790
  0.951510   5.299480   0.588640   1.527920   6.076050   0.302720
  0.951510   5.299480   0.588640   1.492430   4.554910   1.040710
 -2.685210   5.784540   1.876070  -2.808540   5.584130   2.972400
 -2.685210   5.784540   1.876070  -2.530290   6.883640   1.713830
 -2.685210   5.784540   1.876070  -3.614640   5.459120   1.339970
 -1.587880   5.106740   1.374900  -2.685210   5.784540   1.876070
 -1.187620   3.395460   1.773720  -1.587880   5.106740   1.374900
 -1.187620   3.395460   1.773720  -0.735380   3.167300   0.454840
 -1.187620   3.395460   1.773720  -2.443010   3.045880   2.249520
 -1.187620   3.395460   1.773720  -0.139220   3.830080   2.616760
 -0.223820   0.146170   2.528980  -0.606340   1.542670   2.210760
 -0.223820   0.146170   2.528980  -1.168590  -0.554130   3.562800
 -0.223820   0.146170   2.528980   1.232850   0.093530   3.107540
 -0.229350  -0.797270   1.245420  -0.223820   0.146170   2.528980
 -0.380490  -0.209960  -0.031860  -0.229350  -0.797270   1.245420
 -0.380490  -0.209960  -0.031860  -1.219640  -0.746890  -0.546760
 -0.380490  -0.209960  -0.031860  -0.601600   0.888410   0.053130
 -0.380490  -0.209960  -0.031860   0.566450  -0.381970  -0.608030
