33 atoms follow (x y z r g b radiusScale)
 -0.101500  -0.095290  -0.022660   0.000000   1.000000   0.000000   1.850000
  0.921130  -0.400810  -0.367350   1.000000   1.000000   1.000000   1.200000
 -0.185270   1.020690   0.083890   1.000000   1.000000   1.000000   1.200000
 -0.859670  -0.471940  -0.758190   1.000000   1.000000   1.000000   1.200000
 -0.372840  -0.733710   1.206920   1.000000   0.000000   0.000000   1.400000
 -0.308050   0.142940   2.530500   0.500000   0.500000   0.500000   1.900000
  1.183620  -0.012200   3.008810   1.000000   0.000000   0.000000   1.400000
 -1.153770  -0.649270   3.589370   1.000000   0.000000   0.000000   1.400000
 -0.675540   1.568420   2.350230   1.000000   0.000000   0.000000   1.400000
 -1.195680   3.438300   1.856680   1.000000   1.000000   0.000000   1.850000
 -0.143570   3.913680   2.684960   1.000000   0.000000   0.000000   1.400000
 -2.460520   3.072610   2.283210   1.000000   0.000000   0.000000   1.400000
 -0.738130   3.140030   0.548390   1.000000   0.000000   0.000000   1.400000
 -1.588570   5.124350   1.418990   1.000000   0.000000   0.000000   1.400000
 -2.807920   5.754400   1.573790   0.000000   1.000000   0.000000   1.850000
 -3.497970   5.480820   0.732110   1.000000   1.000000   1.000000   1.200000
 -2.633020   6.863660   1.556660   1.000000   1.000000   1.000000   1.200000
 -3.288060   5.468620   2.545750   1.000000   1.000000   1.000000   1.200000
  0.949840   5.282390   0.527190   0.000000   0.000000   1.000000   1.540000
  0.983100   5.224910   1.564630   1.000000   1.000000   1.000000   1.200000
  1.719110   5.805180   0.137760   1.000000   1.000000   1.000000   1.200000
  0.031180   5.713720   0.304960   1.000000   1.000000   1.000000   1.200000
  0.900220   4.307910   0.179610   1.000000   1.000000   1.000000   1.200000
  1.502070   2.328250   4.751270   0.000000   0.000000   1.000000   1.540000
  1.475770   0.573860   3.722610   1.000000   1.000000   1.000000   1.200000
  1.004630   2.951790   4.139950   1.000000   1.000000   1.000000   1.200000
  2.444800   2.640380   4.846200   1.000000   1.000000   1.000000   1.200000
  1.070590   2.337230   5.651040   1.000000   1.000000   1.000000   1.200000
 -3.523570   0.959480   3.703230   0.000000   0.000000   1.000000   1.540000
 -2.042780  -0.313750   3.808600   1.000000   1.000000   1.000000   1.200000
 -3.780680   1.108930   2.746490   1.000000   1.000000   1.000000   1.200000
 -3.111110   1.814170   4.028870   1.000000   1.000000   1.000000   1.200000
 -4.347860   0.773910   4.234370   1.000000   1.000000   1.000000   1.200000
28 bonds follow (x1 y1 z1 x2 y2 z2)
 -3.523570   0.959480   3.703230  -4.347860   0.773910   4.234370
 -3.523570   0.959480   3.703230  -3.111110   1.814170   4.028870
 -3.523570   0.959480   3.703230  -3.780680   1.108930   2.746490
 -1.153770  -0.649270   3.589370  -2.042780  -0.313750   3.808600
  1.502070   2.328250   4.751270   1.070590   2.337230   5.651040
  1.502070   2.328250   4.751270   2.444800   2.640380   4.846200
  1.502070   2.328250   4.751270   1.004630   2.951790   4.139950
  1.183620  -0.012200   3.008810   1.475770   0.573860   3.722610
  0.949840   5.282390   0.527190   0.900220   4.307910   0.179610
  0.949840   5.282390   0.527190   0.031180   5.713720   0.304960
  0.949840   5.282390   0.527190   1.719110   5.805180   0.137760
  0.949840   5.282390   0.527190   0.983100   5.224910   1.564630
 -2.807920   5.754400   1.573790  -3.288060   5.468620   2.545750
 -2.807920   5.754400   1.573790  -2.633020   6.863660   1.556660
 -2.807920   5.754400   1.573790  -3.497970   5.480820   0.732110
 -1.588570   5.124350   1.418990  -2.807920   5.754400   1.573790
 -1.195680   3.438300   1.856680  -1.588570   5.124350   1.418990
 -1.195680   3.438300   1.856680  -0.738130   3.140030   0.548390
 -1.195680   3.438300   1.856680  -2.460520   3.072610   2.283210
 -1.195680   3.438300   1.856680  -0.143570   3.913680   2.684960
 -0.308050   0.142940   2.530500  -0.675540   1.568420   2.350230
 -0.308050   0.142940   2.530500  -1.153770  -0.649270   3.589370
 -0.308050   0.142940   2.530500   1.183620  -0.012200   3.008810
 -0.372840  -0.733710   1.206920  -0.308050   0.142940   2.530500
 -0.101500  -0.095290  -0.022660  -0.372840  -0.733710   1.206920
 -0.101500  -0.095290  -0.022660  -0.859670  -0.471940  -0.758190
 -0.101500  -0.095290  -0.022660  -0.185270   1.020690   0.083890
 -0.101500  -0.095290  -0.022660   0.921130  -0.400810  -0.367350
