33 atoms follow (x y z r g b radiusScale)
 -0.575140  -0.156310  -0.003530   0.000000   1.000000   0.000000   1.850000
  0.161650  -0.479770  -0.784460   1.000000   1.000000   1.000000   1.200000
 -0.611920   0.964010   0.067420   1.000000   1.000000   1.000000   1.200000
 -1.583740  -0.573900  -0.262080   1.000000   1.000000   1.000000   1.200000
 -0.154960  -0.729860   1.218540   1.000000   0.000000   0.000000   1.400000
 -0.172880   0.176830   2.524750   0.500000   0.500000   0.500000   1.900000
  1.274850   0.123490   3.125080   1.000000   0.000000   0.000000   1.400000
 -1.106680  -0.589260   3.522200   1.000000   0.000000   0.000000   1.400000
 -0.664370   1.545460   2.238020   1.000000   0.000000   0.000000   1.400000
 -1.165610   3.382580   1.810660   1.000000   1.000000   0.000000   1.850000
 -0.065610   3.853100   2.585100   1.000000   0.000000   0.000000   1.400000
 -2.409520   3.075380   2.337710   1.000000   0.000000   0.000000   1.400000
 -0.709850   3.105580   0.489170   1.000000   0.000000   0.000000   1.400000
 -1.602460   5.038600   1.333340   1.000000   0.000000   0.000000   1.400000
 -2.520190   5.865970   1.946810   0.000000   1.000000   0.000000   1.850000
 -3.547720   5.420480   1.904490   1.000000   1.000000   1.000000   1.200000
 -2.515040   6.848330   1.401890   1.000000   1.000000   1.000000   1.200000
 -2.239120   6.042790   3.019300   1.000000   1.000000   1.000000   1.200000
  0.827070   5.279070   0.436710   0.000000   0.000000   1.000000   1.540000
  0.775790   5.389520   1.473730   1.000000   1.000000   1.000000   1.200000
  1.546610   5.843840   0.018170   1.000000   1.000000   1.000000   1.200000
 -0.121520   5.506550   0.074530   1.000000   1.000000   1.000000   1.200000
  0.952380   4.267780   0.258960   1.000000   1.000000   1.000000   1.200000
  1.179080   2.397430   4.953410   0.000000   0.000000   1.000000   1.540000
  1.475080   0.715020   3.867910   1.000000   1.000000   1.000000   1.200000
  0.955740   3.078990   4.249860   1.000000   1.000000   1.000000   1.200000
  2.051910   2.629010   5.377440   1.000000   1.000000   1.000000   1.200000
  0.468840   2.406310   5.654390   1.000000   1.000000   1.000000   1.200000
 -3.671880   0.881430   3.559410   0.000000   0.000000   1.000000   1.540000
 -2.038620  -0.321640   3.593120   1.000000   1.000000   1.000000   1.200000
 -3.871230   0.984340   2.583870   1.000000   1.000000   1.000000   1.200000
 -3.260890   1.744980   3.864650   1.000000   1.000000   1.000000   1.200000
 -4.532050   0.741720   4.047360   1.000000   1.000000   1.000000   1.200000
28 bonds follow (x1 y1 z1 x2 y2 z2)
 -3.671880   0.881430   3.559410  -4.532050   0.741720   4.047360
 -3.671880   0.881430   3.559410  -3.260890   1.744980   3.864650
 -3.671880   0.881430   3.559410  -3.871230   0.984340   2.583870
 -1.106680  -0.589260   3.522200  -2.038620  -0.321640   3.593120
  1.179080   2.397430   4.953410   0.468840   2.406310   5.654390
  1.179080   2.397430   4.953410   2.051910   2.629010   5.377440
  1.179080   2.397430   4.953410   0.955740   3.078990   4.249860
  1.274850   0.123490   3.125080   1.475080   0.715020   3.867910
  0.827070   5.279070   0.436710   0.952380   4.267780   0.258960
  0.827070   5.279070   0.436710  -0.121520   5.506550   0.074530
  0.827070   5.279070   0.436710   1.546610   5.843840   0.018170
  0.827070   5.279070   0.436710   0.775790   5.389520   1.473730
 -2.520190   5.865970   1.946810  -2.239120   6.042790   3.019300
 -2.520190   5.865970   1.946810  -2.515040   6.848330   1.401890
 -2.520190   5.865970   1.946810  -3.547720   5.420480   1.904490
 -1.602460   5.038600   1.333340  -2.520190   5.865970   1.946810
 -1.165610   3.382580   1.810660  -1.602460   5.038600   1.333340
 -1.165610   3.382580   1.810660  -0.709850   3.105580   0.489170
 -1.165610   3.382580   1.810660  -2.409520   3.075380   2.337710
 -1.165610   3.382580   1.810660  -0.065610   3.853100   2.585100
 -0.172880   0.176830   2.524750  -0.664370   1.545460   2.238020
 -0.172880   0.176830   2.524750  -1.106680  -0.589260   3.522200
 -0.172880   0.176830   2.524750   1.274850   0.123490   3.125080
 -0.154960  -0.729860   1.218540  -0.172880   0.176830   2.524750
 -0.575140  -0.156310  -0.003530  -0.154960  -0.729860   1.218540
 -0.575140  -0.156310  -0.003530  -1.583740  -0.573900  -0.262080
 -0.575140  -0.156310  -0.003530  -0.611920   0.964010   0.067420
 -0.575140  -0.156310  -0.003530   0.161650  -0.479770  -0.784460
