33 atoms follow (x y z r g b radiusScale)
 -0.337020  -0.081030  -0.064600   0.000000   1.000000   0.000000   1.850000
  0.607550  -0.322640  -0.618220   1.000000   1.000000   1.000000   1.200000
 -0.473520   1.029300   0.054710   1.000000   1.000000   1.000000   1.200000
 -1.204770  -0.523200  -0.620320   1.000000   1.000000   1.000000   1.200000
 -0.282160  -0.720080   1.195540   1.000000   0.000000   0.000000   1.400000
 -0.191040   0.163290   2.513590   0.500000   0.500000   0.500000   1.900000
  1.295120   0.017180   3.043760   1.000000   0.000000   0.000000   1.400000
 -1.012320  -0.603970   3.610030   1.000000   0.000000   0.000000   1.400000
 -0.682500   1.540880   2.297860   1.000000   0.000000   0.000000   1.400000
 -1.168440   3.424500   1.875410   1.000000   1.000000   0.000000   1.850000
  0.058440   3.804590   2.487880   1.000000   0.000000   0.000000   1.400000
 -2.339170   3.177940   2.576620   1.000000   0.000000   0.000000   1.400000
 -0.971210   3.102060   0.504910   1.000000   0.000000   0.000000   1.400000
 -1.500430   5.114440   1.443070   1.000000   0.000000   0.000000   1.400000
 -2.572250   5.883260   1.849430   0.000000   1.000000   0.000000   1.850000
 -3.060610   5.451570   2.761500   1.000000   1.000000   1.000000   1.200000
 -3.327320   5.946380   1.020980   1.000000   1.000000   1.000000   1.200000
 -2.199810   6.917980   2.080940   1.000000   1.000000   1.000000   1.200000
  0.868120   5.153660   0.301290   0.000000   0.000000   1.000000   1.540000
  1.353380   4.417390   0.832460   1.000000   1.000000   1.000000   1.200000
  1.489200   5.673990  -0.294480   1.000000   1.000000   1.000000   1.200000
  0.386810   5.752240   1.001730   1.000000   1.000000   1.000000   1.200000
  0.088080   4.680310  -0.233510   1.000000   1.000000   1.000000   1.200000
  1.009970   2.520210   5.013580   0.000000   0.000000   1.000000   1.540000
  1.470690   0.357450   3.924860   1.000000   1.000000   1.000000   1.200000
  1.164870   2.960400   4.124460   1.000000   1.000000   1.000000   1.200000
  1.634880   2.921740   5.681560   1.000000   1.000000   1.000000   1.200000
  0.073480   2.726820   5.296500   1.000000   1.000000   1.000000   1.200000
 -3.689830   0.762520   3.413630   0.000000   0.000000   1.000000   1.540000
 -1.975700  -0.549820   3.611050   1.000000   1.000000   1.000000   1.200000
 -3.566740   1.119350   2.484300   1.000000   1.000000   1.000000   1.200000
 -3.323710   1.459210   4.035530   1.000000   1.000000   1.000000   1.200000
 -4.670340   0.673900   3.584070   1.000000   1.000000   1.000000   1.200000
28 bonds follow (x1 y1 z1 x2 y2 z2)
 -3.689830   0.762520   3.413630  -4.670340   0.673900   3.584070
 -3.689830   0.762520   3.413630  -3.323710   1.459210   4.035530
 -3.689830   0.762520   3.413630  -3.566740   1.119350   2.484300
 -1.012320  -0.603970   3.610030  -1.975700  -0.549820   3.611050
  1.009970   2.520210   5.013580   0.073480   2.726820   5.296500
  1.009970   2.520210   5.013580   1.634880   2.921740   5.681560
  1.009970   2.520210   5.013580   1.164870   2.960400   4.124460
  1.295120   0.017180   3.043760   1.470690   0.357450   3.924860
  0.868120   5.153660   0.301290   0.088080   4.680310  -0.233510
  0.868120   5.153660   0.301290   0.386810   5.752240   1.001730
  0.868120   5.153660   0.301290   1.489200   5.673990  -0.294480
  0.868120   5.153660   0.301290   1.353380   4.417390   0.832460
 -2.572250   5.883260   1.849430  -2.199810   6.917980   2.080940
 -2.572250   5.883260   1.849430  -3.327320   5.946380   1.020980
 -2.572250   5.883260   1.849430  -3.060610   5.451570   2.761500
 -1.500430   5.114440   1.443070  -2.572250   5.883260   1.849430
 -1.168440   3.424500   1.875410  -1.500430   5.114440   1.443070
 -1.168440   3.424500   1.875410  -0.971210   3.102060   0.504910
 -1.168440   3.424500   1.875410  -2.339170   3.177940   2.576620
 -1.168440   3.424500   1.875410   0.058440   3.804590   2.487880
 -0.191040   0.163290   2.513590  -0.682500   1.540880   2.297860
 -0.191040   0.163290   2.513590  -1.012320  -0.603970   3.610030
 -0.191040   0.163290   2.513590   1.295120   0.017180   3.043760
 -0.282160  -0.720080   1.195540  -0.191040   0.163290   2.513590
 -0.337020  -0.081030  -0.064600  -0.282160  -0.720080   1.195540
 -0.337020  -0.081030  -0.064600  -1.204770  -0.523200  -0.620320
 -0.337020  -0.081030  -0.064600  -0.473520   1.029300   0.054710
 -0.337020  -0.081030  -0.064600   0.607550  -0.322640  -0.618220
