33 atoms follow (x y z r g b radiusScale)
  0.064400  -0.116870   0.022790   0.000000   1.000000   0.000000   1.850000
  1.178670  -0.029190   0.060010   1.000000   1.000000   1.000000   1.200000
 -0.416700   0.895710  -0.031740   1.000000   1.000000   1.000000   1.200000
 -0.248230  -0.761290  -0.836930   1.000000   1.000000   1.000000   1.200000
 -0.378940  -0.782410   1.190480   1.000000   0.000000   0.000000   1.400000
 -0.321690   0.015440   2.553100   0.500000   0.500000   0.500000   1.900000
  1.149780  -0.157060   3.044100   1.000000   0.000000   0.000000   1.400000
 -1.246470  -0.738010   3.564090   1.000000   0.000000   0.000000   1.400000
 -0.645950   1.475290   2.332630   1.000000   0.000000   0.000000   1.400000
 -1.119180   3.258330   2.039220   1.000000   1.000000   0.000000   1.850000
 -0.120880   3.790760   2.831980   1.000000   0.000000   0.000000   1.400000
 -2.378510   3.129690   2.548280   1.000000   0.000000   0.000000   1.400000
 -0.937030   3.237270   0.674890   1.000000   0.000000   0.000000   1.400000
 -2.100480   5.857360   1.674150   1.000000   0.000000   0.000000   1.400000
 -3.211560   5.925870   0.816390   0.000000   1.000000   0.000000   1.850000
 -2.891060   5.911600  -0.252050   1.000000   1.000000   1.000000   1.200000
 -3.799460   6.857170   1.022500   1.000000   1.000000   1.000000   1.200000
 -3.837990   5.030570   1.055790   1.000000   1.000000   1.000000   1.200000
  1.721590   5.634790   0.050990   0.000000   0.000000   1.000000   1.540000
  1.580000   5.980430   0.978110   1.000000   1.000000   1.000000   1.200000
 -1.452910   6.505030   1.453000   1.000000   1.000000   1.000000   1.200000
  0.879970   5.810820  -0.459950   1.000000   1.000000   1.000000   1.200000
  1.838010   4.644550   0.102520   1.000000   1.000000   1.000000   1.200000
  1.683400   2.133480   4.622500   0.000000   0.000000   1.000000   1.540000
  1.525720   0.513450   3.651200   1.000000   1.000000   1.000000   1.200000
  1.400970   2.849130   3.976960   1.000000   1.000000   1.000000   1.200000
  2.656460   2.234940   4.822240   1.000000   1.000000   1.000000   1.200000
  1.168320   2.243340   5.470610   1.000000   1.000000   1.000000   1.200000
 -3.557390   0.865650   3.789140   0.000000   0.000000   1.000000   1.540000
 -2.155260  -0.412180   3.737650   1.000000   1.000000   1.000000   1.200000
 -3.774390   1.178340   2.862140   1.000000   1.000000   1.000000   1.200000
 -3.150310   1.643020   4.273880   1.000000   1.000000   1.000000   1.200000
 -4.402780   0.602150   4.250020   1.000000   1.000000   1.000000   1.200000
28 bonds follow (x1 y1 z1 x2 y2 z2)
 -3.557390   0.865650   3.789140  -4.402780   0.602150   4.250020
 -3.557390   0.865650   3.789140  -3.150310   1.643020   4.273880
 -3.557390   0.865650   3.789140  -3.774390   1.178340   2.862140
 -1.246470  -0.738010   3.564090  -2.155260  -0.412180   3.737650
  1.683400   2.133480   4.622500   1.168320   2.243340   5.470610
  1.683400   2.133480   4.622500   2.656460   2.234940   4.822240
  1.683400   2.133480   4.622500   1.400970   2.849130   3.976960
  1.149780  -0.157060   3.044100   1.525720   0.513450   3.651200
  1.721590   5.634790   0.050990   1.838010   4.644550   0.102520
  1.721590   5.634790   0.050990   0.879970   5.810820  -0.459950
 -2.100480   5.857360   1.674150  -1.452910   6.505030   1.453000
  1.721590   5.634790   0.050990   1.580000   5.980430   0.978110
 -3.211560   5.925870   0.816390  -3.837990   5.030570   1.055790
 -3.211560   5.925870   0.816390  -3.799460   6.857170   1.022500
 -3.211560   5.925870   0.816390  -2.891060   5.911600  -0.252050
 -2.100480   5.857360   1.674150  -3.211560   5.925870   0.816390
 -1.119180   3.258330   2.039220  -0.937030   3.237270   0.674890
 -1.119180   3.258330   2.039220  -2.378510   3.129690   2.548280
 -1.119180   3.258330   2.039220  -0.120880   3.790760   2.831980
 -0.645950   1.475290   2.332630  -1.119180   3.258330   2.039220
 -0.321690   0.015440   2.553100  -0.645950   1.475290   2.332630
 -0.321690   0.015440   2.553100  -1.246470  -0.738010   3.564090
 -0.321690   0.015440   2.553100   1.149780  -0.157060   3.044100
 -0.378940  -0.782410   1.190480  -0.321690   0.015440   2.553100
  0.064400  -0.116870   0.022790  -0.378940  -0.782410   1.190480
  0.064400  -0.116870   0.022790  -0.248230  -0.761290  -0.836930
  0.064400  -0.116870   0.022790  -0.416700   0.895710  -0.031740
  0.064400  -0.116870   0.022790   1.178670  -0.029190   0.060010
