33 atoms follow (x y z r g b radiusScale)
  0.260650  -0.171460   0.069010   0.000000   1.000000   0.000000   1.850000
  1.360700  -0.283170   0.239120   1.000000   1.000000   1.000000   1.200000
 -0.041300   0.910890   0.036740   1.000000   1.000000   1.000000   1.200000
 -0.052340  -0.694190  -0.868230   1.000000   1.000000   1.000000   1.200000
 -0.414640  -0.810240   1.140060   1.000000   0.000000   0.000000   1.400000
 -0.286490  -0.011490   2.503230   0.500000   0.500000   0.500000   1.900000
  1.209300  -0.146940   2.950510   1.000000   0.000000   0.000000   1.400000
 -1.238090  -0.686890   3.530350   1.000000   0.000000   0.000000   1.400000
 -0.681690   1.439370   2.379640   1.000000   0.000000   0.000000   1.400000
 -1.143200   3.207970   2.157140   1.000000   1.000000   0.000000   1.850000
 -0.294120   3.740900   3.102060   1.000000   0.000000   0.000000   1.400000
 -2.453490   2.972990   2.490060   1.000000   0.000000   0.000000   1.400000
 -0.828540   3.294480   0.822510   1.000000   0.000000   0.000000   1.400000
 -2.328090   6.209710   1.494030   1.000000   0.000000   0.000000   1.400000
 -3.599010   6.142870   0.883160   0.000000   1.000000   0.000000   1.850000
 -3.663330   6.858140   0.024110   1.000000   1.000000   1.000000   1.200000
 -4.405200   6.392100   1.628820   1.000000   1.000000   1.000000   1.200000
 -3.738880   5.104780   0.498740   1.000000   1.000000   1.000000   1.200000
  2.239370   5.320280  -0.147010   0.000000   0.000000   1.000000   1.540000
  2.248620   6.020580   0.567270   1.000000   1.000000   1.000000   1.200000
 -2.108500   7.008690   1.709650   1.000000   1.000000   1.000000   1.200000
  2.207710   5.781520  -1.035290   1.000000   1.000000   1.000000   1.200000
  1.403240   4.773170  -0.044210   1.000000   1.000000   1.000000   1.200000
  1.823770   2.200240   4.501750   0.000000   0.000000   1.000000   1.540000
  1.612490   0.533420   3.528030   1.000000   1.000000   1.000000   1.200000
  1.551150   2.914520   3.851310   1.000000   1.000000   1.000000   1.200000
  2.775300   2.345470   4.767670   1.000000   1.000000   1.000000   1.200000
  1.247380   2.279470   5.313740   1.000000   1.000000   1.000000   1.200000
 -3.679650   0.833620   3.839270   0.000000   0.000000   1.000000   1.540000
 -2.114310  -0.263110   3.693110   1.000000   1.000000   1.000000   1.200000
 -3.798790   1.353590   2.989930   1.000000   1.000000   1.000000   1.200000
 -3.456290   1.482300   4.566020   1.000000   1.000000   1.000000   1.200000
 -4.534220   0.371330   4.068250   1.000000   1.000000   1.000000   1.200000
28 bonds follow (x1 y1 z1 x2 y2 z2)
 -3.679650   0.833620   3.839270  -4.534220   0.371330   4.068250
 -3.679650   0.833620   3.839270  -3.456290   1.482300   4.566020
 -3.679650   0.833620   3.839270  -3.798790   1.353590   2.989930
 -1.238090  -0.686890   3.530350  -2.114310  -0.263110   3.693110
  1.823770   2.200240   4.501750   1.247380   2.279470   5.313740
  1.823770   2.200240   4.501750   2.775300   2.345470   4.767670
  1.823770   2.200240   4.501750   1.551150   2.914520   3.851310
  1.209300  -0.146940   2.950510   1.612490   0.533420   3.528030
  2.239370   5.320280  -0.147010   1.403240   4.773170  -0.044210
  2.239370   5.320280  -0.147010   2.207710   5.781520  -1.035290
 -2.328090   6.209710   1.494030  -2.108500   7.008690   1.709650
  2.239370   5.320280  -0.147010   2.248620   6.020580   0.567270
 -3.599010   6.142870   0.883160  -3.738880   5.104780   0.498740
 -3.599010   6.142870   0.883160  -4.405200   6.392100   1.628820
 -3.599010   6.142870   0.883160  -3.663330   6.858140   0.024110
 -2.328090   6.209710   1.494030  -3.599010   6.142870   0.883160
 -1.143200   3.207970   2.157140  -0.828540   3.294480   0.822510
 -1.143200   3.207970   2.157140  -2.453490   2.972990   2.490060
 -1.143200   3.207970   2.157140  -0.294120   3.740900   3.102060
 -0.681690   1.439370   2.379640  -1.143200   3.207970   2.157140
 -0.286490  -0.011490   2.503230  -0.681690   1.439370   2.379640
 -0.286490  -0.011490   2.503230  -1.238090  -0.686890   3.530350
 -0.286490  -0.011490   2.503230   1.209300  -0.146940   2.950510
 -0.414640  -0.810240   1.140060  -0.286490  -0.011490   2.503230
  0.260650  -0.171460   0.069010  -0.414640  -0.810240   1.140060
  0.260650  -0.171460   0.069010  -0.052340  -0.694190  -0.868230
  0.260650  -0.171460   0.069010  -0.041300   0.910890   0.036740
  0.260650  -0.171460   0.069010   1.360700  -0.283170   0.239120
