33 atoms follow (x y z r g b radiusScale)
 -0.104220  -0.096270  -0.021840   0.000000   1.000000   0.000000   1.850000
  0.914810  -0.405980  -0.372990   1.000000   1.000000   1.000000   1.200000
 -0.181690   1.020320   0.087560   1.000000   1.000000   1.000000   1.200000
 -0.868430  -0.467070  -0.753830   1.000000   1.000000   1.000000   1.200000
 -0.371050  -0.736550   1.207910   1.000000   0.000000   0.000000   1.400000
 -0.305970   0.142560   2.529840   0.500000   0.500000   0.500000   1.900000
  1.186710  -0.008810   3.008500   1.000000   0.000000   0.000000   1.400000
 -1.157000  -0.643510   3.589150   1.000000   0.000000   0.000000   1.400000
 -0.672730   1.567800   2.345800   1.000000   0.000000   0.000000   1.400000
 -1.198260   3.436850   1.854700   1.000000   1.000000   0.000000   1.850000
 -0.145970   3.913980   2.683560   1.000000   0.000000   0.000000   1.400000
 -2.461940   3.072510   2.287380   1.000000   0.000000   0.000000   1.400000
 -0.742730   3.140230   0.546330   1.000000   0.000000   0.000000   1.400000
 -1.584730   5.120190   1.413870   1.000000   0.000000   0.000000   1.400000
 -2.803220   5.750460   1.579780   0.000000   1.000000   0.000000   1.850000
 -3.499100   5.478390   0.742800   1.000000   1.000000   1.000000   1.200000
 -2.626600   6.859440   1.563410   1.000000   1.000000   1.000000   1.200000
 -3.274720   5.462880   2.555000   1.000000   1.000000   1.000000   1.200000
  0.952360   5.284430   0.530860   0.000000   0.000000   1.000000   1.540000
  0.998360   5.194260   1.572780   1.000000   1.000000   1.000000   1.200000
  1.722360   5.811970   0.149370   1.000000   1.000000   1.000000   1.200000
  0.031390   5.735250   0.330110   1.000000   1.000000   1.000000   1.200000
  0.889380   4.326080   0.153160   1.000000   1.000000   1.000000   1.200000
  1.501070   2.330790   4.752630   0.000000   0.000000   1.000000   1.540000
  1.469120   0.562560   3.737570   1.000000   1.000000   1.000000   1.200000
  1.005180   2.961650   4.147860   1.000000   1.000000   1.000000   1.200000
  2.445260   2.637670   4.849530   1.000000   1.000000   1.000000   1.200000
  1.070790   2.331440   5.652990   1.000000   1.000000   1.000000   1.200000
 -3.525040   0.961050   3.702990   0.000000   0.000000   1.000000   1.540000
 -2.046080  -0.303710   3.803360   1.000000   1.000000   1.000000   1.200000
 -3.781480   1.107430   2.745670   1.000000   1.000000   1.000000   1.200000
 -3.120500   1.819290   4.028950   1.000000   1.000000   1.000000   1.200000
 -4.348270   0.767590   4.232840   1.000000   1.000000   1.000000   1.200000
28 bonds follow (x1 y1 z1 x2 y2 z2)
 -3.525040   0.961050   3.702990  -4.348270   0.767590   4.232840
 -3.525040   0.961050   3.702990  -3.120500   1.819290   4.028950
 -3.525040   0.961050   3.702990  -3.781480   1.107430   2.745670
 -1.157000  -0.643510   3.589150  -2.046080  -0.303710   3.803360
  1.501070   2.330790   4.752630   1.070790   2.331440   5.652990
  1.501070   2.330790   4.752630   2.445260   2.637670   4.849530
  1.501070   2.330790   4.752630   1.005180   2.961650   4.147860
  1.186710  -0.008810   3.008500   1.469120   0.562560   3.737570
  0.952360   5.284430   0.530860   0.889380   4.326080   0.153160
  0.952360   5.284430   0.530860   0.031390   5.735250   0.330110
  0.952360   5.284430   0.530860   1.722360   5.811970   0.149370
  0.952360   5.284430   0.530860   0.998360   5.194260   1.572780
 -2.803220   5.750460   1.579780  -3.274720   5.462880   2.555000
 -2.803220   5.750460   1.579780  -2.626600   6.859440   1.563410
 -2.803220   5.750460   1.579780  -3.499100   5.478390   0.742800
 -1.584730   5.120190   1.413870  -2.803220   5.750460   1.579780
 -1.198260   3.436850   1.854700  -1.584730   5.120190   1.413870
 -1.198260   3.436850   1.854700  -0.742730   3.140230   0.546330
 -1.198260   3.436850   1.854700  -2.461940   3.072510   2.287380
 -1.198260   3.436850   1.854700  -0.145970   3.913980   2.683560
 -0.305970   0.142560   2.529840  -0.672730   1.567800   2.345800
 -0.305970   0.142560   2.529840  -1.157000  -0.643510   3.589150
 -0.305970   0.142560   2.529840   1.186710  -0.008810   3.008500
 -0.371050  -0.736550   1.207910  -0.305970   0.142560   2.529840
 -0.104220  -0.096270  -0.021840  -0.371050  -0.736550   1.207910
 -0.104220  -0.096270  -0.021840  -0.868430  -0.467070  -0.753830
 -0.104220  -0.096270  -0.021840  -0.181690   1.020320   0.087560
 -0.104220  -0.096270  -0.021840   0.914810  -0.405980  -0.372990
