33 atoms follow (x y z r g b radiusScale)
  0.008050  -0.003190  -0.010740   0.000000   1.000000   0.000000   1.850000
  1.126530  -0.008420   0.002210   1.000000   1.000000   1.000000   1.200000
 -0.396660   1.045260  -0.024310   1.000000   1.000000   1.000000   1.200000
 -0.375140  -0.593260  -0.880930   1.000000   1.000000   1.000000   1.200000
 -0.455630  -0.673710   1.147750   1.000000   0.000000   0.000000   1.400000
 -0.312600   0.078810   2.524800   0.500000   0.500000   0.500000   1.900000
  1.165340  -0.049410   3.003160   1.000000   0.000000   0.000000   1.400000
 -1.255360  -0.616790   3.550110   1.000000   0.000000   0.000000   1.400000
 -0.675580   1.528490   2.375450   1.000000   0.000000   0.000000   1.400000
 -1.095440   3.260240   2.004060   1.000000   1.000000   0.000000   1.850000
 -0.081400   3.797240   2.774960   1.000000   0.000000   0.000000   1.400000
 -2.372930   3.218500   2.508220   1.000000   0.000000   0.000000   1.400000
 -0.937860   3.102790   0.633140   1.000000   0.000000   0.000000   1.400000
 -1.669900   5.368920   1.618520   1.000000   0.000000   0.000000   1.400000
 -2.851360   5.707670   0.905690   0.000000   1.000000   0.000000   1.850000
 -2.773440   5.346220  -0.148920   1.000000   1.000000   1.000000   1.200000
 -2.996910   6.814500   0.938480   1.000000   1.000000   1.000000   1.200000
 -3.676120   5.171690   1.454450   1.000000   1.000000   1.000000   1.200000
  1.011260   5.563580   0.371190   0.000000   0.000000   1.000000   1.540000
  1.365490   5.204790   1.233750   1.000000   1.000000   1.000000   1.200000
 -0.996700   5.909170   1.225420   1.000000   1.000000   1.000000   1.200000
  0.655770   4.791940  -0.157320   1.000000   1.000000   1.000000   1.200000
  1.747230   6.002250  -0.136960   1.000000   1.000000   1.000000   1.200000
  1.623460   2.225460   4.678780   0.000000   0.000000   1.000000   1.540000
  1.500670   0.601710   3.654730   1.000000   1.000000   1.000000   1.200000
  1.236520   2.953180   4.105840   1.000000   1.000000   1.000000   1.200000
  2.595190   2.403330   4.823400   1.000000   1.000000   1.000000   1.200000
  1.163160   2.229680   5.564650   1.000000   1.000000   1.000000   1.200000
 -3.584920   0.972890   3.756530   0.000000   0.000000   1.000000   1.540000
 -2.151640  -0.240260   3.714230   1.000000   1.000000   1.000000   1.200000
 -3.861570   1.208200   2.823700   1.000000   1.000000   1.000000   1.200000
 -3.195910   1.800890   4.167310   1.000000   1.000000   1.000000   1.200000
 -4.388340   0.690340   4.276660   1.000000   1.000000   1.000000   1.200000
28 bonds follow (x1 y1 z1 x2 y2 z2)
 -3.584920   0.972890   3.756530  -4.388340   0.690340   4.276660
 -3.584920   0.972890   3.756530  -3.195910   1.800890   4.167310
 -3.584920   0.972890   3.756530  -3.861570   1.208200   2.823700
 -1.255360  -0.616790   3.550110  -2.151640  -0.240260   3.714230
  1.623460   2.225460   4.678780   1.163160   2.229680   5.564650
  1.623460   2.225460   4.678780   2.595190   2.403330   4.823400
  1.623460   2.225460   4.678780   1.236520   2.953180   4.105840
  1.165340  -0.049410   3.003160   1.500670   0.601710   3.654730
  1.011260   5.563580   0.371190   1.747230   6.002250  -0.136960
  1.011260   5.563580   0.371190   0.655770   4.791940  -0.157320
 -1.669900   5.368920   1.618520  -0.996700   5.909170   1.225420
  1.011260   5.563580   0.371190   1.365490   5.204790   1.233750
 -2.851360   5.707670   0.905690  -3.676120   5.171690   1.454450
 -2.851360   5.707670   0.905690  -2.996910   6.814500   0.938480
 -2.851360   5.707670   0.905690  -2.773440   5.346220  -0.148920
 -1.669900   5.368920   1.618520  -2.851360   5.707670   0.905690
 -1.095440   3.260240   2.004060  -0.937860   3.102790   0.633140
 -1.095440   3.260240   2.004060  -2.372930   3.218500   2.508220
 -1.095440   3.260240   2.004060  -0.081400   3.797240   2.774960
 -0.675580   1.528490   2.375450  -1.095440   3.260240   2.004060
 -0.312600   0.078810   2.524800  -0.675580   1.528490   2.375450
 -0.312600   0.078810   2.524800  -1.255360  -0.616790   3.550110
 -0.312600   0.078810   2.524800   1.165340  -0.049410   3.003160
 -0.455630  -0.673710   1.147750  -0.312600   0.078810   2.524800
  0.008050  -0.003190  -0.010740  -0.455630  -0.673710   1.147750
  0.008050  -0.003190  -0.010740  -0.375140  -0.593260  -0.880930
  0.008050  -0.003190  -0.010740  -0.396660   1.045260  -0.024310
  0.008050  -0.003190  -0.010740   1.126530  -0.008420   0.002210
