33 atoms follow (x y z r g b radiusScale)
 -0.283970  -0.135210  -0.073360   0.000000   1.000000   0.000000   1.850000
  0.640740  -0.444070  -0.627900   1.000000   1.000000   1.000000   1.200000
 -0.356400   0.981590   0.016960   1.000000   1.000000   1.000000   1.200000
 -1.181450  -0.546340  -0.606940   1.000000   1.000000   1.000000   1.200000
 -0.239800  -0.738830   1.204270   1.000000   0.000000   0.000000   1.400000
 -0.241980   0.156600   2.513360   0.500000   0.500000   0.500000   1.900000
  1.262140   0.104060   2.973910   1.000000   0.000000   0.000000   1.400000
 -1.037020  -0.611040   3.628270   1.000000   0.000000   0.000000   1.400000
 -0.655090   1.557570   2.280870   1.000000   0.000000   0.000000   1.400000
 -1.152640   3.402770   1.892940   1.000000   1.000000   0.000000   1.850000
  0.089030   3.786390   2.482210   1.000000   0.000000   0.000000   1.400000
 -2.314670   3.130670   2.608960   1.000000   0.000000   0.000000   1.400000
 -0.968750   3.096250   0.522120   1.000000   0.000000   0.000000   1.400000
 -1.478560   5.133790   1.512550   1.000000   0.000000   0.000000   1.400000
 -2.608940   5.857480   1.845180   0.000000   1.000000   0.000000   1.850000
 -3.052540   5.489570   2.806620   1.000000   1.000000   1.000000   1.200000
 -3.376500   5.770210   1.030970   1.000000   1.000000   1.000000   1.200000
 -2.322380   6.936880   1.958110   1.000000   1.000000   1.000000   1.200000
  0.851980   5.164230   0.289360   0.000000   0.000000   1.000000   1.540000
  1.194440   4.534890   1.049040   1.000000   1.000000   1.000000   1.200000
  1.601730   5.539370  -0.273100   1.000000   1.000000   1.000000   1.200000
  0.297900   5.906980   0.757770   1.000000   1.000000   1.000000   1.200000
  0.188130   4.605640  -0.267530   1.000000   1.000000   1.000000   1.200000
  0.993970   2.514080   4.971940   0.000000   0.000000   1.000000   1.540000
  1.513970   0.602780   3.754250   1.000000   1.000000   1.000000   1.200000
  1.298730   3.031900   4.168040   1.000000   1.000000   1.000000   1.200000
  1.492260   2.836160   5.775110   1.000000   1.000000   1.000000   1.200000
  0.021780   2.708340   5.103180   1.000000   1.000000   1.000000   1.200000
 -3.691270   0.837330   3.381220   0.000000   0.000000   1.000000   1.540000
 -1.934720  -0.328400   3.842090   1.000000   1.000000   1.000000   1.200000
 -3.654170   1.356180   2.523400   1.000000   1.000000   1.000000   1.200000
 -3.381290   1.458380   4.104330   1.000000   1.000000   1.000000   1.200000
 -4.640900   0.588050   3.564670   1.000000   1.000000   1.000000   1.200000
28 bonds follow (x1 y1 z1 x2 y2 z2)
 -3.691270   0.837330   3.381220  -4.640900   0.588050   3.564670
 -3.691270   0.837330   3.381220  -3.381290   1.458380   4.104330
 -3.691270   0.837330   3.381220  -3.654170   1.356180   2.523400
 -1.037020  -0.611040   3.628270  -1.934720  -0.328400   3.842090
  0.993970   2.514080   4.971940   0.021780   2.708340   5.103180
  0.993970   2.514080   4.971940   1.492260   2.836160   5.775110
  0.993970   2.514080   4.971940   1.298730   3.031900   4.168040
  1.262140   0.104060   2.973910   1.513970   0.602780   3.754250
  0.851980   5.164230   0.289360   0.188130   4.605640  -0.267530
  0.851980   5.164230   0.289360   0.297900   5.906980   0.757770
  0.851980   5.164230   0.289360   1.601730   5.539370  -0.273100
  0.851980   5.164230   0.289360   1.194440   4.534890   1.049040
 -2.608940   5.857480   1.845180  -2.322380   6.936880   1.958110
 -2.608940   5.857480   1.845180  -3.376500   5.770210   1.030970
 -2.608940   5.857480   1.845180  -3.052540   5.489570   2.806620
 -1.478560   5.133790   1.512550  -2.608940   5.857480   1.845180
 -1.152640   3.402770   1.892940  -1.478560   5.133790   1.512550
 -1.152640   3.402770   1.892940  -0.968750   3.096250   0.522120
 -1.152640   3.402770   1.892940  -2.314670   3.130670   2.608960
 -1.152640   3.402770   1.892940   0.089030   3.786390   2.482210
 -0.241980   0.156600   2.513360  -0.655090   1.557570   2.280870
 -0.241980   0.156600   2.513360  -1.037020  -0.611040   3.628270
 -0.241980   0.156600   2.513360   1.262140   0.104060   2.973910
 -0.239800  -0.738830   1.204270  -0.241980   0.156600   2.513360
 -0.283970  -0.135210  -0.073360  -0.239800  -0.738830   1.204270
 -0.283970  -0.135210  -0.073360  -1.181450  -0.546340  -0.606940
 -0.283970  -0.135210  -0.073360  -0.356400   0.981590   0.016960
 -0.283970  -0.135210  -0.073360   0.640740  -0.444070  -0.627900
