33 atoms follow (x y z r g b radiusScale)
  0.004260  -0.001810  -0.004990   0.000000   1.000000   0.000000   1.850000
  1.122950  -0.008510   0.001080   1.000000   1.000000   1.000000   1.200000
 -0.400840   1.047020  -0.017350   1.000000   1.000000   1.000000   1.200000
 -0.383070  -0.587240  -0.876440   1.000000   1.000000   1.000000   1.200000
 -0.451410  -0.671260   1.155120   1.000000   0.000000   0.000000   1.400000
 -0.321260   0.108480   2.519670   0.500000   0.500000   0.500000   1.900000
  1.154870  -0.056420   2.997910   1.000000   0.000000   0.000000   1.400000
 -1.243180  -0.614550   3.539550   1.000000   0.000000   0.000000   1.400000
 -0.683420   1.552400   2.371590   1.000000   0.000000   0.000000   1.400000
 -1.095000   3.273760   1.996780   1.000000   1.000000   0.000000   1.850000
 -0.076020   3.824540   2.765700   1.000000   0.000000   0.000000   1.400000
 -2.371150   3.221380   2.501390   1.000000   0.000000   0.000000   1.400000
 -0.935830   3.127950   0.625920   1.000000   0.000000   0.000000   1.400000
 -1.593710   5.291320   1.580350   1.000000   0.000000   0.000000   1.400000
 -2.790780   5.674550   0.931420   0.000000   1.000000   0.000000   1.850000
 -2.773380   5.327300  -0.131620   1.000000   1.000000   1.000000   1.200000
 -2.915910   6.783560   0.969800   1.000000   1.000000   1.000000   1.200000
 -3.621000   5.165970   1.493550   1.000000   1.000000   1.000000   1.200000
  0.890110   5.503910   0.430470   0.000000   0.000000   1.000000   1.540000
  1.340680   5.207580   1.272710   1.000000   1.000000   1.000000   1.200000
 -0.771340   5.785000   1.232360   1.000000   1.000000   1.000000   1.200000
  0.731310   4.713840  -0.160160   1.000000   1.000000   1.000000   1.200000
  1.450750   6.184710  -0.033220   1.000000   1.000000   1.000000   1.200000
  1.620840   2.229520   4.682080   0.000000   0.000000   1.000000   1.540000
  1.518620   0.583820   3.640400   1.000000   1.000000   1.000000   1.200000
  1.210900   2.932360   4.093170   1.000000   1.000000   1.000000   1.200000
  2.585140   2.447320   4.822260   1.000000   1.000000   1.000000   1.200000
  1.160280   2.239820   5.567850   1.000000   1.000000   1.000000   1.200000
 -3.592650   0.964620   3.763000   0.000000   0.000000   1.000000   1.540000
 -2.144550  -0.263510   3.716220   1.000000   1.000000   1.000000   1.200000
 -3.851960   1.203780   2.825540   1.000000   1.000000   1.000000   1.200000
 -3.187910   1.785800   4.173520   1.000000   1.000000   1.000000   1.200000
 -4.414820   0.717810   4.272730   1.000000   1.000000   1.000000   1.200000
28 bonds follow (x1 y1 z1 x2 y2 z2)
 -3.592650   0.964620   3.763000  -4.414820   0.717810   4.272730
 -3.592650   0.964620   3.763000  -3.187910   1.785800   4.173520
 -3.592650   0.964620   3.763000  -3.851960   1.203780   2.825540
 -1.243180  -0.614550   3.539550  -2.144550  -0.263510   3.716220
  1.620840   2.229520   4.682080   1.160280   2.239820   5.567850
  1.620840   2.229520   4.682080   2.585140   2.447320   4.822260
  1.620840   2.229520   4.682080   1.210900   2.932360   4.093170
  1.154870  -0.056420   2.997910   1.518620   0.583820   3.640400
  0.890110   5.503910   0.430470   1.450750   6.184710  -0.033220
  0.890110   5.503910   0.430470   0.731310   4.713840  -0.160160
 -1.593710   5.291320   1.580350  -0.771340   5.785000   1.232360
  0.890110   5.503910   0.430470   1.340680   5.207580   1.272710
 -2.790780   5.674550   0.931420  -3.621000   5.165970   1.493550
 -2.790780   5.674550   0.931420  -2.915910   6.783560   0.969800
 -2.790780   5.674550   0.931420  -2.773380   5.327300  -0.131620
 -1.593710   5.291320   1.580350  -2.790780   5.674550   0.931420
 -1.095000   3.273760   1.996780  -0.935830   3.127950   0.625920
 -1.095000   3.273760   1.996780  -2.371150   3.221380   2.501390
 -1.095000   3.273760   1.996780  -0.076020   3.824540   2.765700
 -0.683420   1.552400   2.371590  -1.095000   3.273760   1.996780
 -0.321260   0.108480   2.519670  -0.683420   1.552400   2.371590
 -0.321260   0.108480   2.519670  -1.243180  -0.614550   3.539550
 -0.321260   0.108480   2.519670   1.154870  -0.056420   2.997910
 -0.451410  -0.671260   1.155120  -0.321260   0.108480   2.519670
  0.004260  -0.001810  -0.004990  -0.451410  -0.671260   1.155120
  0.004260  -0.001810  -0.004990  -0.383070  -0.587240  -0.876440
  0.004260  -0.001810  -0.004990  -0.400840   1.047020  -0.017350
  0.004260  -0.001810  -0.004990   1.122950  -0.008510   0.001080
