33 atoms follow (x y z r g b radiusScale)
 -0.147150  -0.114350  -0.028810   0.000000   1.000000   0.000000   1.850000
  0.828520  -0.467320  -0.454130   1.000000   1.000000   1.000000   1.200000
 -0.164870   1.004040   0.087250   1.000000   1.000000   1.000000   1.200000
 -0.978160  -0.443810  -0.706130   1.000000   1.000000   1.000000   1.200000
 -0.347350  -0.752210   1.216520   1.000000   0.000000   0.000000   1.400000
 -0.264520   0.149360   2.526060   0.500000   0.500000   0.500000   1.900000
  1.221340   0.009340   3.025640   1.000000   0.000000   0.000000   1.400000
 -1.190460  -0.547090   3.576710   1.000000   0.000000   0.000000   1.400000
 -0.655620   1.561500   2.283430   1.000000   0.000000   0.000000   1.400000
 -1.215580   3.410330   1.831650   1.000000   1.000000   0.000000   1.850000
 -0.155020   3.861770   2.663720   1.000000   0.000000   0.000000   1.400000
 -2.471410   3.105670   2.346710   1.000000   0.000000   0.000000   1.400000
 -0.749820   3.140210   0.518360   1.000000   0.000000   0.000000   1.400000
 -1.565130   5.097240   1.324840   1.000000   0.000000   0.000000   1.400000
 -2.756890   5.718320   1.652210   0.000000   1.000000   0.000000   1.850000
 -3.542920   5.463800   0.893480   1.000000   1.000000   1.000000   1.200000
 -2.594480   6.827970   1.657220   1.000000   1.000000   1.000000   1.200000
 -3.109300   5.391190   2.666040   1.000000   1.000000   1.000000   1.200000
  0.940120   5.289230   0.602190   0.000000   0.000000   1.000000   1.540000
  1.094180   4.781560   1.493570   1.000000   1.000000   1.000000   1.200000
  1.770190   5.775710   0.299800   1.000000   1.000000   1.000000   1.200000
  0.149100   5.929040   0.764090   1.000000   1.000000   1.000000   1.200000
  0.612430   4.588520  -0.091160   1.000000   1.000000   1.000000   1.200000
  1.483900   2.353750   4.776510   0.000000   0.000000   1.000000   1.540000
  1.507810   0.610900   3.730580   1.000000   1.000000   1.000000   1.200000
  0.968690   2.947400   4.149740   1.000000   1.000000   1.000000   1.200000
  2.412700   2.705430   4.872750   1.000000   1.000000   1.000000   1.200000
  1.045230   2.366350   5.672950   1.000000   1.000000   1.000000   1.200000
 -3.571740   0.958610   3.717460   0.000000   0.000000   1.000000   1.540000
 -2.090580  -0.185390   3.725850   1.000000   1.000000   1.000000   1.200000
 -3.779850   1.105440   2.748420   1.000000   1.000000   1.000000   1.200000
 -3.186190   1.817240   4.064960   1.000000   1.000000   1.000000   1.200000
 -4.418880   0.758460   4.204910   1.000000   1.000000   1.000000   1.200000
28 bonds follow (x1 y1 z1 x2 y2 z2)
 -3.571740   0.958610   3.717460  -4.418880   0.758460   4.204910
 -3.571740   0.958610   3.717460  -3.186190   1.817240   4.064960
 -3.571740   0.958610   3.717460  -3.779850   1.105440   2.748420
 -1.190460  -0.547090   3.576710  -2.090580  -0.185390   3.725850
  1.483900   2.353750   4.776510   1.045230   2.366350   5.672950
  1.483900   2.353750   4.776510   2.412700   2.705430   4.872750
  1.483900   2.353750   4.776510   0.968690   2.947400   4.149740
  1.221340   0.009340   3.025640   1.507810   0.610900   3.730580
  0.940120   5.289230   0.602190   0.612430   4.588520  -0.091160
  0.940120   5.289230   0.602190   0.149100   5.929040   0.764090
  0.940120   5.289230   0.602190   1.770190   5.775710   0.299800
  0.940120   5.289230   0.602190   1.094180   4.781560   1.493570
 -2.756890   5.718320   1.652210  -3.109300   5.391190   2.666040
 -2.756890   5.718320   1.652210  -2.594480   6.827970   1.657220
 -2.756890   5.718320   1.652210  -3.542920   5.463800   0.893480
 -1.565130   5.097240   1.324840  -2.756890   5.718320   1.652210
 -1.215580   3.410330   1.831650  -1.565130   5.097240   1.324840
 -1.215580   3.410330   1.831650  -0.749820   3.140210   0.518360
 -1.215580   3.410330   1.831650  -2.471410   3.105670   2.346710
 -1.215580   3.410330   1.831650  -0.155020   3.861770   2.663720
 -0.264520   0.149360   2.526060  -0.655620   1.561500   2.283430
 -0.264520   0.149360   2.526060  -1.190460  -0.547090   3.576710
 -0.264520   0.149360   2.526060   1.221340   0.009340   3.025640
 -0.347350  -0.752210   1.216520  -0.264520   0.149360   2.526060
 -0.147150  -0.114350  -0.028810  -0.347350  -0.752210   1.216520
 -0.147150  -0.114350  -0.028810  -0.978160  -0.443810  -0.706130
 -0.147150  -0.114350  -0.028810  -0.164870   1.004040   0.087250
 -0.147150  -0.114350  -0.028810   0.828520  -0.467320  -0.454130
