33 atoms follow (x y z r g b radiusScale)
 -0.053130   0.025360   0.002170   0.000000   1.000000   0.000000   1.850000
  1.048900  -0.110420  -0.143500   1.000000   1.000000   1.000000   1.200000
 -0.323900   1.112810   0.093990   1.000000   1.000000   1.000000   1.200000
 -0.605450  -0.442130  -0.852310   1.000000   1.000000   1.000000   1.200000
 -0.443030  -0.675180   1.165220   1.000000   0.000000   0.000000   1.400000
 -0.305590   0.134140   2.526470   0.500000   0.500000   0.500000   1.900000
  1.196410  -0.053520   2.961030   1.000000   0.000000   0.000000   1.400000
 -1.178360  -0.685290   3.538140   1.000000   0.000000   0.000000   1.400000
 -0.670640   1.567920   2.411270   1.000000   0.000000   0.000000   1.400000
 -1.191450   3.437990   1.925190   1.000000   1.000000   0.000000   1.850000
 -0.134670   3.925500   2.732380   1.000000   0.000000   0.000000   1.400000
 -2.447930   3.125550   2.414030   1.000000   0.000000   0.000000   1.400000
 -0.749300   3.116350   0.616460   1.000000   0.000000   0.000000   1.400000
 -1.528190   5.117300   1.382330   1.000000   0.000000   0.000000   1.400000
 -2.800900   5.648890   1.333940   0.000000   1.000000   0.000000   1.850000
 -3.296770   5.380070   0.363000   1.000000   1.000000   1.000000   1.200000
 -2.727050   6.766250   1.406230   1.000000   1.000000   1.000000   1.200000
 -3.427870   5.264930   2.181270   1.000000   1.000000   1.000000   1.200000
  0.917250   5.306850   0.489250   0.000000   0.000000   1.000000   1.540000
  0.636020   5.440310   1.483290   1.000000   1.000000   1.000000   1.200000
  1.389250   6.112100   0.111410   1.000000   1.000000   1.000000   1.200000
  0.021780   5.100100  -0.003640   1.000000   1.000000   1.000000   1.200000
  1.499200   4.461870   0.437560   1.000000   1.000000   1.000000   1.200000
  1.545430   2.298760   4.705310   0.000000   0.000000   1.000000   1.540000
  1.588800   0.628490   3.525750   1.000000   1.000000   1.000000   1.200000
  1.019580   2.901460   4.096390   1.000000   1.000000   1.000000   1.200000
  2.458030   2.681470   4.833350   1.000000   1.000000   1.000000   1.200000
  1.090690   2.259760   5.593090   1.000000   1.000000   1.000000   1.200000
 -3.595330   0.953760   3.752870   0.000000   0.000000   1.000000   1.540000
 -2.070590  -0.354280   3.742990   1.000000   1.000000   1.000000   1.200000
 -3.842470   1.172060   2.806990   1.000000   1.000000   1.000000   1.200000
 -3.147080   1.767980   4.129900   1.000000   1.000000   1.000000   1.200000
 -4.429500   0.774370   4.270960   1.000000   1.000000   1.000000   1.200000
28 bonds follow (x1 y1 z1 x2 y2 z2)
 -3.595330   0.953760   3.752870  -4.429500   0.774370   4.270960
 -3.595330   0.953760   3.752870  -3.147080   1.767980   4.129900
 -3.595330   0.953760   3.752870  -3.842470   1.172060   2.806990
 -1.178360  -0.685290   3.538140  -2.070590  -0.354280   3.742990
  1.545430   2.298760   4.705310   1.090690   2.259760   5.593090
  1.545430   2.298760   4.705310   2.458030   2.681470   4.833350
  1.545430   2.298760   4.705310   1.019580   2.901460   4.096390
  1.196410  -0.053520   2.961030   1.588800   0.628490   3.525750
  0.917250   5.306850   0.489250   1.499200   4.461870   0.437560
  0.917250   5.306850   0.489250   0.021780   5.100100  -0.003640
  0.917250   5.306850   0.489250   1.389250   6.112100   0.111410
  0.917250   5.306850   0.489250   0.636020   5.440310   1.483290
 -2.800900   5.648890   1.333940  -3.427870   5.264930   2.181270
 -2.800900   5.648890   1.333940  -2.727050   6.766250   1.406230
 -2.800900   5.648890   1.333940  -3.296770   5.380070   0.363000
 -1.528190   5.117300   1.382330  -2.800900   5.648890   1.333940
 -1.191450   3.437990   1.925190  -1.528190   5.117300   1.382330
 -1.191450   3.437990   1.925190  -0.749300   3.116350   0.616460
 -1.191450   3.437990   1.925190  -2.447930   3.125550   2.414030
 -1.191450   3.437990   1.925190  -0.134670   3.925500   2.732380
 -0.305590   0.134140   2.526470  -0.670640   1.567920   2.411270
 -0.305590   0.134140   2.526470  -1.178360  -0.685290   3.538140
 -0.305590   0.134140   2.526470   1.196410  -0.053520   2.961030
 -0.443030  -0.675180   1.165220  -0.305590   0.134140   2.526470
 -0.053130   0.025360   0.002170  -0.443030  -0.675180   1.165220
 -0.053130   0.025360   0.002170  -0.605450  -0.442130  -0.852310
 -0.053130   0.025360   0.002170  -0.323900   1.112810   0.093990
 -0.053130   0.025360   0.002170   1.048900  -0.110420  -0.143500
