33 atoms follow (x y z r g b radiusScale)
 -0.080640  -0.082390  -0.032010   0.000000   1.000000   0.000000   1.850000
  0.973970  -0.341450  -0.311630   1.000000   1.000000   1.000000   1.200000
 -0.225700   1.029520   0.047350   1.000000   1.000000   1.000000   1.200000
 -0.775670  -0.515740  -0.797530   1.000000   1.000000   1.000000   1.200000
 -0.396370  -0.704580   1.193610   1.000000   0.000000   0.000000   1.400000
 -0.315910   0.140930   2.536470   0.500000   0.500000   0.500000   1.900000
  1.170660  -0.037340   3.015430   1.000000   0.000000   0.000000   1.400000
 -1.136270  -0.686710   3.587150   1.000000   0.000000   0.000000   1.400000
 -0.694750   1.568180   2.391910   1.000000   0.000000   0.000000   1.400000
 -1.185400   3.453350   1.869090   1.000000   1.000000   0.000000   1.850000
 -0.113670   3.896300   2.686440   1.000000   0.000000   0.000000   1.400000
 -2.458500   3.094760   2.267960   1.000000   0.000000   0.000000   1.400000
 -0.670770   3.161390   0.573150   1.000000   0.000000   0.000000   1.400000
 -1.601410   5.154340   1.445230   1.000000   0.000000   0.000000   1.400000
 -2.840930   5.770560   1.515930   0.000000   1.000000   0.000000   1.850000
 -3.469670   5.484440   0.632000   1.000000   1.000000   1.000000   1.200000
 -2.677790   6.881570   1.503710   1.000000   1.000000   1.000000   1.200000
 -3.379370   5.484260   2.455500   1.000000   1.000000   1.000000   1.200000
  0.899070   5.247840   0.506640   0.000000   0.000000   1.000000   1.540000
  0.830520   5.426780   1.530420   1.000000   1.000000   1.000000   1.200000
  1.662820   5.739850   0.073110   1.000000   1.000000   1.000000   1.200000
 -0.025210   5.520120   0.111110   1.000000   1.000000   1.000000   1.200000
  0.966650   4.223080   0.391000   1.000000   1.000000   1.000000   1.200000
  1.510660   2.309790   4.734970   0.000000   0.000000   1.000000   1.540000
  1.549650   0.637560   3.595880   1.000000   1.000000   1.000000   1.200000
  0.992090   2.869820   4.081130   1.000000   1.000000   1.000000   1.200000
  2.430640   2.686470   4.823510   1.000000   1.000000   1.000000   1.200000
  1.061560   2.356710   5.625140   1.000000   1.000000   1.000000   1.200000
 -3.525210   0.939960   3.716960   0.000000   0.000000   1.000000   1.540000
 -2.043610  -0.409440   3.793950   1.000000   1.000000   1.000000   1.200000
 -3.759280   1.107910   2.756850   1.000000   1.000000   1.000000   1.200000
 -3.033680   1.753810   4.038650   1.000000   1.000000   1.000000   1.200000
 -4.371230   0.852830   4.239920   1.000000   1.000000   1.000000   1.200000
28 bonds follow (x1 y1 z1 x2 y2 z2)
 -3.525210   0.939960   3.716960  -4.371230   0.852830   4.239920
 -3.525210   0.939960   3.716960  -3.033680   1.753810   4.038650
 -3.525210   0.939960   3.716960  -3.759280   1.107910   2.756850
 -1.136270  -0.686710   3.587150  -2.043610  -0.409440   3.793950
  1.510660   2.309790   4.734970   1.061560   2.356710   5.625140
  1.510660   2.309790   4.734970   2.430640   2.686470   4.823510
  1.510660   2.309790   4.734970   0.992090   2.869820   4.081130
  1.170660  -0.037340   3.015430   1.549650   0.637560   3.595880
  0.899070   5.247840   0.506640   0.966650   4.223080   0.391000
  0.899070   5.247840   0.506640  -0.025210   5.520120   0.111110
  0.899070   5.247840   0.506640   1.662820   5.739850   0.073110
  0.899070   5.247840   0.506640   0.830520   5.426780   1.530420
 -2.840930   5.770560   1.515930  -3.379370   5.484260   2.455500
 -2.840930   5.770560   1.515930  -2.677790   6.881570   1.503710
 -2.840930   5.770560   1.515930  -3.469670   5.484440   0.632000
 -1.601410   5.154340   1.445230  -2.840930   5.770560   1.515930
 -1.185400   3.453350   1.869090  -1.601410   5.154340   1.445230
 -1.185400   3.453350   1.869090  -0.670770   3.161390   0.573150
 -1.185400   3.453350   1.869090  -2.458500   3.094760   2.267960
 -1.185400   3.453350   1.869090  -0.113670   3.896300   2.686440
 -0.315910   0.140930   2.536470  -0.694750   1.568180   2.391910
 -0.315910   0.140930   2.536470  -1.136270  -0.686710   3.587150
 -0.315910   0.140930   2.536470   1.170660  -0.037340   3.015430
 -0.396370  -0.704580   1.193610  -0.315910   0.140930   2.536470
 -0.080640  -0.082390  -0.032010  -0.396370  -0.704580   1.193610
 -0.080640  -0.082390  -0.032010  -0.775670  -0.515740  -0.797530
 -0.080640  -0.082390  -0.032010  -0.225700   1.029520   0.047350
 -0.080640  -0.082390  -0.032010   0.973970  -0.341450  -0.311630
