33 atoms follow (x y z r g b radiusScale)
 -0.003430   0.001960   0.003820   0.000000   1.000000   0.000000   1.850000
  1.115630  -0.001450  -0.006650   1.000000   1.000000   1.000000   1.200000
 -0.402680   1.053720   0.014670   1.000000   1.000000   1.000000   1.200000
 -0.398960  -0.566970  -0.874430   1.000000   1.000000   1.000000   1.200000
 -0.441010  -0.684940   1.157910   1.000000   0.000000   0.000000   1.400000
 -0.332320   0.137990   2.514220   0.500000   0.500000   0.500000   1.900000
  1.150740  -0.075870   2.989660   1.000000   0.000000   0.000000   1.400000
 -1.236580  -0.629020   3.537280   1.000000   0.000000   0.000000   1.400000
 -0.669600   1.576100   2.363780   1.000000   0.000000   0.000000   1.400000
 -1.177680   3.454930   1.963880   1.000000   1.000000   0.000000   1.850000
 -0.002730   3.882590   2.651290   1.000000   0.000000   0.000000   1.400000
 -2.389120   3.099230   2.536500   1.000000   0.000000   0.000000   1.400000
 -0.813220   3.213860   0.603910   1.000000   0.000000   0.000000   1.400000
 -1.600560   5.157100   1.627570   1.000000   0.000000   0.000000   1.400000
 -2.773080   5.558690   1.010320   0.000000   1.000000   0.000000   1.850000
 -2.760850   5.262340  -0.073690   1.000000   1.000000   1.000000   1.200000
 -2.841990   6.676020   1.081450   1.000000   1.000000   1.000000   1.200000
 -3.665690   5.098370   1.507710   1.000000   1.000000   1.000000   1.200000
  0.851080   5.341690   0.507770   0.000000   0.000000   1.000000   1.540000
  0.952970   5.057240   1.509300   1.000000   1.000000   1.000000   1.200000
  0.184770   6.125250   0.480130   1.000000   1.000000   1.000000   1.200000
  0.404320   4.527620   0.026000   1.000000   1.000000   1.000000   1.200000
  1.740300   5.575990   0.095500   1.000000   1.000000   1.000000   1.200000
  1.617810   2.237740   4.686770   0.000000   0.000000   1.000000   1.540000
  1.518550   0.555340   3.629120   1.000000   1.000000   1.000000   1.200000
  1.143170   2.868940   4.064920   1.000000   1.000000   1.000000   1.200000
  2.551580   2.558210   4.830050   1.000000   1.000000   1.000000   1.200000
  1.144930   2.228290   5.565670   1.000000   1.000000   1.000000   1.200000
 -3.605140   0.949430   3.774180   0.000000   0.000000   1.000000   1.540000
 -2.130590  -0.282470   3.727150   1.000000   1.000000   1.000000   1.200000
 -3.817980   1.185240   2.824110   1.000000   1.000000   1.000000   1.200000
 -3.154960   1.750160   4.177820   1.000000   1.000000   1.000000   1.200000
 -4.457470   0.775550   4.263010   1.000000   1.000000   1.000000   1.200000
28 bonds follow (x1 y1 z1 x2 y2 z2)
 -3.605140   0.949430   3.774180  -4.457470   0.775550   4.263010
 -3.605140   0.949430   3.774180  -3.154960   1.750160   4.177820
 -3.605140   0.949430   3.774180  -3.817980   1.185240   2.824110
 -1.236580  -0.629020   3.537280  -2.130590  -0.282470   3.727150
  1.617810   2.237740   4.686770   1.144930   2.228290   5.565670
  1.617810   2.237740   4.686770   2.551580   2.558210   4.830050
  1.617810   2.237740   4.686770   1.143170   2.868940   4.064920
  1.150740  -0.075870   2.989660   1.518550   0.555340   3.629120
  0.851080   5.341690   0.507770   1.740300   5.575990   0.095500
  0.851080   5.341690   0.507770   0.404320   4.527620   0.026000
  0.851080   5.341690   0.507770   0.184770   6.125250   0.480130
  0.851080   5.341690   0.507770   0.952970   5.057240   1.509300
 -2.773080   5.558690   1.010320  -3.665690   5.098370   1.507710
 -2.773080   5.558690   1.010320  -2.841990   6.676020   1.081450
 -2.773080   5.558690   1.010320  -2.760850   5.262340  -0.073690
 -1.600560   5.157100   1.627570  -2.773080   5.558690   1.010320
 -1.177680   3.454930   1.963880  -1.600560   5.157100   1.627570
 -1.177680   3.454930   1.963880  -0.813220   3.213860   0.603910
 -1.177680   3.454930   1.963880  -2.389120   3.099230   2.536500
 -1.177680   3.454930   1.963880  -0.002730   3.882590   2.651290
 -0.332320   0.137990   2.514220  -0.669600   1.576100   2.363780
 -0.332320   0.137990   2.514220  -1.236580  -0.629020   3.537280
 -0.332320   0.137990   2.514220   1.150740  -0.075870   2.989660
 -0.441010  -0.684940   1.157910  -0.332320   0.137990   2.514220
 -0.003430   0.001960   0.003820  -0.441010  -0.684940   1.157910
 -0.003430   0.001960   0.003820  -0.398960  -0.566970  -0.874430
 -0.003430   0.001960   0.003820  -0.402680   1.053720   0.014670
 -0.003430   0.001960   0.003820   1.115630  -0.001450  -0.006650
