33 atoms follow (x y z r g b radiusScale)
 -0.044690   0.036920  -0.019580   0.000000   1.000000   0.000000   1.850000
  1.064270  -0.049600  -0.147420   1.000000   1.000000   1.000000   1.200000
 -0.363850   1.112480   0.050850   1.000000   1.000000   1.000000   1.200000
 -0.561610  -0.475600  -0.870310   1.000000   1.000000   1.000000   1.200000
 -0.423380  -0.658430   1.151070   1.000000   0.000000   0.000000   1.400000
 -0.322910   0.140910   2.520480   0.500000   0.500000   0.500000   1.900000
  1.181160  -0.050360   2.938510   1.000000   0.000000   0.000000   1.400000
 -1.203030  -0.654820   3.548350   1.000000   0.000000   0.000000   1.400000
 -0.630360   1.589080   2.408080   1.000000   0.000000   0.000000   1.400000
 -1.196080   3.431460   1.941810   1.000000   1.000000   0.000000   1.850000
 -0.103370   3.918870   2.709820   1.000000   0.000000   0.000000   1.400000
 -2.439640   3.115840   2.481590   1.000000   0.000000   0.000000   1.400000
 -0.749120   3.108280   0.630640   1.000000   0.000000   0.000000   1.400000
 -1.561380   5.078220   1.374010   1.000000   0.000000   0.000000   1.400000
 -2.812370   5.644870   1.270500   0.000000   1.000000   0.000000   1.850000
 -3.268070   5.399470   0.273750   1.000000   1.000000   1.000000   1.200000
 -2.703310   6.759560   1.352780   1.000000   1.000000   1.000000   1.200000
 -3.490730   5.277110   2.083980   1.000000   1.000000   1.000000   1.200000
  0.928870   5.292710   0.521480   0.000000   0.000000   1.000000   1.540000
  0.699080   5.368920   1.541990   1.000000   1.000000   1.000000   1.200000
  1.248040   6.172360   0.135310   1.000000   1.000000   1.000000   1.200000
  0.032010   4.969470   0.075030   1.000000   1.000000   1.000000   1.200000
  1.623870   4.562230   0.399640   1.000000   1.000000   1.000000   1.200000
  1.556970   2.293580   4.707020   0.000000   0.000000   1.000000   1.540000
  1.574060   0.630320   3.503600   1.000000   1.000000   1.000000   1.200000
  1.038620   2.886170   4.082150   1.000000   1.000000   1.000000   1.200000
  2.476010   2.664920   4.821360   1.000000   1.000000   1.000000   1.200000
  1.104740   2.286020   5.596690   1.000000   1.000000   1.000000   1.200000
 -3.601780   0.954020   3.758970   0.000000   0.000000   1.000000   1.540000
 -2.091240  -0.313630   3.761630   1.000000   1.000000   1.000000   1.200000
 -3.819950   1.157530   2.802620   1.000000   1.000000   1.000000   1.200000
 -3.167320   1.775150   4.138330   1.000000   1.000000   1.000000   1.200000
 -4.452280   0.781530   4.252120   1.000000   1.000000   1.000000   1.200000
28 bonds follow (x1 y1 z1 x2 y2 z2)
 -3.601780   0.954020   3.758970  -4.452280   0.781530   4.252120
 -3.601780   0.954020   3.758970  -3.167320   1.775150   4.138330
 -3.601780   0.954020   3.758970  -3.819950   1.157530   2.802620
 -1.203030  -0.654820   3.548350  -2.091240  -0.313630   3.761630
  1.556970   2.293580   4.707020   1.104740   2.286020   5.596690
  1.556970   2.293580   4.707020   2.476010   2.664920   4.821360
  1.556970   2.293580   4.707020   1.038620   2.886170   4.082150
  1.181160  -0.050360   2.938510   1.574060   0.630320   3.503600
  0.928870   5.292710   0.521480   1.623870   4.562230   0.399640
  0.928870   5.292710   0.521480   0.032010   4.969470   0.075030
  0.928870   5.292710   0.521480   1.248040   6.172360   0.135310
  0.928870   5.292710   0.521480   0.699080   5.368920   1.541990
 -2.812370   5.644870   1.270500  -3.490730   5.277110   2.083980
 -2.812370   5.644870   1.270500  -2.703310   6.759560   1.352780
 -2.812370   5.644870   1.270500  -3.268070   5.399470   0.273750
 -1.561380   5.078220   1.374010  -2.812370   5.644870   1.270500
 -1.196080   3.431460   1.941810  -1.561380   5.078220   1.374010
 -1.196080   3.431460   1.941810  -0.749120   3.108280   0.630640
 -1.196080   3.431460   1.941810  -2.439640   3.115840   2.481590
 -1.196080   3.431460   1.941810  -0.103370   3.918870   2.709820
 -0.322910   0.140910   2.520480  -0.630360   1.589080   2.408080
 -0.322910   0.140910   2.520480  -1.203030  -0.654820   3.548350
 -0.322910   0.140910   2.520480   1.181160  -0.050360   2.938510
 -0.423380  -0.658430   1.151070  -0.322910   0.140910   2.520480
 -0.044690   0.036920  -0.019580  -0.423380  -0.658430   1.151070
 -0.044690   0.036920  -0.019580  -0.561610  -0.475600  -0.870310
 -0.044690   0.036920  -0.019580  -0.363850   1.112480   0.050850
 -0.044690   0.036920  -0.019580   1.064270  -0.049600  -0.147420
