33 atoms follow (x y z r g b radiusScale)
 -0.504030  -0.094370  -0.030120   0.000000   1.000000   0.000000   1.850000
  0.407940  -0.146890  -0.682370   1.000000   1.000000   1.000000   1.200000
 -0.824690   0.970460   0.121750   1.000000   1.000000   1.000000   1.200000
 -1.321400  -0.698270  -0.505610   1.000000   1.000000   1.000000   1.200000
 -0.194490  -0.712190   1.199280   1.000000   0.000000   0.000000   1.400000
 -0.176080   0.155860   2.524710   0.500000   0.500000   0.500000   1.900000
  1.297180  -0.050660   3.071200   1.000000   0.000000   0.000000   1.400000
 -1.099520  -0.600250   3.540080   1.000000   0.000000   0.000000   1.400000
 -0.586240   1.568360   2.352920   1.000000   0.000000   0.000000   1.400000
 -1.189470   3.478540   1.859680   1.000000   1.000000   0.000000   1.850000
 -0.052380   3.928360   2.577860   1.000000   0.000000   0.000000   1.400000
 -2.397990   3.140980   2.447700   1.000000   0.000000   0.000000   1.400000
 -0.835260   3.083150   0.543170   1.000000   0.000000   0.000000   1.400000
 -1.620550   5.114230   1.304910   1.000000   0.000000   0.000000   1.400000
 -2.548990   5.933570   1.923120   0.000000   1.000000   0.000000   1.850000
 -3.290360   5.333300   2.512820   1.000000   1.000000   1.000000   1.200000
 -3.089800   6.517930   1.132740   1.000000   1.000000   1.000000   1.200000
 -2.020970   6.649700   2.609160   1.000000   1.000000   1.000000   1.200000
  0.885960   5.091280   0.304740   0.000000   0.000000   1.000000   1.540000
  1.171120   4.673030   1.217840   1.000000   1.000000   1.000000   1.200000
  1.661510   5.518790  -0.173480   1.000000   1.000000   1.000000   1.200000
  0.135650   5.779570   0.517260   1.000000   1.000000   1.000000   1.200000
  0.453140   4.338080  -0.252010   1.000000   1.000000   1.000000   1.200000
  1.049290   2.438280   5.000160   0.000000   0.000000   1.000000   1.540000
  1.541920   0.475750   3.835920   1.000000   1.000000   1.000000   1.200000
  0.913030   2.943270   4.142830   1.000000   1.000000   1.000000   1.200000
  1.865670   2.790810   5.454250   1.000000   1.000000   1.000000   1.200000
  0.262930   2.606830   5.592430   1.000000   1.000000   1.000000   1.200000
 -3.552720   0.737630   3.438890   0.000000   0.000000   1.000000   1.540000
 -2.017960  -0.295230   3.671990   1.000000   1.000000   1.000000   1.200000
 -3.755130   0.827130   2.463460   1.000000   1.000000   1.000000   1.200000
 -3.124380   1.597750   3.735240   1.000000   1.000000   1.000000   1.200000
 -4.410900   0.621260   3.934360   1.000000   1.000000   1.000000   1.200000
28 bonds follow (x1 y1 z1 x2 y2 z2)
 -3.552720   0.737630   3.438890  -4.410900   0.621260   3.934360
 -3.552720   0.737630   3.438890  -3.124380   1.597750   3.735240
 -3.552720   0.737630   3.438890  -3.755130   0.827130   2.463460
 -1.099520  -0.600250   3.540080  -2.017960  -0.295230   3.671990
  1.049290   2.438280   5.000160   0.262930   2.606830   5.592430
  1.049290   2.438280   5.000160   1.865670   2.790810   5.454250
  1.049290   2.438280   5.000160   0.913030   2.943270   4.142830
  1.297180  -0.050660   3.071200   1.541920   0.475750   3.835920
  0.885960   5.091280   0.304740   0.453140   4.338080  -0.252010
  0.885960   5.091280   0.304740   0.135650   5.779570   0.517260
  0.885960   5.091280   0.304740   1.661510   5.518790  -0.173480
  0.885960   5.091280   0.304740   1.171120   4.673030   1.217840
 -2.548990   5.933570   1.923120  -2.020970   6.649700   2.609160
 -2.548990   5.933570   1.923120  -3.089800   6.517930   1.132740
 -2.548990   5.933570   1.923120  -3.290360   5.333300   2.512820
 -1.620550   5.114230   1.304910  -2.548990   5.933570   1.923120
 -1.189470   3.478540   1.859680  -1.620550   5.114230   1.304910
 -1.189470   3.478540   1.859680  -0.835260   3.083150   0.543170
 -1.189470   3.478540   1.859680  -2.397990   3.140980   2.447700
 -1.189470   3.478540   1.859680  -0.052380   3.928360   2.577860
 -0.176080   0.155860   2.524710  -0.586240   1.568360   2.352920
 -0.176080   0.155860   2.524710  -1.099520  -0.600250   3.540080
 -0.176080   0.155860   2.524710   1.297180  -0.050660   3.071200
 -0.194490  -0.712190   1.199280  -0.176080   0.155860   2.524710
 -0.504030  -0.094370  -0.030120  -0.194490  -0.712190   1.199280
 -0.504030  -0.094370  -0.030120  -1.321400  -0.698270  -0.505610
 -0.504030  -0.094370  -0.030120  -0.824690   0.970460   0.121750
 -0.504030  -0.094370  -0.030120   0.407940  -0.146890  -0.682370
