33 atoms follow (x y z r g b radiusScale)
 -0.549010  -0.137140  -0.024400   0.000000   1.000000   0.000000   1.850000
  0.266630  -0.358500  -0.762440   1.000000   1.000000   1.000000   1.200000
 -0.701540   0.970550   0.081820   1.000000   1.000000   1.000000   1.200000
 -1.491030  -0.642200  -0.366440   1.000000   1.000000   1.000000   1.200000
 -0.168910  -0.715510   1.205600   1.000000   0.000000   0.000000   1.400000
 -0.163910   0.177980   2.517630   0.500000   0.500000   0.500000   1.900000
  1.297910   0.042750   3.079580   1.000000   0.000000   0.000000   1.400000
 -1.084680  -0.616950   3.509000   1.000000   0.000000   0.000000   1.400000
 -0.589220   1.583260   2.311940   1.000000   0.000000   0.000000   1.400000
 -1.187400   3.421540   1.861180   1.000000   1.000000   0.000000   1.850000
 -0.093940   3.942760   2.612820   1.000000   0.000000   0.000000   1.400000
 -2.413470   3.105820   2.432990   1.000000   0.000000   0.000000   1.400000
 -0.786220   3.099100   0.532200   1.000000   0.000000   0.000000   1.400000
 -1.569710   5.072640   1.294410   1.000000   0.000000   0.000000   1.400000
 -2.493060   5.881190   1.923390   0.000000   1.000000   0.000000   1.850000
 -3.383100   5.283990   2.256700   1.000000   1.000000   1.000000   1.200000
 -2.827730   6.671090   1.199870   1.000000   1.000000   1.000000   1.200000
 -2.028230   6.378160   2.817430   1.000000   1.000000   1.000000   1.200000
  0.885290   5.181070   0.308630   0.000000   0.000000   1.000000   1.540000
  0.896580   5.193460   1.356160   1.000000   1.000000   1.000000   1.200000
  1.634390   5.722430  -0.095010   1.000000   1.000000   1.000000   1.200000
 -0.053590   5.537890   0.036220   1.000000   1.000000   1.000000   1.200000
  0.903570   4.196690   0.029070   1.000000   1.000000   1.000000   1.200000
  1.100000   2.407900   4.968260   0.000000   0.000000   1.000000   1.540000
  1.550990   0.609670   3.817620   1.000000   1.000000   1.000000   1.200000
  0.830970   3.056430   4.249560   1.000000   1.000000   1.000000   1.200000
  1.845390   2.801070   5.502410   1.000000   1.000000   1.000000   1.200000
  0.321610   2.257420   5.575580   1.000000   1.000000   1.000000   1.200000
 -3.689040   0.800330   3.507480   0.000000   0.000000   1.000000   1.540000
 -2.007800  -0.335730   3.617000   1.000000   1.000000   1.000000   1.200000
 -3.984480   0.942170   2.563300   1.000000   1.000000   1.000000   1.200000
 -3.421980   1.693190   3.877020   1.000000   1.000000   1.000000   1.200000
 -4.452340   0.434210   4.036110   1.000000   1.000000   1.000000   1.200000
28 bonds follow (x1 y1 z1 x2 y2 z2)
 -3.689040   0.800330   3.507480  -4.452340   0.434210   4.036110
 -3.689040   0.800330   3.507480  -3.421980   1.693190   3.877020
 -3.689040   0.800330   3.507480  -3.984480   0.942170   2.563300
 -1.084680  -0.616950   3.509000  -2.007800  -0.335730   3.617000
  1.100000   2.407900   4.968260   0.321610   2.257420   5.575580
  1.100000   2.407900   4.968260   1.845390   2.801070   5.502410
  1.100000   2.407900   4.968260   0.830970   3.056430   4.249560
  1.297910   0.042750   3.079580   1.550990   0.609670   3.817620
  0.885290   5.181070   0.308630   0.903570   4.196690   0.029070
  0.885290   5.181070   0.308630  -0.053590   5.537890   0.036220
  0.885290   5.181070   0.308630   1.634390   5.722430  -0.095010
  0.885290   5.181070   0.308630   0.896580   5.193460   1.356160
 -2.493060   5.881190   1.923390  -2.028230   6.378160   2.817430
 -2.493060   5.881190   1.923390  -2.827730   6.671090   1.199870
 -2.493060   5.881190   1.923390  -3.383100   5.283990   2.256700
 -1.569710   5.072640   1.294410  -2.493060   5.881190   1.923390
 -1.187400   3.421540   1.861180  -1.569710   5.072640   1.294410
 -1.187400   3.421540   1.861180  -0.786220   3.099100   0.532200
 -1.187400   3.421540   1.861180  -2.413470   3.105820   2.432990
 -1.187400   3.421540   1.861180  -0.093940   3.942760   2.612820
 -0.163910   0.177980   2.517630  -0.589220   1.583260   2.311940
 -0.163910   0.177980   2.517630  -1.084680  -0.616950   3.509000
 -0.163910   0.177980   2.517630   1.297910   0.042750   3.079580
 -0.168910  -0.715510   1.205600  -0.163910   0.177980   2.517630
 -0.549010  -0.137140  -0.024400  -0.168910  -0.715510   1.205600
 -0.549010  -0.137140  -0.024400  -1.491030  -0.642200  -0.366440
 -0.549010  -0.137140  -0.024400  -0.701540   0.970550   0.081820
 -0.549010  -0.137140  -0.024400   0.266630  -0.358500  -0.762440
