33 atoms follow (x y z r g b radiusScale)
  0.140210  -0.187650   0.020220   0.000000   1.000000   0.000000   1.850000
  1.248000  -0.145340   0.175050   1.000000   1.000000   1.000000   1.200000
 -0.287860   0.842230  -0.107270   1.000000   1.000000   1.000000   1.200000
 -0.111520  -0.839920  -0.852410   1.000000   1.000000   1.000000   1.200000
 -0.443810  -0.790570   1.158790   1.000000   0.000000   0.000000   1.400000
 -0.283430   0.018180   2.512700   0.500000   0.500000   0.500000   1.900000
  1.168230  -0.150800   3.079140   1.000000   0.000000   0.000000   1.400000
 -1.266600  -0.635470   3.517620   1.000000   0.000000   0.000000   1.400000
 -0.664230   1.463420   2.321660   1.000000   0.000000   0.000000   1.400000
 -1.118700   3.226030   2.094890   1.000000   1.000000   0.000000   1.850000
 -0.180710   3.734240   2.961820   1.000000   0.000000   0.000000   1.400000
 -2.394960   3.038140   2.557300   1.000000   0.000000   0.000000   1.400000
 -0.911860   3.250710   0.741520   1.000000   0.000000   0.000000   1.400000
 -2.205150   6.002000   1.578610   1.000000   0.000000   0.000000   1.400000
 -3.404680   6.060420   0.830350   0.000000   1.000000   0.000000   1.850000
 -3.170950   6.335820  -0.227980   1.000000   1.000000   1.000000   1.200000
 -4.144330   6.771190   1.261090   1.000000   1.000000   1.000000   1.200000
 -3.781390   5.000150   0.920960   1.000000   1.000000   1.000000   1.200000
  2.000850   5.520880  -0.051240   0.000000   0.000000   1.000000   1.540000
  2.060100   6.158250   0.716460   1.000000   1.000000   1.000000   1.200000
 -2.009590   6.832290   1.680170   1.000000   1.000000   1.000000   1.200000
  1.572180   5.991090  -0.823420   1.000000   1.000000   1.000000   1.200000
  1.407530   4.757690   0.221450   1.000000   1.000000   1.000000   1.200000
  1.743080   2.163320   4.569610   0.000000   0.000000   1.000000   1.540000
  1.518580   0.504760   3.722720   1.000000   1.000000   1.000000   1.200000
  1.438250   2.879960   3.937150   1.000000   1.000000   1.000000   1.200000
  2.701490   2.318740   4.802120   1.000000   1.000000   1.000000   1.200000
  1.196370   2.215060   5.403730   1.000000   1.000000   1.000000   1.200000
 -3.596510   0.792940   3.838260   0.000000   0.000000   1.000000   1.540000
 -2.157210  -0.220500   3.660580   1.000000   1.000000   1.000000   1.200000
 -3.779610   1.181440   2.932780   1.000000   1.000000   1.000000   1.200000
 -3.321570   1.543500   4.439780   1.000000   1.000000   1.000000   1.200000
 -4.422160   0.362000   4.195540   1.000000   1.000000   1.000000   1.200000
28 bonds follow (x1 y1 z1 x2 y2 z2)
 -3.596510   0.792940   3.838260  -4.422160   0.362000   4.195540
 -3.596510   0.792940   3.838260  -3.321570   1.543500   4.439780
 -3.596510   0.792940   3.838260  -3.779610   1.181440   2.932780
 -1.266600  -0.635470   3.517620  -2.157210  -0.220500   3.660580
  1.743080   2.163320   4.569610   1.196370   2.215060   5.403730
  1.743080   2.163320   4.569610   2.701490   2.318740   4.802120
  1.743080   2.163320   4.569610   1.438250   2.879960   3.937150
  1.168230  -0.150800   3.079140   1.518580   0.504760   3.722720
  2.000850   5.520880  -0.051240   1.407530   4.757690   0.221450
  2.000850   5.520880  -0.051240   1.572180   5.991090  -0.823420
 -2.205150   6.002000   1.578610  -2.009590   6.832290   1.680170
  2.000850   5.520880  -0.051240   2.060100   6.158250   0.716460
 -3.404680   6.060420   0.830350  -3.781390   5.000150   0.920960
 -3.404680   6.060420   0.830350  -4.144330   6.771190   1.261090
 -3.404680   6.060420   0.830350  -3.170950   6.335820  -0.227980
 -2.205150   6.002000   1.578610  -3.404680   6.060420   0.830350
 -1.118700   3.226030   2.094890  -0.911860   3.250710   0.741520
 -1.118700   3.226030   2.094890  -2.394960   3.038140   2.557300
 -1.118700   3.226030   2.094890  -0.180710   3.734240   2.961820
 -0.664230   1.463420   2.321660  -1.118700   3.226030   2.094890
 -0.283430   0.018180   2.512700  -0.664230   1.463420   2.321660
 -0.283430   0.018180   2.512700  -1.266600  -0.635470   3.517620
 -0.283430   0.018180   2.512700   1.168230  -0.150800   3.079140
 -0.443810  -0.790570   1.158790  -0.283430   0.018180   2.512700
  0.140210  -0.187650   0.020220  -0.443810  -0.790570   1.158790
  0.140210  -0.187650   0.020220  -0.111520  -0.839920  -0.852410
  0.140210  -0.187650   0.020220  -0.287860   0.842230  -0.107270
  0.140210  -0.187650   0.020220   1.248000  -0.145340   0.175050
