33 atoms follow (x y z r g b radiusScale)
  0.011810  -0.006390  -0.011960   0.000000   1.000000   0.000000   1.850000
  1.130180  -0.008620   0.008740   1.000000   1.000000   1.000000   1.200000
 -0.396480   1.040360  -0.019620   1.000000   1.000000   1.000000   1.200000
 -0.363130  -0.588670  -0.890820   1.000000   1.000000   1.000000   1.200000
 -0.457440  -0.688240   1.138730   1.000000   0.000000   0.000000   1.400000
 -0.306590   0.053750   2.529360   0.500000   0.500000   0.500000   1.900000
  1.178820  -0.049320   3.012510   1.000000   0.000000   0.000000   1.400000
 -1.265930  -0.625770   3.560800   1.000000   0.000000   0.000000   1.400000
 -0.669980   1.505930   2.378840   1.000000   0.000000   0.000000   1.400000
 -1.107110   3.258910   2.010020   1.000000   1.000000   0.000000   1.850000
 -0.078920   3.772210   2.757750   1.000000   0.000000   0.000000   1.400000
 -2.388100   3.197080   2.525410   1.000000   0.000000   0.000000   1.400000
 -0.917150   3.096070   0.654680   1.000000   0.000000   0.000000   1.400000
 -1.741840   5.461150   1.636050   1.000000   0.000000   0.000000   1.400000
 -2.911660   5.732170   0.890890   0.000000   1.000000   0.000000   1.850000
 -2.787770   5.375920  -0.162330   1.000000   1.000000   1.000000   1.200000
 -3.123410   6.829780   0.891790   1.000000   1.000000   1.000000   1.200000
 -3.756680   5.179830   1.392850   1.000000   1.000000   1.000000   1.200000
  1.125890   5.605860   0.314900   0.000000   0.000000   1.000000   1.540000
  1.356510   5.259990   1.222290   1.000000   1.000000   1.000000   1.200000
 -0.999830   5.956820   1.359760   1.000000   1.000000   1.000000   1.200000
  0.570900   4.924480  -0.160090   1.000000   1.000000   1.000000   1.200000
  1.963750   5.780150  -0.193780   1.000000   1.000000   1.000000   1.200000
  1.629250   2.216900   4.676910   0.000000   0.000000   1.000000   1.540000
  1.496080   0.629230   3.647700   1.000000   1.000000   1.000000   1.200000
  1.260530   2.954870   4.105580   1.000000   1.000000   1.000000   1.200000
  2.603280   2.374610   4.828600   1.000000   1.000000   1.000000   1.200000
  1.161540   2.218610   5.558540   1.000000   1.000000   1.000000   1.200000
 -3.574740   0.980330   3.749180   0.000000   0.000000   1.000000   1.540000
 -2.148870  -0.208580   3.713960   1.000000   1.000000   1.000000   1.200000
 -3.867980   1.211010   2.820280   1.000000   1.000000   1.000000   1.200000
 -3.200640   1.816050   4.158570   1.000000   1.000000   1.000000   1.200000
 -4.366900   0.681380   4.277750   1.000000   1.000000   1.000000   1.200000
28 bonds follow (x1 y1 z1 x2 y2 z2)
 -3.574740   0.980330   3.749180  -4.366900   0.681380   4.277750
 -3.574740   0.980330   3.749180  -3.200640   1.816050   4.158570
 -3.574740   0.980330   3.749180  -3.867980   1.211010   2.820280
 -1.265930  -0.625770   3.560800  -2.148870  -0.208580   3.713960
  1.629250   2.216900   4.676910   1.161540   2.218610   5.558540
  1.629250   2.216900   4.676910   2.603280   2.374610   4.828600
  1.629250   2.216900   4.676910   1.260530   2.954870   4.105580
  1.178820  -0.049320   3.012510   1.496080   0.629230   3.647700
  1.125890   5.605860   0.314900   1.963750   5.780150  -0.193780
  1.125890   5.605860   0.314900   0.570900   4.924480  -0.160090
 -1.741840   5.461150   1.636050  -0.999830   5.956820   1.359760
  1.125890   5.605860   0.314900   1.356510   5.259990   1.222290
 -2.911660   5.732170   0.890890  -3.756680   5.179830   1.392850
 -2.911660   5.732170   0.890890  -3.123410   6.829780   0.891790
 -2.911660   5.732170   0.890890  -2.787770   5.375920  -0.162330
 -1.741840   5.461150   1.636050  -2.911660   5.732170   0.890890
 -1.107110   3.258910   2.010020  -0.917150   3.096070   0.654680
 -1.107110   3.258910   2.010020  -2.388100   3.197080   2.525410
 -1.107110   3.258910   2.010020  -0.078920   3.772210   2.757750
 -0.669980   1.505930   2.378840  -1.107110   3.258910   2.010020
 -0.306590   0.053750   2.529360  -0.669980   1.505930   2.378840
 -0.306590   0.053750   2.529360  -1.265930  -0.625770   3.560800
 -0.306590   0.053750   2.529360   1.178820  -0.049320   3.012510
 -0.457440  -0.688240   1.138730  -0.306590   0.053750   2.529360
  0.011810  -0.006390  -0.011960  -0.457440  -0.688240   1.138730
  0.011810  -0.006390  -0.011960  -0.363130  -0.588670  -0.890820
  0.011810  -0.006390  -0.011960  -0.396480   1.040360  -0.019620
  0.011810  -0.006390  -0.011960   1.130180  -0.008620   0.008740
