33 atoms follow (x y z r g b radiusScale)
  0.006160  -0.002430  -0.008070   0.000000   1.000000   0.000000   1.850000
  1.124760  -0.008650   0.001040   1.000000   1.000000   1.000000   1.200000
 -0.398160   1.045470  -0.022480   1.000000   1.000000   1.000000   1.200000
 -0.379470  -0.591160  -0.878250   1.000000   1.000000   1.000000   1.200000
 -0.453680  -0.670930   1.151970   1.000000   0.000000   0.000000   1.400000
 -0.317000   0.093120   2.522420   0.500000   0.500000   0.500000   1.900000
  1.159450  -0.052170   3.000090   1.000000   0.000000   0.000000   1.400000
 -1.248810  -0.614360   3.544050   1.000000   0.000000   0.000000   1.400000
 -0.679220   1.539540   2.373700   1.000000   0.000000   0.000000   1.400000
 -1.095560   3.262420   2.001390   1.000000   1.000000   0.000000   1.850000
 -0.078670   3.811940   2.775540   1.000000   0.000000   0.000000   1.400000
 -2.366980   3.223430   2.501900   1.000000   0.000000   0.000000   1.400000
 -0.940620   3.113230   0.627190   1.000000   0.000000   0.000000   1.400000
 -1.634090   5.321580   1.610690   1.000000   0.000000   0.000000   1.400000
 -2.824240   5.699280   0.911070   0.000000   1.000000   0.000000   1.850000
 -2.774080   5.331340  -0.143450   1.000000   1.000000   1.000000   1.200000
 -2.962730   6.806240   0.950150   1.000000   1.000000   1.000000   1.200000
 -3.611320   5.159090   1.489630   1.000000   1.000000   1.000000   1.200000
  0.953730   5.537210   0.399110   0.000000   0.000000   1.000000   1.540000
  1.369420   5.202920   1.248200   1.000000   1.000000   1.000000   1.200000
 -0.929900   5.931920   1.148330   1.000000   1.000000   1.000000   1.200000
  0.696430   4.747290  -0.164840   1.000000   1.000000   1.000000   1.200000
  1.624250   6.095110  -0.093160   1.000000   1.000000   1.000000   1.200000
  1.621810   2.227860   4.680270   0.000000   0.000000   1.000000   1.540000
  1.509530   0.591810   3.650040   1.000000   1.000000   1.000000   1.200000
  1.224990   2.945670   4.100520   1.000000   1.000000   1.000000   1.200000
  2.590670   2.423260   4.822240   1.000000   1.000000   1.000000   1.200000
  1.162550   2.234720   5.566710   1.000000   1.000000   1.000000   1.200000
 -3.588930   0.968850   3.759810   0.000000   0.000000   1.000000   1.540000
 -2.147040  -0.253920   3.714540   1.000000   1.000000   1.000000   1.200000
 -3.857540   1.205690   2.824800   1.000000   1.000000   1.000000   1.200000
 -3.192620   1.793230   4.171260   1.000000   1.000000   1.000000   1.200000
 -4.401230   0.702310   4.274980   1.000000   1.000000   1.000000   1.200000
28 bonds follow (x1 y1 z1 x2 y2 z2)
 -3.588930   0.968850   3.759810  -4.401230   0.702310   4.274980
 -3.588930   0.968850   3.759810  -3.192620   1.793230   4.171260
 -3.588930   0.968850   3.759810  -3.857540   1.205690   2.824800
 -1.248810  -0.614360   3.544050  -2.147040  -0.253920   3.714540
  1.621810   2.227860   4.680270   1.162550   2.234720   5.566710
  1.621810   2.227860   4.680270   2.590670   2.423260   4.822240
  1.621810   2.227860   4.680270   1.224990   2.945670   4.100520
  1.159450  -0.052170   3.000090   1.509530   0.591810   3.650040
  0.953730   5.537210   0.399110   1.624250   6.095110  -0.093160
  0.953730   5.537210   0.399110   0.696430   4.747290  -0.164840
 -1.634090   5.321580   1.610690  -0.929900   5.931920   1.148330
  0.953730   5.537210   0.399110   1.369420   5.202920   1.248200
 -2.824240   5.699280   0.911070  -3.611320   5.159090   1.489630
 -2.824240   5.699280   0.911070  -2.962730   6.806240   0.950150
 -2.824240   5.699280   0.911070  -2.774080   5.331340  -0.143450
 -1.634090   5.321580   1.610690  -2.824240   5.699280   0.911070
 -1.095560   3.262420   2.001390  -0.940620   3.113230   0.627190
 -1.095560   3.262420   2.001390  -2.366980   3.223430   2.501900
 -1.095560   3.262420   2.001390  -0.078670   3.811940   2.775540
 -0.679220   1.539540   2.373700  -1.095560   3.262420   2.001390
 -0.317000   0.093120   2.522420  -0.679220   1.539540   2.373700
 -0.317000   0.093120   2.522420  -1.248810  -0.614360   3.544050
 -0.317000   0.093120   2.522420   1.159450  -0.052170   3.000090
 -0.453680  -0.670930   1.151970  -0.317000   0.093120   2.522420
  0.006160  -0.002430  -0.008070  -0.453680  -0.670930   1.151970
  0.006160  -0.002430  -0.008070  -0.379470  -0.591160  -0.878250
  0.006160  -0.002430  -0.008070  -0.398160   1.045470  -0.022480
  0.006160  -0.002430  -0.008070   1.124760  -0.008650   0.001040
