33 atoms follow (x y z r g b radiusScale)
 -0.277690  -0.140810  -0.067930   0.000000   1.000000   0.000000   1.850000
  0.647100  -0.451240  -0.620080   1.000000   1.000000   1.000000   1.200000
 -0.347800   0.978220   0.023110   1.000000   1.000000   1.000000   1.200000
 -1.174740  -0.548840  -0.603680   1.000000   1.000000   1.000000   1.200000
 -0.237460  -0.746920   1.208440   1.000000   0.000000   0.000000   1.400000
 -0.245260   0.156210   2.510180   0.500000   0.500000   0.500000   1.900000
  1.264040   0.111240   2.967650   1.000000   0.000000   0.000000   1.400000
 -1.042710  -0.611330   3.627110   1.000000   0.000000   0.000000   1.400000
 -0.656770   1.559940   2.276490   1.000000   0.000000   0.000000   1.400000
 -1.150040   3.404250   1.896120   1.000000   1.000000   0.000000   1.850000
  0.094320   3.782270   2.486400   1.000000   0.000000   0.000000   1.400000
 -2.310260   3.133970   2.610830   1.000000   0.000000   0.000000   1.400000
 -0.965720   3.100570   0.522050   1.000000   0.000000   0.000000   1.400000
 -1.477780   5.131220   1.522030   1.000000   0.000000   0.000000   1.400000
 -2.612940   5.848660   1.845060   0.000000   1.000000   0.000000   1.850000
 -3.053530   5.491940   2.812420   1.000000   1.000000   1.000000   1.200000
 -3.381050   5.744120   1.032590   1.000000   1.000000   1.000000   1.200000
 -2.334230   6.932630   1.941430   1.000000   1.000000   1.000000   1.200000
  0.846240   5.162530   0.290010   0.000000   0.000000   1.000000   1.540000
  1.173480   4.573950   1.082560   1.000000   1.000000   1.000000   1.200000
  1.602830   5.518830  -0.263140   1.000000   1.000000   1.000000   1.200000
  0.272540   5.909350   0.709370   1.000000   1.000000   1.000000   1.200000
  0.188480   4.559840  -0.267240   1.000000   1.000000   1.000000   1.200000
  0.991250   2.512870   4.963050   0.000000   0.000000   1.000000   1.540000
  1.510260   0.639910   3.730670   1.000000   1.000000   1.000000   1.200000
  1.306630   3.038330   4.168000   1.000000   1.000000   1.000000   1.200000
  1.467200   2.837750   5.778360   1.000000   1.000000   1.000000   1.200000
  0.013830   2.693490   5.073070   1.000000   1.000000   1.000000   1.200000
 -3.688980   0.848560   3.379000   0.000000   0.000000   1.000000   1.540000
 -1.933510  -0.316600   3.852690   1.000000   1.000000   1.000000   1.200000
 -3.663690   1.368260   2.521570   1.000000   1.000000   1.000000   1.200000
 -3.400890   1.477180   4.104450   1.000000   1.000000   1.000000   1.200000
 -4.630870   0.568290   3.557270   1.000000   1.000000   1.000000   1.200000
29 bonds follow (x1 y1 z1 x2 y2 z2)
 -3.688980   0.848560   3.379000  -4.630870   0.568290   3.557270
 -3.688980   0.848560   3.379000  -3.400890   1.477180   4.104450
 -3.688980   0.848560   3.379000  -3.663690   1.368260   2.521570
 -1.042710  -0.611330   3.627110  -1.933510  -0.316600   3.852690
  0.991250   2.512870   4.963050   0.013830   2.693490   5.073070
  0.991250   2.512870   4.963050   1.467200   2.837750   5.778360
  0.991250   2.512870   4.963050   1.306630   3.038330   4.168000
  1.264040   0.111240   2.967650   1.510260   0.639910   3.730670
  0.846240   5.162530   0.290010   0.188480   4.559840  -0.267240
  0.846240   5.162530   0.290010   0.272540   5.909350   0.709370
  0.846240   5.162530   0.290010   1.602830   5.518830  -0.263140
  0.846240   5.162530   0.290010   1.173480   4.573950   1.082560
 -2.612940   5.848660   1.845060  -2.334230   6.932630   1.941430
 -2.612940   5.848660   1.845060  -3.381050   5.744120   1.032590
 -2.612940   5.848660   1.845060  -3.053530   5.491940   2.812420
 -1.477780   5.131220   1.522030  -2.612940   5.848660   1.845060
 -1.150040   3.404250   1.896120  -1.477780   5.131220   1.522030
 -1.150040   3.404250   1.896120  -0.965720   3.100570   0.522050
 -1.150040   3.404250   1.896120  -2.310260   3.133970   2.610830
 -1.150040   3.404250   1.896120   0.094320   3.782270   2.486400
 -0.656770   1.559940   2.276490  -1.150040   3.404250   1.896120
 -0.245260   0.156210   2.510180  -0.656770   1.559940   2.276490
 -0.245260   0.156210   2.510180  -1.042710  -0.611330   3.627110
 -0.245260   0.156210   2.510180   1.264040   0.111240   2.967650
 -0.237460  -0.746920   1.208440  -0.245260   0.156210   2.510180
 -0.277690  -0.140810  -0.067930  -0.237460  -0.746920   1.208440
 -0.277690  -0.140810  -0.067930  -1.174740  -0.548840  -0.603680
 -0.277690  -0.140810  -0.067930  -0.347800   0.978220   0.023110
 -0.277690  -0.140810  -0.067930   0.647100  -0.451240  -0.620080
