33 atoms follow (x y z r g b radiusScale)
 -0.325550  -0.193770  -0.052740   0.000000   1.000000   0.000000   1.850000
  0.618880  -0.428080  -0.610740   1.000000   1.000000   1.000000   1.200000
 -0.484080   0.916920   0.026250   1.000000   1.000000   1.000000   1.200000
 -1.187170  -0.681470  -0.579920   1.000000   1.000000   1.000000   1.200000
 -0.228170  -0.786980   1.227010   1.000000   0.000000   0.000000   1.400000
 -0.243310   0.155900   2.504860   0.500000   0.500000   0.500000   1.900000
  1.216750   0.089030   3.092970   1.000000   0.000000   0.000000   1.400000
 -1.162030  -0.507560   3.591130   1.000000   0.000000   0.000000   1.400000
 -0.637700   1.558070   2.223120   1.000000   0.000000   0.000000   1.400000
 -1.189940   3.386990   1.787920   1.000000   1.000000   0.000000   1.850000
 -0.123730   3.860870   2.611330   1.000000   0.000000   0.000000   1.400000
 -2.425500   2.995700   2.281690   1.000000   0.000000   0.000000   1.400000
 -0.753210   3.134980   0.462540   1.000000   0.000000   0.000000   1.400000
 -1.590710   5.076480   1.359790   1.000000   0.000000   0.000000   1.400000
 -2.687020   5.778010   1.823000   0.000000   1.000000   0.000000   1.850000
 -3.603560   5.492540   1.243590   1.000000   1.000000   1.000000   1.200000
 -2.490990   6.874630   1.684150   1.000000   1.000000   1.000000   1.200000
 -2.864460   5.569290   2.910420   1.000000   1.000000   1.000000   1.200000
  0.956620   5.302240   0.631840   0.000000   0.000000   1.000000   1.540000
  1.443490   4.512590   1.078070   1.000000   1.000000   1.000000   1.200000
  1.592450   5.984750   0.246870   1.000000   1.000000   1.000000   1.200000
  0.332970   5.700430   1.361170   1.000000   1.000000   1.000000   1.200000
  0.324780   4.898970  -0.073820   1.000000   1.000000   1.000000   1.200000
  1.395320   2.424460   4.825200   0.000000   0.000000   1.000000   1.540000
  1.462890   0.786450   3.723800   1.000000   1.000000   1.000000   1.200000
  0.894100   2.996820   4.168440   1.000000   1.000000   1.000000   1.200000
  2.312670   2.796420   4.949250   1.000000   1.000000   1.000000   1.200000
  0.921510   2.440650   5.703410   1.000000   1.000000   1.000000   1.200000
 -3.682210   0.959160   3.721930   0.000000   0.000000   1.000000   1.540000
 -2.039640  -0.124240   3.770390   1.000000   1.000000   1.000000   1.200000
 -3.754640   1.187700   2.747960   1.000000   1.000000   1.000000   1.200000
 -3.316570   1.770620   4.182180   1.000000   1.000000   1.000000   1.200000
 -4.595060   0.770780   4.079030   1.000000   1.000000   1.000000   1.200000
28 bonds follow (x1 y1 z1 x2 y2 z2)
 -3.682210   0.959160   3.721930  -4.595060   0.770780   4.079030
 -3.682210   0.959160   3.721930  -3.316570   1.770620   4.182180
 -3.682210   0.959160   3.721930  -3.754640   1.187700   2.747960
 -1.162030  -0.507560   3.591130  -2.039640  -0.124240   3.770390
  1.395320   2.424460   4.825200   0.921510   2.440650   5.703410
  1.395320   2.424460   4.825200   2.312670   2.796420   4.949250
  1.395320   2.424460   4.825200   0.894100   2.996820   4.168440
  1.216750   0.089030   3.092970   1.462890   0.786450   3.723800
  0.956620   5.302240   0.631840   0.324780   4.898970  -0.073820
  0.956620   5.302240   0.631840   0.332970   5.700430   1.361170
  0.956620   5.302240   0.631840   1.592450   5.984750   0.246870
  0.956620   5.302240   0.631840   1.443490   4.512590   1.078070
 -2.687020   5.778010   1.823000  -2.864460   5.569290   2.910420
 -2.687020   5.778010   1.823000  -2.490990   6.874630   1.684150
 -2.687020   5.778010   1.823000  -3.603560   5.492540   1.243590
 -1.590710   5.076480   1.359790  -2.687020   5.778010   1.823000
 -1.189940   3.386990   1.787920  -1.590710   5.076480   1.359790
 -1.189940   3.386990   1.787920  -0.753210   3.134980   0.462540
 -1.189940   3.386990   1.787920  -2.425500   2.995700   2.281690
 -1.189940   3.386990   1.787920  -0.123730   3.860870   2.611330
 -0.243310   0.155900   2.504860  -0.637700   1.558070   2.223120
 -0.243310   0.155900   2.504860  -1.162030  -0.507560   3.591130
 -0.243310   0.155900   2.504860   1.216750   0.089030   3.092970
 -0.228170  -0.786980   1.227010  -0.243310   0.155900   2.504860
 -0.325550  -0.193770  -0.052740  -0.228170  -0.786980   1.227010
 -0.325550  -0.193770  -0.052740  -1.187170  -0.681470  -0.579920
 -0.325550  -0.193770  -0.052740  -0.484080   0.916920   0.026250
 -0.325550  -0.193770  -0.052740   0.618880  -0.428080  -0.610740
