33 atoms follow (x y z r g b radiusScale)
 -0.481390  -0.259960  -0.015440   0.000000   1.000000   0.000000   1.850000
  0.408310  -0.442930  -0.673720   1.000000   1.000000   1.000000   1.200000
 -0.716390   0.838130   0.042350   1.000000   1.000000   1.000000   1.200000
 -1.353640  -0.837790  -0.420580   1.000000   1.000000   1.000000   1.200000
 -0.181910  -0.780550   1.259370   1.000000   0.000000   0.000000   1.400000
 -0.224130   0.171060   2.526020   0.500000   0.500000   0.500000   1.900000
  1.212730   0.017770   3.159890   1.000000   0.000000   0.000000   1.400000
 -1.133320  -0.589130   3.554860   1.000000   0.000000   0.000000   1.400000
 -0.679570   1.555130   2.248610   1.000000   0.000000   0.000000   1.400000
 -1.185990   3.428860   1.764430   1.000000   1.000000   0.000000   1.850000
 -0.111020   3.868360   2.587250   1.000000   0.000000   0.000000   1.400000
 -2.436380   3.044750   2.196940   1.000000   0.000000   0.000000   1.400000
 -0.728240   3.154590   0.453620   1.000000   0.000000   0.000000   1.400000
 -1.596110   5.131810   1.370760   1.000000   0.000000   0.000000   1.400000
 -2.659580   5.773410   1.984940   0.000000   1.000000   0.000000   1.850000
 -3.634210   5.369750   1.605580   1.000000   1.000000   1.000000   1.200000
 -2.595290   6.868430   1.751500   1.000000   1.000000   1.000000   1.200000
 -2.616140   5.630600   3.097630   1.000000   1.000000   1.000000   1.200000
  0.931830   5.300370   0.537180   0.000000   0.000000   1.000000   1.540000
  1.254330   4.695010   1.301970   1.000000   1.000000   1.000000   1.200000
  1.692400   5.700460   0.013890   1.000000   1.000000   1.000000   1.200000
  0.322030   6.019030   0.964910   1.000000   1.000000   1.000000   1.200000
  0.301000   4.713190  -0.068470   1.000000   1.000000   1.000000   1.200000
  1.300730   2.453270   4.877500   0.000000   0.000000   1.000000   1.540000
  1.490810   0.682550   3.804180   1.000000   1.000000   1.000000   1.200000
  0.881440   3.038070   4.177220   1.000000   1.000000   1.000000   1.200000
  2.172660   2.850460   5.155940   1.000000   1.000000   1.000000   1.200000
  0.699580   2.418140   5.673720   1.000000   1.000000   1.000000   1.200000
 -3.523840   0.927060   3.600990   0.000000   0.000000   1.000000   1.540000
 -2.056760  -0.297020   3.666270   1.000000   1.000000   1.000000   1.200000
 -3.661570   1.275810   2.670520   1.000000   1.000000   1.000000   1.200000
 -3.141130   1.678100   4.141320   1.000000   1.000000   1.000000   1.200000
 -4.404900   0.664160   3.988790   1.000000   1.000000   1.000000   1.200000
28 bonds follow (x1 y1 z1 x2 y2 z2)
 -3.523840   0.927060   3.600990  -4.404900   0.664160   3.988790
 -3.523840   0.927060   3.600990  -3.141130   1.678100   4.141320
 -3.523840   0.927060   3.600990  -3.661570   1.275810   2.670520
 -1.133320  -0.589130   3.554860  -2.056760  -0.297020   3.666270
  1.300730   2.453270   4.877500   0.699580   2.418140   5.673720
  1.300730   2.453270   4.877500   2.172660   2.850460   5.155940
  1.300730   2.453270   4.877500   0.881440   3.038070   4.177220
  1.212730   0.017770   3.159890   1.490810   0.682550   3.804180
  0.931830   5.300370   0.537180   0.301000   4.713190  -0.068470
  0.931830   5.300370   0.537180   0.322030   6.019030   0.964910
  0.931830   5.300370   0.537180   1.692400   5.700460   0.013890
  0.931830   5.300370   0.537180   1.254330   4.695010   1.301970
 -2.659580   5.773410   1.984940  -2.616140   5.630600   3.097630
 -2.659580   5.773410   1.984940  -2.595290   6.868430   1.751500
 -2.659580   5.773410   1.984940  -3.634210   5.369750   1.605580
 -1.596110   5.131810   1.370760  -2.659580   5.773410   1.984940
 -1.185990   3.428860   1.764430  -1.596110   5.131810   1.370760
 -1.185990   3.428860   1.764430  -0.728240   3.154590   0.453620
 -1.185990   3.428860   1.764430  -2.436380   3.044750   2.196940
 -1.185990   3.428860   1.764430  -0.111020   3.868360   2.587250
 -0.224130   0.171060   2.526020  -0.679570   1.555130   2.248610
 -0.224130   0.171060   2.526020  -1.133320  -0.589130   3.554860
 -0.224130   0.171060   2.526020   1.212730   0.017770   3.159890
 -0.181910  -0.780550   1.259370  -0.224130   0.171060   2.526020
 -0.481390  -0.259960  -0.015440  -0.181910  -0.780550   1.259370
 -0.481390  -0.259960  -0.015440  -1.353640  -0.837790  -0.420580
 -0.481390  -0.259960  -0.015440  -0.716390   0.838130   0.042350
 -0.481390  -0.259960  -0.015440   0.408310  -0.442930  -0.673720
