33 atoms follow (x y z r g b radiusScale)
 -0.282360  -0.136670  -0.072140   0.000000   1.000000   0.000000   1.850000
  0.642230  -0.446040  -0.626100   1.000000   1.000000   1.000000   1.200000
 -0.354020   0.980840   0.018250   1.000000   1.000000   1.000000   1.200000
 -1.179880  -0.546960  -0.606110   1.000000   1.000000   1.000000   1.200000
 -0.239050  -0.740730   1.205300   1.000000   0.000000   0.000000   1.400000
 -0.243030   0.156460   2.512630   0.500000   0.500000   0.500000   1.900000
  1.262590   0.106000   2.972210   1.000000   0.000000   0.000000   1.400000
 -1.038390  -0.611190   3.628050   1.000000   0.000000   0.000000   1.400000
 -0.655310   1.558290   2.279760   1.000000   0.000000   0.000000   1.400000
 -1.152020   3.403020   1.893710   1.000000   1.000000   0.000000   1.850000
  0.090440   3.785400   2.483080   1.000000   0.000000   0.000000   1.400000
 -2.313640   3.131170   2.609520   1.000000   0.000000   0.000000   1.400000
 -0.967980   3.097220   0.522210   1.000000   0.000000   0.000000   1.400000
 -1.478250   5.133280   1.514910   1.000000   0.000000   0.000000   1.400000
 -2.610040   5.855450   1.845160   0.000000   1.000000   0.000000   1.850000
 -3.052710   5.490260   2.808040   1.000000   1.000000   1.000000   1.200000
 -3.377730   5.763700   1.031360   1.000000   1.000000   1.000000   1.200000
 -2.325510   6.936030   1.953950   1.000000   1.000000   1.000000   1.200000
  0.850750   5.163850   0.289440   0.000000   0.000000   1.000000   1.540000
  1.189180   4.543230   1.058750   1.000000   1.000000   1.000000   1.200000
  1.601270   5.533680  -0.270200   1.000000   1.000000   1.000000   1.200000
  0.290790   5.910420   0.747240   1.000000   1.000000   1.000000   1.200000
  0.187540   4.593500  -0.269120   1.000000   1.000000   1.000000   1.200000
  0.993310   2.513780   4.969770   0.000000   0.000000   1.000000   1.540000
  1.512810   0.612160   3.748490   1.000000   1.000000   1.000000   1.200000
  1.300910   3.033660   4.168260   1.000000   1.000000   1.000000   1.200000
  1.486030   2.836290   5.776160   1.000000   1.000000   1.000000   1.200000
  0.019770   2.704760   5.095700   1.000000   1.000000   1.000000   1.200000
 -3.690710   0.840200   3.380560   0.000000   0.000000   1.000000   1.540000
 -1.934200  -0.324800   3.845920   1.000000   1.000000   1.000000   1.200000
 -3.657010   1.360040   2.523290   1.000000   1.000000   1.000000   1.200000
 -3.385880   1.462620   4.104660   1.000000   1.000000   1.000000   1.200000
 -4.638410   0.582950   3.562920   1.000000   1.000000   1.000000   1.200000
29 bonds follow (x1 y1 z1 x2 y2 z2)
 -3.690710   0.840200   3.380560  -4.638410   0.582950   3.562920
 -3.690710   0.840200   3.380560  -3.385880   1.462620   4.104660
 -3.690710   0.840200   3.380560  -3.657010   1.360040   2.523290
 -1.038390  -0.611190   3.628050  -1.934200  -0.324800   3.845920
  0.993310   2.513780   4.969770   0.019770   2.704760   5.095700
  0.993310   2.513780   4.969770   1.486030   2.836290   5.776160
  0.993310   2.513780   4.969770   1.300910   3.033660   4.168260
  1.262590   0.106000   2.972210   1.512810   0.612160   3.748490
  0.850750   5.163850   0.289440   0.187540   4.593500  -0.269120
  0.850750   5.163850   0.289440   0.290790   5.910420   0.747240
  0.850750   5.163850   0.289440   1.601270   5.533680  -0.270200
  0.850750   5.163850   0.289440   1.189180   4.543230   1.058750
 -2.610040   5.855450   1.845160  -2.325510   6.936030   1.953950
 -2.610040   5.855450   1.845160  -3.377730   5.763700   1.031360
 -2.610040   5.855450   1.845160  -3.052710   5.490260   2.808040
 -1.478250   5.133280   1.514910  -2.610040   5.855450   1.845160
 -1.152020   3.403020   1.893710  -1.478250   5.133280   1.514910
 -1.152020   3.403020   1.893710  -0.967980   3.097220   0.522210
 -1.152020   3.403020   1.893710  -2.313640   3.131170   2.609520
 -1.152020   3.403020   1.893710   0.090440   3.785400   2.483080
 -0.655310   1.558290   2.279760  -1.152020   3.403020   1.893710
 -0.243030   0.156460   2.512630  -0.655310   1.558290   2.279760
 -0.243030   0.156460   2.512630  -1.038390  -0.611190   3.628050
 -0.243030   0.156460   2.512630   1.262590   0.106000   2.972210
 -0.239050  -0.740730   1.205300  -0.243030   0.156460   2.512630
 -0.282360  -0.136670  -0.072140  -0.239050  -0.740730   1.205300
 -0.282360  -0.136670  -0.072140  -1.179880  -0.546960  -0.606110
 -0.282360  -0.136670  -0.072140  -0.354020   0.980840   0.018250
 -0.282360  -0.136670  -0.072140   0.642230  -0.446040  -0.626100
