33 atoms follow (x y z r g b radiusScale)
  0.351100  -0.158450   0.063860   0.000000   1.000000   0.000000   1.850000
  1.436810  -0.269400   0.310670   1.000000   1.000000   1.000000   1.200000
  0.071740   0.918860  -0.072450   1.000000   1.000000   1.000000   1.200000
  0.086160  -0.762610  -0.839650   1.000000   1.000000   1.000000   1.200000
 -0.407670  -0.695180   1.131030   1.000000   0.000000   0.000000   1.400000
 -0.303290   0.014260   2.537380   0.500000   0.500000   0.500000   1.900000
  1.187070  -0.142460   2.980940   1.000000   0.000000   0.000000   1.400000
 -1.196910  -0.774460   3.538870   1.000000   0.000000   0.000000   1.400000
 -0.689900   1.467770   2.411030   1.000000   0.000000   0.000000   1.400000
 -1.169510   3.217770   2.178770   1.000000   1.000000   0.000000   1.850000
 -0.409580   3.671880   3.222850   1.000000   0.000000   0.000000   1.400000
 -2.528190   3.084970   2.390320   1.000000   0.000000   0.000000   1.400000
 -0.664550   3.287720   0.909650   1.000000   0.000000   0.000000   1.400000
 -2.416940   6.394810   1.408650   1.000000   0.000000   0.000000   1.400000
 -3.758260   6.210560   0.957320   0.000000   1.000000   0.000000   1.850000
 -4.024790   7.073530   0.303270   1.000000   1.000000   1.000000   1.200000
 -4.485530   6.112960   1.789220   1.000000   1.000000   1.000000   1.200000
 -3.683900   5.278750   0.339030   1.000000   1.000000   1.000000   1.200000
  2.389640   5.088640  -0.219130   0.000000   0.000000   1.000000   1.540000
  2.047360   5.685730   0.502980   1.000000   1.000000   1.000000   1.200000
 -2.543170   7.076210   2.113030   1.000000   1.000000   1.000000   1.200000
  2.168870   5.495770  -1.101220   1.000000   1.000000   1.000000   1.200000
  1.906500   4.214370  -0.144090   1.000000   1.000000   1.000000   1.200000
  1.823090   2.168710   4.340250   0.000000   0.000000   1.000000   1.540000
  1.624860   0.583590   3.485120   1.000000   1.000000   1.000000   1.200000
  1.522350   2.875410   3.694980   1.000000   1.000000   1.000000   1.200000
  2.791750   2.298280   4.544730   1.000000   1.000000   1.000000   1.200000
  1.293790   2.265340   5.181740   1.000000   1.000000   1.000000   1.200000
 -3.571340   0.738700   3.808410   0.000000   0.000000   1.000000   1.540000
 -2.102860  -0.440980   3.721310   1.000000   1.000000   1.000000   1.200000
 -3.668490   1.239880   2.944230   1.000000   1.000000   1.000000   1.200000
 -3.389120   1.408590   4.528450   1.000000   1.000000   1.000000   1.200000
 -4.428980   0.269920   4.014630   1.000000   1.000000   1.000000   1.200000
28 bonds follow (x1 y1 z1 x2 y2 z2)
 -3.571340   0.738700   3.808410  -4.428980   0.269920   4.014630
 -3.571340   0.738700   3.808410  -3.389120   1.408590   4.528450
 -3.571340   0.738700   3.808410  -3.668490   1.239880   2.944230
 -1.196910  -0.774460   3.538870  -2.102860  -0.440980   3.721310
  1.823090   2.168710   4.340250   1.293790   2.265340   5.181740
  1.823090   2.168710   4.340250   2.791750   2.298280   4.544730
  1.823090   2.168710   4.340250   1.522350   2.875410   3.694980
  1.187070  -0.142460   2.980940   1.624860   0.583590   3.485120
  2.389640   5.088640  -0.219130   1.906500   4.214370  -0.144090
  2.389640   5.088640  -0.219130   2.168870   5.495770  -1.101220
 -2.416940   6.394810   1.408650  -2.543170   7.076210   2.113030
  2.389640   5.088640  -0.219130   2.047360   5.685730   0.502980
 -3.758260   6.210560   0.957320  -3.683900   5.278750   0.339030
 -3.758260   6.210560   0.957320  -4.485530   6.112960   1.789220
 -3.758260   6.210560   0.957320  -4.024790   7.073530   0.303270
 -2.416940   6.394810   1.408650  -3.758260   6.210560   0.957320
 -1.169510   3.217770   2.178770  -0.664550   3.287720   0.909650
 -1.169510   3.217770   2.178770  -2.528190   3.084970   2.390320
 -1.169510   3.217770   2.178770  -0.409580   3.671880   3.222850
 -0.689900   1.467770   2.411030  -1.169510   3.217770   2.178770
 -0.303290   0.014260   2.537380  -0.689900   1.467770   2.411030
 -0.303290   0.014260   2.537380  -1.196910  -0.774460   3.538870
 -0.303290   0.014260   2.537380   1.187070  -0.142460   2.980940
 -0.407670  -0.695180   1.131030  -0.303290   0.014260   2.537380
  0.351100  -0.158450   0.063860  -0.407670  -0.695180   1.131030
  0.351100  -0.158450   0.063860   0.086160  -0.762610  -0.839650
  0.351100  -0.158450   0.063860   0.071740   0.918860  -0.072450
  0.351100  -0.158450   0.063860   1.436810  -0.269400   0.310670
