33 atoms follow (x y z r g b radiusScale)
 -0.259550  -0.175730  -0.066190   0.000000   1.000000   0.000000   1.850000
  0.679260  -0.492650  -0.591840   1.000000   1.000000   1.000000   1.200000
 -0.333930   0.943820  -0.000130   1.000000   1.000000   1.000000   1.200000
 -1.141990  -0.599800  -0.613920   1.000000   1.000000   1.000000   1.200000
 -0.247490  -0.758120   1.221780   1.000000   0.000000   0.000000   1.400000
 -0.252860   0.176620   2.501390   0.500000   0.500000   0.500000   1.900000
  1.207840   0.054660   3.064300   1.000000   0.000000   0.000000   1.400000
 -1.159240  -0.480050   3.598560   1.000000   0.000000   0.000000   1.400000
 -0.658910   1.574690   2.221820   1.000000   0.000000   0.000000   1.400000
 -1.191590   3.368640   1.805770   1.000000   1.000000   0.000000   1.850000
 -0.104940   3.861250   2.596450   1.000000   0.000000   0.000000   1.400000
 -2.439620   3.039770   2.320300   1.000000   0.000000   0.000000   1.400000
 -0.729060   3.124560   0.479130   1.000000   0.000000   0.000000   1.400000
 -1.613000   5.040350   1.332300   1.000000   0.000000   0.000000   1.400000
 -2.705390   5.763580   1.764850   0.000000   1.000000   0.000000   1.850000
 -3.604410   5.524720   1.138240   1.000000   1.000000   1.000000   1.200000
 -2.469490   6.857110   1.663370   1.000000   1.000000   1.000000   1.200000
 -2.939440   5.535330   2.837670   1.000000   1.000000   1.000000   1.200000
  0.934540   5.278570   0.680870   0.000000   0.000000   1.000000   1.540000
  1.342820   4.506230   1.231340   1.000000   1.000000   1.000000   1.200000
  1.609390   5.749310   0.099980   1.000000   1.000000   1.000000   1.200000
  0.463350   5.904010   1.350210   1.000000   1.000000   1.000000   1.200000
  0.167490   4.844840   0.113660   1.000000   1.000000   1.000000   1.200000
  1.436350   2.418290   4.802910   0.000000   0.000000   1.000000   1.540000
  1.466890   0.625930   3.801450   1.000000   1.000000   1.000000   1.200000
  0.881130   3.066440   4.273350   1.000000   1.000000   1.000000   1.200000
  2.333020   2.815820   4.981600   1.000000   1.000000   1.000000   1.200000
  0.989580   2.227230   5.674570   1.000000   1.000000   1.000000   1.200000
 -3.677090   0.970810   3.725920   0.000000   0.000000   1.000000   1.540000
 -2.076300  -0.167070   3.712080   1.000000   1.000000   1.000000   1.200000
 -3.877000   1.234270   2.780160   1.000000   1.000000   1.000000   1.200000
 -3.321860   1.785700   4.187270   1.000000   1.000000   1.000000   1.200000
 -4.521230   0.682800   4.173400   1.000000   1.000000   1.000000   1.200000
29 bonds follow (x1 y1 z1 x2 y2 z2)
 -3.677090   0.970810   3.725920  -4.521230   0.682800   4.173400
 -3.677090   0.970810   3.725920  -3.321860   1.785700   4.187270
 -3.677090   0.970810   3.725920  -3.877000   1.234270   2.780160
 -1.159240  -0.480050   3.598560  -2.076300  -0.167070   3.712080
  1.436350   2.418290   4.802910   0.989580   2.227230   5.674570
  1.436350   2.418290   4.802910   2.333020   2.815820   4.981600
  1.436350   2.418290   4.802910   0.881130   3.066440   4.273350
  1.207840   0.054660   3.064300   1.466890   0.625930   3.801450
  0.934540   5.278570   0.680870   0.167490   4.844840   0.113660
  0.934540   5.278570   0.680870   0.463350   5.904010   1.350210
  0.934540   5.278570   0.680870   1.609390   5.749310   0.099980
  0.934540   5.278570   0.680870   1.342820   4.506230   1.231340
 -2.705390   5.763580   1.764850  -2.939440   5.535330   2.837670
 -2.705390   5.763580   1.764850  -2.469490   6.857110   1.663370
 -2.705390   5.763580   1.764850  -3.604410   5.524720   1.138240
 -1.613000   5.040350   1.332300  -2.705390   5.763580   1.764850
 -1.191590   3.368640   1.805770  -1.613000   5.040350   1.332300
 -1.191590   3.368640   1.805770  -0.729060   3.124560   0.479130
 -1.191590   3.368640   1.805770  -2.439620   3.039770   2.320300
 -1.191590   3.368640   1.805770  -0.104940   3.861250   2.596450
 -0.658910   1.574690   2.221820  -1.191590   3.368640   1.805770
 -0.252860   0.176620   2.501390  -0.658910   1.574690   2.221820
 -0.252860   0.176620   2.501390  -1.159240  -0.480050   3.598560
 -0.252860   0.176620   2.501390   1.207840   0.054660   3.064300
 -0.247490  -0.758120   1.221780  -0.252860   0.176620   2.501390
 -0.259550  -0.175730  -0.066190  -0.247490  -0.758120   1.221780
 -0.259550  -0.175730  -0.066190  -1.141990  -0.599800  -0.613920
 -0.259550  -0.175730  -0.066190  -0.333930   0.943820  -0.000130
 -0.259550  -0.175730  -0.066190   0.679260  -0.492650  -0.591840
