33 atoms follow (x y z r g b radiusScale)
 -0.014670   0.008270  -0.016880   0.000000   1.000000   0.000000   1.850000
  1.104020  -0.016380  -0.036750   1.000000   1.000000   1.000000   1.200000
 -0.396320   1.066890  -0.010720   1.000000   1.000000   1.000000   1.200000
 -0.427740  -0.561970  -0.886270   1.000000   1.000000   1.000000   1.200000
 -0.455100  -0.661390   1.146210   1.000000   0.000000   0.000000   1.400000
 -0.314710   0.155870   2.501890   0.500000   0.500000   0.500000   1.900000
  1.160730  -0.093340   2.988290   1.000000   0.000000   0.000000   1.400000
 -1.226960  -0.602890   3.524050   1.000000   0.000000   0.000000   1.400000
 -0.598080   1.604450   2.338470   1.000000   0.000000   0.000000   1.400000
 -1.198270   3.456390   1.967460   1.000000   1.000000   0.000000   1.850000
 -0.066700   3.885590   2.712550   1.000000   0.000000   0.000000   1.400000
 -2.431450   3.163200   2.543990   1.000000   0.000000   0.000000   1.400000
 -0.876100   3.176650   0.607090   1.000000   0.000000   0.000000   1.400000
 -1.530140   5.150260   1.500920   1.000000   0.000000   0.000000   1.400000
 -2.825570   5.461030   1.117260   0.000000   1.000000   0.000000   1.850000
 -2.975100   5.200900   0.034850   1.000000   1.000000   1.000000   1.200000
 -2.984850   6.561860   1.255660   1.000000   1.000000   1.000000   1.200000
 -3.578950   4.905270   1.734920   1.000000   1.000000   1.000000   1.200000
  0.979240   5.308660   0.519800   0.000000   0.000000   1.000000   1.540000
  0.850930   5.186640   1.552270   1.000000   1.000000   1.000000   1.200000
  0.753060   6.268730   0.261850   1.000000   1.000000   1.000000   1.200000
  0.270200   4.660590   0.093610   1.000000   1.000000   1.000000   1.200000
  1.917870   5.067250   0.234710   1.000000   1.000000   1.000000   1.200000
  1.595050   2.269400   4.688020   0.000000   0.000000   1.000000   1.540000
  1.531560   0.533730   3.627700   1.000000   1.000000   1.000000   1.200000
  1.102790   2.888000   4.067890   1.000000   1.000000   1.000000   1.200000
  2.528800   2.599830   4.807670   1.000000   1.000000   1.000000   1.200000
  1.141080   2.271020   5.576930   1.000000   1.000000   1.000000   1.200000
 -3.626070   0.925840   3.789430   0.000000   0.000000   1.000000   1.540000
 -2.131320  -0.273090   3.692310   1.000000   1.000000   1.000000   1.200000
 -3.862270   1.199910   2.855380   1.000000   1.000000   1.000000   1.200000
 -3.213580   1.725450   4.232280   1.000000   1.000000   1.000000   1.200000
 -4.460590   0.676540   4.276550   1.000000   1.000000   1.000000   1.200000
28 bonds follow (x1 y1 z1 x2 y2 z2)
 -3.626070   0.925840   3.789430  -4.460590   0.676540   4.276550
 -3.626070   0.925840   3.789430  -3.213580   1.725450   4.232280
 -3.626070   0.925840   3.789430  -3.862270   1.199910   2.855380
 -1.226960  -0.602890   3.524050  -2.131320  -0.273090   3.692310
  1.595050   2.269400   4.688020   1.141080   2.271020   5.576930
  1.595050   2.269400   4.688020   2.528800   2.599830   4.807670
  1.595050   2.269400   4.688020   1.102790   2.888000   4.067890
  1.160730  -0.093340   2.988290   1.531560   0.533730   3.627700
  0.979240   5.308660   0.519800   1.917870   5.067250   0.234710
  0.979240   5.308660   0.519800   0.270200   4.660590   0.093610
  0.979240   5.308660   0.519800   0.753060   6.268730   0.261850
  0.979240   5.308660   0.519800   0.850930   5.186640   1.552270
 -2.825570   5.461030   1.117260  -3.578950   4.905270   1.734920
 -2.825570   5.461030   1.117260  -2.984850   6.561860   1.255660
 -2.825570   5.461030   1.117260  -2.975100   5.200900   0.034850
 -1.530140   5.150260   1.500920  -2.825570   5.461030   1.117260
 -1.198270   3.456390   1.967460  -1.530140   5.150260   1.500920
 -1.198270   3.456390   1.967460  -0.876100   3.176650   0.607090
 -1.198270   3.456390   1.967460  -2.431450   3.163200   2.543990
 -1.198270   3.456390   1.967460  -0.066700   3.885590   2.712550
 -0.314710   0.155870   2.501890  -0.598080   1.604450   2.338470
 -0.314710   0.155870   2.501890  -1.226960  -0.602890   3.524050
 -0.314710   0.155870   2.501890   1.160730  -0.093340   2.988290
 -0.455100  -0.661390   1.146210  -0.314710   0.155870   2.501890
 -0.014670   0.008270  -0.016880  -0.455100  -0.661390   1.146210
 -0.014670   0.008270  -0.016880  -0.427740  -0.561970  -0.886270
 -0.014670   0.008270  -0.016880  -0.396320   1.066890  -0.010720
 -0.014670   0.008270  -0.016880   1.104020  -0.016380  -0.036750
