33 atoms follow (x y z r g b radiusScale)
 -0.553710  -0.147310  -0.033500   0.000000   1.000000   0.000000   1.850000
  0.239120  -0.398200  -0.785070   1.000000   1.000000   1.000000   1.200000
 -0.676210   0.966620   0.061970   1.000000   1.000000   1.000000   1.200000
 -1.514950  -0.630970  -0.350620   1.000000   1.000000   1.000000   1.200000
 -0.158490  -0.714860   1.198270   1.000000   0.000000   0.000000   1.400000
 -0.171670   0.181230   2.514500   0.500000   0.500000   0.500000   1.900000
  1.284620   0.062360   3.083840   1.000000   0.000000   0.000000   1.400000
 -1.078980  -0.611920   3.516620   1.000000   0.000000   0.000000   1.400000
 -0.594140   1.587570   2.317660   1.000000   0.000000   0.000000   1.400000
 -1.184170   3.421230   1.858780   1.000000   1.000000   0.000000   1.850000
 -0.086090   3.939680   2.610670   1.000000   0.000000   0.000000   1.400000
 -2.404700   3.070240   2.424150   1.000000   0.000000   0.000000   1.400000
 -0.787200   3.096140   0.532250   1.000000   0.000000   0.000000   1.400000
 -1.565190   5.067820   1.296660   1.000000   0.000000   0.000000   1.400000
 -2.485660   5.880870   1.919610   0.000000   1.000000   0.000000   1.850000
 -3.400780   5.299430   2.207140   1.000000   1.000000   1.000000   1.200000
 -2.775950   6.699460   1.209080   1.000000   1.000000   1.000000   1.200000
 -2.037930   6.340020   2.841980   1.000000   1.000000   1.000000   1.200000
  0.876670   5.196260   0.320840   0.000000   0.000000   1.000000   1.540000
  0.834040   5.230580   1.362990   1.000000   1.000000   1.000000   1.200000
  1.621160   5.758710  -0.058600   1.000000   1.000000   1.000000   1.200000
 -0.057510   5.490340  -0.007940   1.000000   1.000000   1.000000   1.200000
  0.960320   4.193940   0.064580   1.000000   1.000000   1.000000   1.200000
  1.110200   2.400690   4.969350   0.000000   0.000000   1.000000   1.540000
  1.547260   0.665210   3.791140   1.000000   1.000000   1.000000   1.200000
  0.836450   3.035640   4.239970   1.000000   1.000000   1.000000   1.200000
  1.845160   2.813790   5.502820   1.000000   1.000000   1.000000   1.200000
  0.330120   2.245710   5.573200   1.000000   1.000000   1.000000   1.200000
 -3.703190   0.805450   3.514390   0.000000   0.000000   1.000000   1.540000
 -1.993990  -0.311370   3.645480   1.000000   1.000000   1.000000   1.200000
 -4.004930   0.973870   2.576380   1.000000   1.000000   1.000000   1.200000
 -3.382870   1.680260   3.886030   1.000000   1.000000   1.000000   1.200000
 -4.479020   0.479750   4.051600   1.000000   1.000000   1.000000   1.200000
28 bonds follow (x1 y1 z1 x2 y2 z2)
 -3.703190   0.805450   3.514390  -4.479020   0.479750   4.051600
 -3.703190   0.805450   3.514390  -3.382870   1.680260   3.886030
 -3.703190   0.805450   3.514390  -4.004930   0.973870   2.576380
 -1.078980  -0.611920   3.516620  -1.993990  -0.311370   3.645480
  1.110200   2.400690   4.969350   0.330120   2.245710   5.573200
  1.110200   2.400690   4.969350   1.845160   2.813790   5.502820
  1.110200   2.400690   4.969350   0.836450   3.035640   4.239970
  1.284620   0.062360   3.083840   1.547260   0.665210   3.791140
  0.876670   5.196260   0.320840   0.960320   4.193940   0.064580
  0.876670   5.196260   0.320840  -0.057510   5.490340  -0.007940
  0.876670   5.196260   0.320840   1.621160   5.758710  -0.058600
  0.876670   5.196260   0.320840   0.834040   5.230580   1.362990
 -2.485660   5.880870   1.919610  -2.037930   6.340020   2.841980
 -2.485660   5.880870   1.919610  -2.775950   6.699460   1.209080
 -2.485660   5.880870   1.919610  -3.400780   5.299430   2.207140
 -1.565190   5.067820   1.296660  -2.485660   5.880870   1.919610
 -1.184170   3.421230   1.858780  -1.565190   5.067820   1.296660
 -1.184170   3.421230   1.858780  -0.787200   3.096140   0.532250
 -1.184170   3.421230   1.858780  -2.404700   3.070240   2.424150
 -1.184170   3.421230   1.858780  -0.086090   3.939680   2.610670
 -0.171670   0.181230   2.514500  -0.594140   1.587570   2.317660
 -0.171670   0.181230   2.514500  -1.078980  -0.611920   3.516620
 -0.171670   0.181230   2.514500   1.284620   0.062360   3.083840
 -0.158490  -0.714860   1.198270  -0.171670   0.181230   2.514500
 -0.553710  -0.147310  -0.033500  -0.158490  -0.714860   1.198270
 -0.553710  -0.147310  -0.033500  -1.514950  -0.630970  -0.350620
 -0.553710  -0.147310  -0.033500  -0.676210   0.966620   0.061970
 -0.553710  -0.147310  -0.033500   0.239120  -0.398200  -0.785070
