33 atoms follow (x y z r g b radiusScale)
 -0.521310  -0.101620  -0.020150   0.000000   1.000000   0.000000   1.850000
  0.367480  -0.190260  -0.699200   1.000000   1.000000   1.000000   1.200000
 -0.799570   0.976240   0.129340   1.000000   1.000000   1.000000   1.200000
 -1.374250  -0.675170  -0.469190   1.000000   1.000000   1.000000   1.200000
 -0.196440  -0.718070   1.206180   1.000000   0.000000   0.000000   1.400000
 -0.157630   0.164940   2.531890   0.500000   0.500000   0.500000   1.900000
  1.309580  -0.029380   3.072360   1.000000   0.000000   0.000000   1.400000
 -1.107970  -0.602370   3.509970   1.000000   0.000000   0.000000   1.400000
 -0.582360   1.565310   2.324390   1.000000   0.000000   0.000000   1.400000
 -1.188130   3.467120   1.854310   1.000000   1.000000   0.000000   1.850000
 -0.074320   3.915530   2.611530   1.000000   0.000000   0.000000   1.400000
 -2.403000   3.174930   2.440930   1.000000   0.000000   0.000000   1.400000
 -0.804530   3.073570   0.544220   1.000000   0.000000   0.000000   1.400000
 -1.620210   5.100370   1.295690   1.000000   0.000000   0.000000   1.400000
 -2.542270   5.919090   1.933070   0.000000   1.000000   0.000000   1.850000
 -3.327840   5.313660   2.455270   1.000000   1.000000   1.000000   1.200000
 -3.027340   6.571430   1.160670   1.000000   1.000000   1.000000   1.200000
 -2.015410   6.570060   2.681790   1.000000   1.000000   1.000000   1.200000
  0.887410   5.112300   0.299840   0.000000   0.000000   1.000000   1.540000
  1.115740   4.860480   1.274960   1.000000   1.000000   1.000000   1.200000
  1.668070   5.538400  -0.178760   1.000000   1.000000   1.000000   1.200000
  0.059810   5.739540   0.342430   1.000000   1.000000   1.000000   1.200000
  0.572620   4.238210  -0.171610   1.000000   1.000000   1.000000   1.200000
  1.058760   2.429820   4.983370   0.000000   0.000000   1.000000   1.540000
  1.588750   0.494940   3.826640   1.000000   1.000000   1.000000   1.200000
  0.882170   3.008830   4.182340   1.000000   1.000000   1.000000   1.200000
  1.867350   2.773890   5.457280   1.000000   1.000000   1.000000   1.200000
  0.278740   2.497880   5.603610   1.000000   1.000000   1.000000   1.200000
 -3.596150   0.744940   3.467270   0.000000   0.000000   1.000000   1.540000
 -2.024680  -0.292410   3.635250   1.000000   1.000000   1.000000   1.200000
 -3.793700   0.836990   2.491140   1.000000   1.000000   1.000000   1.200000
 -3.223280   1.623810   3.780350   1.000000   1.000000   1.000000   1.200000
 -4.448630   0.559150   3.951610   1.000000   1.000000   1.000000   1.200000
28 bonds follow (x1 y1 z1 x2 y2 z2)
 -3.596150   0.744940   3.467270  -4.448630   0.559150   3.951610
 -3.596150   0.744940   3.467270  -3.223280   1.623810   3.780350
 -3.596150   0.744940   3.467270  -3.793700   0.836990   2.491140
 -1.107970  -0.602370   3.509970  -2.024680  -0.292410   3.635250
  1.058760   2.429820   4.983370   0.278740   2.497880   5.603610
  1.058760   2.429820   4.983370   1.867350   2.773890   5.457280
  1.058760   2.429820   4.983370   0.882170   3.008830   4.182340
  1.309580  -0.029380   3.072360   1.588750   0.494940   3.826640
  0.887410   5.112300   0.299840   0.572620   4.238210  -0.171610
  0.887410   5.112300   0.299840   0.059810   5.739540   0.342430
  0.887410   5.112300   0.299840   1.668070   5.538400  -0.178760
  0.887410   5.112300   0.299840   1.115740   4.860480   1.274960
 -2.542270   5.919090   1.933070  -2.015410   6.570060   2.681790
 -2.542270   5.919090   1.933070  -3.027340   6.571430   1.160670
 -2.542270   5.919090   1.933070  -3.327840   5.313660   2.455270
 -1.620210   5.100370   1.295690  -2.542270   5.919090   1.933070
 -1.188130   3.467120   1.854310  -1.620210   5.100370   1.295690
 -1.188130   3.467120   1.854310  -0.804530   3.073570   0.544220
 -1.188130   3.467120   1.854310  -2.403000   3.174930   2.440930
 -1.188130   3.467120   1.854310  -0.074320   3.915530   2.611530
 -0.157630   0.164940   2.531890  -0.582360   1.565310   2.324390
 -0.157630   0.164940   2.531890  -1.107970  -0.602370   3.509970
 -0.157630   0.164940   2.531890   1.309580  -0.029380   3.072360
 -0.196440  -0.718070   1.206180  -0.157630   0.164940   2.531890
 -0.521310  -0.101620  -0.020150  -0.196440  -0.718070   1.206180
 -0.521310  -0.101620  -0.020150  -1.374250  -0.675170  -0.469190
 -0.521310  -0.101620  -0.020150  -0.799570   0.976240   0.129340
 -0.521310  -0.101620  -0.020150   0.367480  -0.190260  -0.699200
