33 atoms follow (x y z r g b radiusScale)
  0.387760  -0.108570   0.115580   0.000000   1.000000   0.000000   1.850000
  1.451100  -0.213950   0.451810   1.000000   1.000000   1.000000   1.200000
  0.102290   0.970580   0.000750   1.000000   1.000000   1.000000   1.200000
  0.215180  -0.673800  -0.833090   1.000000   1.000000   1.000000   1.200000
 -0.449300  -0.694780   1.099380   1.000000   0.000000   0.000000   1.400000
 -0.309200   0.005710   2.511260   0.500000   0.500000   0.500000   1.900000
  1.172420  -0.132560   2.993040   1.000000   0.000000   0.000000   1.400000
 -1.180700  -0.785630   3.514900   1.000000   0.000000   0.000000   1.400000
 -0.758950   1.448940   2.463810   1.000000   0.000000   0.000000   1.400000
 -1.153050   3.190810   2.210310   1.000000   1.000000   0.000000   1.850000
 -0.469570   3.701640   3.285780   1.000000   0.000000   0.000000   1.400000
 -2.526340   3.091790   2.286990   1.000000   0.000000   0.000000   1.400000
 -0.579660   3.302760   0.967360   1.000000   0.000000   0.000000   1.400000
 -2.501310   6.506610   1.396760   1.000000   0.000000   0.000000   1.400000
 -3.820890   6.239190   0.990230   0.000000   1.000000   0.000000   1.850000
 -4.287720   7.161090   0.567050   1.000000   1.000000   1.000000   1.200000
 -4.438840   5.856440   1.826110   1.000000   1.000000   1.000000   1.200000
 -3.755160   5.450230   0.193930   1.000000   1.000000   1.000000   1.200000
  2.427780   4.912090  -0.248820   0.000000   0.000000   1.000000   1.540000
  2.014520   5.461090   0.478740   1.000000   1.000000   1.000000   1.200000
 -2.508090   7.249200   2.196260   1.000000   1.000000   1.000000   1.200000
  2.058550   5.246850  -1.115540   1.000000   1.000000   1.000000   1.200000
  2.116550   3.969220  -0.133930   1.000000   1.000000   1.000000   1.200000
  1.874130   2.239590   4.290500   0.000000   0.000000   1.000000   1.540000
  1.565710   0.540950   3.592670   1.000000   1.000000   1.000000   1.200000
  1.555230   2.963310   3.673580   1.000000   1.000000   1.000000   1.200000
  2.834560   2.395930   4.514570   1.000000   1.000000   1.000000   1.200000
  1.334120   2.290800   5.130620   1.000000   1.000000   1.000000   1.200000
 -3.494340   0.713890   3.760910   0.000000   0.000000   1.000000   1.540000
 -2.095150  -0.459050   3.690420   1.000000   1.000000   1.000000   1.200000
 -3.590350   1.275790   2.934250   1.000000   1.000000   1.000000   1.200000
 -3.297030   1.321650   4.529830   1.000000   1.000000   1.000000   1.200000
 -4.349500   0.231130   3.939600   1.000000   1.000000   1.000000   1.200000
28 bonds follow (x1 y1 z1 x2 y2 z2)
 -3.494340   0.713890   3.760910  -4.349500   0.231130   3.939600
 -3.494340   0.713890   3.760910  -3.297030   1.321650   4.529830
 -3.494340   0.713890   3.760910  -3.590350   1.275790   2.934250
 -1.180700  -0.785630   3.514900  -2.095150  -0.459050   3.690420
  1.874130   2.239590   4.290500   1.334120   2.290800   5.130620
  1.874130   2.239590   4.290500   2.834560   2.395930   4.514570
  1.874130   2.239590   4.290500   1.555230   2.963310   3.673580
  1.172420  -0.132560   2.993040   1.565710   0.540950   3.592670
  2.427780   4.912090  -0.248820   2.116550   3.969220  -0.133930
  2.427780   4.912090  -0.248820   2.058550   5.246850  -1.115540
 -2.501310   6.506610   1.396760  -2.508090   7.249200   2.196260
  2.427780   4.912090  -0.248820   2.014520   5.461090   0.478740
 -3.820890   6.239190   0.990230  -3.755160   5.450230   0.193930
 -3.820890   6.239190   0.990230  -4.438840   5.856440   1.826110
 -3.820890   6.239190   0.990230  -4.287720   7.161090   0.567050
 -2.501310   6.506610   1.396760  -3.820890   6.239190   0.990230
 -1.153050   3.190810   2.210310  -0.579660   3.302760   0.967360
 -1.153050   3.190810   2.210310  -2.526340   3.091790   2.286990
 -1.153050   3.190810   2.210310  -0.469570   3.701640   3.285780
 -0.758950   1.448940   2.463810  -1.153050   3.190810   2.210310
 -0.309200   0.005710   2.511260  -0.758950   1.448940   2.463810
 -0.309200   0.005710   2.511260  -1.180700  -0.785630   3.514900
 -0.309200   0.005710   2.511260   1.172420  -0.132560   2.993040
 -0.449300  -0.694780   1.099380  -0.309200   0.005710   2.511260
  0.387760  -0.108570   0.115580  -0.449300  -0.694780   1.099380
  0.387760  -0.108570   0.115580   0.215180  -0.673800  -0.833090
  0.387760  -0.108570   0.115580   0.102290   0.970580   0.000750
  0.387760  -0.108570   0.115580   1.451100  -0.213950   0.451810
