33 atoms follow (x y z r g b radiusScale)
 -0.574900  -0.156190  -0.001630   0.000000   1.000000   0.000000   1.850000
  0.162920  -0.477370  -0.782330   1.000000   1.000000   1.000000   1.200000
 -0.612890   0.964220   0.070490   1.000000   1.000000   1.000000   1.200000
 -1.582810  -0.573830  -0.262260   1.000000   1.000000   1.000000   1.200000
 -0.156010  -0.731200   1.220180   1.000000   0.000000   0.000000   1.400000
 -0.172310   0.177320   2.525550   0.500000   0.500000   0.500000   1.900000
  1.274330   0.121790   3.126320   1.000000   0.000000   0.000000   1.400000
 -1.105880  -0.590070   3.520550   1.000000   0.000000   0.000000   1.400000
 -0.667350   1.543950   2.235510   1.000000   0.000000   0.000000   1.400000
 -1.166100   3.382790   1.809990   1.000000   1.000000   0.000000   1.850000
 -0.066130   3.852060   2.585740   1.000000   0.000000   0.000000   1.400000
 -2.410450   3.074700   2.336540   1.000000   0.000000   0.000000   1.400000
 -0.710750   3.106490   0.489160   1.000000   0.000000   0.000000   1.400000
 -1.601390   5.040120   1.332020   1.000000   0.000000   0.000000   1.400000
 -2.520930   5.863300   1.947680   0.000000   1.000000   0.000000   1.850000
 -3.547820   5.417030   1.900890   1.000000   1.000000   1.000000   1.200000
 -2.515950   6.848550   1.408670   1.000000   1.000000   1.000000   1.200000
 -2.242500   6.034290   3.021870   1.000000   1.000000   1.000000   1.200000
  0.827790   5.281620   0.438320   0.000000   0.000000   1.000000   1.540000
  0.782690   5.387750   1.469940   1.000000   1.000000   1.000000   1.200000
  1.547800   5.844590   0.017080   1.000000   1.000000   1.000000   1.200000
 -0.119320   5.512840   0.081220   1.000000   1.000000   1.000000   1.200000
  0.951810   4.267010   0.254670   1.000000   1.000000   1.000000   1.200000
  1.180360   2.397680   4.952820   0.000000   0.000000   1.000000   1.540000
  1.477350   0.713990   3.867730   1.000000   1.000000   1.000000   1.200000
  0.956350   3.077420   4.247690   1.000000   1.000000   1.000000   1.200000
  2.054590   2.629460   5.373930   1.000000   1.000000   1.000000   1.200000
  0.471960   2.410550   5.655620   1.000000   1.000000   1.000000   1.200000
 -3.669060   0.884350   3.558760   0.000000   0.000000   1.000000   1.540000
 -2.036270  -0.316030   3.594270   1.000000   1.000000   1.000000   1.200000
 -3.872410   0.987910   2.584170   1.000000   1.000000   1.000000   1.200000
 -3.267390   1.751500   3.865860   1.000000   1.000000   1.000000   1.200000
 -4.525510   0.731680   4.049250   1.000000   1.000000   1.000000   1.200000
28 bonds follow (x1 y1 z1 x2 y2 z2)
 -3.669060   0.884350   3.558760  -4.525510   0.731680   4.049250
 -3.669060   0.884350   3.558760  -3.267390   1.751500   3.865860
 -3.669060   0.884350   3.558760  -3.872410   0.987910   2.584170
 -1.105880  -0.590070   3.520550  -2.036270  -0.316030   3.594270
  1.180360   2.397680   4.952820   0.471960   2.410550   5.655620
  1.180360   2.397680   4.952820   2.054590   2.629460   5.373930
  1.180360   2.397680   4.952820   0.956350   3.077420   4.247690
  1.274330   0.121790   3.126320   1.477350   0.713990   3.867730
  0.827790   5.281620   0.438320   0.951810   4.267010   0.254670
  0.827790   5.281620   0.438320  -0.119320   5.512840   0.081220
  0.827790   5.281620   0.438320   1.547800   5.844590   0.017080
  0.827790   5.281620   0.438320   0.782690   5.387750   1.469940
 -2.520930   5.863300   1.947680  -2.242500   6.034290   3.021870
 -2.520930   5.863300   1.947680  -2.515950   6.848550   1.408670
 -2.520930   5.863300   1.947680  -3.547820   5.417030   1.900890
 -1.601390   5.040120   1.332020  -2.520930   5.863300   1.947680
 -1.166100   3.382790   1.809990  -1.601390   5.040120   1.332020
 -1.166100   3.382790   1.809990  -0.710750   3.106490   0.489160
 -1.166100   3.382790   1.809990  -2.410450   3.074700   2.336540
 -1.166100   3.382790   1.809990  -0.066130   3.852060   2.585740
 -0.172310   0.177320   2.525550  -0.667350   1.543950   2.235510
 -0.172310   0.177320   2.525550  -1.105880  -0.590070   3.520550
 -0.172310   0.177320   2.525550   1.274330   0.121790   3.126320
 -0.156010  -0.731200   1.220180  -0.172310   0.177320   2.525550
 -0.574900  -0.156190  -0.001630  -0.156010  -0.731200   1.220180
 -0.574900  -0.156190  -0.001630  -1.582810  -0.573830  -0.262260
 -0.574900  -0.156190  -0.001630  -0.612890   0.964220   0.070490
 -0.574900  -0.156190  -0.001630   0.162920  -0.477370  -0.782330
