33 atoms follow (x y z r g b radiusScale)
  0.241310  -0.177170   0.047480   0.000000   1.000000   0.000000   1.850000
  1.345910  -0.257730   0.204060   1.000000   1.000000   1.000000   1.200000
 -0.082600   0.897280  -0.006070   1.000000   1.000000   1.000000   1.200000
 -0.072890  -0.736050  -0.868400   1.000000   1.000000   1.000000   1.200000
 -0.406120  -0.802920   1.143420   1.000000   0.000000   0.000000   1.400000
 -0.299260  -0.008480   2.506610   0.500000   0.500000   0.500000   1.900000
  1.191770  -0.138710   2.950680   1.000000   0.000000   0.000000   1.400000
 -1.253330  -0.676070   3.544300   1.000000   0.000000   0.000000   1.400000
 -0.633800   1.450470   2.349730   1.000000   0.000000   0.000000   1.400000
 -1.142920   3.199740   2.148920   1.000000   1.000000   0.000000   1.850000
 -0.274880   3.733320   3.062920   1.000000   0.000000   0.000000   1.400000
 -2.452150   2.976440   2.520130   1.000000   0.000000   0.000000   1.400000
 -0.836170   3.277890   0.818680   1.000000   0.000000   0.000000   1.400000
 -2.302180   6.156440   1.510300   1.000000   0.000000   0.000000   1.400000
 -3.564940   6.139580   0.871890   0.000000   1.000000   0.000000   1.850000
 -3.550570   6.796590  -0.032700   1.000000   1.000000   1.000000   1.200000
 -4.382460   6.460120   1.573170   1.000000   1.000000   1.000000   1.200000
 -3.694290   5.063960   0.602050   1.000000   1.000000   1.000000   1.200000
  2.193080   5.365050  -0.128940   0.000000   0.000000   1.000000   1.540000
  2.289650   6.052250   0.587730   1.000000   1.000000   1.000000   1.200000
 -2.175000   7.057740   1.631510   1.000000   1.000000   1.000000   1.200000
  2.169340   5.817590  -1.018800   1.000000   1.000000   1.000000   1.200000
  1.351560   4.844570   0.008130   1.000000   1.000000   1.000000   1.200000
  1.815700   2.205250   4.527380   0.000000   0.000000   1.000000   1.540000
  1.559980   0.541350   3.552930   1.000000   1.000000   1.000000   1.200000
  1.555550   2.937940   3.891900   1.000000   1.000000   1.000000   1.200000
  2.770530   2.322530   4.794160   1.000000   1.000000   1.000000   1.200000
  1.243650   2.277940   5.342780   1.000000   1.000000   1.000000   1.200000
 -3.675250   0.837760   3.840950   0.000000   0.000000   1.000000   1.540000
 -2.142520  -0.281800   3.707200   1.000000   1.000000   1.000000   1.200000
 -3.811260   1.343120   2.985490   1.000000   1.000000   1.000000   1.200000
 -3.452720   1.499040   4.556410   1.000000   1.000000   1.000000   1.200000
 -4.517200   0.360960   4.084680   1.000000   1.000000   1.000000   1.200000
28 bonds follow (x1 y1 z1 x2 y2 z2)
 -3.675250   0.837760   3.840950  -4.517200   0.360960   4.084680
 -3.675250   0.837760   3.840950  -3.452720   1.499040   4.556410
 -3.675250   0.837760   3.840950  -3.811260   1.343120   2.985490
 -1.253330  -0.676070   3.544300  -2.142520  -0.281800   3.707200
  1.815700   2.205250   4.527380   1.243650   2.277940   5.342780
  1.815700   2.205250   4.527380   2.770530   2.322530   4.794160
  1.815700   2.205250   4.527380   1.555550   2.937940   3.891900
  1.191770  -0.138710   2.950680   1.559980   0.541350   3.552930
  2.193080   5.365050  -0.128940   1.351560   4.844570   0.008130
  2.193080   5.365050  -0.128940   2.169340   5.817590  -1.018800
 -2.302180   6.156440   1.510300  -2.175000   7.057740   1.631510
  2.193080   5.365050  -0.128940   2.289650   6.052250   0.587730
 -3.564940   6.139580   0.871890  -3.694290   5.063960   0.602050
 -3.564940   6.139580   0.871890  -4.382460   6.460120   1.573170
 -3.564940   6.139580   0.871890  -3.550570   6.796590  -0.032700
 -2.302180   6.156440   1.510300  -3.564940   6.139580   0.871890
 -1.142920   3.199740   2.148920  -0.836170   3.277890   0.818680
 -1.142920   3.199740   2.148920  -2.452150   2.976440   2.520130
 -1.142920   3.199740   2.148920  -0.274880   3.733320   3.062920
 -0.633800   1.450470   2.349730  -1.142920   3.199740   2.148920
 -0.299260  -0.008480   2.506610  -0.633800   1.450470   2.349730
 -0.299260  -0.008480   2.506610  -1.253330  -0.676070   3.544300
 -0.299260  -0.008480   2.506610   1.191770  -0.138710   2.950680
 -0.406120  -0.802920   1.143420  -0.299260  -0.008480   2.506610
  0.241310  -0.177170   0.047480  -0.406120  -0.802920   1.143420
  0.241310  -0.177170   0.047480  -0.072890  -0.736050  -0.868400
  0.241310  -0.177170   0.047480  -0.082600   0.897280  -0.006070
  0.241310  -0.177170   0.047480   1.345910  -0.257730   0.204060
