33 atoms follow (x y z r g b radiusScale)
 -0.575790  -0.157430  -0.011470   0.000000   1.000000   0.000000   1.850000
  0.156820  -0.489730  -0.791900   1.000000   1.000000   1.000000   1.200000
 -0.608740   0.964580   0.053900   1.000000   1.000000   1.000000   1.200000
 -1.586180  -0.575310  -0.261730   1.000000   1.000000   1.000000   1.200000
 -0.150440  -0.724310   1.212030   1.000000   0.000000   0.000000   1.400000
 -0.175750   0.174550   2.520890   0.500000   0.500000   0.500000   1.900000
  1.276950   0.129720   3.120340   1.000000   0.000000   0.000000   1.400000
 -1.110080  -0.586250   3.529490   1.000000   0.000000   0.000000   1.400000
 -0.652090   1.552490   2.249120   1.000000   0.000000   0.000000   1.400000
 -1.163200   3.381360   1.813200   1.000000   1.000000   0.000000   1.850000
 -0.064010   3.857490   2.583570   1.000000   0.000000   0.000000   1.400000
 -2.406040   3.077520   2.342600   1.000000   0.000000   0.000000   1.400000
 -0.707760   3.101950   0.489130   1.000000   0.000000   0.000000   1.400000
 -1.606620   5.034360   1.337690   1.000000   0.000000   0.000000   1.400000
 -2.517530   5.876480   1.943380   0.000000   1.000000   0.000000   1.850000
 -3.546270   5.433360   1.919640   1.000000   1.000000   1.000000   1.200000
 -2.515220   6.847220   1.377160   1.000000   1.000000   1.000000   1.200000
 -2.226080   6.075530   3.009000   1.000000   1.000000   1.000000   1.200000
  0.823940   5.270130   0.431580   0.000000   0.000000   1.000000   1.540000
  0.748630   5.390410   1.461630   1.000000   1.000000   1.000000   1.200000
  1.544930   5.840650   0.022540   1.000000   1.000000   1.000000   1.200000
 -0.118180   5.485790   0.052700   1.000000   1.000000   1.000000   1.200000
  0.961930   4.260790   0.270520   1.000000   1.000000   1.000000   1.200000
  1.174200   2.396340   4.955860   0.000000   0.000000   1.000000   1.540000
  1.463710   0.722470   3.866600   1.000000   1.000000   1.000000   1.200000
  0.951660   3.082110   4.256150   1.000000   1.000000   1.000000   1.200000
  2.040130   2.631170   5.391750   1.000000   1.000000   1.000000   1.200000
  0.456060   2.389580   5.648630   1.000000   1.000000   1.000000   1.200000
 -3.682640   0.869410   3.561640   0.000000   0.000000   1.000000   1.540000
 -2.046290  -0.341360   3.594020   1.000000   1.000000   1.000000   1.200000
 -3.867000   0.971700   2.582910   1.000000   1.000000   1.000000   1.200000
 -3.233720   1.716100   3.861770   1.000000   1.000000   1.000000   1.200000
 -4.555420   0.781670   4.039510   1.000000   1.000000   1.000000   1.200000
29 bonds follow (x1 y1 z1 x2 y2 z2)
 -3.682640   0.869410   3.561640  -4.555420   0.781670   4.039510
 -3.682640   0.869410   3.561640  -3.233720   1.716100   3.861770
 -3.682640   0.869410   3.561640  -3.867000   0.971700   2.582910
 -1.110080  -0.586250   3.529490  -2.046290  -0.341360   3.594020
  1.174200   2.396340   4.955860   0.456060   2.389580   5.648630
  1.174200   2.396340   4.955860   2.040130   2.631170   5.391750
  1.174200   2.396340   4.955860   0.951660   3.082110   4.256150
  1.276950   0.129720   3.120340   1.463710   0.722470   3.866600
  0.823940   5.270130   0.431580   0.961930   4.260790   0.270520
  0.823940   5.270130   0.431580  -0.118180   5.485790   0.052700
  0.823940   5.270130   0.431580   1.544930   5.840650   0.022540
  0.823940   5.270130   0.431580   0.748630   5.390410   1.461630
 -2.517530   5.876480   1.943380  -2.226080   6.075530   3.009000
 -2.517530   5.876480   1.943380  -2.515220   6.847220   1.377160
 -2.517530   5.876480   1.943380  -3.546270   5.433360   1.919640
 -1.606620   5.034360   1.337690  -2.517530   5.876480   1.943380
 -1.163200   3.381360   1.813200  -1.606620   5.034360   1.337690
 -1.163200   3.381360   1.813200  -0.707760   3.101950   0.489130
 -1.163200   3.381360   1.813200  -2.406040   3.077520   2.342600
 -1.163200   3.381360   1.813200  -0.064010   3.857490   2.583570
 -0.652090   1.552490   2.249120  -1.163200   3.381360   1.813200
 -0.175750   0.174550   2.520890  -0.652090   1.552490   2.249120
 -0.175750   0.174550   2.520890  -1.110080  -0.586250   3.529490
 -0.175750   0.174550   2.520890   1.276950   0.129720   3.120340
 -0.150440  -0.724310   1.212030  -0.175750   0.174550   2.520890
 -0.575790  -0.157430  -0.011470  -0.150440  -0.724310   1.212030
 -0.575790  -0.157430  -0.011470  -1.586180  -0.575310  -0.261730
 -0.575790  -0.157430  -0.011470  -0.608740   0.964580   0.053900
 -0.575790  -0.157430  -0.011470   0.156820  -0.489730  -0.791900
