33 atoms follow (x y z r g b radiusScale)
 -0.228580  -0.163160  -0.065110   0.000000   1.000000   0.000000   1.850000
  0.711620  -0.510990  -0.568160   1.000000   1.000000   1.000000   1.200000
 -0.269720   0.957660   0.001110   1.000000   1.000000   1.000000   1.200000
 -1.110810  -0.555010  -0.636750   1.000000   1.000000   1.000000   1.200000
 -0.271340  -0.745370   1.221890   1.000000   0.000000   0.000000   1.400000
 -0.249640   0.181080   2.508980   0.500000   0.500000   0.500000   1.900000
  1.217060   0.029420   3.057730   1.000000   0.000000   0.000000   1.400000
 -1.168900  -0.479400   3.591550   1.000000   0.000000   0.000000   1.400000
 -0.663240   1.576700   2.219900   1.000000   0.000000   0.000000   1.400000
 -1.193060   3.380660   1.807050   1.000000   1.000000   0.000000   1.850000
 -0.109080   3.830850   2.623420   1.000000   0.000000   0.000000   1.400000
 -2.444940   3.083420   2.336720   1.000000   0.000000   0.000000   1.400000
 -0.724000   3.106630   0.485700   1.000000   0.000000   0.000000   1.400000
 -1.621250   5.040970   1.316040   1.000000   0.000000   0.000000   1.400000
 -2.724130   5.753470   1.739710   0.000000   1.000000   0.000000   1.850000
 -3.607850   5.529820   1.086300   1.000000   1.000000   1.000000   1.200000
 -2.481790   6.848140   1.663300   1.000000   1.000000   1.000000   1.200000
 -2.984780   5.505440   2.801770   1.000000   1.000000   1.000000   1.200000
  0.927220   5.273520   0.680710   0.000000   0.000000   1.000000   1.540000
  1.276030   4.532270   1.312500   1.000000   1.000000   1.000000   1.200000
  1.655200   5.683440   0.124090   1.000000   1.000000   1.000000   1.200000
  0.447820   5.969640   1.274240   1.000000   1.000000   1.000000   1.200000
  0.180930   4.833780   0.085820   1.000000   1.000000   1.000000   1.200000
  1.450420   2.402220   4.796490   0.000000   0.000000   1.000000   1.540000
  1.499180   0.659010   3.739650   1.000000   1.000000   1.000000   1.200000
  0.890240   3.012720   4.228280   1.000000   1.000000   1.000000   1.200000
  2.338230   2.827480   4.957480   1.000000   1.000000   1.000000   1.200000
  1.000190   2.263510   5.676740   1.000000   1.000000   1.000000   1.200000
 -3.661430   0.964720   3.728190   0.000000   0.000000   1.000000   1.540000
 -2.084720  -0.153420   3.694050   1.000000   1.000000   1.000000   1.200000
 -3.879960   1.220260   2.784510   1.000000   1.000000   1.000000   1.200000
 -3.289170   1.782090   4.172260   1.000000   1.000000   1.000000   1.200000
 -4.497600   0.688240   4.197290   1.000000   1.000000   1.000000   1.200000
29 bonds follow (x1 y1 z1 x2 y2 z2)
 -3.661430   0.964720   3.728190  -4.497600   0.688240   4.197290
 -3.661430   0.964720   3.728190  -3.289170   1.782090   4.172260
 -3.661430   0.964720   3.728190  -3.879960   1.220260   2.784510
 -1.168900  -0.479400   3.591550  -2.084720  -0.153420   3.694050
  1.450420   2.402220   4.796490   1.000190   2.263510   5.676740
  1.450420   2.402220   4.796490   2.338230   2.827480   4.957480
  1.450420   2.402220   4.796490   0.890240   3.012720   4.228280
  1.217060   0.029420   3.057730   1.499180   0.659010   3.739650
  0.927220   5.273520   0.680710   0.180930   4.833780   0.085820
  0.927220   5.273520   0.680710   0.447820   5.969640   1.274240
  0.927220   5.273520   0.680710   1.655200   5.683440   0.124090
  0.927220   5.273520   0.680710   1.276030   4.532270   1.312500
 -2.724130   5.753470   1.739710  -2.984780   5.505440   2.801770
 -2.724130   5.753470   1.739710  -2.481790   6.848140   1.663300
 -2.724130   5.753470   1.739710  -3.607850   5.529820   1.086300
 -1.621250   5.040970   1.316040  -2.724130   5.753470   1.739710
 -1.193060   3.380660   1.807050  -1.621250   5.040970   1.316040
 -1.193060   3.380660   1.807050  -0.724000   3.106630   0.485700
 -1.193060   3.380660   1.807050  -2.444940   3.083420   2.336720
 -1.193060   3.380660   1.807050  -0.109080   3.830850   2.623420
 -0.663240   1.576700   2.219900  -1.193060   3.380660   1.807050
 -0.249640   0.181080   2.508980  -0.663240   1.576700   2.219900
 -0.249640   0.181080   2.508980  -1.168900  -0.479400   3.591550
 -0.249640   0.181080   2.508980   1.217060   0.029420   3.057730
 -0.271340  -0.745370   1.221890  -0.249640   0.181080   2.508980
 -0.228580  -0.163160  -0.065110  -0.271340  -0.745370   1.221890
 -0.228580  -0.163160  -0.065110  -1.110810  -0.555010  -0.636750
 -0.228580  -0.163160  -0.065110  -0.269720   0.957660   0.001110
 -0.228580  -0.163160  -0.065110   0.711620  -0.510990  -0.568160
