33 atoms follow (x y z r g b radiusScale)
 -0.124050  -0.103130  -0.021450   0.000000   1.000000   0.000000   1.850000
  0.872480  -0.437200  -0.412090   1.000000   1.000000   1.000000   1.200000
 -0.165800   1.014450   0.100560   1.000000   1.000000   1.000000   1.200000
 -0.923940  -0.442770  -0.730010   1.000000   1.000000   1.000000   1.200000
 -0.360710  -0.751160   1.211980   1.000000   0.000000   0.000000   1.400000
 -0.286390   0.142230   2.527380   0.500000   0.500000   0.500000   1.900000
  1.204710   0.009180   3.012560   1.000000   0.000000   0.000000   1.400000
 -1.177990  -0.597650   3.584610   1.000000   0.000000   0.000000   1.400000
 -0.657310   1.562000   2.316440   1.000000   0.000000   0.000000   1.400000
 -1.214110   3.424650   1.843660   1.000000   1.000000   0.000000   1.850000
 -0.155010   3.900610   2.671040   1.000000   0.000000   0.000000   1.400000
 -2.471740   3.083200   2.319810   1.000000   0.000000   0.000000   1.400000
 -0.754740   3.145620   0.530660   1.000000   0.000000   0.000000   1.400000
 -1.565200   5.103790   1.370740   1.000000   0.000000   0.000000   1.400000
 -2.770670   5.725330   1.616630   0.000000   1.000000   0.000000   1.850000
 -3.512170   5.462300   0.816500   1.000000   1.000000   1.000000   1.200000
 -2.605870   6.835520   1.611960   1.000000   1.000000   1.000000   1.200000
 -3.186100   5.417160   2.611730   1.000000   1.000000   1.000000   1.200000
  0.952200   5.292080   0.563640   0.000000   0.000000   1.000000   1.540000
  1.062440   4.972190   1.553430   1.000000   1.000000   1.000000   1.200000
  1.741720   5.824000   0.240670   1.000000   1.000000   1.000000   1.200000
  0.069310   5.842230   0.539160   1.000000   1.000000   1.000000   1.200000
  0.780610   4.444870  -0.000630   1.000000   1.000000   1.000000   1.200000
  1.493430   2.345000   4.762990   0.000000   0.000000   1.000000   1.540000
  1.480510   0.524820   3.782080   1.000000   1.000000   1.000000   1.200000
  0.996450   2.989780   4.174460   1.000000   1.000000   1.000000   1.200000
  2.438510   2.646440   4.865950   1.000000   1.000000   1.000000   1.200000
  1.064600   2.320740   5.663570   1.000000   1.000000   1.000000   1.200000
 -3.542390   0.964850   3.707300   0.000000   0.000000   1.000000   1.540000
 -2.075140  -0.246610   3.759530   1.000000   1.000000   1.000000   1.200000
 -3.779080   1.097200   2.742980   1.000000   1.000000   1.000000   1.200000
 -3.168370   1.835060   4.037510   1.000000   1.000000   1.000000   1.200000
 -4.371730   0.749560   4.218580   1.000000   1.000000   1.000000   1.200000
28 bonds follow (x1 y1 z1 x2 y2 z2)
 -3.542390   0.964850   3.707300  -4.371730   0.749560   4.218580
 -3.542390   0.964850   3.707300  -3.168370   1.835060   4.037510
 -3.542390   0.964850   3.707300  -3.779080   1.097200   2.742980
 -1.177990  -0.597650   3.584610  -2.075140  -0.246610   3.759530
  1.493430   2.345000   4.762990   1.064600   2.320740   5.663570
  1.493430   2.345000   4.762990   2.438510   2.646440   4.865950
  1.493430   2.345000   4.762990   0.996450   2.989780   4.174460
  1.204710   0.009180   3.012560   1.480510   0.524820   3.782080
  0.952200   5.292080   0.563640   0.780610   4.444870  -0.000630
  0.952200   5.292080   0.563640   0.069310   5.842230   0.539160
  0.952200   5.292080   0.563640   1.741720   5.824000   0.240670
  0.952200   5.292080   0.563640   1.062440   4.972190   1.553430
 -2.770670   5.725330   1.616630  -3.186100   5.417160   2.611730
 -2.770670   5.725330   1.616630  -2.605870   6.835520   1.611960
 -2.770670   5.725330   1.616630  -3.512170   5.462300   0.816500
 -1.565200   5.103790   1.370740  -2.770670   5.725330   1.616630
 -1.214110   3.424650   1.843660  -1.565200   5.103790   1.370740
 -1.214110   3.424650   1.843660  -0.754740   3.145620   0.530660
 -1.214110   3.424650   1.843660  -2.471740   3.083200   2.319810
 -1.214110   3.424650   1.843660  -0.155010   3.900610   2.671040
 -0.286390   0.142230   2.527380  -0.657310   1.562000   2.316440
 -0.286390   0.142230   2.527380  -1.177990  -0.597650   3.584610
 -0.286390   0.142230   2.527380   1.204710   0.009180   3.012560
 -0.360710  -0.751160   1.211980  -0.286390   0.142230   2.527380
 -0.124050  -0.103130  -0.021450  -0.360710  -0.751160   1.211980
 -0.124050  -0.103130  -0.021450  -0.923940  -0.442770  -0.730010
 -0.124050  -0.103130  -0.021450  -0.165800   1.014450   0.100560
 -0.124050  -0.103130  -0.021450   0.872480  -0.437200  -0.412090
