33 atoms follow (x y z r g b radiusScale)
  0.406180  -0.079790   0.113790   0.000000   1.000000   0.000000   1.850000
  1.468410  -0.190210   0.449870   1.000000   1.000000   1.000000   1.200000
  0.121570   1.002660   0.019340   1.000000   1.000000   1.000000   1.200000
  0.234200  -0.625760  -0.846020   1.000000   1.000000   1.000000   1.200000
 -0.431830  -0.680500   1.087520   1.000000   0.000000   0.000000   1.400000
 -0.313280  -0.014600   2.519660   0.500000   0.500000   0.500000   1.900000
  1.171280  -0.121860   2.959440   1.000000   0.000000   0.000000   1.400000
 -1.204490  -0.820800   3.515430   1.000000   0.000000   0.000000   1.400000
 -0.743360   1.432100   2.471370   1.000000   0.000000   0.000000   1.400000
 -1.168070   3.200910   2.211930   1.000000   1.000000   0.000000   1.850000
 -0.486470   3.702190   3.292830   1.000000   0.000000   0.000000   1.400000
 -2.530960   3.069920   2.261990   1.000000   0.000000   0.000000   1.400000
 -0.496390   3.304770   1.020170   1.000000   0.000000   0.000000   1.400000
 -2.529330   6.566680   1.402000   1.000000   0.000000   0.000000   1.400000
 -3.863570   6.258180   1.014660   0.000000   1.000000   0.000000   1.850000
 -4.421150   7.184480   0.713910   1.000000   1.000000   1.000000   1.200000
 -4.404160   5.722840   1.848150   1.000000   1.000000   1.000000   1.200000
 -3.702810   5.597340   0.129590   1.000000   1.000000   1.000000   1.200000
  2.426100   4.809840  -0.259190   0.000000   0.000000   1.000000   1.540000
  2.049340   5.372550   0.471800   1.000000   1.000000   1.000000   1.200000
 -2.651950   7.197480   2.017920   1.000000   1.000000   1.000000   1.200000
  2.042360   5.125770  -1.123080   1.000000   1.000000   1.000000   1.200000
  2.147210   3.860110  -0.115100   1.000000   1.000000   1.000000   1.200000
  1.898300   2.292990   4.288040   0.000000   0.000000   1.000000   1.540000
  1.565320   0.613630   3.485610   1.000000   1.000000   1.000000   1.200000
  1.570370   2.976930   3.631350   1.000000   1.000000   1.000000   1.200000
  2.865180   2.455390   4.477650   1.000000   1.000000   1.000000   1.200000
  1.378530   2.404330   5.134470   1.000000   1.000000   1.000000   1.200000
 -3.501000   0.721420   3.754390   0.000000   0.000000   1.000000   1.540000
 -2.121700  -0.513810   3.703780   1.000000   1.000000   1.000000   1.200000
 -3.462790   1.263370   2.909660   1.000000   1.000000   1.000000   1.200000
 -3.324860   1.334640   4.524120   1.000000   1.000000   1.000000   1.200000
 -4.420400   0.343110   3.850560   1.000000   1.000000   1.000000   1.200000
28 bonds follow (x1 y1 z1 x2 y2 z2)
 -3.501000   0.721420   3.754390  -4.420400   0.343110   3.850560
 -3.501000   0.721420   3.754390  -3.324860   1.334640   4.524120
 -3.501000   0.721420   3.754390  -3.462790   1.263370   2.909660
 -1.204490  -0.820800   3.515430  -2.121700  -0.513810   3.703780
  1.898300   2.292990   4.288040   1.378530   2.404330   5.134470
  1.898300   2.292990   4.288040   2.865180   2.455390   4.477650
  1.898300   2.292990   4.288040   1.570370   2.976930   3.631350
  1.171280  -0.121860   2.959440   1.565320   0.613630   3.485610
  2.426100   4.809840  -0.259190   2.147210   3.860110  -0.115100
  2.426100   4.809840  -0.259190   2.042360   5.125770  -1.123080
 -2.529330   6.566680   1.402000  -2.651950   7.197480   2.017920
  2.426100   4.809840  -0.259190   2.049340   5.372550   0.471800
 -3.863570   6.258180   1.014660  -3.702810   5.597340   0.129590
 -3.863570   6.258180   1.014660  -4.404160   5.722840   1.848150
 -3.863570   6.258180   1.014660  -4.421150   7.184480   0.713910
 -2.529330   6.566680   1.402000  -3.863570   6.258180   1.014660
 -1.168070   3.200910   2.211930  -0.496390   3.304770   1.020170
 -1.168070   3.200910   2.211930  -2.530960   3.069920   2.261990
 -1.168070   3.200910   2.211930  -0.486470   3.702190   3.292830
 -0.743360   1.432100   2.471370  -1.168070   3.200910   2.211930
 -0.313280  -0.014600   2.519660  -0.743360   1.432100   2.471370
 -0.313280  -0.014600   2.519660  -1.204490  -0.820800   3.515430
 -0.313280  -0.014600   2.519660   1.171280  -0.121860   2.959440
 -0.431830  -0.680500   1.087520  -0.313280  -0.014600   2.519660
  0.406180  -0.079790   0.113790  -0.431830  -0.680500   1.087520
  0.406180  -0.079790   0.113790   0.234200  -0.625760  -0.846020
  0.406180  -0.079790   0.113790   0.121570   1.002660   0.019340
  0.406180  -0.079790   0.113790   1.468410  -0.190210   0.449870
