33 atoms follow (x y z r g b radiusScale)
 -0.150990  -0.116500  -0.030390   0.000000   1.000000   0.000000   1.850000
  0.821790  -0.472500  -0.460180   1.000000   1.000000   1.000000   1.200000
 -0.166420   1.001730   0.082970   1.000000   1.000000   1.000000   1.200000
 -0.986550  -0.446850  -0.701910   1.000000   1.000000   1.000000   1.200000
 -0.344640  -0.751050   1.217440   1.000000   0.000000   0.000000   1.400000
 -0.261790   0.151160   2.525390   0.500000   0.500000   0.500000   1.900000
  1.223610   0.008500   3.028510   1.000000   0.000000   0.000000   1.400000
 -1.191260  -0.539930   3.575750   1.000000   0.000000   0.000000   1.400000
 -0.656420   1.562010   2.278250   1.000000   0.000000   0.000000   1.400000
 -1.214790   3.408420   1.829240   1.000000   1.000000   0.000000   1.850000
 -0.153950   3.854830   2.663810   1.000000   0.000000   0.000000   1.400000
 -2.469490   3.109160   2.349190   1.000000   0.000000   0.000000   1.400000
 -0.748680   3.137520   0.517190   1.000000   0.000000   0.000000   1.400000
 -1.567640   5.095760   1.319310   1.000000   0.000000   0.000000   1.400000
 -2.755970   5.718750   1.657570   0.000000   1.000000   0.000000   1.850000
 -3.549300   5.467000   0.905420   1.000000   1.000000   1.000000   1.200000
 -2.591090   6.828140   1.662440   1.000000   1.000000   1.000000   1.200000
 -3.100880   5.392460   2.674500   1.000000   1.000000   1.000000   1.200000
  0.938600   5.289010   0.608090   0.000000   0.000000   1.000000   1.540000
  1.097860   4.755810   1.481260   1.000000   1.000000   1.000000   1.200000
  1.776410   5.762400   0.300250   1.000000   1.000000   1.000000   1.200000
  0.162260   5.940400   0.799590   1.000000   1.000000   1.000000   1.200000
  0.583810   4.607980  -0.097340   1.000000   1.000000   1.000000   1.200000
  1.482280   2.354960   4.778570   0.000000   0.000000   1.000000   1.540000
  1.513430   0.628750   3.716240   1.000000   1.000000   1.000000   1.200000
  0.963630   2.938090   4.144650   1.000000   1.000000   1.000000   1.200000
  2.407480   2.716600   4.873190   1.000000   1.000000   1.000000   1.200000
  1.040990   2.374630   5.673650   1.000000   1.000000   1.000000   1.200000
 -3.576960   0.957340   3.719010   0.000000   0.000000   1.000000   1.540000
 -2.090940  -0.176080   3.723000   1.000000   1.000000   1.000000   1.200000
 -3.782030   1.109300   2.750120   1.000000   1.000000   1.000000   1.200000
 -3.187770   1.812510   4.070950   1.000000   1.000000   1.000000   1.200000
 -4.426290   0.759830   4.203670   1.000000   1.000000   1.000000   1.200000
28 bonds follow (x1 y1 z1 x2 y2 z2)
 -3.576960   0.957340   3.719010  -4.426290   0.759830   4.203670
 -3.576960   0.957340   3.719010  -3.187770   1.812510   4.070950
 -3.576960   0.957340   3.719010  -3.782030   1.109300   2.750120
 -1.191260  -0.539930   3.575750  -2.090940  -0.176080   3.723000
  1.482280   2.354960   4.778570   1.040990   2.374630   5.673650
  1.482280   2.354960   4.778570   2.407480   2.716600   4.873190
  1.482280   2.354960   4.778570   0.963630   2.938090   4.144650
  1.223610   0.008500   3.028510   1.513430   0.628750   3.716240
  0.938600   5.289010   0.608090   0.583810   4.607980  -0.097340
  0.938600   5.289010   0.608090   0.162260   5.940400   0.799590
  0.938600   5.289010   0.608090   1.776410   5.762400   0.300250
  0.938600   5.289010   0.608090   1.097860   4.755810   1.481260
 -2.755970   5.718750   1.657570  -3.100880   5.392460   2.674500
 -2.755970   5.718750   1.657570  -2.591090   6.828140   1.662440
 -2.755970   5.718750   1.657570  -3.549300   5.467000   0.905420
 -1.567640   5.095760   1.319310  -2.755970   5.718750   1.657570
 -1.214790   3.408420   1.829240  -1.567640   5.095760   1.319310
 -1.214790   3.408420   1.829240  -0.748680   3.137520   0.517190
 -1.214790   3.408420   1.829240  -2.469490   3.109160   2.349190
 -1.214790   3.408420   1.829240  -0.153950   3.854830   2.663810
 -0.261790   0.151160   2.525390  -0.656420   1.562010   2.278250
 -0.261790   0.151160   2.525390  -1.191260  -0.539930   3.575750
 -0.261790   0.151160   2.525390   1.223610   0.008500   3.028510
 -0.344640  -0.751050   1.217440  -0.261790   0.151160   2.525390
 -0.150990  -0.116500  -0.030390  -0.344640  -0.751050   1.217440
 -0.150990  -0.116500  -0.030390  -0.986550  -0.446850  -0.701910
 -0.150990  -0.116500  -0.030390  -0.166420   1.001730   0.082970
 -0.150990  -0.116500  -0.030390   0.821790  -0.472500  -0.460180
