33 atoms follow (x y z r g b radiusScale)
  0.352480  -0.157340   0.065260   0.000000   1.000000   0.000000   1.850000
  1.437490  -0.267860   0.314890   1.000000   1.000000   1.000000   1.200000
  0.073210   0.920170  -0.072050   1.000000   1.000000   1.000000   1.200000
  0.089980  -0.762120  -0.838530   1.000000   1.000000   1.000000   1.200000
 -0.409130  -0.694220   1.130400   1.000000   0.000000   0.000000   1.400000
 -0.303580   0.014510   2.536620   0.500000   0.500000   0.500000   1.900000
  1.186130  -0.142300   2.982960   1.000000   0.000000   0.000000   1.400000
 -1.195170  -0.774860   3.538080   1.000000   0.000000   0.000000   1.400000
 -0.693040   1.467700   2.412550   1.000000   0.000000   0.000000   1.400000
 -1.168630   3.218110   2.179560   1.000000   1.000000   0.000000   1.850000
 -0.412530   3.671590   3.226950   1.000000   0.000000   0.000000   1.400000
 -2.526760   3.085580   2.386820   1.000000   0.000000   0.000000   1.400000
 -0.663230   3.286740   0.910270   1.000000   0.000000   0.000000   1.400000
 -2.417590   6.395270   1.405000   1.000000   0.000000   0.000000   1.400000
 -3.761420   6.212710   0.958060   0.000000   1.000000   0.000000   1.850000
 -4.037180   7.076040   0.306870   1.000000   1.000000   1.000000   1.200000
 -4.487700   6.103770   1.797600   1.000000   1.000000   1.000000   1.200000
 -3.677690   5.288030   0.342220   1.000000   1.000000   1.000000   1.200000
  2.391910   5.083280  -0.220250   0.000000   0.000000   1.000000   1.540000
  2.042900   5.677450   0.501850   1.000000   1.000000   1.000000   1.200000
 -2.564940   7.115930   2.157650   1.000000   1.000000   1.000000   1.200000
  2.162820   5.487760  -1.101670   1.000000   1.000000   1.000000   1.200000
  1.914970   4.207260  -0.144390   1.000000   1.000000   1.000000   1.200000
  1.823730   2.169290   4.337910   0.000000   0.000000   1.000000   1.540000
  1.627220   0.585000   3.482200   1.000000   1.000000   1.000000   1.200000
  1.522900   2.875740   3.692280   1.000000   1.000000   1.000000   1.200000
  2.792740   2.298330   4.540950   1.000000   1.000000   1.000000   1.200000
  1.295420   2.267430   5.179840   1.000000   1.000000   1.000000   1.200000
 -3.568030   0.737500   3.806280   0.000000   0.000000   1.000000   1.540000
 -2.100910  -0.438900   3.721310   1.000000   1.000000   1.000000   1.200000
 -3.672620   1.242820   2.945400   1.000000   1.000000   1.000000   1.200000
 -3.384610   1.403840   4.529360   1.000000   1.000000   1.000000   1.200000
 -4.421190   0.262180   4.015280   1.000000   1.000000   1.000000   1.200000
28 bonds follow (x1 y1 z1 x2 y2 z2)
 -3.568030   0.737500   3.806280  -4.421190   0.262180   4.015280
 -3.568030   0.737500   3.806280  -3.384610   1.403840   4.529360
 -3.568030   0.737500   3.806280  -3.672620   1.242820   2.945400
 -1.195170  -0.774860   3.538080  -2.100910  -0.438900   3.721310
  1.823730   2.169290   4.337910   1.295420   2.267430   5.179840
  1.823730   2.169290   4.337910   2.792740   2.298330   4.540950
  1.823730   2.169290   4.337910   1.522900   2.875740   3.692280
  1.186130  -0.142300   2.982960   1.627220   0.585000   3.482200
  2.391910   5.083280  -0.220250   1.914970   4.207260  -0.144390
  2.391910   5.083280  -0.220250   2.162820   5.487760  -1.101670
 -2.417590   6.395270   1.405000  -2.564940   7.115930   2.157650
  2.391910   5.083280  -0.220250   2.042900   5.677450   0.501850
 -3.761420   6.212710   0.958060  -3.677690   5.288030   0.342220
 -3.761420   6.212710   0.958060  -4.487700   6.103770   1.797600
 -3.761420   6.212710   0.958060  -4.037180   7.076040   0.306870
 -2.417590   6.395270   1.405000  -3.761420   6.212710   0.958060
 -1.168630   3.218110   2.179560  -0.663230   3.286740   0.910270
 -1.168630   3.218110   2.179560  -2.526760   3.085580   2.386820
 -1.168630   3.218110   2.179560  -0.412530   3.671590   3.226950
 -0.693040   1.467700   2.412550  -1.168630   3.218110   2.179560
 -0.303580   0.014510   2.536620  -0.693040   1.467700   2.412550
 -0.303580   0.014510   2.536620  -1.195170  -0.774860   3.538080
 -0.303580   0.014510   2.536620   1.186130  -0.142300   2.982960
 -0.409130  -0.694220   1.130400  -0.303580   0.014510   2.536620
  0.352480  -0.157340   0.065260  -0.409130  -0.694220   1.130400
  0.352480  -0.157340   0.065260   0.089980  -0.762120  -0.838530
  0.352480  -0.157340   0.065260   0.073210   0.920170  -0.072050
  0.352480  -0.157340   0.065260   1.437490  -0.267860   0.314890
