33 atoms follow (x y z r g b radiusScale)
 -0.407260  -0.046070  -0.038250   0.000000   1.000000   0.000000   1.850000
  0.558180  -0.152680  -0.598740   1.000000   1.000000   1.000000   1.200000
 -0.677380   1.036460   0.098270   1.000000   1.000000   1.000000   1.200000
 -1.213080  -0.584340  -0.602330   1.000000   1.000000   1.000000   1.200000
 -0.272060  -0.700460   1.205150   1.000000   0.000000   0.000000   1.400000
 -0.183180   0.166280   2.530000   0.500000   0.500000   0.500000   1.900000
  1.288180  -0.047350   3.075100   1.000000   0.000000   0.000000   1.400000
 -1.003860  -0.662490   3.584460   1.000000   0.000000   0.000000   1.400000
 -0.633210   1.555470   2.293290   1.000000   0.000000   0.000000   1.400000
 -1.183280   3.445580   1.859790   1.000000   1.000000   0.000000   1.850000
  0.011630   3.835100   2.504610   1.000000   0.000000   0.000000   1.400000
 -2.368420   3.193180   2.533580   1.000000   0.000000   0.000000   1.400000
 -0.924170   3.093630   0.514120   1.000000   0.000000   0.000000   1.400000
 -1.543910   5.136950   1.376200   1.000000   0.000000   0.000000   1.400000
 -2.564590   5.927320   1.871980   0.000000   1.000000   0.000000   1.850000
 -3.120180   5.404140   2.692920   1.000000   1.000000   1.000000   1.200000
 -3.279400   6.175070   1.042970   1.000000   1.000000   1.000000   1.200000
 -2.127980   6.883090   2.269180   1.000000   1.000000   1.000000   1.200000
  0.873720   5.112910   0.311550   0.000000   0.000000   1.000000   1.540000
  1.420490   4.398940   0.788440   1.000000   1.000000   1.000000   1.200000
  1.435100   5.708890  -0.274500   1.000000   1.000000   1.000000   1.200000
  0.378090   5.648970   1.048860   1.000000   1.000000   1.000000   1.200000
  0.123230   4.619070  -0.237610   1.000000   1.000000   1.000000   1.200000
  1.031480   2.515640   5.016780   0.000000   0.000000   1.000000   1.540000
  1.423250   0.063510   4.017580   1.000000   1.000000   1.000000   1.200000
  0.953590   2.969160   4.124740   1.000000   1.000000   1.000000   1.200000
  1.710030   3.006450   5.561270   1.000000   1.000000   1.000000   1.200000
  0.150680   2.586750   5.483860   1.000000   1.000000   1.000000   1.200000
 -3.620910   0.741910   3.403870   0.000000   0.000000   1.000000   1.540000
 -1.946560  -0.483950   3.698830   1.000000   1.000000   1.000000   1.200000
 -3.714240   1.047870   2.454540   1.000000   1.000000   1.000000   1.200000
 -3.255190   1.520360   3.921140   1.000000   1.000000   1.000000   1.200000
 -4.528430   0.520430   3.757880   1.000000   1.000000   1.000000   1.200000
28 bonds follow (x1 y1 z1 x2 y2 z2)
 -3.620910   0.741910   3.403870  -4.528430   0.520430   3.757880
 -3.620910   0.741910   3.403870  -3.255190   1.520360   3.921140
 -3.620910   0.741910   3.403870  -3.714240   1.047870   2.454540
 -1.003860  -0.662490   3.584460  -1.946560  -0.483950   3.698830
  1.031480   2.515640   5.016780   0.150680   2.586750   5.483860
  1.031480   2.515640   5.016780   1.710030   3.006450   5.561270
  1.031480   2.515640   5.016780   0.953590   2.969160   4.124740
  1.288180  -0.047350   3.075100   1.423250   0.063510   4.017580
  0.873720   5.112910   0.311550   0.123230   4.619070  -0.237610
  0.873720   5.112910   0.311550   0.378090   5.648970   1.048860
  0.873720   5.112910   0.311550   1.435100   5.708890  -0.274500
  0.873720   5.112910   0.311550   1.420490   4.398940   0.788440
 -2.564590   5.927320   1.871980  -2.127980   6.883090   2.269180
 -2.564590   5.927320   1.871980  -3.279400   6.175070   1.042970
 -2.564590   5.927320   1.871980  -3.120180   5.404140   2.692920
 -1.543910   5.136950   1.376200  -2.564590   5.927320   1.871980
 -1.183280   3.445580   1.859790  -1.543910   5.136950   1.376200
 -1.183280   3.445580   1.859790  -0.924170   3.093630   0.514120
 -1.183280   3.445580   1.859790  -2.368420   3.193180   2.533580
 -1.183280   3.445580   1.859790   0.011630   3.835100   2.504610
 -0.183180   0.166280   2.530000  -0.633210   1.555470   2.293290
 -0.183180   0.166280   2.530000  -1.003860  -0.662490   3.584460
 -0.183180   0.166280   2.530000   1.288180  -0.047350   3.075100
 -0.272060  -0.700460   1.205150  -0.183180   0.166280   2.530000
 -0.407260  -0.046070  -0.038250  -0.272060  -0.700460   1.205150
 -0.407260  -0.046070  -0.038250  -1.213080  -0.584340  -0.602330
 -0.407260  -0.046070  -0.038250  -0.677380   1.036460   0.098270
 -0.407260  -0.046070  -0.038250   0.558180  -0.152680  -0.598740
