33 atoms follow (x y z r g b radiusScale)
 -0.055320   0.018100   0.004300   0.000000   1.000000   0.000000   1.850000
  1.044200  -0.131130  -0.146400   1.000000   1.000000   1.000000   1.200000
 -0.312560   1.109130   0.097460   1.000000   1.000000   1.000000   1.200000
 -0.617030  -0.441180  -0.848250   1.000000   1.000000   1.000000   1.200000
 -0.448380  -0.678050   1.168620   1.000000   0.000000   0.000000   1.400000
 -0.300190   0.131750   2.528190   0.500000   0.500000   0.500000   1.900000
  1.201330  -0.053680   2.967510   1.000000   0.000000   0.000000   1.400000
 -1.173470  -0.691300   3.537270   1.000000   0.000000   0.000000   1.400000
 -0.683420   1.561410   2.414590   1.000000   0.000000   0.000000   1.400000
 -1.186650   3.438800   1.919690   1.000000   1.000000   0.000000   1.850000
 -0.138610   3.927320   2.737330   1.000000   0.000000   0.000000   1.400000
 -2.448670   3.131640   2.391800   1.000000   0.000000   0.000000   1.400000
 -0.746450   3.123350   0.608900   1.000000   0.000000   0.000000   1.400000
 -1.526280   5.129150   1.387840   1.000000   0.000000   0.000000   1.400000
 -2.801180   5.654100   1.351890   0.000000   1.000000   0.000000   1.850000
 -3.306690   5.379600   0.387460   1.000000   1.000000   1.000000   1.200000
 -2.732780   6.772220   1.419290   1.000000   1.000000   1.000000   1.200000
 -3.417880   5.270760   2.206720   1.000000   1.000000   1.000000   1.200000
  0.910090   5.301740   0.484660   0.000000   0.000000   1.000000   1.540000
  0.622400   5.454640   1.480350   1.000000   1.000000   1.000000   1.200000
  1.423200   6.087110   0.110020   1.000000   1.000000   1.000000   1.200000
  0.014210   5.127820  -0.025890   1.000000   1.000000   1.000000   1.200000
  1.450930   4.449480   0.446090   1.000000   1.000000   1.000000   1.200000
  1.542190   2.302160   4.703350   0.000000   0.000000   1.000000   1.540000
  1.576590   0.609320   3.567050   1.000000   1.000000   1.000000   1.200000
  1.012840   2.915200   4.108270   1.000000   1.000000   1.000000   1.200000
  2.452140   2.687620   4.841310   1.000000   1.000000   1.000000   1.200000
  1.087280   2.238490   5.589740   1.000000   1.000000   1.000000   1.200000
 -3.592240   0.951010   3.751970   0.000000   0.000000   1.000000   1.540000
 -2.069740  -0.367310   3.733780   1.000000   1.000000   1.000000   1.200000
 -3.841380   1.171000   2.807040   1.000000   1.000000   1.000000   1.200000
 -3.135390   1.761450   4.126410   1.000000   1.000000   1.000000   1.200000
 -4.425480   0.778760   4.273990   1.000000   1.000000   1.000000   1.200000
28 bonds follow (x1 y1 z1 x2 y2 z2)
 -3.592240   0.951010   3.751970  -4.425480   0.778760   4.273990
 -3.592240   0.951010   3.751970  -3.135390   1.761450   4.126410
 -3.592240   0.951010   3.751970  -3.841380   1.171000   2.807040
 -1.173470  -0.691300   3.537270  -2.069740  -0.367310   3.733780
  1.542190   2.302160   4.703350   1.087280   2.238490   5.589740
  1.542190   2.302160   4.703350   2.452140   2.687620   4.841310
  1.542190   2.302160   4.703350   1.012840   2.915200   4.108270
  1.201330  -0.053680   2.967510   1.576590   0.609320   3.567050
  0.910090   5.301740   0.484660   1.450930   4.449480   0.446090
  0.910090   5.301740   0.484660   0.014210   5.127820  -0.025890
  0.910090   5.301740   0.484660   1.423200   6.087110   0.110020
  0.910090   5.301740   0.484660   0.622400   5.454640   1.480350
 -2.801180   5.654100   1.351890  -3.417880   5.270760   2.206720
 -2.801180   5.654100   1.351890  -2.732780   6.772220   1.419290
 -2.801180   5.654100   1.351890  -3.306690   5.379600   0.387460
 -1.526280   5.129150   1.387840  -2.801180   5.654100   1.351890
 -1.186650   3.438800   1.919690  -1.526280   5.129150   1.387840
 -1.186650   3.438800   1.919690  -0.746450   3.123350   0.608900
 -1.186650   3.438800   1.919690  -2.448670   3.131640   2.391800
 -1.186650   3.438800   1.919690  -0.138610   3.927320   2.737330
 -0.300190   0.131750   2.528190  -0.683420   1.561410   2.414590
 -0.300190   0.131750   2.528190  -1.173470  -0.691300   3.537270
 -0.300190   0.131750   2.528190   1.201330  -0.053680   2.967510
 -0.448380  -0.678050   1.168620  -0.300190   0.131750   2.528190
 -0.055320   0.018100   0.004300  -0.448380  -0.678050   1.168620
 -0.055320   0.018100   0.004300  -0.617030  -0.441180  -0.848250
 -0.055320   0.018100   0.004300  -0.312560   1.109130   0.097460
 -0.055320   0.018100   0.004300   1.044200  -0.131130  -0.146400
