33 atoms follow (x y z r g b radiusScale)
  0.408280  -0.076050   0.112060   0.000000   1.000000   0.000000   1.850000
  1.471040  -0.188180   0.445720   1.000000   1.000000   1.000000   1.200000
  0.125310   1.006580   0.020850   1.000000   1.000000   1.000000   1.200000
  0.233430  -0.621090  -0.847840   1.000000   1.000000   1.000000   1.200000
 -0.427850  -0.678060   1.087100   1.000000   0.000000   0.000000   1.400000
 -0.315430  -0.016970   2.521890   0.500000   0.500000   0.500000   1.900000
  1.173600  -0.120270   2.955830   1.000000   0.000000   0.000000   1.400000
 -1.206110  -0.826350   3.513930   1.000000   0.000000   0.000000   1.400000
 -0.741910   1.431370   2.471140   1.000000   0.000000   0.000000   1.400000
 -1.166340   3.202390   2.211560   1.000000   1.000000   0.000000   1.850000
 -0.490390   3.701500   3.296110   1.000000   0.000000   0.000000   1.400000
 -2.532490   3.066170   2.259580   1.000000   0.000000   0.000000   1.400000
 -0.487840   3.303910   1.024780   1.000000   0.000000   0.000000   1.400000
 -2.533360   6.570050   1.396630   1.000000   0.000000   0.000000   1.400000
 -3.867380   6.255810   1.017860   0.000000   1.000000   0.000000   1.850000
 -4.423550   7.189700   0.731290   1.000000   1.000000   1.000000   1.200000
 -4.409680   5.710280   1.834730   1.000000   1.000000   1.000000   1.200000
 -3.723120   5.616210   0.116480   1.000000   1.000000   1.000000   1.200000
  2.425750   4.796430  -0.260240   0.000000   0.000000   1.000000   1.540000
  2.051470   5.362140   0.470670   1.000000   1.000000   1.000000   1.200000
 -2.655170   7.304440   2.114280   1.000000   1.000000   1.000000   1.200000
  2.037600   5.110400  -1.122350   1.000000   1.000000   1.000000   1.200000
  2.142790   3.849780  -0.111970   1.000000   1.000000   1.000000   1.200000
  1.900360   2.299120   4.287800   0.000000   0.000000   1.000000   1.540000
  1.573610   0.624220   3.462630   1.000000   1.000000   1.000000   1.200000
  1.570810   2.975410   3.624660   1.000000   1.000000   1.000000   1.200000
  2.868490   2.462000   4.471060   1.000000   1.000000   1.000000   1.200000
  1.384670   2.421970   5.135280   1.000000   1.000000   1.000000   1.200000
 -3.504890   0.723970   3.753570   0.000000   0.000000   1.000000   1.540000
 -2.120460  -0.512960   3.706140   1.000000   1.000000   1.000000   1.200000
 -3.456910   1.265770   2.909570   1.000000   1.000000   1.000000   1.200000
 -3.330140   1.336410   4.524670   1.000000   1.000000   1.000000   1.200000
 -4.428110   0.353680   3.842360   1.000000   1.000000   1.000000   1.200000
28 bonds follow (x1 y1 z1 x2 y2 z2)
 -3.504890   0.723970   3.753570  -4.428110   0.353680   3.842360
 -3.504890   0.723970   3.753570  -3.330140   1.336410   4.524670
 -3.504890   0.723970   3.753570  -3.456910   1.265770   2.909570
 -1.206110  -0.826350   3.513930  -2.120460  -0.512960   3.706140
  1.900360   2.299120   4.287800   1.384670   2.421970   5.135280
  1.900360   2.299120   4.287800   2.868490   2.462000   4.471060
  1.900360   2.299120   4.287800   1.570810   2.975410   3.624660
  1.173600  -0.120270   2.955830   1.573610   0.624220   3.462630
  2.425750   4.796430  -0.260240   2.142790   3.849780  -0.111970
  2.425750   4.796430  -0.260240   2.037600   5.110400  -1.122350
 -2.533360   6.570050   1.396630  -2.655170   7.304440   2.114280
  2.425750   4.796430  -0.260240   2.051470   5.362140   0.470670
 -3.867380   6.255810   1.017860  -3.723120   5.616210   0.116480
 -3.867380   6.255810   1.017860  -4.409680   5.710280   1.834730
 -3.867380   6.255810   1.017860  -4.423550   7.189700   0.731290
 -2.533360   6.570050   1.396630  -3.867380   6.255810   1.017860
 -1.166340   3.202390   2.211560  -0.487840   3.303910   1.024780
 -1.166340   3.202390   2.211560  -2.532490   3.066170   2.259580
 -1.166340   3.202390   2.211560  -0.490390   3.701500   3.296110
 -0.741910   1.431370   2.471140  -1.166340   3.202390   2.211560
 -0.315430  -0.016970   2.521890  -0.741910   1.431370   2.471140
 -0.315430  -0.016970   2.521890  -1.206110  -0.826350   3.513930
 -0.315430  -0.016970   2.521890   1.173600  -0.120270   2.955830
 -0.427850  -0.678060   1.087100  -0.315430  -0.016970   2.521890
  0.408280  -0.076050   0.112060  -0.427850  -0.678060   1.087100
  0.408280  -0.076050   0.112060   0.233430  -0.621090  -0.847840
  0.408280  -0.076050   0.112060   0.125310   1.006580   0.020850
  0.408280  -0.076050   0.112060   1.471040  -0.188180   0.445720
