33 atoms follow (x y z r g b radiusScale)
 -0.222500  -0.242900  -0.067160   0.000000   1.000000   0.000000   1.850000
  0.801060  -0.422900  -0.489460   1.000000   1.000000   1.000000   1.200000
 -0.466290   0.853640  -0.031890   1.000000   1.000000   1.000000   1.200000
 -0.972210  -0.796160  -0.691710   1.000000   1.000000   1.000000   1.200000
 -0.281700  -0.802960   1.225340   1.000000   0.000000   0.000000   1.400000
 -0.227870   0.143200   2.498260   0.500000   0.500000   0.500000   1.900000
  1.274610   0.094020   2.979510   1.000000   0.000000   0.000000   1.400000
 -1.126490  -0.583910   3.558180   1.000000   0.000000   0.000000   1.400000
 -0.707060   1.517760   2.244290   1.000000   0.000000   0.000000   1.400000
 -1.132340   3.449190   1.932450   1.000000   1.000000   0.000000   1.850000
  0.117450   3.787250   2.524410   1.000000   0.000000   0.000000   1.400000
 -2.289740   3.206550   2.658570   1.000000   0.000000   0.000000   1.400000
 -0.928600   3.154780   0.562400   1.000000   0.000000   0.000000   1.400000
 -1.449540   5.168260   1.594660   1.000000   0.000000   0.000000   1.400000
 -2.691950   5.731210   1.837740   0.000000   1.000000   0.000000   1.850000
 -3.032790   5.504600   2.881510   1.000000   1.000000   1.000000   1.200000
 -3.447080   5.328210   1.111740   1.000000   1.000000   1.000000   1.200000
 -2.606540   6.841520   1.705270   1.000000   1.000000   1.000000   1.200000
  0.823690   5.176680   0.232690   0.000000   0.000000   1.000000   1.540000
  0.921120   5.140320   1.273370   1.000000   1.000000   1.000000   1.200000
  1.530040   5.754100  -0.202790   1.000000   1.000000   1.000000   1.200000
 -0.137460   5.523880   0.061530   1.000000   1.000000   1.000000   1.200000
  0.837100   4.202270  -0.095610   1.000000   1.000000   1.000000   1.200000
  0.957050   2.515210   4.873320   0.000000   0.000000   1.000000   1.540000
  1.512000   0.638210   3.736490   1.000000   1.000000   1.000000   1.200000
  1.489510   3.077680   4.237330   1.000000   1.000000   1.000000   1.200000
  1.249140   2.712210   5.807330   1.000000   1.000000   1.000000   1.200000
 -0.001640   2.787350   4.771080   1.000000   1.000000   1.000000   1.200000
 -3.621610   0.891620   3.390780   0.000000   0.000000   1.000000   1.540000
 -2.031220  -0.257370   3.701050   1.000000   1.000000   1.000000   1.200000
 -3.526830   1.230720   2.451630   1.000000   1.000000   1.000000   1.200000
 -3.289340   1.622460   3.993360   1.000000   1.000000   1.000000   1.200000
 -4.591580   0.744860   3.577010   1.000000   1.000000   1.000000   1.200000
28 bonds follow (x1 y1 z1 x2 y2 z2)
 -3.621610   0.891620   3.390780  -4.591580   0.744860   3.577010
 -3.621610   0.891620   3.390780  -3.289340   1.622460   3.993360
 -3.621610   0.891620   3.390780  -3.526830   1.230720   2.451630
 -1.126490  -0.583910   3.558180  -2.031220  -0.257370   3.701050
  0.957050   2.515210   4.873320  -0.001640   2.787350   4.771080
  0.957050   2.515210   4.873320   1.249140   2.712210   5.807330
  0.957050   2.515210   4.873320   1.489510   3.077680   4.237330
  1.274610   0.094020   2.979510   1.512000   0.638210   3.736490
  0.823690   5.176680   0.232690   0.837100   4.202270  -0.095610
  0.823690   5.176680   0.232690  -0.137460   5.523880   0.061530
  0.823690   5.176680   0.232690   1.530040   5.754100  -0.202790
  0.823690   5.176680   0.232690   0.921120   5.140320   1.273370
 -2.691950   5.731210   1.837740  -2.606540   6.841520   1.705270
 -2.691950   5.731210   1.837740  -3.447080   5.328210   1.111740
 -2.691950   5.731210   1.837740  -3.032790   5.504600   2.881510
 -1.449540   5.168260   1.594660  -2.691950   5.731210   1.837740
 -1.132340   3.449190   1.932450  -1.449540   5.168260   1.594660
 -1.132340   3.449190   1.932450  -0.928600   3.154780   0.562400
 -1.132340   3.449190   1.932450  -2.289740   3.206550   2.658570
 -1.132340   3.449190   1.932450   0.117450   3.787250   2.524410
 -0.227870   0.143200   2.498260  -0.707060   1.517760   2.244290
 -0.227870   0.143200   2.498260  -1.126490  -0.583910   3.558180
 -0.227870   0.143200   2.498260   1.274610   0.094020   2.979510
 -0.281700  -0.802960   1.225340  -0.227870   0.143200   2.498260
 -0.222500  -0.242900  -0.067160  -0.281700  -0.802960   1.225340
 -0.222500  -0.242900  -0.067160  -0.972210  -0.796160  -0.691710
 -0.222500  -0.242900  -0.067160  -0.466290   0.853640  -0.031890
 -0.222500  -0.242900  -0.067160   0.801060  -0.422900  -0.489460
