33 atoms follow (x y z r g b radiusScale)
 -0.054890   0.019670   0.004070   0.000000   1.000000   0.000000   1.850000
  1.045130  -0.126930  -0.145580   1.000000   1.000000   1.000000   1.200000
 -0.314770   1.110160   0.097190   1.000000   1.000000   1.000000   1.200000
 -0.614740  -0.440950  -0.848960   1.000000   1.000000   1.000000   1.200000
 -0.447420  -0.677580   1.167990   1.000000   0.000000   0.000000   1.400000
 -0.301180   0.132240   2.527830   0.500000   0.500000   0.500000   1.900000
  1.200390  -0.053730   2.966250   1.000000   0.000000   0.000000   1.400000
 -1.174370  -0.690200   3.537300   1.000000   0.000000   0.000000   1.400000
 -0.681020   1.562660   2.413890   1.000000   0.000000   0.000000   1.400000
 -1.187630   3.438540   1.920870   1.000000   1.000000   0.000000   1.850000
 -0.138090   3.927090   2.736520   1.000000   0.000000   0.000000   1.400000
 -2.448430   3.130420   2.396180   1.000000   0.000000   0.000000   1.400000
 -0.747280   3.121780   0.610380   1.000000   0.000000   0.000000   1.400000
 -1.526480   5.127040   1.386620   1.000000   0.000000   0.000000   1.400000
 -2.800890   5.652810   1.348360   0.000000   1.000000   0.000000   1.850000
 -3.304800   5.379590   0.382680   1.000000   1.000000   1.000000   1.200000
 -2.731920   6.771010   1.416780   1.000000   1.000000   1.000000   1.200000
 -3.419650   5.269270   2.201610   1.000000   1.000000   1.000000   1.200000
  0.911540   5.302940   0.485450   0.000000   0.000000   1.000000   1.540000
  0.625110   5.451880   1.481740   1.000000   1.000000   1.000000   1.200000
  1.418690   6.093440   0.109230   1.000000   1.000000   1.000000   1.200000
  0.015460   5.122030  -0.022720   1.000000   1.000000   1.000000   1.200000
  1.460830   4.452890   0.444290   1.000000   1.000000   1.000000   1.200000
  1.542830   2.301440   4.703770   0.000000   0.000000   1.000000   1.540000
  1.579570   0.613720   3.558020   1.000000   1.000000   1.000000   1.200000
  1.014250   2.912280   4.105720   1.000000   1.000000   1.000000   1.200000
  2.453320   2.686440   4.839610   1.000000   1.000000   1.000000   1.200000
  1.087910   2.243010   5.590500   1.000000   1.000000   1.000000   1.200000
 -3.592930   0.951640   3.752130   0.000000   0.000000   1.000000   1.540000
 -2.069760  -0.364650   3.735820   1.000000   1.000000   1.000000   1.200000
 -3.841970   1.171440   2.807130   1.000000   1.000000   1.000000   1.200000
 -3.137910   1.762810   4.127260   1.000000   1.000000   1.000000   1.200000
 -4.426160   0.777530   4.273550   1.000000   1.000000   1.000000   1.200000
28 bonds follow (x1 y1 z1 x2 y2 z2)
 -3.592930   0.951640   3.752130  -4.426160   0.777530   4.273550
 -3.592930   0.951640   3.752130  -3.137910   1.762810   4.127260
 -3.592930   0.951640   3.752130  -3.841970   1.171440   2.807130
 -1.174370  -0.690200   3.537300  -2.069760  -0.364650   3.735820
  1.542830   2.301440   4.703770   1.087910   2.243010   5.590500
  1.542830   2.301440   4.703770   2.453320   2.686440   4.839610
  1.542830   2.301440   4.703770   1.014250   2.912280   4.105720
  1.200390  -0.053730   2.966250   1.579570   0.613720   3.558020
  0.911540   5.302940   0.485450   1.460830   4.452890   0.444290
  0.911540   5.302940   0.485450   0.015460   5.122030  -0.022720
  0.911540   5.302940   0.485450   1.418690   6.093440   0.109230
  0.911540   5.302940   0.485450   0.625110   5.451880   1.481740
 -2.800890   5.652810   1.348360  -3.419650   5.269270   2.201610
 -2.800890   5.652810   1.348360  -2.731920   6.771010   1.416780
 -2.800890   5.652810   1.348360  -3.304800   5.379590   0.382680
 -1.526480   5.127040   1.386620  -2.800890   5.652810   1.348360
 -1.187630   3.438540   1.920870  -1.526480   5.127040   1.386620
 -1.187630   3.438540   1.920870  -0.747280   3.121780   0.610380
 -1.187630   3.438540   1.920870  -2.448430   3.130420   2.396180
 -1.187630   3.438540   1.920870  -0.138090   3.927090   2.736520
 -0.301180   0.132240   2.527830  -0.681020   1.562660   2.413890
 -0.301180   0.132240   2.527830  -1.174370  -0.690200   3.537300
 -0.301180   0.132240   2.527830   1.200390  -0.053730   2.966250
 -0.447420  -0.677580   1.167990  -0.301180   0.132240   2.527830
 -0.054890   0.019670   0.004070  -0.447420  -0.677580   1.167990
 -0.054890   0.019670   0.004070  -0.614740  -0.440950  -0.848960
 -0.054890   0.019670   0.004070  -0.314770   1.110160   0.097190
 -0.054890   0.019670   0.004070   1.045130  -0.126930  -0.145580
