33 atoms follow (x y z r g b radiusScale)
  0.121820  -0.180460   0.027250   0.000000   1.000000   0.000000   1.850000
  1.229790  -0.122470   0.174550   1.000000   1.000000   1.000000   1.200000
 -0.323300   0.844070  -0.090310   1.000000   1.000000   1.000000   1.200000
 -0.125830  -0.829890  -0.848120   1.000000   1.000000   1.000000   1.200000
 -0.443860  -0.798230   1.167320   1.000000   0.000000   0.000000   1.400000
 -0.279630   0.022010   2.514350   0.500000   0.500000   0.500000   1.900000
  1.162230  -0.156750   3.090140   1.000000   0.000000   0.000000   1.400000
 -1.257870  -0.649040   3.516070   1.000000   0.000000   0.000000   1.400000
 -0.670460   1.466250   2.328300   1.000000   0.000000   0.000000   1.400000
 -1.117420   3.229310   2.087520   1.000000   1.000000   0.000000   1.850000
 -0.161100   3.746260   2.921490   1.000000   0.000000   0.000000   1.400000
 -2.404770   3.056220   2.557440   1.000000   0.000000   0.000000   1.400000
 -0.913520   3.264350   0.732970   1.000000   0.000000   0.000000   1.400000
 -2.187200   5.987570   1.593580   1.000000   0.000000   0.000000   1.400000
 -3.373940   6.023050   0.828000   0.000000   1.000000   0.000000   1.850000
 -3.118320   6.237660  -0.239980   1.000000   1.000000   1.000000   1.200000
 -4.063940   6.811400   1.214950   1.000000   1.000000   1.000000   1.200000
 -3.870270   5.024530   0.874120   1.000000   1.000000   1.000000   1.200000
  1.955230   5.546850  -0.034480   0.000000   0.000000   1.000000   1.540000
  1.986950   6.157390   0.754400   1.000000   1.000000   1.000000   1.200000
 -1.850960   6.771020   1.719230   1.000000   1.000000   1.000000   1.200000
  1.442310   5.991450  -0.767980   1.000000   1.000000   1.000000   1.200000
  1.491490   4.694700   0.221970   1.000000   1.000000   1.000000   1.200000
  1.729170   2.152140   4.572340   0.000000   0.000000   1.000000   1.540000
  1.474760   0.473010   3.777210   1.000000   1.000000   1.000000   1.200000
  1.428920   2.882760   3.953790   1.000000   1.000000   1.000000   1.200000
  2.689700   2.293750   4.805310   1.000000   1.000000   1.000000   1.200000
  1.185680   2.196290   5.409360   1.000000   1.000000   1.000000   1.200000
 -3.582200   0.799780   3.828690   0.000000   0.000000   1.000000   1.540000
 -2.160240  -0.261800   3.656830   1.000000   1.000000   1.000000   1.200000
 -3.815880   1.188140   2.935530   1.000000   1.000000   1.000000   1.200000
 -3.300420   1.553210   4.423210   1.000000   1.000000   1.000000   1.200000
 -4.377910   0.342310   4.219770   1.000000   1.000000   1.000000   1.200000
28 bonds follow (x1 y1 z1 x2 y2 z2)
 -3.582200   0.799780   3.828690  -4.377910   0.342310   4.219770
 -3.582200   0.799780   3.828690  -3.300420   1.553210   4.423210
 -3.582200   0.799780   3.828690  -3.815880   1.188140   2.935530
 -1.257870  -0.649040   3.516070  -2.160240  -0.261800   3.656830
  1.729170   2.152140   4.572340   1.185680   2.196290   5.409360
  1.729170   2.152140   4.572340   2.689700   2.293750   4.805310
  1.729170   2.152140   4.572340   1.428920   2.882760   3.953790
  1.162230  -0.156750   3.090140   1.474760   0.473010   3.777210
  1.955230   5.546850  -0.034480   1.491490   4.694700   0.221970
  1.955230   5.546850  -0.034480   1.442310   5.991450  -0.767980
 -2.187200   5.987570   1.593580  -1.850960   6.771020   1.719230
  1.955230   5.546850  -0.034480   1.986950   6.157390   0.754400
 -3.373940   6.023050   0.828000  -3.870270   5.024530   0.874120
 -3.373940   6.023050   0.828000  -4.063940   6.811400   1.214950
 -3.373940   6.023050   0.828000  -3.118320   6.237660  -0.239980
 -2.187200   5.987570   1.593580  -3.373940   6.023050   0.828000
 -1.117420   3.229310   2.087520  -0.913520   3.264350   0.732970
 -1.117420   3.229310   2.087520  -2.404770   3.056220   2.557440
 -1.117420   3.229310   2.087520  -0.161100   3.746260   2.921490
 -0.670460   1.466250   2.328300  -1.117420   3.229310   2.087520
 -0.279630   0.022010   2.514350  -0.670460   1.466250   2.328300
 -0.279630   0.022010   2.514350  -1.257870  -0.649040   3.516070
 -0.279630   0.022010   2.514350   1.162230  -0.156750   3.090140
 -0.443860  -0.798230   1.167320  -0.279630   0.022010   2.514350
  0.121820  -0.180460   0.027250  -0.443860  -0.798230   1.167320
  0.121820  -0.180460   0.027250  -0.125830  -0.829890  -0.848120
  0.121820  -0.180460   0.027250  -0.323300   0.844070  -0.090310
  0.121820  -0.180460   0.027250   1.229790  -0.122470   0.174550
