33 atoms follow (x y z r g b radiusScale)
 -0.167100  -0.126230  -0.038070   0.000000   1.000000   0.000000   1.850000
  0.794470  -0.492300  -0.484320   1.000000   1.000000   1.000000   1.200000
 -0.177230   0.993660   0.060830   1.000000   1.000000   1.000000   1.200000
 -1.018450  -0.464270  -0.685540   1.000000   1.000000   1.000000   1.200000
 -0.331840  -0.745430   1.220640   1.000000   0.000000   0.000000   1.400000
 -0.253080   0.159980   2.521870   0.500000   0.500000   0.500000   1.900000
  1.228590   0.007030   3.040830   1.000000   0.000000   0.000000   1.400000
 -1.191440  -0.514550   3.573690   1.000000   0.000000   0.000000   1.400000
 -0.660170   1.563970   2.258630   1.000000   0.000000   0.000000   1.400000
 -1.210720   3.402480   1.819530   1.000000   1.000000   0.000000   1.850000
 -0.146610   3.829130   2.665420   1.000000   0.000000   0.000000   1.400000
 -2.458260   3.120120   2.353860   1.000000   0.000000   0.000000   1.400000
 -0.743450   3.123080   0.512410   1.000000   0.000000   0.000000   1.400000
 -1.583840   5.086400   1.304210   1.000000   0.000000   0.000000   1.400000
 -2.751710   5.723370   1.678380   0.000000   1.000000   0.000000   1.850000
 -3.572800   5.483920   0.952820   1.000000   1.000000   1.000000   1.200000
 -2.572100   6.831260   1.674630   1.000000   1.000000   1.000000   1.200000
 -3.072650   5.407230   2.705660   1.000000   1.000000   1.000000   1.200000
  0.934750   5.286580   0.628060   0.000000   0.000000   1.000000   1.540000
  1.112300   4.668360   1.446000   1.000000   1.000000   1.000000   1.200000
  1.779870   5.717860   0.286210   1.000000   1.000000   1.000000   1.200000
  0.234260   5.974000   0.937570   1.000000   1.000000   1.000000   1.200000
  0.465640   4.693400  -0.083760   1.000000   1.000000   1.000000   1.200000
  1.475260   2.361030   4.785680   0.000000   0.000000   1.000000   1.540000
  1.550650   0.680190   3.659880   1.000000   1.000000   1.000000   1.200000
  0.944590   2.909650   4.131520   1.000000   1.000000   1.000000   1.200000
  2.385800   2.759490   4.876520   1.000000   1.000000   1.000000   1.200000
  1.023460   2.395710   5.675110   1.000000   1.000000   1.000000   1.200000
 -3.598600   0.953370   3.724220   0.000000   0.000000   1.000000   1.540000
 -2.089220  -0.146140   3.717080   1.000000   1.000000   1.000000   1.200000
 -3.797890   1.130890   2.758480   1.000000   1.000000   1.000000   1.200000
 -3.196940   1.793390   4.097790   1.000000   1.000000   1.000000   1.200000
 -4.452520   0.759230   4.202210   1.000000   1.000000   1.000000   1.200000
28 bonds follow (x1 y1 z1 x2 y2 z2)
 -3.598600   0.953370   3.724220  -4.452520   0.759230   4.202210
 -3.598600   0.953370   3.724220  -3.196940   1.793390   4.097790
 -3.598600   0.953370   3.724220  -3.797890   1.130890   2.758480
 -1.191440  -0.514550   3.573690  -2.089220  -0.146140   3.717080
  1.475260   2.361030   4.785680   1.023460   2.395710   5.675110
  1.475260   2.361030   4.785680   2.385800   2.759490   4.876520
  1.475260   2.361030   4.785680   0.944590   2.909650   4.131520
  1.228590   0.007030   3.040830   1.550650   0.680190   3.659880
  0.934750   5.286580   0.628060   0.465640   4.693400  -0.083760
  0.934750   5.286580   0.628060   0.234260   5.974000   0.937570
  0.934750   5.286580   0.628060   1.779870   5.717860   0.286210
  0.934750   5.286580   0.628060   1.112300   4.668360   1.446000
 -2.751710   5.723370   1.678380  -3.072650   5.407230   2.705660
 -2.751710   5.723370   1.678380  -2.572100   6.831260   1.674630
 -2.751710   5.723370   1.678380  -3.572800   5.483920   0.952820
 -1.583840   5.086400   1.304210  -2.751710   5.723370   1.678380
 -1.210720   3.402480   1.819530  -1.583840   5.086400   1.304210
 -1.210720   3.402480   1.819530  -0.743450   3.123080   0.512410
 -1.210720   3.402480   1.819530  -2.458260   3.120120   2.353860
 -1.210720   3.402480   1.819530  -0.146610   3.829130   2.665420
 -0.253080   0.159980   2.521870  -0.660170   1.563970   2.258630
 -0.253080   0.159980   2.521870  -1.191440  -0.514550   3.573690
 -0.253080   0.159980   2.521870   1.228590   0.007030   3.040830
 -0.331840  -0.745430   1.220640  -0.253080   0.159980   2.521870
 -0.167100  -0.126230  -0.038070  -0.331840  -0.745430   1.220640
 -0.167100  -0.126230  -0.038070  -1.018450  -0.464270  -0.685540
 -0.167100  -0.126230  -0.038070  -0.177230   0.993660   0.060830
 -0.167100  -0.126230  -0.038070   0.794470  -0.492300  -0.484320
