33 atoms follow (x y z r g b radiusScale)
 -0.575980  -0.159120  -0.019590   0.000000   1.000000   0.000000   1.850000
  0.153540  -0.499290  -0.799560   1.000000   1.000000   1.000000   1.200000
 -0.606280   0.963090   0.039700   1.000000   1.000000   1.000000   1.200000
 -1.587700  -0.577850  -0.262680   1.000000   1.000000   1.000000   1.200000
 -0.145680  -0.718890   1.205670   1.000000   0.000000   0.000000   1.400000
 -0.179210   0.172170   2.516980   0.500000   0.500000   0.500000   1.900000
  1.277730   0.134750   3.115750   1.000000   0.000000   0.000000   1.400000
 -1.112370  -0.583490   3.536650   1.000000   0.000000   0.000000   1.400000
 -0.639870   1.560250   2.261390   1.000000   0.000000   0.000000   1.400000
 -1.159980   3.379820   1.815480   1.000000   1.000000   0.000000   1.850000
 -0.063030   3.862130   2.583830   1.000000   0.000000   0.000000   1.400000
 -2.403080   3.077970   2.347980   1.000000   0.000000   0.000000   1.400000
 -0.708380   3.098290   0.489430   1.000000   0.000000   0.000000   1.400000
 -1.610490   5.033630   1.340260   1.000000   0.000000   0.000000   1.400000
 -2.514960   5.886170   1.939880   0.000000   1.000000   0.000000   1.850000
 -3.544040   5.443540   1.935980   1.000000   1.000000   1.000000   1.200000
 -2.521000   6.845780   1.356320   1.000000   1.000000   1.000000   1.200000
 -2.213160   6.105840   2.998620   1.000000   1.000000   1.000000   1.200000
  0.821460   5.262630   0.426500   0.000000   0.000000   1.000000   1.540000
  0.724680   5.387710   1.445260   1.000000   1.000000   1.000000   1.200000
  1.547730   5.834820   0.026870   1.000000   1.000000   1.000000   1.200000
 -0.110190   5.471910   0.029840   1.000000   1.000000   1.000000   1.200000
  0.981170   4.243760   0.271680   1.000000   1.000000   1.000000   1.200000
  1.169670   2.395000   4.958380   0.000000   0.000000   1.000000   1.540000
  1.451790   0.734530   3.860780   1.000000   1.000000   1.000000   1.200000
  0.945210   3.079830   4.258490   1.000000   1.000000   1.000000   1.200000
  2.026580   2.639840   5.406230   1.000000   1.000000   1.000000   1.200000
  0.442910   2.374240   5.641820   1.000000   1.000000   1.000000   1.200000
 -3.692530   0.857270   3.563020   0.000000   0.000000   1.000000   1.540000
 -2.052190  -0.352870   3.601510   1.000000   1.000000   1.000000   1.200000
 -3.864470   0.962540   2.582130   1.000000   1.000000   1.000000   1.200000
 -3.206560   1.684240   3.861840   1.000000   1.000000   1.000000   1.200000
 -4.573440   0.818850   4.032490   1.000000   1.000000   1.000000   1.200000
29 bonds follow (x1 y1 z1 x2 y2 z2)
 -3.692530   0.857270   3.563020  -4.573440   0.818850   4.032490
 -3.692530   0.857270   3.563020  -3.206560   1.684240   3.861840
 -3.692530   0.857270   3.563020  -3.864470   0.962540   2.582130
 -1.112370  -0.583490   3.536650  -2.052190  -0.352870   3.601510
  1.169670   2.395000   4.958380   0.442910   2.374240   5.641820
  1.169670   2.395000   4.958380   2.026580   2.639840   5.406230
  1.169670   2.395000   4.958380   0.945210   3.079830   4.258490
  1.277730   0.134750   3.115750   1.451790   0.734530   3.860780
  0.821460   5.262630   0.426500   0.981170   4.243760   0.271680
  0.821460   5.262630   0.426500  -0.110190   5.471910   0.029840
  0.821460   5.262630   0.426500   1.547730   5.834820   0.026870
  0.821460   5.262630   0.426500   0.724680   5.387710   1.445260
 -2.514960   5.886170   1.939880  -2.213160   6.105840   2.998620
 -2.514960   5.886170   1.939880  -2.521000   6.845780   1.356320
 -2.514960   5.886170   1.939880  -3.544040   5.443540   1.935980
 -1.610490   5.033630   1.340260  -2.514960   5.886170   1.939880
 -1.159980   3.379820   1.815480  -1.610490   5.033630   1.340260
 -1.159980   3.379820   1.815480  -0.708380   3.098290   0.489430
 -1.159980   3.379820   1.815480  -2.403080   3.077970   2.347980
 -1.159980   3.379820   1.815480  -0.063030   3.862130   2.583830
 -0.639870   1.560250   2.261390  -1.159980   3.379820   1.815480
 -0.179210   0.172170   2.516980  -0.639870   1.560250   2.261390
 -0.179210   0.172170   2.516980  -1.112370  -0.583490   3.536650
 -0.179210   0.172170   2.516980   1.277730   0.134750   3.115750
 -0.145680  -0.718890   1.205670  -0.179210   0.172170   2.516980
 -0.575980  -0.159120  -0.019590  -0.145680  -0.718890   1.205670
 -0.575980  -0.159120  -0.019590  -1.587700  -0.577850  -0.262680
 -0.575980  -0.159120  -0.019590  -0.606280   0.963090   0.039700
 -0.575980  -0.159120  -0.019590   0.153540  -0.499290  -0.799560
