33 atoms follow (x y z r g b radiusScale)
  0.036850  -0.064390   0.034290   0.000000   1.000000   0.000000   1.850000
  1.154220  -0.017060   0.055060   1.000000   1.000000   1.000000   1.200000
 -0.412830   0.965930   0.037780   1.000000   1.000000   1.000000   1.200000
 -0.314320  -0.646690  -0.853670   1.000000   1.000000   1.000000   1.200000
 -0.400120  -0.773800   1.180300   1.000000   0.000000   0.000000   1.400000
 -0.313030   0.029090   2.541310   0.500000   0.500000   0.500000   1.900000
  1.160230  -0.127720   3.025470   1.000000   0.000000   0.000000   1.400000
 -1.242080  -0.706400   3.551770   1.000000   0.000000   0.000000   1.400000
 -0.709960   1.474600   2.368950   1.000000   0.000000   0.000000   1.400000
 -1.099730   3.229460   2.031540   1.000000   1.000000   0.000000   1.850000
 -0.106080   3.806050   2.791060   1.000000   0.000000   0.000000   1.400000
 -2.360050   3.125520   2.535200   1.000000   0.000000   0.000000   1.400000
 -0.946360   3.195100   0.665650   1.000000   0.000000   0.000000   1.400000
 -2.008740   5.756410   1.685320   1.000000   0.000000   0.000000   1.400000
 -3.118190   5.854170   0.833210   0.000000   1.000000   0.000000   1.850000
 -2.809760   5.680750  -0.226970   1.000000   1.000000   1.000000   1.200000
 -3.578250   6.871930   0.922000   1.000000   1.000000   1.000000   1.200000
 -3.861660   5.085790   1.153580   1.000000   1.000000   1.000000   1.200000
  1.551190   5.663710   0.118230   0.000000   0.000000   1.000000   1.540000
  1.409250   5.748300   1.108720   1.000000   1.000000   1.000000   1.200000
 -1.264660   6.450400   1.443710   1.000000   1.000000   1.000000   1.200000
  0.646900   5.578110  -0.308300   1.000000   1.000000   1.000000   1.200000
  2.048840   4.808200  -0.049360   1.000000   1.000000   1.000000   1.200000
  1.674610   2.161620   4.647200   0.000000   0.000000   1.000000   1.540000
  1.517350   0.487090   3.697650   1.000000   1.000000   1.000000   1.200000
  1.342000   2.896430   4.048820   1.000000   1.000000   1.000000   1.200000
  2.627880   2.339910   4.884940   1.000000   1.000000   1.000000   1.200000
  1.132380   2.158100   5.486100   1.000000   1.000000   1.000000   1.200000
 -3.555460   0.934260   3.763880   0.000000   0.000000   1.000000   1.540000
 -2.139840  -0.356300   3.745840   1.000000   1.000000   1.000000   1.200000
 -3.772070   1.164250   2.813180   1.000000   1.000000   1.000000   1.200000
 -3.147910   1.752090   4.177620   1.000000   1.000000   1.000000   1.200000
 -4.402590   0.714920   4.244260   1.000000   1.000000   1.000000   1.200000
28 bonds follow (x1 y1 z1 x2 y2 z2)
 -3.555460   0.934260   3.763880  -4.402590   0.714920   4.244260
 -3.555460   0.934260   3.763880  -3.147910   1.752090   4.177620
 -3.555460   0.934260   3.763880  -3.772070   1.164250   2.813180
 -1.242080  -0.706400   3.551770  -2.139840  -0.356300   3.745840
  1.674610   2.161620   4.647200   1.132380   2.158100   5.486100
  1.674610   2.161620   4.647200   2.627880   2.339910   4.884940
  1.674610   2.161620   4.647200   1.342000   2.896430   4.048820
  1.160230  -0.127720   3.025470   1.517350   0.487090   3.697650
  1.551190   5.663710   0.118230   2.048840   4.808200  -0.049360
  1.551190   5.663710   0.118230   0.646900   5.578110  -0.308300
 -2.008740   5.756410   1.685320  -1.264660   6.450400   1.443710
  1.551190   5.663710   0.118230   1.409250   5.748300   1.108720
 -3.118190   5.854170   0.833210  -3.861660   5.085790   1.153580
 -3.118190   5.854170   0.833210  -3.578250   6.871930   0.922000
 -3.118190   5.854170   0.833210  -2.809760   5.680750  -0.226970
 -2.008740   5.756410   1.685320  -3.118190   5.854170   0.833210
 -1.099730   3.229460   2.031540  -0.946360   3.195100   0.665650
 -1.099730   3.229460   2.031540  -2.360050   3.125520   2.535200
 -1.099730   3.229460   2.031540  -0.106080   3.806050   2.791060
 -0.709960   1.474600   2.368950  -1.099730   3.229460   2.031540
 -0.313030   0.029090   2.541310  -0.709960   1.474600   2.368950
 -0.313030   0.029090   2.541310  -1.242080  -0.706400   3.551770
 -0.313030   0.029090   2.541310   1.160230  -0.127720   3.025470
 -0.400120  -0.773800   1.180300  -0.313030   0.029090   2.541310
  0.036850  -0.064390   0.034290  -0.400120  -0.773800   1.180300
  0.036850  -0.064390   0.034290  -0.314320  -0.646690  -0.853670
  0.036850  -0.064390   0.034290  -0.412830   0.965930   0.037780
  0.036850  -0.064390   0.034290   1.154220  -0.017060   0.055060
