33 atoms follow (x y z r g b radiusScale)
 -0.545350  -0.215700  -0.017590   0.000000   1.000000   0.000000   1.850000
  0.250050  -0.478230  -0.762830   1.000000   1.000000   1.000000   1.200000
 -0.671070   0.899310   0.053560   1.000000   1.000000   1.000000   1.200000
 -1.503960  -0.711630  -0.323620   1.000000   1.000000   1.000000   1.200000
 -0.142680  -0.754610   1.224920   1.000000   0.000000   0.000000   1.400000
 -0.214160   0.153990   2.532870   0.500000   0.500000   0.500000   1.900000
  1.224710   0.081170   3.147380   1.000000   0.000000   0.000000   1.400000
 -1.130930  -0.587910   3.564150   1.000000   0.000000   0.000000   1.400000
 -0.640470   1.547730   2.259960   1.000000   0.000000   0.000000   1.400000
 -1.186740   3.404390   1.770870   1.000000   1.000000   0.000000   1.850000
 -0.120390   3.840030   2.601930   1.000000   0.000000   0.000000   1.400000
 -2.444020   3.105090   2.281510   1.000000   0.000000   0.000000   1.400000
 -0.747090   3.132760   0.452950   1.000000   0.000000   0.000000   1.400000
 -1.571550   5.086880   1.331930   1.000000   0.000000   0.000000   1.400000
 -2.580450   5.769410   1.992480   0.000000   1.000000   0.000000   1.850000
 -3.576730   5.304570   1.772940   1.000000   1.000000   1.000000   1.200000
 -2.576010   6.832250   1.633390   1.000000   1.000000   1.000000   1.200000
 -2.404980   5.750300   3.100780   1.000000   1.000000   1.000000   1.200000
  0.902860   5.341470   0.469000   0.000000   0.000000   1.000000   1.540000
  0.943450   5.063050   1.481950   1.000000   1.000000   1.000000   1.200000
  1.740570   5.813720   0.172600   1.000000   1.000000   1.000000   1.200000
  0.057420   5.934610   0.366560   1.000000   1.000000   1.000000   1.200000
  0.713270   4.473780  -0.060650   1.000000   1.000000   1.000000   1.200000
  1.247340   2.421870   4.925620   0.000000   0.000000   1.000000   1.540000
  1.427480   0.670150   3.889660   1.000000   1.000000   1.000000   1.200000
  0.919530   3.005650   4.176730   1.000000   1.000000   1.000000   1.200000
  2.106990   2.787460   5.275610   1.000000   1.000000   1.000000   1.200000
  0.573610   2.429800   5.662020   1.000000   1.000000   1.000000   1.200000
 -3.540670   0.907120   3.562880   0.000000   0.000000   1.000000   1.540000
 -2.034020  -0.244480   3.714940   1.000000   1.000000   1.000000   1.200000
 -3.684530   1.093240   2.588500   1.000000   1.000000   1.000000   1.200000
 -3.196560   1.757880   3.968730   1.000000   1.000000   1.000000   1.200000
 -4.417720   0.677810   3.980770   1.000000   1.000000   1.000000   1.200000
28 bonds follow (x1 y1 z1 x2 y2 z2)
 -3.540670   0.907120   3.562880  -4.417720   0.677810   3.980770
 -3.540670   0.907120   3.562880  -3.196560   1.757880   3.968730
 -3.540670   0.907120   3.562880  -3.684530   1.093240   2.588500
 -1.130930  -0.587910   3.564150  -2.034020  -0.244480   3.714940
  1.247340   2.421870   4.925620   0.573610   2.429800   5.662020
  1.247340   2.421870   4.925620   2.106990   2.787460   5.275610
  1.247340   2.421870   4.925620   0.919530   3.005650   4.176730
  1.224710   0.081170   3.147380   1.427480   0.670150   3.889660
  0.902860   5.341470   0.469000   0.713270   4.473780  -0.060650
  0.902860   5.341470   0.469000   0.057420   5.934610   0.366560
  0.902860   5.341470   0.469000   1.740570   5.813720   0.172600
  0.902860   5.341470   0.469000   0.943450   5.063050   1.481950
 -2.580450   5.769410   1.992480  -2.404980   5.750300   3.100780
 -2.580450   5.769410   1.992480  -2.576010   6.832250   1.633390
 -2.580450   5.769410   1.992480  -3.576730   5.304570   1.772940
 -1.571550   5.086880   1.331930  -2.580450   5.769410   1.992480
 -1.186740   3.404390   1.770870  -1.571550   5.086880   1.331930
 -1.186740   3.404390   1.770870  -0.747090   3.132760   0.452950
 -1.186740   3.404390   1.770870  -2.444020   3.105090   2.281510
 -1.186740   3.404390   1.770870  -0.120390   3.840030   2.601930
 -0.214160   0.153990   2.532870  -0.640470   1.547730   2.259960
 -0.214160   0.153990   2.532870  -1.130930  -0.587910   3.564150
 -0.214160   0.153990   2.532870   1.224710   0.081170   3.147380
 -0.142680  -0.754610   1.224920  -0.214160   0.153990   2.532870
 -0.545350  -0.215700  -0.017590  -0.142680  -0.754610   1.224920
 -0.545350  -0.215700  -0.017590  -1.503960  -0.711630  -0.323620
 -0.545350  -0.215700  -0.017590  -0.671070   0.899310   0.053560
 -0.545350  -0.215700  -0.017590   0.250050  -0.478230  -0.762830
