33 atoms follow (x y z r g b radiusScale)
  0.262450  -0.171080   0.070450   0.000000   1.000000   0.000000   1.850000
  1.362230  -0.284650   0.241300   1.000000   1.000000   1.000000   1.200000
 -0.037820   0.911660   0.039350   1.000000   1.000000   1.000000   1.200000
 -0.050160  -0.691740  -0.868240   1.000000   1.000000   1.000000   1.200000
 -0.415250  -0.810200   1.139950   1.000000   0.000000   0.000000   1.400000
 -0.284910  -0.011090   2.503250   0.500000   0.500000   0.500000   1.900000
  1.209880  -0.147890   2.950380   1.000000   0.000000   0.000000   1.400000
 -1.237260  -0.688110   3.529370   1.000000   0.000000   0.000000   1.400000
 -0.685250   1.438900   2.381860   1.000000   0.000000   0.000000   1.400000
 -1.143780   3.207490   2.157890   1.000000   1.000000   0.000000   1.850000
 -0.296000   3.741590   3.105140   1.000000   0.000000   0.000000   1.400000
 -2.453230   2.974260   2.487300   1.000000   0.000000   0.000000   1.400000
 -0.827150   3.296300   0.823310   1.000000   0.000000   0.000000   1.400000
 -2.328970   6.210450   1.492890   1.000000   0.000000   0.000000   1.400000
 -3.603270   6.146450   0.883600   0.000000   1.000000   0.000000   1.850000
 -3.677620   6.862490   0.024230   1.000000   1.000000   1.000000   1.200000
 -4.404300   6.386030   1.638580   1.000000   1.000000   1.000000   1.200000
 -3.728310   5.104490   0.495370   1.000000   1.000000   1.000000   1.200000
  2.243360   5.316120  -0.148530   0.000000   0.000000   1.000000   1.540000
  2.245290   6.017940   0.563680   1.000000   1.000000   1.000000   1.200000
 -2.124700   7.034450   1.714220   1.000000   1.000000   1.000000   1.200000
  2.210010   5.778530  -1.035220   1.000000   1.000000   1.000000   1.200000
  1.409270   4.763670  -0.049720   1.000000   1.000000   1.000000   1.200000
  1.824330   2.199460   4.499140   0.000000   0.000000   1.000000   1.540000
  1.613870   0.534900   3.525100   1.000000   1.000000   1.000000   1.200000
  1.550000   2.911440   3.847260   1.000000   1.000000   1.000000   1.200000
  2.775480   2.348000   4.765030   1.000000   1.000000   1.000000   1.200000
  1.247600   2.279850   5.310930   1.000000   1.000000   1.000000   1.200000
 -3.679650   0.832530   3.839300   0.000000   0.000000   1.000000   1.540000
 -2.113020  -0.264780   3.695070   1.000000   1.000000   1.000000   1.200000
 -3.794960   1.352010   2.989300   1.000000   1.000000   1.000000   1.200000
 -3.455830   1.481030   4.566140   1.000000   1.000000   1.000000   1.200000
 -4.536360   0.373240   4.066650   1.000000   1.000000   1.000000   1.200000
28 bonds follow (x1 y1 z1 x2 y2 z2)
 -3.679650   0.832530   3.839300  -4.536360   0.373240   4.066650
 -3.679650   0.832530   3.839300  -3.455830   1.481030   4.566140
 -3.679650   0.832530   3.839300  -3.794960   1.352010   2.989300
 -1.237260  -0.688110   3.529370  -2.113020  -0.264780   3.695070
  1.824330   2.199460   4.499140   1.247600   2.279850   5.310930
  1.824330   2.199460   4.499140   2.775480   2.348000   4.765030
  1.824330   2.199460   4.499140   1.550000   2.911440   3.847260
  1.209880  -0.147890   2.950380   1.613870   0.534900   3.525100
  2.243360   5.316120  -0.148530   1.409270   4.763670  -0.049720
  2.243360   5.316120  -0.148530   2.210010   5.778530  -1.035220
 -2.328970   6.210450   1.492890  -2.124700   7.034450   1.714220
  2.243360   5.316120  -0.148530   2.245290   6.017940   0.563680
 -3.603270   6.146450   0.883600  -3.728310   5.104490   0.495370
 -3.603270   6.146450   0.883600  -4.404300   6.386030   1.638580
 -3.603270   6.146450   0.883600  -3.677620   6.862490   0.024230
 -2.328970   6.210450   1.492890  -3.603270   6.146450   0.883600
 -1.143780   3.207490   2.157890  -0.827150   3.296300   0.823310
 -1.143780   3.207490   2.157890  -2.453230   2.974260   2.487300
 -1.143780   3.207490   2.157890  -0.296000   3.741590   3.105140
 -0.685250   1.438900   2.381860  -1.143780   3.207490   2.157890
 -0.284910  -0.011090   2.503250  -0.685250   1.438900   2.381860
 -0.284910  -0.011090   2.503250  -1.237260  -0.688110   3.529370
 -0.284910  -0.011090   2.503250   1.209880  -0.147890   2.950380
 -0.415250  -0.810200   1.139950  -0.284910  -0.011090   2.503250
  0.262450  -0.171080   0.070450  -0.415250  -0.810200   1.139950
  0.262450  -0.171080   0.070450  -0.050160  -0.691740  -0.868240
  0.262450  -0.171080   0.070450  -0.037820   0.911660   0.039350
  0.262450  -0.171080   0.070450   1.362230  -0.284650   0.241300
