33 atoms follow (x y z r g b radiusScale)
  0.340940  -0.164860   0.058150   0.000000   1.000000   0.000000   1.850000
  1.430550  -0.277690   0.284230   1.000000   1.000000   1.000000   1.200000
  0.060070   0.914200  -0.067230   1.000000   1.000000   1.000000   1.200000
  0.059460  -0.761750  -0.845410   1.000000   1.000000   1.000000   1.200000
 -0.400210  -0.705260   1.135460   1.000000   0.000000   0.000000   1.400000
 -0.297370   0.012800   2.539850   0.500000   0.500000   0.500000   1.900000
  1.190130  -0.144200   2.965380   1.000000   0.000000   0.000000   1.400000
 -1.209700  -0.769640   3.542580   1.000000   0.000000   0.000000   1.400000
 -0.672960   1.466140   2.402670   1.000000   0.000000   0.000000   1.400000
 -1.176860   3.210380   2.175000   1.000000   1.000000   0.000000   1.850000
 -0.387720   3.679900   3.196200   1.000000   0.000000   0.000000   1.400000
 -2.531120   3.080210   2.411540   1.000000   0.000000   0.000000   1.400000
 -0.675390   3.297880   0.902310   1.000000   0.000000   0.000000   1.400000
 -2.419590   6.369370   1.416910   1.000000   0.000000   0.000000   1.400000
 -3.723550   6.194580   0.938130   0.000000   1.000000   0.000000   1.850000
 -3.986880   7.058340   0.266110   1.000000   1.000000   1.000000   1.200000
 -4.475890   6.147310   1.778520   1.000000   1.000000   1.000000   1.200000
 -3.758470   5.245190   0.367770   1.000000   1.000000   1.000000   1.200000
  2.373210   5.123790  -0.210350   0.000000   0.000000   1.000000   1.540000
  2.077050   5.751380   0.506940   1.000000   1.000000   1.000000   1.200000
 -2.337610   7.154910   2.163570   1.000000   1.000000   1.000000   1.200000
  2.201620   5.551370  -1.094860   1.000000   1.000000   1.000000   1.200000
  1.847240   4.279500  -0.148320   1.000000   1.000000   1.000000   1.200000
  1.821120   2.167310   4.358240   0.000000   0.000000   1.000000   1.540000
  1.600870   0.568240   3.513400   1.000000   1.000000   1.000000   1.200000
  1.519310   2.878620   3.716950   1.000000   1.000000   1.000000   1.200000
  2.784960   2.306790   4.577490   1.000000   1.000000   1.000000   1.200000
  1.281610   2.250650   5.194840   1.000000   1.000000   1.000000   1.200000
 -3.595160   0.748430   3.822310   0.000000   0.000000   1.000000   1.540000
 -2.120580  -0.453900   3.729150   1.000000   1.000000   1.000000   1.200000
 -3.638630   1.220740   2.937320   1.000000   1.000000   1.000000   1.200000
 -3.414080   1.437350   4.524520   1.000000   1.000000   1.000000   1.200000
 -4.479720   0.324330   4.008610   1.000000   1.000000   1.000000   1.200000
28 bonds follow (x1 y1 z1 x2 y2 z2)
 -3.595160   0.748430   3.822310  -4.479720   0.324330   4.008610
 -3.595160   0.748430   3.822310  -3.414080   1.437350   4.524520
 -3.595160   0.748430   3.822310  -3.638630   1.220740   2.937320
 -1.209700  -0.769640   3.542580  -2.120580  -0.453900   3.729150
  1.821120   2.167310   4.358240   1.281610   2.250650   5.194840
  1.821120   2.167310   4.358240   2.784960   2.306790   4.577490
  1.821120   2.167310   4.358240   1.519310   2.878620   3.716950
  1.190130  -0.144200   2.965380   1.600870   0.568240   3.513400
  2.373210   5.123790  -0.210350   1.847240   4.279500  -0.148320
  2.373210   5.123790  -0.210350   2.201620   5.551370  -1.094860
 -2.419590   6.369370   1.416910  -2.337610   7.154910   2.163570
  2.373210   5.123790  -0.210350   2.077050   5.751380   0.506940
 -3.723550   6.194580   0.938130  -3.758470   5.245190   0.367770
 -3.723550   6.194580   0.938130  -4.475890   6.147310   1.778520
 -3.723550   6.194580   0.938130  -3.986880   7.058340   0.266110
 -2.419590   6.369370   1.416910  -3.723550   6.194580   0.938130
 -1.176860   3.210380   2.175000  -0.675390   3.297880   0.902310
 -1.176860   3.210380   2.175000  -2.531120   3.080210   2.411540
 -1.176860   3.210380   2.175000  -0.387720   3.679900   3.196200
 -0.672960   1.466140   2.402670  -1.176860   3.210380   2.175000
 -0.297370   0.012800   2.539850  -0.672960   1.466140   2.402670
 -0.297370   0.012800   2.539850  -1.209700  -0.769640   3.542580
 -0.297370   0.012800   2.539850   1.190130  -0.144200   2.965380
 -0.400210  -0.705260   1.135460  -0.297370   0.012800   2.539850
  0.340940  -0.164860   0.058150  -0.400210  -0.705260   1.135460
  0.340940  -0.164860   0.058150   0.059460  -0.761750  -0.845410
  0.340940  -0.164860   0.058150   0.060070   0.914200  -0.067230
  0.340940  -0.164860   0.058150   1.430550  -0.277690   0.284230
