33 atoms follow (x y z r g b radiusScale)
 -0.001380   0.000640   0.001670   0.000000   1.000000   0.000000   1.850000
  1.117730   0.000190  -0.002130   1.000000   1.000000   1.000000   1.200000
 -0.404800   1.050930   0.007070   1.000000   1.000000   1.000000   1.200000
 -0.389980  -0.573730  -0.876130   1.000000   1.000000   1.000000   1.200000
 -0.443560  -0.683550   1.155860   1.000000   0.000000   0.000000   1.400000
 -0.330930   0.132860   2.515770   0.500000   0.500000   0.500000   1.900000
  1.153650  -0.068960   2.992490   1.000000   0.000000   0.000000   1.400000
 -1.240810  -0.626320   3.540190   1.000000   0.000000   0.000000   1.400000
 -0.675950   1.568970   2.366630   1.000000   0.000000   0.000000   1.400000
 -1.170110   3.434810   1.968660   1.000000   1.000000   0.000000   1.850000
 -0.011750   3.854400   2.678550   1.000000   0.000000   0.000000   1.400000
 -2.399360   3.133440   2.537420   1.000000   0.000000   0.000000   1.400000
 -0.829100   3.176390   0.611170   1.000000   0.000000   0.000000   1.400000
 -1.593380   5.130580   1.618200   1.000000   0.000000   0.000000   1.400000
 -2.735130   5.589850   0.991760   0.000000   1.000000   0.000000   1.850000
 -2.724350   5.303800  -0.095100   1.000000   1.000000   1.000000   1.200000
 -2.744080   6.710190   1.071520   1.000000   1.000000   1.000000   1.200000
 -3.657350   5.176210   1.473610   1.000000   1.000000   1.000000   1.200000
  0.826850   5.404120   0.489050   0.000000   0.000000   1.000000   1.540000
  1.143690   5.078580   1.419130   1.000000   1.000000   1.000000   1.200000
 -0.085180   5.896180   0.654650   1.000000   1.000000   1.000000   1.200000
  0.599500   4.550740  -0.050750   1.000000   1.000000   1.000000   1.200000
  1.504240   5.992160   0.028070   1.000000   1.000000   1.000000   1.200000
  1.620680   2.233150   4.686410   0.000000   0.000000   1.000000   1.540000
  1.510920   0.567420   3.634820   1.000000   1.000000   1.000000   1.200000
  1.160420   2.881480   4.071680   1.000000   1.000000   1.000000   1.200000
  2.562890   2.526550   4.831610   1.000000   1.000000   1.000000   1.200000
  1.148730   2.225260   5.565690   1.000000   1.000000   1.000000   1.200000
 -3.598840   0.957240   3.768440   0.000000   0.000000   1.000000   1.540000
 -2.132820  -0.268490   3.724610   1.000000   1.000000   1.000000   1.200000
 -3.826540   1.192220   2.821730   1.000000   1.000000   1.000000   1.200000
 -3.161740   1.766070   4.170520   1.000000   1.000000   1.000000   1.200000
 -4.441120   0.760230   4.265730   1.000000   1.000000   1.000000   1.200000
28 bonds follow (x1 y1 z1 x2 y2 z2)
 -3.598840   0.957240   3.768440  -4.441120   0.760230   4.265730
 -3.598840   0.957240   3.768440  -3.161740   1.766070   4.170520
 -3.598840   0.957240   3.768440  -3.826540   1.192220   2.821730
 -1.240810  -0.626320   3.540190  -2.132820  -0.268490   3.724610
  1.620680   2.233150   4.686410   1.148730   2.225260   5.565690
  1.620680   2.233150   4.686410   2.562890   2.526550   4.831610
  1.620680   2.233150   4.686410   1.160420   2.881480   4.071680
  1.153650  -0.068960   2.992490   1.510920   0.567420   3.634820
  0.826850   5.404120   0.489050   1.504240   5.992160   0.028070
  0.826850   5.404120   0.489050   0.599500   4.550740  -0.050750
  0.826850   5.404120   0.489050  -0.085180   5.896180   0.654650
  0.826850   5.404120   0.489050   1.143690   5.078580   1.419130
 -2.735130   5.589850   0.991760  -3.657350   5.176210   1.473610
 -2.735130   5.589850   0.991760  -2.744080   6.710190   1.071520
 -2.735130   5.589850   0.991760  -2.724350   5.303800  -0.095100
 -1.593380   5.130580   1.618200  -2.735130   5.589850   0.991760
 -1.170110   3.434810   1.968660  -1.593380   5.130580   1.618200
 -1.170110   3.434810   1.968660  -0.829100   3.176390   0.611170
 -1.170110   3.434810   1.968660  -2.399360   3.133440   2.537420
 -1.170110   3.434810   1.968660  -0.011750   3.854400   2.678550
 -0.330930   0.132860   2.515770  -0.675950   1.568970   2.366630
 -0.330930   0.132860   2.515770  -1.240810  -0.626320   3.540190
 -0.330930   0.132860   2.515770   1.153650  -0.068960   2.992490
 -0.443560  -0.683550   1.155860  -0.330930   0.132860   2.515770
 -0.001380   0.000640   0.001670  -0.443560  -0.683550   1.155860
 -0.001380   0.000640   0.001670  -0.389980  -0.573730  -0.876130
 -0.001380   0.000640   0.001670  -0.404800   1.050930   0.007070
 -0.001380   0.000640   0.001670   1.117730   0.000190  -0.002130
