33 atoms follow (x y z r g b radiusScale)
  0.405110  -0.081620   0.114620   0.000000   1.000000   0.000000   1.850000
  1.467210  -0.191300   0.451640   1.000000   1.000000   1.000000   1.200000
  0.119800   1.000490   0.018550   1.000000   1.000000   1.000000   1.200000
  0.234120  -0.628300  -0.844900   1.000000   1.000000   1.000000   1.200000
 -0.433710  -0.681710   1.087800   1.000000   0.000000   0.000000   1.400000
 -0.312370  -0.013370   2.518580   0.500000   0.500000   0.500000   1.900000
  1.170390  -0.122590   2.961370   1.000000   0.000000   0.000000   1.400000
 -1.203520  -0.818060   3.516010   1.000000   0.000000   0.000000   1.400000
 -0.744210   1.432640   2.471420   1.000000   0.000000   0.000000   1.400000
 -1.168590   3.200080   2.212140   1.000000   1.000000   0.000000   1.850000
 -0.484710   3.702500   3.291430   1.000000   0.000000   0.000000   1.400000
 -2.530130   3.071770   2.263190   1.000000   0.000000   0.000000   1.400000
 -0.500900   3.305140   1.017570   1.000000   0.000000   0.000000   1.400000
 -2.527850   6.563690   1.403430   1.000000   0.000000   0.000000   1.400000
 -3.861250   6.259110   1.012810   0.000000   1.000000   0.000000   1.850000
 -4.418900   7.179620   0.706480   1.000000   1.000000   1.000000   1.200000
 -4.398520   5.731360   1.850640   1.000000   1.000000   1.000000   1.200000
 -3.697600   5.584770   0.134500   1.000000   1.000000   1.000000   1.200000
  2.426390   4.816460  -0.258680   0.000000   0.000000   1.000000   1.540000
  2.047320   5.377730   0.474000   1.000000   1.000000   1.000000   1.200000
 -2.645710   7.170780   1.997420   1.000000   1.000000   1.000000   1.200000
  2.043950   5.133500  -1.124930   1.000000   1.000000   1.000000   1.200000
  2.148220   3.866120  -0.116120   1.000000   1.000000   1.000000   1.200000
  1.897190   2.289850   4.288120   0.000000   0.000000   1.000000   1.540000
  1.562000   0.607750   3.496970   1.000000   1.000000   1.000000   1.200000
  1.570030   2.977830   3.634630   1.000000   1.000000   1.000000   1.200000
  2.863380   2.452090   4.480820   1.000000   1.000000   1.000000   1.200000
  1.375450   2.395440   5.133960   1.000000   1.000000   1.000000   1.200000
 -3.499320   0.720280   3.754800   0.000000   0.000000   1.000000   1.540000
 -2.121480  -0.513620   3.702380   1.000000   1.000000   1.000000   1.200000
 -3.466770   1.262640   2.909770   1.000000   1.000000   1.000000   1.200000
 -3.322220   1.333670   4.523940   1.000000   1.000000   1.000000   1.200000
 -4.416200   0.337130   3.855000   1.000000   1.000000   1.000000   1.200000
28 bonds follow (x1 y1 z1 x2 y2 z2)
 -3.499320   0.720280   3.754800  -4.416200   0.337130   3.855000
 -3.499320   0.720280   3.754800  -3.322220   1.333670   4.523940
 -3.499320   0.720280   3.754800  -3.466770   1.262640   2.909770
 -1.203520  -0.818060   3.516010  -2.121480  -0.513620   3.702380
  1.897190   2.289850   4.288120   1.375450   2.395440   5.133960
  1.897190   2.289850   4.288120   2.863380   2.452090   4.480820
  1.897190   2.289850   4.288120   1.570030   2.977830   3.634630
  1.170390  -0.122590   2.961370   1.562000   0.607750   3.496970
  2.426390   4.816460  -0.258680   2.148220   3.866120  -0.116120
  2.426390   4.816460  -0.258680   2.043950   5.133500  -1.124930
 -2.527850   6.563690   1.403430  -2.645710   7.170780   1.997420
  2.426390   4.816460  -0.258680   2.047320   5.377730   0.474000
 -3.861250   6.259110   1.012810  -3.697600   5.584770   0.134500
 -3.861250   6.259110   1.012810  -4.398520   5.731360   1.850640
 -3.861250   6.259110   1.012810  -4.418900   7.179620   0.706480
 -2.527850   6.563690   1.403430  -3.861250   6.259110   1.012810
 -1.168590   3.200080   2.212140  -0.500900   3.305140   1.017570
 -1.168590   3.200080   2.212140  -2.530130   3.071770   2.263190
 -1.168590   3.200080   2.212140  -0.484710   3.702500   3.291430
 -0.744210   1.432640   2.471420  -1.168590   3.200080   2.212140
 -0.312370  -0.013370   2.518580  -0.744210   1.432640   2.471420
 -0.312370  -0.013370   2.518580  -1.203520  -0.818060   3.516010
 -0.312370  -0.013370   2.518580   1.170390  -0.122590   2.961370
 -0.433710  -0.681710   1.087800  -0.312370  -0.013370   2.518580
  0.405110  -0.081620   0.114620  -0.433710  -0.681710   1.087800
  0.405110  -0.081620   0.114620   0.234120  -0.628300  -0.844900
  0.405110  -0.081620   0.114620   0.119800   1.000490   0.018550
  0.405110  -0.081620   0.114620   1.467210  -0.191300   0.451640
