33 atoms follow (x y z r g b radiusScale)
 -0.023000   0.013530  -0.028340   0.000000   1.000000   0.000000   1.850000
  1.095490  -0.019090  -0.053990   1.000000   1.000000   1.000000   1.200000
 -0.397890   1.074270  -0.021920   1.000000   1.000000   1.000000   1.200000
 -0.443480  -0.554720  -0.895490   1.000000   1.000000   1.000000   1.200000
 -0.461290  -0.651210   1.137840   1.000000   0.000000   0.000000   1.400000
 -0.301520   0.163520   2.492950   0.500000   0.500000   0.500000   1.900000
  1.170500  -0.093660   2.987440   1.000000   0.000000   0.000000   1.400000
 -1.226970  -0.572960   3.514900   1.000000   0.000000   0.000000   1.400000
 -0.627700   1.605830   2.359360   1.000000   0.000000   0.000000   1.400000
 -1.205330   3.442710   1.966760   1.000000   1.000000   0.000000   1.850000
 -0.066540   3.902620   2.686710   1.000000   0.000000   0.000000   1.400000
 -2.424670   3.144160   2.569940   1.000000   0.000000   0.000000   1.400000
 -0.824180   3.134870   0.626920   1.000000   0.000000   0.000000   1.400000
 -1.553760   5.120250   1.457620   1.000000   0.000000   0.000000   1.400000
 -2.842350   5.513680   1.139390   0.000000   1.000000   0.000000   1.850000
 -3.066640   5.260460   0.068410   1.000000   1.000000   1.000000   1.200000
 -2.918570   6.624100   1.275630   1.000000   1.000000   1.000000   1.200000
 -3.593170   5.008610   1.802140   1.000000   1.000000   1.000000   1.200000
  0.981050   5.284820   0.544030   0.000000   0.000000   1.000000   1.540000
  0.833910   5.189560   1.572970   1.000000   1.000000   1.000000   1.200000
  0.859400   6.250020   0.262430   1.000000   1.000000   1.000000   1.200000
  0.228150   4.691630   0.120620   1.000000   1.000000   1.000000   1.200000
  1.899570   4.943310   0.278820   1.000000   1.000000   1.000000   1.200000
  1.590750   2.276120   4.694370   0.000000   0.000000   1.000000   1.540000
  1.541490   0.528020   3.631570   1.000000   1.000000   1.000000   1.200000
  1.084670   2.875620   4.065560   1.000000   1.000000   1.000000   1.200000
  2.514940   2.633450   4.811720   1.000000   1.000000   1.000000   1.200000
  1.134370   2.279370   5.582190   1.000000   1.000000   1.000000   1.200000
 -3.620790   0.931060   3.782210   0.000000   0.000000   1.000000   1.540000
 -2.123410  -0.214650   3.681130   1.000000   1.000000   1.000000   1.200000
 -3.878000   1.208940   2.855420   1.000000   1.000000   1.000000   1.200000
 -3.230680   1.737120   4.233070   1.000000   1.000000   1.000000   1.200000
 -4.436420   0.638080   4.276300   1.000000   1.000000   1.000000   1.200000
28 bonds follow (x1 y1 z1 x2 y2 z2)
 -3.620790   0.931060   3.782210  -4.436420   0.638080   4.276300
 -3.620790   0.931060   3.782210  -3.230680   1.737120   4.233070
 -3.620790   0.931060   3.782210  -3.878000   1.208940   2.855420
 -1.226970  -0.572960   3.514900  -2.123410  -0.214650   3.681130
  1.590750   2.276120   4.694370   1.134370   2.279370   5.582190
  1.590750   2.276120   4.694370   2.514940   2.633450   4.811720
  1.590750   2.276120   4.694370   1.084670   2.875620   4.065560
  1.170500  -0.093660   2.987440   1.541490   0.528020   3.631570
  0.981050   5.284820   0.544030   1.899570   4.943310   0.278820
  0.981050   5.284820   0.544030   0.228150   4.691630   0.120620
  0.981050   5.284820   0.544030   0.859400   6.250020   0.262430
  0.981050   5.284820   0.544030   0.833910   5.189560   1.572970
 -2.842350   5.513680   1.139390  -3.593170   5.008610   1.802140
 -2.842350   5.513680   1.139390  -2.918570   6.624100   1.275630
 -2.842350   5.513680   1.139390  -3.066640   5.260460   0.068410
 -1.553760   5.120250   1.457620  -2.842350   5.513680   1.139390
 -1.205330   3.442710   1.966760  -1.553760   5.120250   1.457620
 -1.205330   3.442710   1.966760  -0.824180   3.134870   0.626920
 -1.205330   3.442710   1.966760  -2.424670   3.144160   2.569940
 -1.205330   3.442710   1.966760  -0.066540   3.902620   2.686710
 -0.301520   0.163520   2.492950  -0.627700   1.605830   2.359360
 -0.301520   0.163520   2.492950  -1.226970  -0.572960   3.514900
 -0.301520   0.163520   2.492950   1.170500  -0.093660   2.987440
 -0.461290  -0.651210   1.137840  -0.301520   0.163520   2.492950
 -0.023000   0.013530  -0.028340  -0.461290  -0.651210   1.137840
 -0.023000   0.013530  -0.028340  -0.443480  -0.554720  -0.895490
 -0.023000   0.013530  -0.028340  -0.397890   1.074270  -0.021920
 -0.023000   0.013530  -0.028340   1.095490  -0.019090  -0.053990
