33 atoms follow (x y z r g b radiusScale)
 -0.022120   0.012790  -0.026930   0.000000   1.000000   0.000000   1.850000
  1.096380  -0.018900  -0.051340   1.000000   1.000000   1.000000   1.200000
 -0.397690   1.073330  -0.020820   1.000000   1.000000   1.000000   1.200000
 -0.441290  -0.555730  -0.894490   1.000000   1.000000   1.000000   1.200000
 -0.461140  -0.652350   1.138810   1.000000   0.000000   0.000000   1.400000
 -0.302550   0.162880   2.493630   0.500000   0.500000   0.500000   1.900000
  1.169150  -0.094170   2.988180   1.000000   0.000000   0.000000   1.400000
 -1.226660  -0.576030   3.515500   1.000000   0.000000   0.000000   1.400000
 -0.622490   1.606330   2.355650   1.000000   0.000000   0.000000   1.400000
 -1.206690   3.442500   1.967860   1.000000   1.000000   0.000000   1.850000
 -0.067680   3.900670   2.687150   1.000000   0.000000   0.000000   1.400000
 -2.428330   3.147960   2.568630   1.000000   0.000000   0.000000   1.400000
 -0.828780   3.141060   0.626250   1.000000   0.000000   0.000000   1.400000
 -1.549280   5.124770   1.461160   1.000000   0.000000   0.000000   1.400000
 -2.839350   5.505310   1.137720   0.000000   1.000000   0.000000   1.850000
 -3.057010   5.251080   0.065440   1.000000   1.000000   1.000000   1.200000
 -2.930140   6.614280   1.275590   1.000000   1.000000   1.000000   1.200000
 -3.588500   4.991480   1.796090   1.000000   1.000000   1.000000   1.200000
  0.982990   5.289360   0.540180   0.000000   0.000000   1.000000   1.540000
  0.838280   5.189780   1.572120   1.000000   1.000000   1.000000   1.200000
  0.851520   6.246680   0.262360   1.000000   1.000000   1.000000   1.200000
  0.233660   4.686650   0.116800   1.000000   1.000000   1.000000   1.200000
  1.903040   4.957040   0.274030   1.000000   1.000000   1.000000   1.200000
  1.591360   2.275150   4.693950   0.000000   0.000000   1.000000   1.540000
  1.541610   0.530000   3.629180   1.000000   1.000000   1.000000   1.200000
  1.086500   2.875410   4.064880   1.000000   1.000000   1.000000   1.200000
  2.516470   2.630210   4.810910   1.000000   1.000000   1.000000   1.200000
  1.135240   2.280020   5.581880   1.000000   1.000000   1.000000   1.200000
 -3.621560   0.930500   3.783080   0.000000   0.000000   1.000000   1.540000
 -2.124240  -0.221800   3.682290   1.000000   1.000000   1.000000   1.200000
 -3.878030   1.209090   2.856240   1.000000   1.000000   1.000000   1.200000
 -3.230290   1.736010   4.233920   1.000000   1.000000   1.000000   1.200000
 -4.438290   0.639810   4.276810   1.000000   1.000000   1.000000   1.200000
28 bonds follow (x1 y1 z1 x2 y2 z2)
 -3.621560   0.930500   3.783080  -4.438290   0.639810   4.276810
 -3.621560   0.930500   3.783080  -3.230290   1.736010   4.233920
 -3.621560   0.930500   3.783080  -3.878030   1.209090   2.856240
 -1.226660  -0.576030   3.515500  -2.124240  -0.221800   3.682290
  1.591360   2.275150   4.693950   1.135240   2.280020   5.581880
  1.591360   2.275150   4.693950   2.516470   2.630210   4.810910
  1.591360   2.275150   4.693950   1.086500   2.875410   4.064880
  1.169150  -0.094170   2.988180   1.541610   0.530000   3.629180
  0.982990   5.289360   0.540180   1.903040   4.957040   0.274030
  0.982990   5.289360   0.540180   0.233660   4.686650   0.116800
  0.982990   5.289360   0.540180   0.851520   6.246680   0.262360
  0.982990   5.289360   0.540180   0.838280   5.189780   1.572120
 -2.839350   5.505310   1.137720  -3.588500   4.991480   1.796090
 -2.839350   5.505310   1.137720  -2.930140   6.614280   1.275590
 -2.839350   5.505310   1.137720  -3.057010   5.251080   0.065440
 -1.549280   5.124770   1.461160  -2.839350   5.505310   1.137720
 -1.206690   3.442500   1.967860  -1.549280   5.124770   1.461160
 -1.206690   3.442500   1.967860  -0.828780   3.141060   0.626250
 -1.206690   3.442500   1.967860  -2.428330   3.147960   2.568630
 -1.206690   3.442500   1.967860  -0.067680   3.900670   2.687150
 -0.302550   0.162880   2.493630  -0.622490   1.606330   2.355650
 -0.302550   0.162880   2.493630  -1.226660  -0.576030   3.515500
 -0.302550   0.162880   2.493630   1.169150  -0.094170   2.988180
 -0.461140  -0.652350   1.138810  -0.302550   0.162880   2.493630
 -0.022120   0.012790  -0.026930  -0.461140  -0.652350   1.138810
 -0.022120   0.012790  -0.026930  -0.441290  -0.555730  -0.894490
 -0.022120   0.012790  -0.026930  -0.397690   1.073330  -0.020820
 -0.022120   0.012790  -0.026930   1.096380  -0.018900  -0.051340
