33 atoms follow (x y z r g b radiusScale)
 -0.267490  -0.178610  -0.065940   0.000000   1.000000   0.000000   1.850000
  0.671160  -0.484680  -0.597800   1.000000   1.000000   1.000000   1.200000
 -0.351810   0.940950   0.002710   1.000000   1.000000   1.000000   1.200000
 -1.148730  -0.609210  -0.610270   1.000000   1.000000   1.000000   1.200000
 -0.243000  -0.762600   1.221430   1.000000   0.000000   0.000000   1.400000
 -0.252590   0.174770   2.501250   0.500000   0.500000   0.500000   1.900000
  1.205200   0.060760   3.066400   1.000000   0.000000   0.000000   1.400000
 -1.157250  -0.481240   3.598590   1.000000   0.000000   0.000000   1.400000
 -0.657580   1.572890   2.222880   1.000000   0.000000   0.000000   1.400000
 -1.190820   3.368320   1.805010   1.000000   1.000000   0.000000   1.850000
 -0.106730   3.866380   2.592760   1.000000   0.000000   0.000000   1.400000
 -2.437850   3.028900   2.315840   1.000000   0.000000   0.000000   1.400000
 -0.732260   3.127670   0.477370   1.000000   0.000000   0.000000   1.400000
 -1.610540   5.042900   1.336630   1.000000   0.000000   0.000000   1.400000
 -2.700690   5.764930   1.771160   0.000000   1.000000   0.000000   1.850000
 -3.603530   5.522420   1.151550   1.000000   1.000000   1.000000   1.200000
 -2.468030   6.859030   1.664460   1.000000   1.000000   1.000000   1.200000
 -2.929080   5.542170   2.846500   1.000000   1.000000   1.000000   1.200000
  0.937120   5.280950   0.677270   0.000000   0.000000   1.000000   1.540000
  1.357950   4.503460   1.213180   1.000000   1.000000   1.000000   1.200000
  1.606400   5.778890   0.107220   1.000000   1.000000   1.000000   1.200000
  0.463220   5.881290   1.358990   1.000000   1.000000   1.000000   1.200000
  0.179960   4.854350   0.107340   1.000000   1.000000   1.000000   1.200000
  1.432150   2.420690   4.805210   0.000000   0.000000   1.000000   1.540000
  1.463680   0.630320   3.805010   1.000000   1.000000   1.000000   1.200000
  0.881300   3.070580   4.273150   1.000000   1.000000   1.000000   1.200000
  2.331410   2.812900   4.982550   1.000000   1.000000   1.000000   1.200000
  0.984030   2.235290   5.677360   1.000000   1.000000   1.000000   1.200000
 -3.679680   0.971000   3.725340   0.000000   0.000000   1.000000   1.540000
 -2.071820  -0.162980   3.719600   1.000000   1.000000   1.000000   1.200000
 -3.868920   1.234380   2.777230   1.000000   1.000000   1.000000   1.200000
 -3.325170   1.785070   4.188680   1.000000   1.000000   1.000000   1.200000
 -4.529840   0.688440   4.164910   1.000000   1.000000   1.000000   1.200000
29 bonds follow (x1 y1 z1 x2 y2 z2)
 -3.679680   0.971000   3.725340  -4.529840   0.688440   4.164910
 -3.679680   0.971000   3.725340  -3.325170   1.785070   4.188680
 -3.679680   0.971000   3.725340  -3.868920   1.234380   2.777230
 -1.157250  -0.481240   3.598590  -2.071820  -0.162980   3.719600
  1.432150   2.420690   4.805210   0.984030   2.235290   5.677360
  1.432150   2.420690   4.805210   2.331410   2.812900   4.982550
  1.432150   2.420690   4.805210   0.881300   3.070580   4.273150
  1.205200   0.060760   3.066400   1.463680   0.630320   3.805010
  0.937120   5.280950   0.677270   0.179960   4.854350   0.107340
  0.937120   5.280950   0.677270   0.463220   5.881290   1.358990
  0.937120   5.280950   0.677270   1.606400   5.778890   0.107220
  0.937120   5.280950   0.677270   1.357950   4.503460   1.213180
 -2.700690   5.764930   1.771160  -2.929080   5.542170   2.846500
 -2.700690   5.764930   1.771160  -2.468030   6.859030   1.664460
 -2.700690   5.764930   1.771160  -3.603530   5.522420   1.151550
 -1.610540   5.042900   1.336630  -2.700690   5.764930   1.771160
 -1.190820   3.368320   1.805010  -1.610540   5.042900   1.336630
 -1.190820   3.368320   1.805010  -0.732260   3.127670   0.477370
 -1.190820   3.368320   1.805010  -2.437850   3.028900   2.315840
 -1.190820   3.368320   1.805010  -0.106730   3.866380   2.592760
 -0.657580   1.572890   2.222880  -1.190820   3.368320   1.805010
 -0.252590   0.174770   2.501250  -0.657580   1.572890   2.222880
 -0.252590   0.174770   2.501250  -1.157250  -0.481240   3.598590
 -0.252590   0.174770   2.501250   1.205200   0.060760   3.066400
 -0.243000  -0.762600   1.221430  -0.252590   0.174770   2.501250
 -0.267490  -0.178610  -0.065940  -0.243000  -0.762600   1.221430
 -0.267490  -0.178610  -0.065940  -1.148730  -0.609210  -0.610270
 -0.267490  -0.178610  -0.065940  -0.351810   0.940950   0.002710
 -0.267490  -0.178610  -0.065940   0.671160  -0.484680  -0.597800
