33 atoms follow (x y z r g b radiusScale)
 -0.550110  -0.205680  -0.010760   0.000000   1.000000   0.000000   1.850000
  0.237630  -0.472570  -0.762060   1.000000   1.000000   1.000000   1.200000
 -0.663890   0.910250   0.064800   1.000000   1.000000   1.000000   1.200000
 -1.516070  -0.688270  -0.314120   1.000000   1.000000   1.000000   1.200000
 -0.146660  -0.755120   1.227680   1.000000   0.000000   0.000000   1.400000
 -0.206370   0.158400   2.533460   0.500000   0.500000   0.500000   1.900000
  1.232400   0.083620   3.148340   1.000000   0.000000   0.000000   1.400000
 -1.125180  -0.592640   3.553710   1.000000   0.000000   0.000000   1.400000
 -0.651960   1.545080   2.250920   1.000000   0.000000   0.000000   1.400000
 -1.184570   3.399660   1.776670   1.000000   1.000000   0.000000   1.850000
 -0.117360   3.835900   2.604290   1.000000   0.000000   0.000000   1.400000
 -2.438910   3.100330   2.288610   1.000000   0.000000   0.000000   1.400000
 -0.747390   3.131740   0.456020   1.000000   0.000000   0.000000   1.400000
 -1.573060   5.086010   1.325040   1.000000   0.000000   0.000000   1.400000
 -2.572780   5.776070   1.988360   0.000000   1.000000   0.000000   1.850000
 -3.572450   5.310400   1.788290   1.000000   1.000000   1.000000   1.200000
 -2.575150   6.834600   1.619300   1.000000   1.000000   1.000000   1.200000
 -2.384210   5.770540   3.094980   1.000000   1.000000   1.000000   1.200000
  0.897560   5.341660   0.465030   0.000000   0.000000   1.000000   1.540000
  0.932070   5.119750   1.472620   1.000000   1.000000   1.000000   1.200000
  1.718480   5.836730   0.150250   1.000000   1.000000   1.000000   1.200000
  0.032560   5.885430   0.325060   1.000000   1.000000   1.000000   1.200000
  0.750810   4.429870  -0.025870   1.000000   1.000000   1.000000   1.200000
  1.239920   2.417950   4.929120   0.000000   0.000000   1.000000   1.540000
  1.442860   0.674350   3.887040   1.000000   1.000000   1.000000   1.200000
  0.925690   3.006430   4.177620   1.000000   1.000000   1.000000   1.200000
  2.103790   2.770840   5.282080   1.000000   1.000000   1.000000   1.200000
  0.562970   2.439820   5.662290   1.000000   1.000000   1.000000   1.200000
 -3.553420   0.912460   3.558430   0.000000   0.000000   1.000000   1.540000
 -2.018490  -0.232040   3.718850   1.000000   1.000000   1.000000   1.200000
 -3.727850   1.091100   2.588230   1.000000   1.000000   1.000000   1.200000
 -3.229690   1.774650   3.956100   1.000000   1.000000   1.000000   1.200000
 -4.408860   0.648030   3.999740   1.000000   1.000000   1.000000   1.200000
28 bonds follow (x1 y1 z1 x2 y2 z2)
 -3.553420   0.912460   3.558430  -4.408860   0.648030   3.999740
 -3.553420   0.912460   3.558430  -3.229690   1.774650   3.956100
 -3.553420   0.912460   3.558430  -3.727850   1.091100   2.588230
 -1.125180  -0.592640   3.553710  -2.018490  -0.232040   3.718850
  1.239920   2.417950   4.929120   0.562970   2.439820   5.662290
  1.239920   2.417950   4.929120   2.103790   2.770840   5.282080
  1.239920   2.417950   4.929120   0.925690   3.006430   4.177620
  1.232400   0.083620   3.148340   1.442860   0.674350   3.887040
  0.897560   5.341660   0.465030   0.750810   4.429870  -0.025870
  0.897560   5.341660   0.465030   0.032560   5.885430   0.325060
  0.897560   5.341660   0.465030   1.718480   5.836730   0.150250
  0.897560   5.341660   0.465030   0.932070   5.119750   1.472620
 -2.572780   5.776070   1.988360  -2.384210   5.770540   3.094980
 -2.572780   5.776070   1.988360  -2.575150   6.834600   1.619300
 -2.572780   5.776070   1.988360  -3.572450   5.310400   1.788290
 -1.573060   5.086010   1.325040  -2.572780   5.776070   1.988360
 -1.184570   3.399660   1.776670  -1.573060   5.086010   1.325040
 -1.184570   3.399660   1.776670  -0.747390   3.131740   0.456020
 -1.184570   3.399660   1.776670  -2.438910   3.100330   2.288610
 -1.184570   3.399660   1.776670  -0.117360   3.835900   2.604290
 -0.206370   0.158400   2.533460  -0.651960   1.545080   2.250920
 -0.206370   0.158400   2.533460  -1.125180  -0.592640   3.553710
 -0.206370   0.158400   2.533460   1.232400   0.083620   3.148340
 -0.146660  -0.755120   1.227680  -0.206370   0.158400   2.533460
 -0.550110  -0.205680  -0.010760  -0.146660  -0.755120   1.227680
 -0.550110  -0.205680  -0.010760  -1.516070  -0.688270  -0.314120
 -0.550110  -0.205680  -0.010760  -0.663890   0.910250   0.064800
 -0.550110  -0.205680  -0.010760   0.237630  -0.472570  -0.762060
