33 atoms follow (x y z r g b radiusScale)
  0.281630  -0.169530   0.078790   0.000000   1.000000   0.000000   1.850000
  1.378630  -0.295210   0.259970   1.000000   1.000000   1.000000   1.200000
 -0.003160   0.917300   0.044650   1.000000   1.000000   1.000000   1.200000
 -0.026050  -0.684340  -0.864610   1.000000   1.000000   1.000000   1.200000
 -0.415280  -0.796840   1.141570   1.000000   0.000000   0.000000   1.400000
 -0.275140  -0.003360   2.508210   0.500000   0.500000   0.500000   1.900000
  1.211490  -0.155500   2.948280   1.000000   0.000000   0.000000   1.400000
 -1.229400  -0.704200   3.522000   1.000000   0.000000   0.000000   1.400000
 -0.704760   1.437880   2.398040   1.000000   0.000000   0.000000   1.400000
 -1.147300   3.196550   2.165250   1.000000   1.000000   0.000000   1.850000
 -0.322780   3.740740   3.124680   1.000000   0.000000   0.000000   1.400000
 -2.466280   3.001040   2.463190   1.000000   0.000000   0.000000   1.400000
 -0.801280   3.315540   0.843130   1.000000   0.000000   0.000000   1.400000
 -2.348810   6.235190   1.473560   1.000000   0.000000   0.000000   1.400000
 -3.635540   6.173700   0.895790   0.000000   1.000000   0.000000   1.850000
 -3.770900   6.932150   0.083030   1.000000   1.000000   1.000000   1.200000
 -4.423540   6.305360   1.691140   1.000000   1.000000   1.000000   1.200000
 -3.680990   5.130170   0.493270   1.000000   1.000000   1.000000   1.200000
  2.282050   5.272740  -0.166670   0.000000   0.000000   1.000000   1.540000
  2.207130   5.957770   0.554110   1.000000   1.000000   1.000000   1.200000
 -2.272300   7.155520   1.763940   1.000000   1.000000   1.000000   1.200000
  2.245510   5.722900  -1.054690   1.000000   1.000000   1.000000   1.200000
  1.507280   4.640990  -0.086580   1.000000   1.000000   1.000000   1.200000
  1.828070   2.189040   4.467050   0.000000   0.000000   1.000000   1.540000
  1.611320   0.547020   3.507760   1.000000   1.000000   1.000000   1.200000
  1.537260   2.883860   3.803260   1.000000   1.000000   1.000000   1.200000
  2.774890   2.369710   4.729480   1.000000   1.000000   1.000000   1.200000
  1.249660   2.274770   5.277710   1.000000   1.000000   1.000000   1.200000
 -3.674060   0.814340   3.841310   0.000000   0.000000   1.000000   1.540000
 -2.107690  -0.308100   3.721270   1.000000   1.000000   1.000000   1.200000
 -3.731480   1.312210   2.972640   1.000000   1.000000   1.000000   1.200000
 -3.449460   1.472710   4.559070   1.000000   1.000000   1.000000   1.200000
 -4.559190   0.400530   4.045490   1.000000   1.000000   1.000000   1.200000
28 bonds follow (x1 y1 z1 x2 y2 z2)
 -3.674060   0.814340   3.841310  -4.559190   0.400530   4.045490
 -3.674060   0.814340   3.841310  -3.449460   1.472710   4.559070
 -3.674060   0.814340   3.841310  -3.731480   1.312210   2.972640
 -1.229400  -0.704200   3.522000  -2.107690  -0.308100   3.721270
  1.828070   2.189040   4.467050   1.249660   2.274770   5.277710
  1.828070   2.189040   4.467050   2.774890   2.369710   4.729480
  1.828070   2.189040   4.467050   1.537260   2.883860   3.803260
  1.211490  -0.155500   2.948280   1.611320   0.547020   3.507760
  2.282050   5.272740  -0.166670   1.507280   4.640990  -0.086580
  2.282050   5.272740  -0.166670   2.245510   5.722900  -1.054690
 -2.348810   6.235190   1.473560  -2.272300   7.155520   1.763940
  2.282050   5.272740  -0.166670   2.207130   5.957770   0.554110
 -3.635540   6.173700   0.895790  -3.680990   5.130170   0.493270
 -3.635540   6.173700   0.895790  -4.423540   6.305360   1.691140
 -3.635540   6.173700   0.895790  -3.770900   6.932150   0.083030
 -2.348810   6.235190   1.473560  -3.635540   6.173700   0.895790
 -1.147300   3.196550   2.165250  -0.801280   3.315540   0.843130
 -1.147300   3.196550   2.165250  -2.466280   3.001040   2.463190
 -1.147300   3.196550   2.165250  -0.322780   3.740740   3.124680
 -0.704760   1.437880   2.398040  -1.147300   3.196550   2.165250
 -0.275140  -0.003360   2.508210  -0.704760   1.437880   2.398040
 -0.275140  -0.003360   2.508210  -1.229400  -0.704200   3.522000
 -0.275140  -0.003360   2.508210   1.211490  -0.155500   2.948280
 -0.415280  -0.796840   1.141570  -0.275140  -0.003360   2.508210
  0.281630  -0.169530   0.078790  -0.415280  -0.796840   1.141570
  0.281630  -0.169530   0.078790  -0.026050  -0.684340  -0.864610
  0.281630  -0.169530   0.078790  -0.003160   0.917300   0.044650
  0.281630  -0.169530   0.078790   1.378630  -0.295210   0.259970
