33 atoms follow (x y z r g b radiusScale)
  0.239600  -0.177770   0.045240   0.000000   1.000000   0.000000   1.850000
  1.344670  -0.254980   0.200180   1.000000   1.000000   1.000000   1.200000
 -0.086930   0.895680  -0.010810   1.000000   1.000000   1.000000   1.200000
 -0.074480  -0.740690  -0.868110   1.000000   1.000000   1.000000   1.200000
 -0.405420  -0.801820   1.143830   1.000000   0.000000   0.000000   1.400000
 -0.300040  -0.007660   2.507140   0.500000   0.500000   0.500000   1.900000
  1.189500  -0.138170   2.951000   1.000000   0.000000   0.000000   1.400000
 -1.255010  -0.675200   3.545560   1.000000   0.000000   0.000000   1.400000
 -0.629420   1.452080   2.346770   1.000000   0.000000   0.000000   1.400000
 -1.143510   3.197770   2.148220   1.000000   1.000000   0.000000   1.850000
 -0.273020   3.732930   3.059490   1.000000   0.000000   0.000000   1.400000
 -2.451190   2.978230   2.522560   1.000000   0.000000   0.000000   1.400000
 -0.836460   3.276770   0.818220   1.000000   0.000000   0.000000   1.400000
 -2.299750   6.147810   1.511980   1.000000   0.000000   0.000000   1.400000
 -3.563030   6.139300   0.869840   0.000000   1.000000   0.000000   1.850000
 -3.546690   6.784770  -0.040590   1.000000   1.000000   1.000000   1.200000
 -4.373920   6.467430   1.570720   1.000000   1.000000   1.000000   1.200000
 -3.687770   5.063640   0.609900   1.000000   1.000000   1.000000   1.200000
  2.188960   5.368690  -0.127160   0.000000   0.000000   1.000000   1.540000
  2.291240   6.056040   0.587790   1.000000   1.000000   1.000000   1.200000
 -2.169890   7.123040   1.636510   1.000000   1.000000   1.000000   1.200000
  2.162540   5.822010  -1.015420   1.000000   1.000000   1.000000   1.200000
  1.348750   4.851160   0.011810   1.000000   1.000000   1.000000   1.200000
  1.814760   2.205300   4.529500   0.000000   0.000000   1.000000   1.540000
  1.555010   0.543530   3.553480   1.000000   1.000000   1.000000   1.200000
  1.555060   2.938830   3.894490   1.000000   1.000000   1.000000   1.200000
  2.769770   2.321130   4.795970   1.000000   1.000000   1.000000   1.200000
  1.243260   2.278300   5.345210   1.000000   1.000000   1.000000   1.200000
 -3.674450   0.837320   3.841290   0.000000   0.000000   1.000000   1.540000
 -2.144920  -0.285000   3.710160   1.000000   1.000000   1.000000   1.200000
 -3.809900   1.340100   2.984160   1.000000   1.000000   1.000000   1.200000
 -3.451760   1.500900   4.554730   1.000000   1.000000   1.000000   1.200000
 -4.516500   0.361590   4.086250   1.000000   1.000000   1.000000   1.200000
28 bonds follow (x1 y1 z1 x2 y2 z2)
 -3.674450   0.837320   3.841290  -4.516500   0.361590   4.086250
 -3.674450   0.837320   3.841290  -3.451760   1.500900   4.554730
 -3.674450   0.837320   3.841290  -3.809900   1.340100   2.984160
 -1.255010  -0.675200   3.545560  -2.144920  -0.285000   3.710160
  1.814760   2.205300   4.529500   1.243260   2.278300   5.345210
  1.814760   2.205300   4.529500   2.769770   2.321130   4.795970
  1.814760   2.205300   4.529500   1.555060   2.938830   3.894490
  1.189500  -0.138170   2.951000   1.555010   0.543530   3.553480
  2.188960   5.368690  -0.127160   1.348750   4.851160   0.011810
  2.188960   5.368690  -0.127160   2.162540   5.822010  -1.015420
 -2.299750   6.147810   1.511980  -2.169890   7.123040   1.636510
  2.188960   5.368690  -0.127160   2.291240   6.056040   0.587790
 -3.563030   6.139300   0.869840  -3.687770   5.063640   0.609900
 -3.563030   6.139300   0.869840  -4.373920   6.467430   1.570720
 -3.563030   6.139300   0.869840  -3.546690   6.784770  -0.040590
 -2.299750   6.147810   1.511980  -3.563030   6.139300   0.869840
 -1.143510   3.197770   2.148220  -0.836460   3.276770   0.818220
 -1.143510   3.197770   2.148220  -2.451190   2.978230   2.522560
 -1.143510   3.197770   2.148220  -0.273020   3.732930   3.059490
 -0.629420   1.452080   2.346770  -1.143510   3.197770   2.148220
 -0.300040  -0.007660   2.507140  -0.629420   1.452080   2.346770
 -0.300040  -0.007660   2.507140  -1.255010  -0.675200   3.545560
 -0.300040  -0.007660   2.507140   1.189500  -0.138170   2.951000
 -0.405420  -0.801820   1.143830  -0.300040  -0.007660   2.507140
  0.239600  -0.177770   0.045240  -0.405420  -0.801820   1.143830
  0.239600  -0.177770   0.045240  -0.074480  -0.740690  -0.868110
  0.239600  -0.177770   0.045240  -0.086930   0.895680  -0.010810
  0.239600  -0.177770   0.045240   1.344670  -0.254980   0.200180
