33 atoms follow (x y z r g b radiusScale)
 -0.287240  -0.132230  -0.075500   0.000000   1.000000   0.000000   1.850000
  0.637660  -0.439720  -0.630850   1.000000   1.000000   1.000000   1.200000
 -0.361670   0.983970   0.014990   1.000000   1.000000   1.000000   1.200000
 -1.184230  -0.545120  -0.608430   1.000000   1.000000   1.000000   1.200000
 -0.241590  -0.735260   1.202280   1.000000   0.000000   0.000000   1.400000
 -0.239460   0.156900   2.514570   0.500000   0.500000   0.500000   1.900000
  1.261480   0.099870   2.977610   1.000000   0.000000   0.000000   1.400000
 -1.034380  -0.610660   3.628620   1.000000   0.000000   0.000000   1.400000
 -0.655090   1.556000   2.283100   1.000000   0.000000   0.000000   1.400000
 -1.153850   3.402540   1.891500   1.000000   1.000000   0.000000   1.850000
  0.086100   3.788300   2.480820   1.000000   0.000000   0.000000   1.400000
 -2.316510   3.130350   2.607620   1.000000   0.000000   0.000000   1.400000
 -0.970290   3.094540   0.521710   1.000000   0.000000   0.000000   1.400000
 -1.479440   5.134540   1.507860   1.000000   0.000000   0.000000   1.400000
 -2.606470   5.861110   1.845210   0.000000   1.000000   0.000000   1.850000
 -3.052400   5.488000   2.803870   1.000000   1.000000   1.000000   1.200000
 -3.373980   5.783210   1.030030   1.000000   1.000000   1.000000   1.200000
 -2.315630   6.938430   1.966390   1.000000   1.000000   1.000000   1.200000
  0.854870   5.165370   0.289550   0.000000   0.000000   1.000000   1.540000
  1.204860   4.521240   1.027710   1.000000   1.000000   1.000000   1.200000
  1.600480   5.549860  -0.276510   1.000000   1.000000   1.000000   1.200000
  0.312820   5.895620   0.776760   1.000000   1.000000   1.000000   1.200000
  0.183130   4.624890  -0.267620   1.000000   1.000000   1.000000   1.200000
  0.995240   2.514680   4.976200   0.000000   0.000000   1.000000   1.540000
  1.516240   0.584070   3.765660   1.000000   1.000000   1.000000   1.200000
  1.293920   3.028070   4.167050   1.000000   1.000000   1.000000   1.200000
  1.504600   2.836480   5.772510   1.000000   1.000000   1.000000   1.200000
  0.025850   2.715120   5.117990   1.000000   1.000000   1.000000   1.200000
 -3.692340   0.831490   3.382750   0.000000   0.000000   1.000000   1.540000
 -1.936590  -0.336950   3.832400   1.000000   1.000000   1.000000   1.200000
 -3.647790   1.346740   2.522970   1.000000   1.000000   1.000000   1.200000
 -3.372750   1.450920   4.103170   1.000000   1.000000   1.000000   1.200000
 -4.645780   0.598420   3.567880   1.000000   1.000000   1.000000   1.200000
28 bonds follow (x1 y1 z1 x2 y2 z2)
 -3.692340   0.831490   3.382750  -4.645780   0.598420   3.567880
 -3.692340   0.831490   3.382750  -3.372750   1.450920   4.103170
 -3.692340   0.831490   3.382750  -3.647790   1.346740   2.522970
 -1.034380  -0.610660   3.628620  -1.936590  -0.336950   3.832400
  0.995240   2.514680   4.976200   0.025850   2.715120   5.117990
  0.995240   2.514680   4.976200   1.504600   2.836480   5.772510
  0.995240   2.514680   4.976200   1.293920   3.028070   4.167050
  1.261480   0.099870   2.977610   1.516240   0.584070   3.765660
  0.854870   5.165370   0.289550   0.183130   4.624890  -0.267620
  0.854870   5.165370   0.289550   0.312820   5.895620   0.776760
  0.854870   5.165370   0.289550   1.600480   5.549860  -0.276510
  0.854870   5.165370   0.289550   1.204860   4.521240   1.027710
 -2.606470   5.861110   1.845210  -2.315630   6.938430   1.966390
 -2.606470   5.861110   1.845210  -3.373980   5.783210   1.030030
 -2.606470   5.861110   1.845210  -3.052400   5.488000   2.803870
 -1.479440   5.134540   1.507860  -2.606470   5.861110   1.845210
 -1.153850   3.402540   1.891500  -1.479440   5.134540   1.507860
 -1.153850   3.402540   1.891500  -0.970290   3.094540   0.521710
 -1.153850   3.402540   1.891500  -2.316510   3.130350   2.607620
 -1.153850   3.402540   1.891500   0.086100   3.788300   2.480820
 -0.239460   0.156900   2.514570  -0.655090   1.556000   2.283100
 -0.239460   0.156900   2.514570  -1.034380  -0.610660   3.628620
 -0.239460   0.156900   2.514570   1.261480   0.099870   2.977610
 -0.241590  -0.735260   1.202280  -0.239460   0.156900   2.514570
 -0.287240  -0.132230  -0.075500  -0.241590  -0.735260   1.202280
 -0.287240  -0.132230  -0.075500  -1.184230  -0.545120  -0.608430
 -0.287240  -0.132230  -0.075500  -0.361670   0.983970   0.014990
 -0.287240  -0.132230  -0.075500   0.637660  -0.439720  -0.630850
