33 atoms follow (x y z r g b radiusScale)
  0.013210  -0.008520  -0.009890   0.000000   1.000000   0.000000   1.850000
  1.131450  -0.008010   0.013000   1.000000   1.000000   1.000000   1.200000
 -0.396160   1.036740  -0.013330   1.000000   1.000000   1.000000   1.200000
 -0.358210  -0.585560  -0.893510   1.000000   1.000000   1.000000   1.200000
 -0.456690  -0.696490   1.137500   1.000000   0.000000   0.000000   1.400000
 -0.305230   0.046140   2.530660   0.500000   0.500000   0.500000   1.900000
  1.181580  -0.052090   3.016400   1.000000   0.000000   0.000000   1.400000
 -1.267020  -0.629640   3.562030   1.000000   0.000000   0.000000   1.400000
 -0.669790   1.497960   2.380090   1.000000   0.000000   0.000000   1.400000
 -1.117680   3.255040   2.014270   1.000000   1.000000   0.000000   1.850000
 -0.073940   3.768360   2.748710   1.000000   0.000000   0.000000   1.400000
 -2.389500   3.186820   2.530550   1.000000   0.000000   0.000000   1.400000
 -0.906080   3.100230   0.662880   1.000000   0.000000   0.000000   1.400000
 -1.767280   5.483680   1.654350   1.000000   0.000000   0.000000   1.400000
 -2.935060   5.753750   0.874740   0.000000   1.000000   0.000000   1.850000
 -2.793210   5.379530  -0.168220   1.000000   1.000000   1.000000   1.200000
 -3.183600   6.840140   0.872020   1.000000   1.000000   1.000000   1.200000
 -3.720520   5.159230   1.402870   1.000000   1.000000   1.000000   1.200000
  1.170230   5.620920   0.293420   0.000000   0.000000   1.000000   1.540000
  1.354930   5.283330   1.217900   1.000000   1.000000   1.000000   1.200000
 -1.089500   6.098870   1.306270   1.000000   1.000000   1.000000   1.200000
  0.553720   4.978490  -0.166860   1.000000   1.000000   1.000000   1.200000
  2.034110   5.673370  -0.212360   1.000000   1.000000   1.000000   1.200000
  1.632660   2.212240   4.676430   0.000000   0.000000   1.000000   1.540000
  1.501240   0.640230   3.638010   1.000000   1.000000   1.000000   1.200000
  1.267880   2.949590   4.101310   1.000000   1.000000   1.000000   1.200000
  2.606140   2.367910   4.833790   1.000000   1.000000   1.000000   1.200000
  1.159940   2.215320   5.555370   1.000000   1.000000   1.000000   1.200000
 -3.570810   0.982680   3.746630   0.000000   0.000000   1.000000   1.540000
 -2.142830  -0.203310   3.717740   1.000000   1.000000   1.000000   1.200000
 -3.866410   1.210220   2.817840   1.000000   1.000000   1.000000   1.200000
 -3.198860   1.820340   4.153730   1.000000   1.000000   1.000000   1.200000
 -4.360830   0.681760   4.277260   1.000000   1.000000   1.000000   1.200000
28 bonds follow (x1 y1 z1 x2 y2 z2)
 -3.570810   0.982680   3.746630  -4.360830   0.681760   4.277260
 -3.570810   0.982680   3.746630  -3.198860   1.820340   4.153730
 -3.570810   0.982680   3.746630  -3.866410   1.210220   2.817840
 -1.267020  -0.629640   3.562030  -2.142830  -0.203310   3.717740
  1.632660   2.212240   4.676430   1.159940   2.215320   5.555370
  1.632660   2.212240   4.676430   2.606140   2.367910   4.833790
  1.632660   2.212240   4.676430   1.267880   2.949590   4.101310
  1.181580  -0.052090   3.016400   1.501240   0.640230   3.638010
  1.170230   5.620920   0.293420   2.034110   5.673370  -0.212360
  1.170230   5.620920   0.293420   0.553720   4.978490  -0.166860
 -1.767280   5.483680   1.654350  -1.089500   6.098870   1.306270
  1.170230   5.620920   0.293420   1.354930   5.283330   1.217900
 -2.935060   5.753750   0.874740  -3.720520   5.159230   1.402870
 -2.935060   5.753750   0.874740  -3.183600   6.840140   0.872020
 -2.935060   5.753750   0.874740  -2.793210   5.379530  -0.168220
 -1.767280   5.483680   1.654350  -2.935060   5.753750   0.874740
 -1.117680   3.255040   2.014270  -0.906080   3.100230   0.662880
 -1.117680   3.255040   2.014270  -2.389500   3.186820   2.530550
 -1.117680   3.255040   2.014270  -0.073940   3.768360   2.748710
 -0.669790   1.497960   2.380090  -1.117680   3.255040   2.014270
 -0.305230   0.046140   2.530660  -0.669790   1.497960   2.380090
 -0.305230   0.046140   2.530660  -1.267020  -0.629640   3.562030
 -0.305230   0.046140   2.530660   1.181580  -0.052090   3.016400
 -0.456690  -0.696490   1.137500  -0.305230   0.046140   2.530660
  0.013210  -0.008520  -0.009890  -0.456690  -0.696490   1.137500
  0.013210  -0.008520  -0.009890  -0.358210  -0.585560  -0.893510
  0.013210  -0.008520  -0.009890  -0.396160   1.036740  -0.013330
  0.013210  -0.008520  -0.009890   1.131450  -0.008010   0.013000
