33 atoms follow (x y z r g b radiusScale)
 -0.087280  -0.088440  -0.029150   0.000000   1.000000   0.000000   1.850000
  0.956250  -0.365910  -0.332540   1.000000   1.000000   1.000000   1.200000
 -0.210550   1.024980   0.060220   1.000000   1.000000   1.000000   1.200000
 -0.806330  -0.501910  -0.783930   1.000000   1.000000   1.000000   1.200000
 -0.386160  -0.715220   1.198890   1.000000   0.000000   0.000000   1.400000
 -0.315420   0.142940   2.534460   0.500000   0.500000   0.500000   1.900000
  1.170340  -0.029670   3.013880   1.000000   0.000000   0.000000   1.400000
 -1.139130  -0.675940   3.588810   1.000000   0.000000   0.000000   1.400000
 -0.689750   1.569910   2.377050   1.000000   0.000000   0.000000   1.400000
 -1.186650   3.446590   1.866470   1.000000   1.000000   0.000000   1.850000
 -0.124440   3.904180   2.687950   1.000000   0.000000   0.000000   1.400000
 -2.456100   3.083070   2.268020   1.000000   0.000000   0.000000   1.400000
 -0.697200   3.149380   0.562360   1.000000   0.000000   0.000000   1.400000
 -1.601350   5.147270   1.439570   1.000000   0.000000   0.000000   1.400000
 -2.834510   5.771400   1.537400   0.000000   1.000000   0.000000   1.850000
 -3.485430   5.488560   0.668270   1.000000   1.000000   1.000000   1.200000
 -2.667510   6.881640   1.521510   1.000000   1.000000   1.000000   1.200000
 -3.354940   5.489400   2.489140   1.000000   1.000000   1.000000   1.200000
  0.920080   5.262700   0.512350   0.000000   0.000000   1.000000   1.540000
  0.897360   5.370110   1.537100   1.000000   1.000000   1.000000   1.200000
  1.693000   5.747710   0.085730   1.000000   1.000000   1.000000   1.200000
  0.005370   5.587440   0.164410   1.000000   1.000000   1.000000   1.200000
  0.951670   4.241030   0.320930   1.000000   1.000000   1.000000   1.200000
  1.507440   2.314460   4.742090   0.000000   0.000000   1.000000   1.540000
  1.536890   0.625340   3.624450   1.000000   1.000000   1.000000   1.200000
  0.997270   2.889480   4.094500   1.000000   1.000000   1.000000   1.200000
  2.436830   2.667860   4.827810   1.000000   1.000000   1.000000   1.200000
  1.065580   2.364390   5.635620   1.000000   1.000000   1.000000   1.200000
 -3.521490   0.947180   3.709950   0.000000   0.000000   1.000000   1.540000
 -2.036850  -0.377880   3.813740   1.000000   1.000000   1.000000   1.200000
 -3.767740   1.111610   2.752420   1.000000   1.000000   1.000000   1.200000
 -3.056390   1.776100   4.032240   1.000000   1.000000   1.000000   1.200000
 -4.358880   0.823810   4.239250   1.000000   1.000000   1.000000   1.200000
28 bonds follow (x1 y1 z1 x2 y2 z2)
 -3.521490   0.947180   3.709950  -4.358880   0.823810   4.239250
 -3.521490   0.947180   3.709950  -3.056390   1.776100   4.032240
 -3.521490   0.947180   3.709950  -3.767740   1.111610   2.752420
 -1.139130  -0.675940   3.588810  -2.036850  -0.377880   3.813740
  1.507440   2.314460   4.742090   1.065580   2.364390   5.635620
  1.507440   2.314460   4.742090   2.436830   2.667860   4.827810
  1.507440   2.314460   4.742090   0.997270   2.889480   4.094500
  1.170340  -0.029670   3.013880   1.536890   0.625340   3.624450
  0.920080   5.262700   0.512350   0.951670   4.241030   0.320930
  0.920080   5.262700   0.512350   0.005370   5.587440   0.164410
  0.920080   5.262700   0.512350   1.693000   5.747710   0.085730
  0.920080   5.262700   0.512350   0.897360   5.370110   1.537100
 -2.834510   5.771400   1.537400  -3.354940   5.489400   2.489140
 -2.834510   5.771400   1.537400  -2.667510   6.881640   1.521510
 -2.834510   5.771400   1.537400  -3.485430   5.488560   0.668270
 -1.601350   5.147270   1.439570  -2.834510   5.771400   1.537400
 -1.186650   3.446590   1.866470  -1.601350   5.147270   1.439570
 -1.186650   3.446590   1.866470  -0.697200   3.149380   0.562360
 -1.186650   3.446590   1.866470  -2.456100   3.083070   2.268020
 -1.186650   3.446590   1.866470  -0.124440   3.904180   2.687950
 -0.315420   0.142940   2.534460  -0.689750   1.569910   2.377050
 -0.315420   0.142940   2.534460  -1.139130  -0.675940   3.588810
 -0.315420   0.142940   2.534460   1.170340  -0.029670   3.013880
 -0.386160  -0.715220   1.198890  -0.315420   0.142940   2.534460
 -0.087280  -0.088440  -0.029150  -0.386160  -0.715220   1.198890
 -0.087280  -0.088440  -0.029150  -0.806330  -0.501910  -0.783930
 -0.087280  -0.088440  -0.029150  -0.210550   1.024980   0.060220
 -0.087280  -0.088440  -0.029150   0.956250  -0.365910  -0.332540
