33 atoms follow (x y z r g b radiusScale)
 -0.575530  -0.156750  -0.007440   0.000000   1.000000   0.000000   1.850000
  0.159160  -0.484730  -0.788350   1.000000   1.000000   1.000000   1.200000
 -0.610200   0.964130   0.060870   1.000000   1.000000   1.000000   1.200000
 -1.585190  -0.574420  -0.261810   1.000000   1.000000   1.000000   1.200000
 -0.152750  -0.727100   1.215260   1.000000   0.000000   0.000000   1.400000
 -0.174210   0.175740   2.522910   0.500000   0.500000   0.500000   1.900000
  1.275950   0.126740   3.122670   1.000000   0.000000   0.000000   1.400000
 -1.108410  -0.587710   3.525750   1.000000   0.000000   0.000000   1.400000
 -0.658270   1.548810   2.243380   1.000000   0.000000   0.000000   1.400000
 -1.164510   3.382030   1.811970   1.000000   1.000000   0.000000   1.850000
 -0.064720   3.855250   2.584110   1.000000   0.000000   0.000000   1.400000
 -2.407730   3.076600   2.340100   1.000000   0.000000   0.000000   1.400000
 -0.708480   3.103770   0.489150   1.000000   0.000000   0.000000   1.400000
 -1.604570   5.036070   1.335700   1.000000   0.000000   0.000000   1.400000
 -2.518820   5.871290   1.945090   0.000000   1.000000   0.000000   1.850000
 -3.547230   5.427120   1.911920   1.000000   1.000000   1.000000   1.200000
 -2.514360   6.847920   1.388970   1.000000   1.000000   1.000000   1.200000
 -2.232520   6.059430   3.014170   1.000000   1.000000   1.000000   1.200000
  0.825600   5.274240   0.433820   0.000000   0.000000   1.000000   1.540000
  0.761990   5.391220   1.473650   1.000000   1.000000   1.000000   1.200000
  1.545080   5.842370   0.020420   1.000000   1.000000   1.000000   1.200000
 -0.122470   5.495340   0.062570   1.000000   1.000000   1.000000   1.200000
  0.955290   4.267710   0.266230   1.000000   1.000000   1.000000   1.200000
  1.176590   2.396900   4.954630   0.000000   0.000000   1.000000   1.540000
  1.469740   0.718080   3.867700   1.000000   1.000000   1.000000   1.200000
  0.954030   3.081220   4.253480   1.000000   1.000000   1.000000   1.200000
  2.046230   2.629290   5.384540   1.000000   1.000000   1.000000   1.200000
  0.462510   2.397850   5.651660   1.000000   1.000000   1.000000   1.200000
 -3.677360   0.875470   3.560610   0.000000   0.000000   1.000000   1.540000
 -2.042660  -0.332250   3.592540   1.000000   1.000000   1.000000   1.200000
 -3.868970   0.977660   2.583350   1.000000   1.000000   1.000000   1.200000
 -3.247460   1.731050   3.862810   1.000000   1.000000   1.000000   1.200000
 -4.544360   0.761840   4.043450   1.000000   1.000000   1.000000   1.200000
28 bonds follow (x1 y1 z1 x2 y2 z2)
 -3.677360   0.875470   3.560610  -4.544360   0.761840   4.043450
 -3.677360   0.875470   3.560610  -3.247460   1.731050   3.862810
 -3.677360   0.875470   3.560610  -3.868970   0.977660   2.583350
 -1.108410  -0.587710   3.525750  -2.042660  -0.332250   3.592540
  1.176590   2.396900   4.954630   0.462510   2.397850   5.651660
  1.176590   2.396900   4.954630   2.046230   2.629290   5.384540
  1.176590   2.396900   4.954630   0.954030   3.081220   4.253480
  1.275950   0.126740   3.122670   1.469740   0.718080   3.867700
  0.825600   5.274240   0.433820   0.955290   4.267710   0.266230
  0.825600   5.274240   0.433820  -0.122470   5.495340   0.062570
  0.825600   5.274240   0.433820   1.545080   5.842370   0.020420
  0.825600   5.274240   0.433820   0.761990   5.391220   1.473650
 -2.518820   5.871290   1.945090  -2.232520   6.059430   3.014170
 -2.518820   5.871290   1.945090  -2.514360   6.847920   1.388970
 -2.518820   5.871290   1.945090  -3.547230   5.427120   1.911920
 -1.604570   5.036070   1.335700  -2.518820   5.871290   1.945090
 -1.164510   3.382030   1.811970  -1.604570   5.036070   1.335700
 -1.164510   3.382030   1.811970  -0.708480   3.103770   0.489150
 -1.164510   3.382030   1.811970  -2.407730   3.076600   2.340100
 -1.164510   3.382030   1.811970  -0.064720   3.855250   2.584110
 -0.174210   0.175740   2.522910  -0.658270   1.548810   2.243380
 -0.174210   0.175740   2.522910  -1.108410  -0.587710   3.525750
 -0.174210   0.175740   2.522910   1.275950   0.126740   3.122670
 -0.152750  -0.727100   1.215260  -0.174210   0.175740   2.522910
 -0.575530  -0.156750  -0.007440  -0.152750  -0.727100   1.215260
 -0.575530  -0.156750  -0.007440  -1.585190  -0.574420  -0.261810
 -0.575530  -0.156750  -0.007440  -0.610200   0.964130   0.060870
 -0.575530  -0.156750  -0.007440   0.159160  -0.484730  -0.788350
