33 atoms follow (x y z r g b radiusScale)
 -0.555310  -0.192870  -0.000830   0.000000   1.000000   0.000000   1.850000
  0.225170  -0.467410  -0.757830   1.000000   1.000000   1.000000   1.200000
 -0.655590   0.923700   0.076120   1.000000   1.000000   1.000000   1.200000
 -1.529470  -0.661850  -0.300240   1.000000   1.000000   1.000000   1.200000
 -0.152380  -0.754360   1.232340   1.000000   0.000000   0.000000   1.400000
 -0.196900   0.164450   2.531320   0.500000   0.500000   0.500000   1.900000
  1.245100   0.085610   3.150430   1.000000   0.000000   0.000000   1.400000
 -1.119790  -0.598280   3.541690   1.000000   0.000000   0.000000   1.400000
 -0.667550   1.542290   2.239180   1.000000   0.000000   0.000000   1.400000
 -1.182260   3.393730   1.784800   1.000000   1.000000   0.000000   1.850000
 -0.110810   3.833020   2.606130   1.000000   0.000000   0.000000   1.400000
 -2.431770   3.092390   2.296220   1.000000   0.000000   0.000000   1.400000
 -0.746080   3.129520   0.460140   1.000000   0.000000   0.000000   1.400000
 -1.575760   5.085720   1.317390   1.000000   0.000000   0.000000   1.400000
 -2.563360   5.786090   1.982510   0.000000   1.000000   0.000000   1.850000
 -3.567160   5.318360   1.805700   1.000000   1.000000   1.000000   1.200000
 -2.572990   6.840790   1.599630   1.000000   1.000000   1.000000   1.200000
 -2.358800   5.798390   3.086620   1.000000   1.000000   1.000000   1.200000
  0.888750   5.338030   0.458670   0.000000   0.000000   1.000000   1.540000
  0.925120   5.180210   1.496630   1.000000   1.000000   1.000000   1.200000
  1.684430   5.850920   0.117160   1.000000   1.000000   1.000000   1.200000
 -0.008010   5.829830   0.273820   1.000000   1.000000   1.000000   1.200000
  0.804400   4.405320   0.029320   1.000000   1.000000   1.000000   1.200000
  1.230500   2.413170   4.933280   0.000000   0.000000   1.000000   1.540000
  1.458910   0.685670   3.880480   1.000000   1.000000   1.000000   1.200000
  0.932990   3.008000   4.180270   1.000000   1.000000   1.000000   1.200000
  2.099740   2.748400   5.290760   1.000000   1.000000   1.000000   1.200000
  0.550150   2.451960   5.662760   1.000000   1.000000   1.000000   1.200000
 -3.570260   0.918090   3.553640   0.000000   0.000000   1.000000   1.540000
 -2.004400  -0.226400   3.723800   1.000000   1.000000   1.000000   1.200000
 -3.779430   1.085840   2.589090   1.000000   1.000000   1.000000   1.200000
 -3.267530   1.791350   3.942340   1.000000   1.000000   1.000000   1.200000
 -4.399150   0.617830   4.021380   1.000000   1.000000   1.000000   1.200000
28 bonds follow (x1 y1 z1 x2 y2 z2)
 -3.570260   0.918090   3.553640  -4.399150   0.617830   4.021380
 -3.570260   0.918090   3.553640  -3.267530   1.791350   3.942340
 -3.570260   0.918090   3.553640  -3.779430   1.085840   2.589090
 -1.119790  -0.598280   3.541690  -2.004400  -0.226400   3.723800
  1.230500   2.413170   4.933280   0.550150   2.451960   5.662760
  1.230500   2.413170   4.933280   2.099740   2.748400   5.290760
  1.230500   2.413170   4.933280   0.932990   3.008000   4.180270
  1.245100   0.085610   3.150430   1.458910   0.685670   3.880480
  0.888750   5.338030   0.458670   0.804400   4.405320   0.029320
  0.888750   5.338030   0.458670  -0.008010   5.829830   0.273820
  0.888750   5.338030   0.458670   1.684430   5.850920   0.117160
  0.888750   5.338030   0.458670   0.925120   5.180210   1.496630
 -2.563360   5.786090   1.982510  -2.358800   5.798390   3.086620
 -2.563360   5.786090   1.982510  -2.572990   6.840790   1.599630
 -2.563360   5.786090   1.982510  -3.567160   5.318360   1.805700
 -1.575760   5.085720   1.317390  -2.563360   5.786090   1.982510
 -1.182260   3.393730   1.784800  -1.575760   5.085720   1.317390
 -1.182260   3.393730   1.784800  -0.746080   3.129520   0.460140
 -1.182260   3.393730   1.784800  -2.431770   3.092390   2.296220
 -1.182260   3.393730   1.784800  -0.110810   3.833020   2.606130
 -0.196900   0.164450   2.531320  -0.667550   1.542290   2.239180
 -0.196900   0.164450   2.531320  -1.119790  -0.598280   3.541690
 -0.196900   0.164450   2.531320   1.245100   0.085610   3.150430
 -0.152380  -0.754360   1.232340  -0.196900   0.164450   2.531320
 -0.555310  -0.192870  -0.000830  -0.152380  -0.754360   1.232340
 -0.555310  -0.192870  -0.000830  -1.529470  -0.661850  -0.300240
 -0.555310  -0.192870  -0.000830  -0.655590   0.923700   0.076120
 -0.555310  -0.192870  -0.000830   0.225170  -0.467410  -0.757830
