33 atoms follow (x y z r g b radiusScale)
 -0.324580  -0.093710  -0.071910   0.000000   1.000000   0.000000   1.850000
  0.614310  -0.359340  -0.625560   1.000000   1.000000   1.000000   1.200000
 -0.441530   1.018090   0.035110   1.000000   1.000000   1.000000   1.200000
 -1.202590  -0.529420  -0.617860   1.000000   1.000000   1.000000   1.200000
 -0.272540  -0.719010   1.194990   1.000000   0.000000   0.000000   1.400000
 -0.202550   0.160270   2.512360   0.500000   0.500000   0.500000   1.900000
  1.288710   0.037200   3.028940   1.000000   0.000000   0.000000   1.400000
 -1.017230  -0.604630   3.620210   1.000000   0.000000   0.000000   1.400000
 -0.677570   1.546000   2.297840   1.000000   0.000000   0.000000   1.400000
 -1.165970   3.417650   1.880250   1.000000   1.000000   0.000000   1.850000
  0.061140   3.802190   2.484550   1.000000   0.000000   0.000000   1.400000
 -2.329690   3.163420   2.583060   1.000000   0.000000   0.000000   1.400000
 -0.976240   3.096650   0.507020   1.000000   0.000000   0.000000   1.400000
 -1.494360   5.118270   1.459320   1.000000   0.000000   0.000000   1.400000
 -2.579710   5.880330   1.847950   0.000000   1.000000   0.000000   1.850000
 -3.057670   5.463890   2.771990   1.000000   1.000000   1.000000   1.200000
 -3.338200   5.909640   1.021400   1.000000   1.000000   1.000000   1.200000
 -2.224760   6.926090   2.051170   1.000000   1.000000   1.000000   1.200000
  0.869840   5.160760   0.295240   0.000000   0.000000   1.000000   1.540000
  1.319750   4.427900   0.864050   1.000000   1.000000   1.000000   1.200000
  1.522220   5.655330  -0.297620   1.000000   1.000000   1.000000   1.200000
  0.387080   5.790070   0.964130   1.000000   1.000000   1.000000   1.200000
  0.124650   4.697130  -0.241860   1.000000   1.000000   1.000000   1.200000
  1.006540   2.519470   5.008370   0.000000   0.000000   1.000000   1.540000
  1.476030   0.417300   3.890930   1.000000   1.000000   1.000000   1.200000
  1.205390   2.973920   4.135390   1.000000   1.000000   1.000000   1.200000
  1.612030   2.891180   5.710310   1.000000   1.000000   1.000000   1.200000
  0.063340   2.738400   5.257160   1.000000   1.000000   1.000000   1.200000
 -3.694120   0.775320   3.407100   0.000000   0.000000   1.000000   1.540000
 -1.975810  -0.503350   3.658380   1.000000   1.000000   1.000000   1.200000
 -3.576160   1.173180   2.493480   1.000000   1.000000   1.000000   1.200000
 -3.329990   1.447110   4.056860   1.000000   1.000000   1.000000   1.200000
 -4.673070   0.673120   3.578830   1.000000   1.000000   1.000000   1.200000
28 bonds follow (x1 y1 z1 x2 y2 z2)
 -3.694120   0.775320   3.407100  -4.673070   0.673120   3.578830
 -3.694120   0.775320   3.407100  -3.329990   1.447110   4.056860
 -3.694120   0.775320   3.407100  -3.576160   1.173180   2.493480
 -1.017230  -0.604630   3.620210  -1.975810  -0.503350   3.658380
  1.006540   2.519470   5.008370   0.063340   2.738400   5.257160
  1.006540   2.519470   5.008370   1.612030   2.891180   5.710310
  1.006540   2.519470   5.008370   1.205390   2.973920   4.135390
  1.288710   0.037200   3.028940   1.476030   0.417300   3.890930
  0.869840   5.160760   0.295240   0.124650   4.697130  -0.241860
  0.869840   5.160760   0.295240   0.387080   5.790070   0.964130
  0.869840   5.160760   0.295240   1.522220   5.655330  -0.297620
  0.869840   5.160760   0.295240   1.319750   4.427900   0.864050
 -2.579710   5.880330   1.847950  -2.224760   6.926090   2.051170
 -2.579710   5.880330   1.847950  -3.338200   5.909640   1.021400
 -2.579710   5.880330   1.847950  -3.057670   5.463890   2.771990
 -1.494360   5.118270   1.459320  -2.579710   5.880330   1.847950
 -1.165970   3.417650   1.880250  -1.494360   5.118270   1.459320
 -1.165970   3.417650   1.880250  -0.976240   3.096650   0.507020
 -1.165970   3.417650   1.880250  -2.329690   3.163420   2.583060
 -1.165970   3.417650   1.880250   0.061140   3.802190   2.484550
 -0.202550   0.160270   2.512360  -0.677570   1.546000   2.297840
 -0.202550   0.160270   2.512360  -1.017230  -0.604630   3.620210
 -0.202550   0.160270   2.512360   1.288710   0.037200   3.028940
 -0.272540  -0.719010   1.194990  -0.202550   0.160270   2.512360
 -0.324580  -0.093710  -0.071910  -0.272540  -0.719010   1.194990
 -0.324580  -0.093710  -0.071910  -1.202590  -0.529420  -0.617860
 -0.324580  -0.093710  -0.071910  -0.441530   1.018090   0.035110
 -0.324580  -0.093710  -0.071910   0.614310  -0.359340  -0.625560
