33 atoms follow (x y z r g b radiusScale)
  0.276470  -0.169590   0.077890   0.000000   1.000000   0.000000   1.850000
  1.374310  -0.292850   0.255500   1.000000   1.000000   1.000000   1.200000
 -0.011700   0.916570   0.047790   1.000000   1.000000   1.000000   1.200000
 -0.032010  -0.682180  -0.866030   1.000000   1.000000   1.000000   1.200000
 -0.416610  -0.802970   1.140590   1.000000   0.000000   0.000000   1.400000
 -0.275440  -0.005470   2.506030   0.500000   0.500000   0.500000   1.900000
  1.211250  -0.154410   2.948660   1.000000   0.000000   0.000000   1.400000
 -1.231970  -0.699300   3.523530   1.000000   0.000000   0.000000   1.400000
 -0.703370   1.437250   2.395160   1.000000   0.000000   0.000000   1.400000
 -1.147020   3.199880   2.163420   1.000000   1.000000   0.000000   1.850000
 -0.314520   3.742860   3.121900   1.000000   0.000000   0.000000   1.400000
 -2.459120   2.991930   2.468410   1.000000   0.000000   0.000000   1.400000
 -0.810370   3.310790   0.835880   1.000000   0.000000   0.000000   1.400000
 -2.340370   6.227000   1.481710   1.000000   0.000000   0.000000   1.400000
 -3.630030   6.173420   0.890810   0.000000   1.000000   0.000000   1.850000
 -3.758650   6.904220   0.062150   1.000000   1.000000   1.000000   1.200000
 -4.404350   6.324360   1.685140   1.000000   1.000000   1.000000   1.200000
 -3.659600   5.122930   0.504430   1.000000   1.000000   1.000000   1.200000
  2.272100   5.284180  -0.161460   0.000000   0.000000   1.000000   1.540000
  2.218140   5.979580   0.555320   1.000000   1.000000   1.000000   1.200000
 -2.277340   7.073280   1.707470   1.000000   1.000000   1.000000   1.200000
  2.235700   5.742370  -1.050870   1.000000   1.000000   1.000000   1.200000
  1.477940   4.677190  -0.079700   1.000000   1.000000   1.000000   1.200000
  1.827580   2.191970   4.476520   0.000000   0.000000   1.000000   1.540000
  1.610470   0.547550   3.508330   1.000000   1.000000   1.000000   1.200000
  1.540090   2.890200   3.813890   1.000000   1.000000   1.000000   1.200000
  2.774960   2.366060   4.740490   1.000000   1.000000   1.000000   1.200000
  1.249300   2.278370   5.286920   1.000000   1.000000   1.000000   1.200000
 -3.676740   0.820330   3.840620   0.000000   0.000000   1.000000   1.540000
 -2.107160  -0.295190   3.716730   1.000000   1.000000   1.000000   1.200000
 -3.751540   1.326430   2.977830   1.000000   1.000000   1.000000   1.200000
 -3.450680   1.473330   4.562360   1.000000   1.000000   1.000000   1.200000
 -4.553160   0.392250   4.051840   1.000000   1.000000   1.000000   1.200000
28 bonds follow (x1 y1 z1 x2 y2 z2)
 -3.676740   0.820330   3.840620  -4.553160   0.392250   4.051840
 -3.676740   0.820330   3.840620  -3.450680   1.473330   4.562360
 -3.676740   0.820330   3.840620  -3.751540   1.326430   2.977830
 -1.231970  -0.699300   3.523530  -2.107160  -0.295190   3.716730
  1.827580   2.191970   4.476520   1.249300   2.278370   5.286920
  1.827580   2.191970   4.476520   2.774960   2.366060   4.740490
  1.827580   2.191970   4.476520   1.540090   2.890200   3.813890
  1.211250  -0.154410   2.948660   1.610470   0.547550   3.508330
  2.272100   5.284180  -0.161460   1.477940   4.677190  -0.079700
  2.272100   5.284180  -0.161460   2.235700   5.742370  -1.050870
 -2.340370   6.227000   1.481710  -2.277340   7.073280   1.707470
  2.272100   5.284180  -0.161460   2.218140   5.979580   0.555320
 -3.630030   6.173420   0.890810  -3.659600   5.122930   0.504430
 -3.630030   6.173420   0.890810  -4.404350   6.324360   1.685140
 -3.630030   6.173420   0.890810  -3.758650   6.904220   0.062150
 -2.340370   6.227000   1.481710  -3.630030   6.173420   0.890810
 -1.147020   3.199880   2.163420  -0.810370   3.310790   0.835880
 -1.147020   3.199880   2.163420  -2.459120   2.991930   2.468410
 -1.147020   3.199880   2.163420  -0.314520   3.742860   3.121900
 -0.703370   1.437250   2.395160  -1.147020   3.199880   2.163420
 -0.275440  -0.005470   2.506030  -0.703370   1.437250   2.395160
 -0.275440  -0.005470   2.506030  -1.231970  -0.699300   3.523530
 -0.275440  -0.005470   2.506030   1.211250  -0.154410   2.948660
 -0.416610  -0.802970   1.140590  -0.275440  -0.005470   2.506030
  0.276470  -0.169590   0.077890  -0.416610  -0.802970   1.140590
  0.276470  -0.169590   0.077890  -0.032010  -0.682180  -0.866030
  0.276470  -0.169590   0.077890  -0.011700   0.916570   0.047790
  0.276470  -0.169590   0.077890   1.374310  -0.292850   0.255500
