33 atoms follow (x y z r g b radiusScale)
 -0.233920  -0.206420  -0.045760   0.000000   1.000000   0.000000   1.850000
  0.754070  -0.457070  -0.513170   1.000000   1.000000   1.000000   1.200000
 -0.387170   0.905940   0.026010   1.000000   1.000000   1.000000   1.200000
 -1.051370  -0.671670  -0.656670   1.000000   1.000000   1.000000   1.200000
 -0.283970  -0.804170   1.233110   1.000000   0.000000   0.000000   1.400000
 -0.211650   0.146130   2.502430   0.500000   0.500000   0.500000   1.900000
  1.298890   0.123260   2.967220   1.000000   0.000000   0.000000   1.400000
 -1.116530  -0.575900   3.566570   1.000000   0.000000   0.000000   1.400000
 -0.720630   1.512820   2.231480   1.000000   0.000000   0.000000   1.400000
 -1.128270   3.426670   1.931630   1.000000   1.000000   0.000000   1.850000
  0.112460   3.751110   2.539840   1.000000   0.000000   0.000000   1.400000
 -2.301250   3.224720   2.638750   1.000000   0.000000   0.000000   1.400000
 -0.935550   3.138170   0.553550   1.000000   0.000000   0.000000   1.400000
 -1.451330   5.163160   1.572100   1.000000   0.000000   0.000000   1.400000
 -2.675660   5.752040   1.850340   0.000000   1.000000   0.000000   1.850000
 -3.041580   5.447600   2.865500   1.000000   1.000000   1.000000   1.200000
 -3.435120   5.445650   1.082940   1.000000   1.000000   1.000000   1.200000
 -2.550520   6.866430   1.820980   1.000000   1.000000   1.000000   1.200000
  0.823000   5.169780   0.248420   0.000000   0.000000   1.000000   1.540000
  1.051390   5.046100   1.254910   1.000000   1.000000   1.000000   1.200000
  1.562280   5.627440  -0.264550   1.000000   1.000000   1.000000   1.200000
 -0.065780   5.700300   0.224730   1.000000   1.000000   1.000000   1.200000
  0.600960   4.223260  -0.120550   1.000000   1.000000   1.000000   1.200000
  0.960410   2.509700   4.875490   0.000000   0.000000   1.000000   1.540000
  1.567950   0.775980   3.622800   1.000000   1.000000   1.000000   1.200000
  1.387700   3.092500   4.178900   1.000000   1.000000   1.000000   1.200000
  1.262480   2.814920   5.777010   1.000000   1.000000   1.000000   1.200000
 -0.028740   2.654700   4.810830   1.000000   1.000000   1.000000   1.200000
 -3.651300   0.893660   3.397410   0.000000   0.000000   1.000000   1.540000
 -2.045770  -0.296900   3.641270   1.000000   1.000000   1.000000   1.200000
 -3.467270   1.182830   2.454840   1.000000   1.000000   1.000000   1.200000
 -3.458230   1.685800   3.981210   1.000000   1.000000   1.000000   1.200000
 -4.621200   0.667480   3.471780   1.000000   1.000000   1.000000   1.200000
28 bonds follow (x1 y1 z1 x2 y2 z2)
 -3.651300   0.893660   3.397410  -4.621200   0.667480   3.471780
 -3.651300   0.893660   3.397410  -3.458230   1.685800   3.981210
 -3.651300   0.893660   3.397410  -3.467270   1.182830   2.454840
 -1.116530  -0.575900   3.566570  -2.045770  -0.296900   3.641270
  0.960410   2.509700   4.875490  -0.028740   2.654700   4.810830
  0.960410   2.509700   4.875490   1.262480   2.814920   5.777010
  0.960410   2.509700   4.875490   1.387700   3.092500   4.178900
  1.298890   0.123260   2.967220   1.567950   0.775980   3.622800
  0.823000   5.169780   0.248420   0.600960   4.223260  -0.120550
  0.823000   5.169780   0.248420  -0.065780   5.700300   0.224730
  0.823000   5.169780   0.248420   1.562280   5.627440  -0.264550
  0.823000   5.169780   0.248420   1.051390   5.046100   1.254910
 -2.675660   5.752040   1.850340  -2.550520   6.866430   1.820980
 -2.675660   5.752040   1.850340  -3.435120   5.445650   1.082940
 -2.675660   5.752040   1.850340  -3.041580   5.447600   2.865500
 -1.451330   5.163160   1.572100  -2.675660   5.752040   1.850340
 -1.128270   3.426670   1.931630  -1.451330   5.163160   1.572100
 -1.128270   3.426670   1.931630  -0.935550   3.138170   0.553550
 -1.128270   3.426670   1.931630  -2.301250   3.224720   2.638750
 -1.128270   3.426670   1.931630   0.112460   3.751110   2.539840
 -0.211650   0.146130   2.502430  -0.720630   1.512820   2.231480
 -0.211650   0.146130   2.502430  -1.116530  -0.575900   3.566570
 -0.211650   0.146130   2.502430   1.298890   0.123260   2.967220
 -0.283970  -0.804170   1.233110  -0.211650   0.146130   2.502430
 -0.233920  -0.206420  -0.045760  -0.283970  -0.804170   1.233110
 -0.233920  -0.206420  -0.045760  -1.051370  -0.671670  -0.656670
 -0.233920  -0.206420  -0.045760  -0.387170   0.905940   0.026010
 -0.233920  -0.206420  -0.045760   0.754070  -0.457070  -0.513170
