33 atoms follow (x y z r g b radiusScale)
  0.000230  -0.000040  -0.000250   0.000000   1.000000   0.000000   1.850000
  1.119160  -0.000290   0.000010   1.000000   1.000000   1.000000   1.200000
 -0.404750   1.049070  -0.000880   1.000000   1.000000   1.000000   1.200000
 -0.386570  -0.578840  -0.875980   1.000000   1.000000   1.000000   1.200000
 -0.446000  -0.679890   1.156350   1.000000   0.000000   0.000000   1.400000
 -0.328070   0.128270   2.516210   0.500000   0.500000   0.500000   1.900000
  1.153060  -0.065490   2.993950   1.000000   0.000000   0.000000   1.400000
 -1.241200  -0.622700   3.539720   1.000000   0.000000   0.000000   1.400000
 -0.681040   1.569910   2.367140   1.000000   0.000000   0.000000   1.400000
 -1.144290   3.386090   1.977740   1.000000   1.000000   0.000000   1.850000
 -0.036310   3.842310   2.705360   1.000000   0.000000   0.000000   1.400000
 -2.396280   3.166610   2.526550   1.000000   0.000000   0.000000   1.400000
 -0.865200   3.159820   0.619320   1.000000   0.000000   0.000000   1.400000
 -1.510410   5.182440   1.555090   1.000000   0.000000   0.000000   1.400000
 -2.704520   5.618490   0.970120   0.000000   1.000000   0.000000   1.850000
 -2.738430   5.314290  -0.107190   1.000000   1.000000   1.000000   1.200000
 -2.756840   6.733440   1.051850   1.000000   1.000000   1.000000   1.200000
 -3.556550   5.151040   1.527450   1.000000   1.000000   1.000000   1.200000
  0.746120   5.420340   0.515230   0.000000   0.000000   1.000000   1.540000
  1.284050   5.163000   1.328980   1.000000   1.000000   1.000000   1.200000
 -0.509970   5.504850   0.978420   1.000000   1.000000   1.000000   1.200000
  0.722780   4.645450  -0.130280   1.000000   1.000000   1.000000   1.200000
  1.107910   6.244900   0.084990   1.000000   1.000000   1.000000   1.200000
  1.620710   2.231940   4.685500   0.000000   0.000000   1.000000   1.540000
  1.515420   0.572430   3.634630   1.000000   1.000000   1.000000   1.200000
  1.175560   2.896200   4.077600   1.000000   1.000000   1.000000   1.200000
  2.570130   2.503640   4.828560   1.000000   1.000000   1.000000   1.200000
  1.152300   2.230990   5.566870   1.000000   1.000000   1.000000   1.200000
 -3.597410   0.959470   3.766990   0.000000   0.000000   1.000000   1.540000
 -2.135880  -0.269710   3.722930   1.000000   1.000000   1.000000   1.200000
 -3.833980   1.195290   2.822880   1.000000   1.000000   1.000000   1.200000
 -3.169370   1.771190   4.172200   1.000000   1.000000   1.000000   1.200000
 -4.433760   0.746610   4.268070   1.000000   1.000000   1.000000   1.200000
29 bonds follow (x1 y1 z1 x2 y2 z2)
 -3.597410   0.959470   3.766990  -4.433760   0.746610   4.268070
 -3.597410   0.959470   3.766990  -3.169370   1.771190   4.172200
 -3.597410   0.959470   3.766990  -3.833980   1.195290   2.822880
 -1.241200  -0.622700   3.539720  -2.135880  -0.269710   3.722930
  1.620710   2.231940   4.685500   1.152300   2.230990   5.566870
  1.620710   2.231940   4.685500   2.570130   2.503640   4.828560
  1.620710   2.231940   4.685500   1.175560   2.896200   4.077600
  1.153060  -0.065490   2.993950   1.515420   0.572430   3.634630
  0.746120   5.420340   0.515230   1.107910   6.244900   0.084990
  0.746120   5.420340   0.515230   0.722780   4.645450  -0.130280
 -1.510410   5.182440   1.555090  -0.509970   5.504850   0.978420
  0.746120   5.420340   0.515230   1.284050   5.163000   1.328980
 -2.704520   5.618490   0.970120  -3.556550   5.151040   1.527450
 -2.704520   5.618490   0.970120  -2.756840   6.733440   1.051850
 -2.704520   5.618490   0.970120  -2.738430   5.314290  -0.107190
 -1.510410   5.182440   1.555090  -2.704520   5.618490   0.970120
 -1.144290   3.386090   1.977740  -1.510410   5.182440   1.555090
 -1.144290   3.386090   1.977740  -0.865200   3.159820   0.619320
 -1.144290   3.386090   1.977740  -2.396280   3.166610   2.526550
 -1.144290   3.386090   1.977740  -0.036310   3.842310   2.705360
 -0.681040   1.569910   2.367140  -1.144290   3.386090   1.977740
 -0.328070   0.128270   2.516210  -0.681040   1.569910   2.367140
 -0.328070   0.128270   2.516210  -1.241200  -0.622700   3.539720
 -0.328070   0.128270   2.516210   1.153060  -0.065490   2.993950
 -0.446000  -0.679890   1.156350  -0.328070   0.128270   2.516210
  0.000230  -0.000040  -0.000250  -0.446000  -0.679890   1.156350
  0.000230  -0.000040  -0.000250  -0.386570  -0.578840  -0.875980
  0.000230  -0.000040  -0.000250  -0.404750   1.049070  -0.000880
  0.000230  -0.000040  -0.000250   1.119160  -0.000290   0.000010
