33 atoms follow (x y z r g b radiusScale)
  0.269530  -0.169960   0.075090   0.000000   1.000000   0.000000   1.850000
  1.368650  -0.289330   0.248940   1.000000   1.000000   1.000000   1.200000
 -0.024130   0.913910   0.046550   1.000000   1.000000   1.000000   1.200000
 -0.041050  -0.684560  -0.867710   1.000000   1.000000   1.000000   1.200000
 -0.416800  -0.808230   1.139910   1.000000   0.000000   0.000000   1.400000
 -0.279030  -0.008600   2.504080   0.500000   0.500000   0.500000   1.900000
  1.211010  -0.151580   2.949550   1.000000   0.000000   0.000000   1.400000
 -1.234670  -0.693340   3.526100   1.000000   0.000000   0.000000   1.400000
 -0.696840   1.437600   2.389520   1.000000   0.000000   0.000000   1.400000
 -1.145910   3.204230   2.160770   1.000000   1.000000   0.000000   1.850000
 -0.304450   3.743370   3.115380   1.000000   0.000000   0.000000   1.400000
 -2.453930   2.981630   2.476990   1.000000   0.000000   0.000000   1.400000
 -0.820070   3.303680   0.828180   1.000000   0.000000   0.000000   1.400000
 -2.334480   6.204610   1.485580   1.000000   0.000000   0.000000   1.400000
 -3.620300   6.162790   0.886090   0.000000   1.000000   0.000000   1.850000
 -3.727570   6.879350   0.035990   1.000000   1.000000   1.000000   1.200000
 -4.392420   6.354940   1.664160   1.000000   1.000000   1.000000   1.200000
 -3.678020   5.107880   0.498240   1.000000   1.000000   1.000000   1.200000
  2.258030   5.299640  -0.154800   0.000000   0.000000   1.000000   1.540000
  2.231950   6.002470   0.554200   1.000000   1.000000   1.000000   1.200000
 -2.179900   7.254860   1.756310   1.000000   1.000000   1.000000   1.200000
  2.221090   5.762630  -1.037880   1.000000   1.000000   1.000000   1.200000
  1.444900   4.726370  -0.068890   1.000000   1.000000   1.000000   1.200000
  1.826290   2.195890   4.488280   0.000000   0.000000   1.000000   1.540000
  1.613670   0.542360   3.514680   1.000000   1.000000   1.000000   1.200000
  1.544760   2.900230   3.830140   1.000000   1.000000   1.000000   1.200000
  2.775290   2.357870   4.753630   1.000000   1.000000   1.000000   1.200000
  1.248600   2.280400   5.299140   1.000000   1.000000   1.000000   1.200000
 -3.678910   0.827150   3.839780   0.000000   0.000000   1.000000   1.540000
 -2.107760  -0.278030   3.705710   1.000000   1.000000   1.000000   1.200000
 -3.775740   1.341900   2.984500   1.000000   1.000000   1.000000   1.200000
 -3.453220   1.476530   4.565440   1.000000   1.000000   1.000000   1.200000
 -4.544550   0.382130   4.059610   1.000000   1.000000   1.000000   1.200000
28 bonds follow (x1 y1 z1 x2 y2 z2)
 -3.678910   0.827150   3.839780  -4.544550   0.382130   4.059610
 -3.678910   0.827150   3.839780  -3.453220   1.476530   4.565440
 -3.678910   0.827150   3.839780  -3.775740   1.341900   2.984500
 -1.234670  -0.693340   3.526100  -2.107760  -0.278030   3.705710
  1.826290   2.195890   4.488280   1.248600   2.280400   5.299140
  1.826290   2.195890   4.488280   2.775290   2.357870   4.753630
  1.826290   2.195890   4.488280   1.544760   2.900230   3.830140
  1.211010  -0.151580   2.949550   1.613670   0.542360   3.514680
  2.258030   5.299640  -0.154800   1.444900   4.726370  -0.068890
  2.258030   5.299640  -0.154800   2.221090   5.762630  -1.037880
 -2.334480   6.204610   1.485580  -2.179900   7.254860   1.756310
  2.258030   5.299640  -0.154800   2.231950   6.002470   0.554200
 -3.620300   6.162790   0.886090  -3.678020   5.107880   0.498240
 -3.620300   6.162790   0.886090  -4.392420   6.354940   1.664160
 -3.620300   6.162790   0.886090  -3.727570   6.879350   0.035990
 -2.334480   6.204610   1.485580  -3.620300   6.162790   0.886090
 -1.145910   3.204230   2.160770  -0.820070   3.303680   0.828180
 -1.145910   3.204230   2.160770  -2.453930   2.981630   2.476990
 -1.145910   3.204230   2.160770  -0.304450   3.743370   3.115380
 -0.696840   1.437600   2.389520  -1.145910   3.204230   2.160770
 -0.279030  -0.008600   2.504080  -0.696840   1.437600   2.389520
 -0.279030  -0.008600   2.504080  -1.234670  -0.693340   3.526100
 -0.279030  -0.008600   2.504080   1.211010  -0.151580   2.949550
 -0.416800  -0.808230   1.139910  -0.279030  -0.008600   2.504080
  0.269530  -0.169960   0.075090  -0.416800  -0.808230   1.139910
  0.269530  -0.169960   0.075090  -0.041050  -0.684560  -0.867710
  0.269530  -0.169960   0.075090  -0.024130   0.913910   0.046550
  0.269530  -0.169960   0.075090   1.368650  -0.289330   0.248940
