33 atoms follow (x y z r g b radiusScale)
  0.018010  -0.020670   0.011260   0.000000   1.000000   0.000000   1.850000
  1.136320  -0.010350   0.036970   1.000000   1.000000   1.000000   1.200000
 -0.397510   1.022790   0.023450   1.000000   1.000000   1.000000   1.200000
 -0.349530  -0.588410  -0.879820   1.000000   1.000000   1.000000   1.200000
 -0.444560  -0.727670   1.150390   1.000000   0.000000   0.000000   1.400000
 -0.300540   0.032230   2.529210   0.500000   0.500000   0.500000   1.900000
  1.172000  -0.074820   3.025180   1.000000   0.000000   0.000000   1.400000
 -1.256600  -0.647070   3.554200   1.000000   0.000000   0.000000   1.400000
 -0.687050   1.482920   2.383210   1.000000   0.000000   0.000000   1.400000
 -1.127550   3.227800   2.032470   1.000000   1.000000   0.000000   1.850000
 -0.071890   3.775220   2.722340   1.000000   0.000000   0.000000   1.400000
 -2.400050   3.154800   2.544780   1.000000   0.000000   0.000000   1.400000
 -0.886300   3.138020   0.677500   1.000000   0.000000   0.000000   1.400000
 -1.864290   5.603090   1.660160   1.000000   0.000000   0.000000   1.400000
 -3.006310   5.777830   0.865990   0.000000   1.000000   0.000000   1.850000
 -2.782920   5.457600  -0.186690   1.000000   1.000000   1.000000   1.200000
 -3.310860   6.856470   0.868020   1.000000   1.000000   1.000000   1.200000
 -3.837040   5.163530   1.286820   1.000000   1.000000   1.000000   1.200000
  1.320440   5.657950   0.220620   0.000000   0.000000   1.000000   1.540000
  1.340450   5.405940   1.192300   1.000000   1.000000   1.000000   1.200000
 -1.109430   6.296940   1.487650   1.000000   1.000000   1.000000   1.200000
  0.533740   5.186130  -0.186250   1.000000   1.000000   1.000000   1.200000
  2.151110   5.298940  -0.202240   1.000000   1.000000   1.000000   1.200000
  1.648240   2.192800   4.673820   0.000000   0.000000   1.000000   1.540000
  1.526580   0.644380   3.595050   1.000000   1.000000   1.000000   1.200000
  1.289940   2.915900   4.075240   1.000000   1.000000   1.000000   1.200000
  2.613450   2.368590   4.858340   1.000000   1.000000   1.000000   1.200000
  1.148050   2.204570   5.537380   1.000000   1.000000   1.000000   1.200000
 -3.560260   0.983190   3.742950   0.000000   0.000000   1.000000   1.540000
 -2.127590  -0.228700   3.743350   1.000000   1.000000   1.000000   1.200000
 -3.843760   1.197230   2.807230   1.000000   1.000000   1.000000   1.200000
 -3.183320   1.822490   4.141910   1.000000   1.000000   1.000000   1.200000
 -4.358330   0.699390   4.270520   1.000000   1.000000   1.000000   1.200000
28 bonds follow (x1 y1 z1 x2 y2 z2)
 -3.560260   0.983190   3.742950  -4.358330   0.699390   4.270520
 -3.560260   0.983190   3.742950  -3.183320   1.822490   4.141910
 -3.560260   0.983190   3.742950  -3.843760   1.197230   2.807230
 -1.256600  -0.647070   3.554200  -2.127590  -0.228700   3.743350
  1.648240   2.192800   4.673820   1.148050   2.204570   5.537380
  1.648240   2.192800   4.673820   2.613450   2.368590   4.858340
  1.648240   2.192800   4.673820   1.289940   2.915900   4.075240
  1.172000  -0.074820   3.025180   1.526580   0.644380   3.595050
  1.320440   5.657950   0.220620   2.151110   5.298940  -0.202240
  1.320440   5.657950   0.220620   0.533740   5.186130  -0.186250
 -1.864290   5.603090   1.660160  -1.109430   6.296940   1.487650
  1.320440   5.657950   0.220620   1.340450   5.405940   1.192300
 -3.006310   5.777830   0.865990  -3.837040   5.163530   1.286820
 -3.006310   5.777830   0.865990  -3.310860   6.856470   0.868020
 -3.006310   5.777830   0.865990  -2.782920   5.457600  -0.186690
 -1.864290   5.603090   1.660160  -3.006310   5.777830   0.865990
 -1.127550   3.227800   2.032470  -0.886300   3.138020   0.677500
 -1.127550   3.227800   2.032470  -2.400050   3.154800   2.544780
 -1.127550   3.227800   2.032470  -0.071890   3.775220   2.722340
 -0.687050   1.482920   2.383210  -1.127550   3.227800   2.032470
 -0.300540   0.032230   2.529210  -0.687050   1.482920   2.383210
 -0.300540   0.032230   2.529210  -1.256600  -0.647070   3.554200
 -0.300540   0.032230   2.529210   1.172000  -0.074820   3.025180
 -0.444560  -0.727670   1.150390  -0.300540   0.032230   2.529210
  0.018010  -0.020670   0.011260  -0.444560  -0.727670   1.150390
  0.018010  -0.020670   0.011260  -0.349530  -0.588410  -0.879820
  0.018010  -0.020670   0.011260  -0.397510   1.022790   0.023450
  0.018010  -0.020670   0.011260   1.136320  -0.010350   0.036970
