33 atoms follow (x y z r g b radiusScale)
 -0.063100  -0.027470  -0.012980   0.000000   1.000000   0.000000   1.850000
  1.024490  -0.221920  -0.198970   1.000000   1.000000   1.000000   1.200000
 -0.276830   1.073730   0.065610   1.000000   1.000000   1.000000   1.200000
 -0.667240  -0.487050  -0.836660   1.000000   1.000000   1.000000   1.200000
 -0.447950  -0.681230   1.177000   1.000000   0.000000   0.000000   1.400000
 -0.295640   0.127030   2.537470   0.500000   0.500000   0.500000   1.900000
  1.203220  -0.045010   2.992900   1.000000   0.000000   0.000000   1.400000
 -1.157470  -0.703300   3.554870   1.000000   0.000000   0.000000   1.400000
 -0.704990   1.545180   2.425500   1.000000   0.000000   0.000000   1.400000
 -1.181010   3.461960   1.891080   1.000000   1.000000   0.000000   1.850000
 -0.122410   3.908030   2.720590   1.000000   0.000000   0.000000   1.400000
 -2.459120   3.144070   2.313370   1.000000   0.000000   0.000000   1.400000
 -0.688480   3.164570   0.590280   1.000000   0.000000   0.000000   1.400000
 -1.550160   5.143450   1.424940   1.000000   0.000000   0.000000   1.400000
 -2.814280   5.698080   1.423370   0.000000   1.000000   0.000000   1.850000
 -3.361950   5.411600   0.486450   1.000000   1.000000   1.000000   1.200000
 -2.707640   6.814930   1.457130   1.000000   1.000000   1.000000   1.200000
 -3.406530   5.354180   2.310620   1.000000   1.000000   1.000000   1.200000
  0.868840   5.260770   0.488410   0.000000   0.000000   1.000000   1.540000
  0.622270   5.474730   1.480620   1.000000   1.000000   1.000000   1.200000
  1.511580   5.928960   0.100590   1.000000   1.000000   1.000000   1.200000
 -0.038110   5.229920  -0.024880   1.000000   1.000000   1.000000   1.200000
  1.239140   4.309260   0.470500   1.000000   1.000000   1.000000   1.200000
  1.527770   2.313860   4.700150   0.000000   0.000000   1.000000   1.540000
  1.522080   0.521510   3.710990   1.000000   1.000000   1.000000   1.200000
  0.986200   2.948110   4.140890   1.000000   1.000000   1.000000   1.200000
  2.430610   2.705570   4.862140   1.000000   1.000000   1.000000   1.200000
  1.074910   2.184410   5.580380   1.000000   1.000000   1.000000   1.200000
 -3.567150   0.934710   3.746340   0.000000   0.000000   1.000000   1.540000
 -2.078830  -0.431890   3.699990   1.000000   1.000000   1.000000   1.200000
 -3.794190   1.133410   2.790660   1.000000   1.000000   1.000000   1.200000
 -3.065350   1.731210   4.092890   1.000000   1.000000   1.000000   1.200000
 -4.415770   0.840610   4.263830   1.000000   1.000000   1.000000   1.200000
28 bonds follow (x1 y1 z1 x2 y2 z2)
 -3.567150   0.934710   3.746340  -4.415770   0.840610   4.263830
 -3.567150   0.934710   3.746340  -3.065350   1.731210   4.092890
 -3.567150   0.934710   3.746340  -3.794190   1.133410   2.790660
 -1.157470  -0.703300   3.554870  -2.078830  -0.431890   3.699990
  1.527770   2.313860   4.700150   1.074910   2.184410   5.580380
  1.527770   2.313860   4.700150   2.430610   2.705570   4.862140
  1.527770   2.313860   4.700150   0.986200   2.948110   4.140890
  1.203220  -0.045010   2.992900   1.522080   0.521510   3.710990
  0.868840   5.260770   0.488410   1.239140   4.309260   0.470500
  0.868840   5.260770   0.488410  -0.038110   5.229920  -0.024880
  0.868840   5.260770   0.488410   1.511580   5.928960   0.100590
  0.868840   5.260770   0.488410   0.622270   5.474730   1.480620
 -2.814280   5.698080   1.423370  -3.406530   5.354180   2.310620
 -2.814280   5.698080   1.423370  -2.707640   6.814930   1.457130
 -2.814280   5.698080   1.423370  -3.361950   5.411600   0.486450
 -1.550160   5.143450   1.424940  -2.814280   5.698080   1.423370
 -1.181010   3.461960   1.891080  -1.550160   5.143450   1.424940
 -1.181010   3.461960   1.891080  -0.688480   3.164570   0.590280
 -1.181010   3.461960   1.891080  -2.459120   3.144070   2.313370
 -1.181010   3.461960   1.891080  -0.122410   3.908030   2.720590
 -0.295640   0.127030   2.537470  -0.704990   1.545180   2.425500
 -0.295640   0.127030   2.537470  -1.157470  -0.703300   3.554870
 -0.295640   0.127030   2.537470   1.203220  -0.045010   2.992900
 -0.447950  -0.681230   1.177000  -0.295640   0.127030   2.537470
 -0.063100  -0.027470  -0.012980  -0.447950  -0.681230   1.177000
 -0.063100  -0.027470  -0.012980  -0.667240  -0.487050  -0.836660
 -0.063100  -0.027470  -0.012980  -0.276830   1.073730   0.065610
 -0.063100  -0.027470  -0.012980   1.024490  -0.221920  -0.198970
