33 atoms follow (x y z r g b radiusScale)
 -0.466430  -0.081030  -0.055420   0.000000   1.000000   0.000000   1.850000
  0.472540  -0.102600  -0.668530   1.000000   1.000000   1.000000   1.200000
 -0.819740   0.974240   0.096910   1.000000   1.000000   1.000000   1.200000
 -1.247640  -0.699040  -0.571070   1.000000   1.000000   1.000000   1.200000
 -0.198670  -0.703070   1.183280   1.000000   0.000000   0.000000   1.400000
 -0.208410   0.148380   2.526040   0.500000   0.500000   0.500000   1.900000
  1.260920  -0.055970   3.062360   1.000000   0.000000   0.000000   1.400000
 -1.046170  -0.638280   3.598670   1.000000   0.000000   0.000000   1.400000
 -0.586200   1.572480   2.380200   1.000000   0.000000   0.000000   1.400000
 -1.191310   3.454840   1.862900   1.000000   1.000000   0.000000   1.850000
 -0.044610   3.954680   2.526540   1.000000   0.000000   0.000000   1.400000
 -2.380380   3.110530   2.480390   1.000000   0.000000   0.000000   1.400000
 -0.905340   3.108970   0.519910   1.000000   0.000000   0.000000   1.400000
 -1.589710   5.119900   1.351740   1.000000   0.000000   0.000000   1.400000
 -2.550790   5.945270   1.898220   0.000000   1.000000   0.000000   1.850000
 -3.220930   5.382260   2.598430   1.000000   1.000000   1.000000   1.200000
 -3.167450   6.382910   1.068430   1.000000   1.000000   1.000000   1.200000
 -2.051940   6.782510   2.456950   1.000000   1.000000   1.000000   1.200000
  0.908490   5.096630   0.295870   0.000000   0.000000   1.000000   1.540000
  1.297870   4.440210   1.001770   1.000000   1.000000   1.000000   1.200000
  1.627390   5.593040  -0.210030   1.000000   1.000000   1.000000   1.200000
  0.286320   5.731860   0.825800   1.000000   1.000000   1.000000   1.200000
  0.292090   4.543030  -0.325140   1.000000   1.000000   1.000000   1.200000
  1.043190   2.469460   5.020030   0.000000   0.000000   1.000000   1.540000
  1.449390   0.262650   3.947110   1.000000   1.000000   1.000000   1.200000
  0.938630   2.932730   4.134850   1.000000   1.000000   1.000000   1.200000
  1.823050   2.869230   5.499260   1.000000   1.000000   1.000000   1.200000
  0.221670   2.643250   5.561670   1.000000   1.000000   1.000000   1.200000
 -3.526410   0.763340   3.392180   0.000000   0.000000   1.000000   1.540000
 -1.987600  -0.417530   3.707510   1.000000   1.000000   1.000000   1.200000
 -3.801110   0.910890   2.442210   1.000000   1.000000   1.000000   1.200000
 -3.178750   1.637690   3.743930   1.000000   1.000000   1.000000   1.200000
 -4.328930   0.497400   3.922810   1.000000   1.000000   1.000000   1.200000
28 bonds follow (x1 y1 z1 x2 y2 z2)
 -3.526410   0.763340   3.392180  -4.328930   0.497400   3.922810
 -3.526410   0.763340   3.392180  -3.178750   1.637690   3.743930
 -3.526410   0.763340   3.392180  -3.801110   0.910890   2.442210
 -1.046170  -0.638280   3.598670  -1.987600  -0.417530   3.707510
  1.043190   2.469460   5.020030   0.221670   2.643250   5.561670
  1.043190   2.469460   5.020030   1.823050   2.869230   5.499260
  1.043190   2.469460   5.020030   0.938630   2.932730   4.134850
  1.260920  -0.055970   3.062360   1.449390   0.262650   3.947110
  0.908490   5.096630   0.295870   0.292090   4.543030  -0.325140
  0.908490   5.096630   0.295870   0.286320   5.731860   0.825800
  0.908490   5.096630   0.295870   1.627390   5.593040  -0.210030
  0.908490   5.096630   0.295870   1.297870   4.440210   1.001770
 -2.550790   5.945270   1.898220  -2.051940   6.782510   2.456950
 -2.550790   5.945270   1.898220  -3.167450   6.382910   1.068430
 -2.550790   5.945270   1.898220  -3.220930   5.382260   2.598430
 -1.589710   5.119900   1.351740  -2.550790   5.945270   1.898220
 -1.191310   3.454840   1.862900  -1.589710   5.119900   1.351740
 -1.191310   3.454840   1.862900  -0.905340   3.108970   0.519910
 -1.191310   3.454840   1.862900  -2.380380   3.110530   2.480390
 -1.191310   3.454840   1.862900  -0.044610   3.954680   2.526540
 -0.208410   0.148380   2.526040  -0.586200   1.572480   2.380200
 -0.208410   0.148380   2.526040  -1.046170  -0.638280   3.598670
 -0.208410   0.148380   2.526040   1.260920  -0.055970   3.062360
 -0.198670  -0.703070   1.183280  -0.208410   0.148380   2.526040
 -0.466430  -0.081030  -0.055420  -0.198670  -0.703070   1.183280
 -0.466430  -0.081030  -0.055420  -1.247640  -0.699040  -0.571070
 -0.466430  -0.081030  -0.055420  -0.819740   0.974240   0.096910
 -0.466430  -0.081030  -0.055420   0.472540  -0.102600  -0.668530
