33 atoms follow (x y z r g b radiusScale)
 -0.568060  -0.167790  -0.049710   0.000000   1.000000   0.000000   1.850000
  0.167470  -0.508820  -0.824520   1.000000   1.000000   1.000000   1.200000
 -0.611880   0.952990  -0.000140   1.000000   1.000000   1.000000   1.200000
 -1.574110  -0.601960  -0.291520   1.000000   1.000000   1.000000   1.200000
 -0.132040  -0.702420   1.183420   1.000000   0.000000   0.000000   1.400000
 -0.192410   0.174100   2.504850   0.500000   0.500000   0.500000   1.900000
  1.254940   0.127690   3.097310   1.000000   0.000000   0.000000   1.400000
 -1.090880  -0.578250   3.545040   1.000000   0.000000   0.000000   1.400000
 -0.599300   1.587670   2.324310   1.000000   0.000000   0.000000   1.400000
 -1.155540   3.392830   1.838150   1.000000   1.000000   0.000000   1.850000
 -0.066170   3.895990   2.603630   1.000000   0.000000   0.000000   1.400000
 -2.377090   3.037710   2.380510   1.000000   0.000000   0.000000   1.400000
 -0.757230   3.079850   0.510290   1.000000   0.000000   0.000000   1.400000
 -1.597450   5.062320   1.315170   1.000000   0.000000   0.000000   1.400000
 -2.500390   5.911750   1.924040   0.000000   1.000000   0.000000   1.850000
 -3.494470   5.409420   2.055180   1.000000   1.000000   1.000000   1.200000
 -2.627690   6.819310   1.275170   1.000000   1.000000   1.000000   1.200000
 -2.119120   6.236190   2.929710   1.000000   1.000000   1.000000   1.200000
  0.839230   5.226190   0.376390   0.000000   0.000000   1.000000   1.540000
  0.671600   5.326270   1.409710   1.000000   1.000000   1.000000   1.200000
  1.576020   5.827370   0.047290   1.000000   1.000000   1.000000   1.200000
 -0.072760   5.431740  -0.074320   1.000000   1.000000   1.000000   1.200000
  1.038140   4.237410   0.204950   1.000000   1.000000   1.000000   1.200000
  1.143050   2.384910   4.971470   0.000000   0.000000   1.000000   1.540000
  1.496370   0.808980   3.744600   1.000000   1.000000   1.000000   1.200000
  0.891150   2.999870   4.217290   1.000000   1.000000   1.000000   1.200000
  1.913910   2.775950   5.469520   1.000000   1.000000   1.000000   1.200000
  0.367350   2.306230   5.594900   1.000000   1.000000   1.000000   1.200000
 -3.725560   0.807220   3.547500   0.000000   0.000000   1.000000   1.540000
 -2.005930  -0.304590   3.695380   1.000000   1.000000   1.000000   1.200000
 -3.922460   0.995460   2.583770   1.000000   1.000000   1.000000   1.200000
 -3.165080   1.572730   3.879480   1.000000   1.000000   1.000000   1.200000
 -4.588410   0.813140   4.051310   1.000000   1.000000   1.000000   1.200000
28 bonds follow (x1 y1 z1 x2 y2 z2)
 -3.725560   0.807220   3.547500  -4.588410   0.813140   4.051310
 -3.725560   0.807220   3.547500  -3.165080   1.572730   3.879480
 -3.725560   0.807220   3.547500  -3.922460   0.995460   2.583770
 -1.090880  -0.578250   3.545040  -2.005930  -0.304590   3.695380
  1.143050   2.384910   4.971470   0.367350   2.306230   5.594900
  1.143050   2.384910   4.971470   1.913910   2.775950   5.469520
  1.143050   2.384910   4.971470   0.891150   2.999870   4.217290
  1.254940   0.127690   3.097310   1.496370   0.808980   3.744600
  0.839230   5.226190   0.376390   1.038140   4.237410   0.204950
  0.839230   5.226190   0.376390  -0.072760   5.431740  -0.074320
  0.839230   5.226190   0.376390   1.576020   5.827370   0.047290
  0.839230   5.226190   0.376390   0.671600   5.326270   1.409710
 -2.500390   5.911750   1.924040  -2.119120   6.236190   2.929710
 -2.500390   5.911750   1.924040  -2.627690   6.819310   1.275170
 -2.500390   5.911750   1.924040  -3.494470   5.409420   2.055180
 -1.597450   5.062320   1.315170  -2.500390   5.911750   1.924040
 -1.155540   3.392830   1.838150  -1.597450   5.062320   1.315170
 -1.155540   3.392830   1.838150  -0.757230   3.079850   0.510290
 -1.155540   3.392830   1.838150  -2.377090   3.037710   2.380510
 -1.155540   3.392830   1.838150  -0.066170   3.895990   2.603630
 -0.192410   0.174100   2.504850  -0.599300   1.587670   2.324310
 -0.192410   0.174100   2.504850  -1.090880  -0.578250   3.545040
 -0.192410   0.174100   2.504850   1.254940   0.127690   3.097310
 -0.132040  -0.702420   1.183420  -0.192410   0.174100   2.504850
 -0.568060  -0.167790  -0.049710  -0.132040  -0.702420   1.183420
 -0.568060  -0.167790  -0.049710  -1.574110  -0.601960  -0.291520
 -0.568060  -0.167790  -0.049710  -0.611880   0.952990  -0.000140
 -0.568060  -0.167790  -0.049710   0.167470  -0.508820  -0.824520
