33 atoms follow (x y z r g b radiusScale)
 -0.499730  -0.093360  -0.033970   0.000000   1.000000   0.000000   1.850000
  0.415530  -0.137390  -0.681300   1.000000   1.000000   1.000000   1.200000
 -0.828120   0.969570   0.120110   1.000000   1.000000   1.000000   1.200000
 -1.310680  -0.701070  -0.515340   1.000000   1.000000   1.000000   1.200000
 -0.193500  -0.712100   1.195950   1.000000   0.000000   0.000000   1.400000
 -0.180560   0.154180   2.524590   0.500000   0.500000   0.500000   1.900000
  1.291080  -0.053310   3.070080   1.000000   0.000000   0.000000   1.400000
 -1.094310  -0.602060   3.548370   1.000000   0.000000   0.000000   1.400000
 -0.586780   1.569650   2.359730   1.000000   0.000000   0.000000   1.400000
 -1.190460   3.477110   1.861680   1.000000   1.000000   0.000000   1.850000
 -0.049260   3.934050   2.568410   1.000000   0.000000   0.000000   1.400000
 -2.395620   3.132830   2.449870   1.000000   0.000000   0.000000   1.400000
 -0.843930   3.088140   0.541890   1.000000   0.000000   0.000000   1.400000
 -1.617460   5.116340   1.308170   1.000000   0.000000   0.000000   1.400000
 -2.550010   5.936770   1.920440   0.000000   1.000000   0.000000   1.850000
 -3.280050   5.337140   2.523590   1.000000   1.000000   1.000000   1.200000
 -3.102640   6.504170   1.126260   1.000000   1.000000   1.000000   1.200000
 -2.024530   6.667550   2.591920   1.000000   1.000000   1.000000   1.200000
  0.886880   5.089390   0.305270   0.000000   0.000000   1.000000   1.540000
  1.183200   4.634990   1.200260   1.000000   1.000000   1.000000   1.200000
  1.660780   5.520230  -0.173450   1.000000   1.000000   1.000000   1.200000
  0.159380   5.775860   0.557740   1.000000   1.000000   1.000000   1.200000
  0.428120   4.360900  -0.270850   1.000000   1.000000   1.000000   1.200000
  1.047920   2.440810   5.003970   0.000000   0.000000   1.000000   1.540000
  1.532980   0.461700   3.843190   1.000000   1.000000   1.000000   1.200000
  0.919250   2.931740   4.137330   1.000000   1.000000   1.000000   1.200000
  1.863470   2.797370   5.456520   1.000000   1.000000   1.000000   1.200000
  0.258870   2.624120   5.588290   1.000000   1.000000   1.000000   1.200000
 -3.544610   0.739320   3.432060   0.000000   0.000000   1.000000   1.540000
 -2.016970  -0.304100   3.674290   1.000000   1.000000   1.000000   1.200000
 -3.753760   0.828980   2.458030   1.000000   1.000000   1.000000   1.200000
 -3.115810   1.599900   3.726380   1.000000   1.000000   1.000000   1.200000
 -4.399240   0.621460   3.933330   1.000000   1.000000   1.000000   1.200000
28 bonds follow (x1 y1 z1 x2 y2 z2)
 -3.544610   0.739320   3.432060  -4.399240   0.621460   3.933330
 -3.544610   0.739320   3.432060  -3.115810   1.599900   3.726380
 -3.544610   0.739320   3.432060  -3.753760   0.828980   2.458030
 -1.094310  -0.602060   3.548370  -2.016970  -0.304100   3.674290
  1.047920   2.440810   5.003970   0.258870   2.624120   5.588290
  1.047920   2.440810   5.003970   1.863470   2.797370   5.456520
  1.047920   2.440810   5.003970   0.919250   2.931740   4.137330
  1.291080  -0.053310   3.070080   1.532980   0.461700   3.843190
  0.886880   5.089390   0.305270   0.428120   4.360900  -0.270850
  0.886880   5.089390   0.305270   0.159380   5.775860   0.557740
  0.886880   5.089390   0.305270   1.660780   5.520230  -0.173450
  0.886880   5.089390   0.305270   1.183200   4.634990   1.200260
 -2.550010   5.936770   1.920440  -2.024530   6.667550   2.591920
 -2.550010   5.936770   1.920440  -3.102640   6.504170   1.126260
 -2.550010   5.936770   1.920440  -3.280050   5.337140   2.523590
 -1.617460   5.116340   1.308170  -2.550010   5.936770   1.920440
 -1.190460   3.477110   1.861680  -1.617460   5.116340   1.308170
 -1.190460   3.477110   1.861680  -0.843930   3.088140   0.541890
 -1.190460   3.477110   1.861680  -2.395620   3.132830   2.449870
 -1.190460   3.477110   1.861680  -0.049260   3.934050   2.568410
 -0.180560   0.154180   2.524590  -0.586780   1.569650   2.359730
 -0.180560   0.154180   2.524590  -1.094310  -0.602060   3.548370
 -0.180560   0.154180   2.524590   1.291080  -0.053310   3.070080
 -0.193500  -0.712100   1.195950  -0.180560   0.154180   2.524590
 -0.499730  -0.093360  -0.033970  -0.193500  -0.712100   1.195950
 -0.499730  -0.093360  -0.033970  -1.310680  -0.701070  -0.515340
 -0.499730  -0.093360  -0.033970  -0.828120   0.969570   0.120110
 -0.499730  -0.093360  -0.033970   0.415530  -0.137390  -0.681300
