33 atoms follow (x y z r g b radiusScale)
  0.384030  -0.114510   0.112700   0.000000   1.000000   0.000000   1.850000
  1.448170  -0.219660   0.445920   1.000000   1.000000   1.000000   1.200000
  0.098990   0.964960  -0.005090   1.000000   1.000000   1.000000   1.200000
  0.208380  -0.681980  -0.834200   1.000000   1.000000   1.000000   1.200000
 -0.448670  -0.695250   1.102870   1.000000   0.000000   0.000000   1.400000
 -0.307310   0.009840   2.512090   0.500000   0.500000   0.500000   1.900000
  1.171760  -0.135080   2.996700   1.000000   0.000000   0.000000   1.400000
 -1.178260  -0.782320   3.515450   1.000000   0.000000   0.000000   1.400000
 -0.759470   1.451380   2.460180   1.000000   0.000000   0.000000   1.400000
 -1.150120   3.191470   2.207980   1.000000   1.000000   0.000000   1.850000
 -0.466550   3.699970   3.286760   1.000000   0.000000   0.000000   1.400000
 -2.524670   3.093410   2.293990   1.000000   0.000000   0.000000   1.400000
 -0.594540   3.300350   0.956750   1.000000   0.000000   0.000000   1.400000
 -2.487900   6.501450   1.401020   1.000000   0.000000   0.000000   1.400000
 -3.820050   6.236210   0.992000   0.000000   1.000000   0.000000   1.850000
 -4.250820   7.168170   0.531760   1.000000   1.000000   1.000000   1.200000
 -4.466250   5.884910   1.832030   1.000000   1.000000   1.000000   1.200000
 -3.717330   5.441810   0.204610   1.000000   1.000000   1.000000   1.200000
  2.425110   4.930490  -0.246300   0.000000   0.000000   1.000000   1.540000
  2.018620   5.482050   0.479360   1.000000   1.000000   1.000000   1.200000
 -2.559560   7.119510   2.074270   1.000000   1.000000   1.000000   1.200000
  2.069960   5.271740  -1.114450   1.000000   1.000000   1.000000   1.200000
  2.110260   3.985730  -0.136750   1.000000   1.000000   1.000000   1.200000
  1.868380   2.229520   4.292690   0.000000   0.000000   1.000000   1.540000
  1.567950   0.545330   3.587710   1.000000   1.000000   1.000000   1.200000
  1.550920   2.953290   3.675300   1.000000   1.000000   1.000000   1.200000
  2.829270   2.383770   4.516330   1.000000   1.000000   1.000000   1.200000
  1.327780   2.280780   5.132270   1.000000   1.000000   1.000000   1.200000
 -3.497470   0.714610   3.762740   0.000000   0.000000   1.000000   1.540000
 -2.089840  -0.449060   3.698660   1.000000   1.000000   1.000000   1.200000
 -3.620460   1.280130   2.942360   1.000000   1.000000   1.000000   1.200000
 -3.297310   1.321390   4.531590   1.000000   1.000000   1.000000   1.200000
 -4.339840   0.214380   3.956060   1.000000   1.000000   1.000000   1.200000
28 bonds follow (x1 y1 z1 x2 y2 z2)
 -3.497470   0.714610   3.762740  -4.339840   0.214380   3.956060
 -3.497470   0.714610   3.762740  -3.297310   1.321390   4.531590
 -3.497470   0.714610   3.762740  -3.620460   1.280130   2.942360
 -1.178260  -0.782320   3.515450  -2.089840  -0.449060   3.698660
  1.868380   2.229520   4.292690   1.327780   2.280780   5.132270
  1.868380   2.229520   4.292690   2.829270   2.383770   4.516330
  1.868380   2.229520   4.292690   1.550920   2.953290   3.675300
  1.171760  -0.135080   2.996700   1.567950   0.545330   3.587710
  2.425110   4.930490  -0.246300   2.110260   3.985730  -0.136750
  2.425110   4.930490  -0.246300   2.069960   5.271740  -1.114450
 -2.487900   6.501450   1.401020  -2.559560   7.119510   2.074270
  2.425110   4.930490  -0.246300   2.018620   5.482050   0.479360
 -3.820050   6.236210   0.992000  -3.717330   5.441810   0.204610
 -3.820050   6.236210   0.992000  -4.466250   5.884910   1.832030
 -3.820050   6.236210   0.992000  -4.250820   7.168170   0.531760
 -2.487900   6.501450   1.401020  -3.820050   6.236210   0.992000
 -1.150120   3.191470   2.207980  -0.594540   3.300350   0.956750
 -1.150120   3.191470   2.207980  -2.524670   3.093410   2.293990
 -1.150120   3.191470   2.207980  -0.466550   3.699970   3.286760
 -0.759470   1.451380   2.460180  -1.150120   3.191470   2.207980
 -0.307310   0.009840   2.512090  -0.759470   1.451380   2.460180
 -0.307310   0.009840   2.512090  -1.178260  -0.782320   3.515450
 -0.307310   0.009840   2.512090   1.171760  -0.135080   2.996700
 -0.448670  -0.695250   1.102870  -0.307310   0.009840   2.512090
  0.384030  -0.114510   0.112700  -0.448670  -0.695250   1.102870
  0.384030  -0.114510   0.112700   0.208380  -0.681980  -0.834200
  0.384030  -0.114510   0.112700   0.098990   0.964960  -0.005090
  0.384030  -0.114510   0.112700   1.448170  -0.219660   0.445920
