33 atoms follow (x y z r g b radiusScale)
 -0.100170  -0.094790  -0.023130   0.000000   1.000000   0.000000   1.850000
  0.924220  -0.398170  -0.364500   1.000000   1.000000   1.000000   1.200000
 -0.187170   1.020910   0.082000   1.000000   1.000000   1.000000   1.200000
 -0.855270  -0.474430  -0.760400   1.000000   1.000000   1.000000   1.200000
 -0.373770  -0.732260   1.206370   1.000000   0.000000   0.000000   1.400000
 -0.308990   0.143100   2.530840   0.500000   0.500000   0.500000   1.900000
  1.182100  -0.013870   3.009060   1.000000   0.000000   0.000000   1.400000
 -1.152210  -0.652000   3.589430   1.000000   0.000000   0.000000   1.400000
 -0.676930   1.568690   2.352450   1.000000   0.000000   0.000000   1.400000
 -1.194480   3.438990   1.857660   1.000000   1.000000   0.000000   1.850000
 -0.142250   3.913340   2.685560   1.000000   0.000000   0.000000   1.400000
 -2.459850   3.072850   2.281270   1.000000   0.000000   0.000000   1.400000
 -0.735550   3.140090   0.549410   1.000000   0.000000   0.000000   1.400000
 -1.590380   5.126490   1.421360   1.000000   0.000000   0.000000   1.400000
 -2.810260   5.756300   1.570770   0.000000   1.000000   0.000000   1.850000
 -3.497370   5.481990   0.726820   1.000000   1.000000   1.000000   1.200000
 -2.636390   6.865640   1.553400   1.000000   1.000000   1.000000   1.200000
 -3.294600   5.471330   2.541070   1.000000   1.000000   1.000000   1.200000
  0.948200   5.281400   0.525580   0.000000   0.000000   1.000000   1.540000
  0.975600   5.239660   1.559620   1.000000   1.000000   1.000000   1.200000
  1.717240   5.800720   0.132400   1.000000   1.000000   1.000000   1.200000
  0.032020   5.702080   0.292850   1.000000   1.000000   1.000000   1.200000
  0.905510   4.298450   0.192080   1.000000   1.000000   1.000000   1.200000
  1.502550   2.326980   4.750580   0.000000   0.000000   1.000000   1.540000
  1.479990   0.579440   3.714580   1.000000   1.000000   1.000000   1.200000
  1.004230   2.946540   4.135870   1.000000   1.000000   1.000000   1.200000
  2.444460   2.642010   4.844520   1.000000   1.000000   1.000000   1.200000
  1.070410   2.340260   5.650000   1.000000   1.000000   1.000000   1.200000
 -3.522960   0.958620   3.703450   0.000000   0.000000   1.000000   1.540000
 -2.041410  -0.318930   3.810880   1.000000   1.000000   1.000000   1.200000
 -3.780090   1.109620   2.746930   1.000000   1.000000   1.000000   1.200000
 -3.106340   1.811410   4.028870   1.000000   1.000000   1.000000   1.200000
 -4.347950   0.777360   4.235060   1.000000   1.000000   1.000000   1.200000
28 bonds follow (x1 y1 z1 x2 y2 z2)
 -3.522960   0.958620   3.703450  -4.347950   0.777360   4.235060
 -3.522960   0.958620   3.703450  -3.106340   1.811410   4.028870
 -3.522960   0.958620   3.703450  -3.780090   1.109620   2.746930
 -1.152210  -0.652000   3.589430  -2.041410  -0.318930   3.810880
  1.502550   2.326980   4.750580   1.070410   2.340260   5.650000
  1.502550   2.326980   4.750580   2.444460   2.642010   4.844520
  1.502550   2.326980   4.750580   1.004230   2.946540   4.135870
  1.182100  -0.013870   3.009060   1.479990   0.579440   3.714580
  0.948200   5.281400   0.525580   0.905510   4.298450   0.192080
  0.948200   5.281400   0.525580   0.032020   5.702080   0.292850
  0.948200   5.281400   0.525580   1.717240   5.800720   0.132400
  0.948200   5.281400   0.525580   0.975600   5.239660   1.559620
 -2.810260   5.756300   1.570770  -3.294600   5.471330   2.541070
 -2.810260   5.756300   1.570770  -2.636390   6.865640   1.553400
 -2.810260   5.756300   1.570770  -3.497370   5.481990   0.726820
 -1.590380   5.126490   1.421360  -2.810260   5.756300   1.570770
 -1.194480   3.438990   1.857660  -1.590380   5.126490   1.421360
 -1.194480   3.438990   1.857660  -0.735550   3.140090   0.549410
 -1.194480   3.438990   1.857660  -2.459850   3.072850   2.281270
 -1.194480   3.438990   1.857660  -0.142250   3.913340   2.685560
 -0.308990   0.143100   2.530840  -0.676930   1.568690   2.352450
 -0.308990   0.143100   2.530840  -1.152210  -0.652000   3.589430
 -0.308990   0.143100   2.530840   1.182100  -0.013870   3.009060
 -0.373770  -0.732260   1.206370  -0.308990   0.143100   2.530840
 -0.100170  -0.094790  -0.023130  -0.373770  -0.732260   1.206370
 -0.100170  -0.094790  -0.023130  -0.855270  -0.474430  -0.760400
 -0.100170  -0.094790  -0.023130  -0.187170   1.020910   0.082000
 -0.100170  -0.094790  -0.023130   0.924220  -0.398170  -0.364500
