33 atoms follow (x y z r g b radiusScale)
 -0.552440  -0.144580  -0.031090   0.000000   1.000000   0.000000   1.850000
  0.246550  -0.386830  -0.778990   1.000000   1.000000   1.000000   1.200000
 -0.683360   0.968450   0.068100   1.000000   1.000000   1.000000   1.200000
 -1.508310  -0.633870  -0.355250   1.000000   1.000000   1.000000   1.200000
 -0.161440  -0.715310   1.200360   1.000000   0.000000   0.000000   1.400000
 -0.169180   0.180400   2.515760   0.500000   0.500000   0.500000   1.900000
  1.287800   0.056900   3.082360   1.000000   0.000000   0.000000   1.400000
 -1.080110  -0.613540   3.514030   1.000000   0.000000   0.000000   1.400000
 -0.592700   1.586260   2.315950   1.000000   0.000000   0.000000   1.400000
 -1.185660   3.421230   1.859640   1.000000   1.000000   0.000000   1.850000
 -0.088160   3.941390   2.611330   1.000000   0.000000   0.000000   1.400000
 -2.407540   3.079980   2.426950   1.000000   0.000000   0.000000   1.400000
 -0.787040   3.097410   0.532230   1.000000   0.000000   0.000000   1.400000
 -1.565950   5.069130   1.296120   1.000000   0.000000   0.000000   1.400000
 -2.486950   5.880180   1.920310   0.000000   1.000000   0.000000   1.850000
 -3.394930   5.293980   2.220820   1.000000   1.000000   1.000000   1.200000
 -2.790460   6.690450   1.206290   1.000000   1.000000   1.000000   1.200000
 -2.034700   6.350240   2.835180   1.000000   1.000000   1.000000   1.200000
  0.879570   5.193040   0.317790   0.000000   0.000000   1.000000   1.540000
  0.851480   5.219690   1.351340   1.000000   1.000000   1.000000   1.200000
  1.623920   5.748450  -0.068120   1.000000   1.000000   1.000000   1.200000
 -0.057550   5.501220   0.003770   1.000000   1.000000   1.000000   1.200000
  0.944880   4.186260   0.052960   1.000000   1.000000   1.000000   1.200000
  1.107310   2.402770   4.968960   0.000000   0.000000   1.000000   1.540000
  1.549970   0.647740   3.799410   1.000000   1.000000   1.000000   1.200000
  0.834210   3.042340   4.243300   1.000000   1.000000   1.000000   1.200000
  1.844650   2.810420   5.503290   1.000000   1.000000   1.000000   1.200000
  0.327950   2.246910   5.573460   1.000000   1.000000   1.000000   1.200000
 -3.699490   0.804480   3.512330   0.000000   0.000000   1.000000   1.540000
 -1.997770  -0.318830   3.637330   1.000000   1.000000   1.000000   1.200000
 -4.001340   0.965170   2.573140   1.000000   1.000000   1.000000   1.200000
 -3.396980   1.685260   3.884330   1.000000   1.000000   1.000000   1.200000
 -4.469890   0.463240   4.047520   1.000000   1.000000   1.000000   1.200000
28 bonds follow (x1 y1 z1 x2 y2 z2)
 -3.699490   0.804480   3.512330  -4.469890   0.463240   4.047520
 -3.699490   0.804480   3.512330  -3.396980   1.685260   3.884330
 -3.699490   0.804480   3.512330  -4.001340   0.965170   2.573140
 -1.080110  -0.613540   3.514030  -1.997770  -0.318830   3.637330
  1.107310   2.402770   4.968960   0.327950   2.246910   5.573460
  1.107310   2.402770   4.968960   1.844650   2.810420   5.503290
  1.107310   2.402770   4.968960   0.834210   3.042340   4.243300
  1.287800   0.056900   3.082360   1.549970   0.647740   3.799410
  0.879570   5.193040   0.317790   0.944880   4.186260   0.052960
  0.879570   5.193040   0.317790  -0.057550   5.501220   0.003770
  0.879570   5.193040   0.317790   1.623920   5.748450  -0.068120
  0.879570   5.193040   0.317790   0.851480   5.219690   1.351340
 -2.486950   5.880180   1.920310  -2.034700   6.350240   2.835180
 -2.486950   5.880180   1.920310  -2.790460   6.690450   1.206290
 -2.486950   5.880180   1.920310  -3.394930   5.293980   2.220820
 -1.565950   5.069130   1.296120  -2.486950   5.880180   1.920310
 -1.185660   3.421230   1.859640  -1.565950   5.069130   1.296120
 -1.185660   3.421230   1.859640  -0.787040   3.097410   0.532230
 -1.185660   3.421230   1.859640  -2.407540   3.079980   2.426950
 -1.185660   3.421230   1.859640  -0.088160   3.941390   2.611330
 -0.169180   0.180400   2.515760  -0.592700   1.586260   2.315950
 -0.169180   0.180400   2.515760  -1.080110  -0.613540   3.514030
 -0.169180   0.180400   2.515760   1.287800   0.056900   3.082360
 -0.161440  -0.715310   1.200360  -0.169180   0.180400   2.515760
 -0.552440  -0.144580  -0.031090  -0.161440  -0.715310   1.200360
 -0.552440  -0.144580  -0.031090  -1.508310  -0.633870  -0.355250
 -0.552440  -0.144580  -0.031090  -0.683360   0.968450   0.068100
 -0.552440  -0.144580  -0.031090   0.246550  -0.386830  -0.778990
