33 atoms follow (x y z r g b radiusScale)
  0.058300  -0.106020   0.024740   0.000000   1.000000   0.000000   1.850000
  1.173760  -0.025100   0.054500   1.000000   1.000000   1.000000   1.200000
 -0.417860   0.909330  -0.019660   1.000000   1.000000   1.000000   1.200000
 -0.264380  -0.744300  -0.836410   1.000000   1.000000   1.000000   1.200000
 -0.378460  -0.778750   1.190360   1.000000   0.000000   0.000000   1.400000
 -0.323180   0.014960   2.553060   0.500000   0.500000   0.500000   1.900000
  1.154080  -0.151510   3.037050   1.000000   0.000000   0.000000   1.400000
 -1.246420  -0.737980   3.565060   1.000000   0.000000   0.000000   1.400000
 -0.658680   1.471060   2.339470   1.000000   0.000000   0.000000   1.400000
 -1.110400   3.263520   2.032760   1.000000   1.000000   0.000000   1.850000
 -0.119960   3.792940   2.832260   1.000000   0.000000   0.000000   1.400000
 -2.371930   3.126480   2.545560   1.000000   0.000000   0.000000   1.400000
 -0.947140   3.223660   0.667440   1.000000   0.000000   0.000000   1.400000
 -2.086070   5.841290   1.677670   1.000000   0.000000   0.000000   1.400000
 -3.195220   5.910280   0.821720   0.000000   1.000000   0.000000   1.850000
 -2.867080   5.852750  -0.249680   1.000000   1.000000   1.000000   1.200000
 -3.766200   6.856740   0.993830   1.000000   1.000000   1.000000   1.200000
 -3.857450   5.033350   1.048860   1.000000   1.000000   1.000000   1.200000
  1.686940   5.642230   0.064050   0.000000   0.000000   1.000000   1.540000
  1.548150   5.942090   1.009900   1.000000   1.000000   1.000000   1.200000
 -1.335980   6.489810   1.467610   1.000000   1.000000   1.000000   1.200000
  0.828830   5.774570  -0.434910   1.000000   1.000000   1.000000   1.200000
  1.886880   4.658270   0.076000   1.000000   1.000000   1.000000   1.200000
  1.681600   2.138970   4.626550   0.000000   0.000000   1.000000   1.540000
  1.520130   0.489490   3.678480   1.000000   1.000000   1.000000   1.200000
  1.391850   2.865190   3.997050   1.000000   1.000000   1.000000   1.200000
  2.650910   2.254320   4.837270   1.000000   1.000000   1.000000   1.200000
  1.157840   2.217140   5.473140   1.000000   1.000000   1.000000   1.200000
 -3.556910   0.878990   3.784540   0.000000   0.000000   1.000000   1.540000
 -2.152750  -0.398850   3.730130   1.000000   1.000000   1.000000   1.200000
 -3.764400   1.170480   2.848620   1.000000   1.000000   1.000000   1.200000
 -3.142270   1.663260   4.251720   1.000000   1.000000   1.000000   1.200000
 -4.408310   0.638040   4.246580   1.000000   1.000000   1.000000   1.200000
28 bonds follow (x1 y1 z1 x2 y2 z2)
 -3.556910   0.878990   3.784540  -4.408310   0.638040   4.246580
 -3.556910   0.878990   3.784540  -3.142270   1.663260   4.251720
 -3.556910   0.878990   3.784540  -3.764400   1.170480   2.848620
 -1.246420  -0.737980   3.565060  -2.152750  -0.398850   3.730130
  1.681600   2.138970   4.626550   1.157840   2.217140   5.473140
  1.681600   2.138970   4.626550   2.650910   2.254320   4.837270
  1.681600   2.138970   4.626550   1.391850   2.865190   3.997050
  1.154080  -0.151510   3.037050   1.520130   0.489490   3.678480
  1.686940   5.642230   0.064050   1.886880   4.658270   0.076000
  1.686940   5.642230   0.064050   0.828830   5.774570  -0.434910
 -2.086070   5.841290   1.677670  -1.335980   6.489810   1.467610
  1.686940   5.642230   0.064050   1.548150   5.942090   1.009900
 -3.195220   5.910280   0.821720  -3.857450   5.033350   1.048860
 -3.195220   5.910280   0.821720  -3.766200   6.856740   0.993830
 -3.195220   5.910280   0.821720  -2.867080   5.852750  -0.249680
 -2.086070   5.841290   1.677670  -3.195220   5.910280   0.821720
 -1.110400   3.263520   2.032760  -0.947140   3.223660   0.667440
 -1.110400   3.263520   2.032760  -2.371930   3.126480   2.545560
 -1.110400   3.263520   2.032760  -0.119960   3.792940   2.832260
 -0.658680   1.471060   2.339470  -1.110400   3.263520   2.032760
 -0.323180   0.014960   2.553060  -0.658680   1.471060   2.339470
 -0.323180   0.014960   2.553060  -1.246420  -0.737980   3.565060
 -0.323180   0.014960   2.553060   1.154080  -0.151510   3.037050
 -0.378460  -0.778750   1.190360  -0.323180   0.014960   2.553060
  0.058300  -0.106020   0.024740  -0.378460  -0.778750   1.190360
  0.058300  -0.106020   0.024740  -0.264380  -0.744300  -0.836410
  0.058300  -0.106020   0.024740  -0.417860   0.909330  -0.019660
  0.058300  -0.106020   0.024740   1.173760  -0.025100   0.054500
