33 atoms follow (x y z r g b radiusScale)
  0.376660  -0.126390   0.104820   0.000000   1.000000   0.000000   1.850000
  1.444570  -0.231110   0.426170   1.000000   1.000000   1.000000   1.200000
  0.091830   0.952370  -0.019890   1.000000   1.000000   1.000000   1.200000
  0.187870  -0.699670  -0.835690   1.000000   1.000000   1.000000   1.200000
 -0.443660  -0.694080   1.109790   1.000000   0.000000   0.000000   1.400000
 -0.301310   0.017000   2.515500   0.500000   0.500000   0.500000   1.900000
  1.167950  -0.139780   2.999560   1.000000   0.000000   0.000000   1.400000
 -1.178300  -0.778850   3.519520   1.000000   0.000000   0.000000   1.400000
 -0.754990   1.454640   2.451120   1.000000   0.000000   0.000000   1.400000
 -1.150320   3.196090   2.202140   1.000000   1.000000   0.000000   1.850000
 -0.458380   3.694650   3.286800   1.000000   0.000000   0.000000   1.400000
 -2.517290   3.094600   2.310520   1.000000   0.000000   0.000000   1.400000
 -0.619530   3.294450   0.937060   1.000000   0.000000   0.000000   1.400000
 -2.468410   6.472200   1.392700   1.000000   0.000000   0.000000   1.400000
 -3.810970   6.232290   0.985070   0.000000   1.000000   0.000000   1.850000
 -4.202830   7.146540   0.480820   1.000000   1.000000   1.000000   1.200000
 -4.469730   5.943510   1.832210   1.000000   1.000000   1.000000   1.200000
 -3.684660   5.406830   0.241860   1.000000   1.000000   1.000000   1.200000
  2.418290   4.966470  -0.241760   0.000000   0.000000   1.000000   1.540000
  2.028100   5.519240   0.493750   1.000000   1.000000   1.000000   1.200000
 -2.612270   7.188420   2.203730   1.000000   1.000000   1.000000   1.200000
  2.098810   5.319280  -1.119290   1.000000   1.000000   1.000000   1.200000
  2.090940   4.030360  -0.135200   1.000000   1.000000   1.000000   1.200000
  1.856340   2.210290   4.299280   0.000000   0.000000   1.000000   1.540000
  1.573080   0.568150   3.557610   1.000000   1.000000   1.000000   1.200000
  1.542730   2.930230   3.674420   1.000000   1.000000   1.000000   1.200000
  2.819300   2.359820   4.516480   1.000000   1.000000   1.000000   1.200000
  1.318170   2.273080   5.139440   1.000000   1.000000   1.000000   1.200000
 -3.507700   0.717690   3.768270   0.000000   0.000000   1.000000   1.540000
 -2.080240  -0.441240   3.721500   1.000000   1.000000   1.000000   1.200000
 -3.669680   1.283470   2.955380   1.000000   1.000000   1.000000   1.200000
 -3.301700   1.326070   4.534400   1.000000   1.000000   1.000000   1.200000
 -4.328320   0.191290   3.981840   1.000000   1.000000   1.000000   1.200000
28 bonds follow (x1 y1 z1 x2 y2 z2)
 -3.507700   0.717690   3.768270  -4.328320   0.191290   3.981840
 -3.507700   0.717690   3.768270  -3.301700   1.326070   4.534400
 -3.507700   0.717690   3.768270  -3.669680   1.283470   2.955380
 -1.178300  -0.778850   3.519520  -2.080240  -0.441240   3.721500
  1.856340   2.210290   4.299280   1.318170   2.273080   5.139440
  1.856340   2.210290   4.299280   2.819300   2.359820   4.516480
  1.856340   2.210290   4.299280   1.542730   2.930230   3.674420
  1.167950  -0.139780   2.999560   1.573080   0.568150   3.557610
  2.418290   4.966470  -0.241760   2.090940   4.030360  -0.135200
  2.418290   4.966470  -0.241760   2.098810   5.319280  -1.119290
 -2.468410   6.472200   1.392700  -2.612270   7.188420   2.203730
  2.418290   4.966470  -0.241760   2.028100   5.519240   0.493750
 -3.810970   6.232290   0.985070  -3.684660   5.406830   0.241860
 -3.810970   6.232290   0.985070  -4.469730   5.943510   1.832210
 -3.810970   6.232290   0.985070  -4.202830   7.146540   0.480820
 -2.468410   6.472200   1.392700  -3.810970   6.232290   0.985070
 -1.150320   3.196090   2.202140  -0.619530   3.294450   0.937060
 -1.150320   3.196090   2.202140  -2.517290   3.094600   2.310520
 -1.150320   3.196090   2.202140  -0.458380   3.694650   3.286800
 -0.754990   1.454640   2.451120  -1.150320   3.196090   2.202140
 -0.301310   0.017000   2.515500  -0.754990   1.454640   2.451120
 -0.301310   0.017000   2.515500  -1.178300  -0.778850   3.519520
 -0.301310   0.017000   2.515500   1.167950  -0.139780   2.999560
 -0.443660  -0.694080   1.109790  -0.301310   0.017000   2.515500
  0.376660  -0.126390   0.104820  -0.443660  -0.694080   1.109790
  0.376660  -0.126390   0.104820   0.187870  -0.699670  -0.835690
  0.376660  -0.126390   0.104820   0.091830   0.952370  -0.019890
  0.376660  -0.126390   0.104820   1.444570  -0.231110   0.426170
