33 atoms follow (x y z r g b radiusScale)
  0.348290  -0.160530   0.061490   0.000000   1.000000   0.000000   1.850000
  1.435290  -0.272190   0.302580   1.000000   1.000000   1.000000   1.200000
  0.068590   0.916640  -0.072370   1.000000   1.000000   1.000000   1.200000
  0.078530  -0.763090  -0.841910   1.000000   1.000000   1.000000   1.200000
 -0.405020  -0.697460   1.132250   1.000000   0.000000   0.000000   1.400000
 -0.302200   0.013860   2.538630   0.500000   0.500000   0.500000   1.900000
  1.188490  -0.142870   2.976620   1.000000   0.000000   0.000000   1.400000
 -1.200570  -0.773490   3.540340   1.000000   0.000000   0.000000   1.400000
 -0.684050   1.467630   2.408210   1.000000   0.000000   0.000000   1.400000
 -1.171470   3.216510   2.177370   1.000000   1.000000   0.000000   1.850000
 -0.403470   3.673140   3.214840   1.000000   0.000000   0.000000   1.400000
 -2.530360   3.083720   2.396980   1.000000   0.000000   0.000000   1.400000
 -0.667270   3.290080   0.908090   1.000000   0.000000   0.000000   1.400000
 -2.417580   6.394010   1.416410   1.000000   0.000000   0.000000   1.400000
 -3.749630   6.205600   0.954140   0.000000   1.000000   0.000000   1.850000
 -4.006000   7.071400   0.293970   1.000000   1.000000   1.000000   1.200000
 -4.481580   6.127980   1.777790   1.000000   1.000000   1.000000   1.200000
 -3.704740   5.260000   0.335380   1.000000   1.000000   1.000000   1.200000
  2.384980   5.098920  -0.216700   0.000000   0.000000   1.000000   1.540000
  2.056290   5.704840   0.505940   1.000000   1.000000   1.000000   1.200000
 -2.481300   7.002940   2.031710   1.000000   1.000000   1.000000   1.200000
  2.179900   5.513150  -1.102290   1.000000   1.000000   1.000000   1.200000
  1.890220   4.229500  -0.144430   1.000000   1.000000   1.000000   1.200000
  1.822120   2.167830   4.345120   0.000000   0.000000   1.000000   1.540000
  1.618530   0.580310   3.492110   1.000000   1.000000   1.000000   1.200000
  1.521120   2.875770   3.700490   1.000000   1.000000   1.000000   1.200000
  2.789670   2.299190   4.553120   1.000000   1.000000   1.000000   1.200000
  1.290500   2.261030   5.185410   1.000000   1.000000   1.000000   1.200000
 -3.578050   0.741240   3.812620   0.000000   0.000000   1.000000   1.540000
 -2.107540  -0.445400   3.722510   1.000000   1.000000   1.000000   1.200000
 -3.659860   1.234130   2.941690   1.000000   1.000000   1.000000   1.200000
 -3.397470   1.417550   4.526750   1.000000   1.000000   1.000000   1.200000
 -4.444210   0.285620   4.013070   1.000000   1.000000   1.000000   1.200000
28 bonds follow (x1 y1 z1 x2 y2 z2)
 -3.578050   0.741240   3.812620  -4.444210   0.285620   4.013070
 -3.578050   0.741240   3.812620  -3.397470   1.417550   4.526750
 -3.578050   0.741240   3.812620  -3.659860   1.234130   2.941690
 -1.200570  -0.773490   3.540340  -2.107540  -0.445400   3.722510
  1.822120   2.167830   4.345120   1.290500   2.261030   5.185410
  1.822120   2.167830   4.345120   2.789670   2.299190   4.553120
  1.822120   2.167830   4.345120   1.521120   2.875770   3.700490
  1.188490  -0.142870   2.976620   1.618530   0.580310   3.492110
  2.384980   5.098920  -0.216700   1.890220   4.229500  -0.144430
  2.384980   5.098920  -0.216700   2.179900   5.513150  -1.102290
 -2.417580   6.394010   1.416410  -2.481300   7.002940   2.031710
  2.384980   5.098920  -0.216700   2.056290   5.704840   0.505940
 -3.749630   6.205600   0.954140  -3.704740   5.260000   0.335380
 -3.749630   6.205600   0.954140  -4.481580   6.127980   1.777790
 -3.749630   6.205600   0.954140  -4.006000   7.071400   0.293970
 -2.417580   6.394010   1.416410  -3.749630   6.205600   0.954140
 -1.171470   3.216510   2.177370  -0.667270   3.290080   0.908090
 -1.171470   3.216510   2.177370  -2.530360   3.083720   2.396980
 -1.171470   3.216510   2.177370  -0.403470   3.673140   3.214840
 -0.684050   1.467630   2.408210  -1.171470   3.216510   2.177370
 -0.302200   0.013860   2.538630  -0.684050   1.467630   2.408210
 -0.302200   0.013860   2.538630  -1.200570  -0.773490   3.540340
 -0.302200   0.013860   2.538630   1.188490  -0.142870   2.976620
 -0.405020  -0.697460   1.132250  -0.302200   0.013860   2.538630
  0.348290  -0.160530   0.061490  -0.405020  -0.697460   1.132250
  0.348290  -0.160530   0.061490   0.078530  -0.763090  -0.841910
  0.348290  -0.160530   0.061490   0.068590   0.916640  -0.072370
  0.348290  -0.160530   0.061490   1.435290  -0.272190   0.302580
