33 atoms follow (x y z r g b radiusScale)
 -0.258770  -0.158290  -0.046980   0.000000   1.000000   0.000000   1.850000
  0.676350  -0.456060  -0.589750   1.000000   1.000000   1.000000   1.200000
 -0.335270   0.958800   0.054430   1.000000   1.000000   1.000000   1.200000
 -1.144830  -0.558140  -0.607000   1.000000   1.000000   1.000000   1.200000
 -0.243270  -0.782190   1.221260   1.000000   0.000000   0.000000   1.400000
 -0.239430   0.156620   2.502980   0.500000   0.500000   0.500000   1.900000
  1.264720   0.127160   2.956760   1.000000   0.000000   0.000000   1.400000
 -1.059120  -0.601540   3.609820   1.000000   0.000000   0.000000   1.400000
 -0.676030   1.550640   2.263210   1.000000   0.000000   0.000000   1.400000
 -1.135440   3.414430   1.905870   1.000000   1.000000   0.000000   1.850000
  0.104320   3.766170   2.513800   1.000000   0.000000   0.000000   1.400000
 -2.298160   3.167410   2.615970   1.000000   0.000000   0.000000   1.400000
 -0.957670   3.122080   0.520970   1.000000   0.000000   0.000000   1.400000
 -1.475160   5.116800   1.551240   1.000000   0.000000   0.000000   1.400000
 -2.630730   5.813360   1.846550   0.000000   1.000000   0.000000   1.850000
 -3.057810   5.491020   2.831340   1.000000   1.000000   1.000000   1.200000
 -3.396160   5.649720   1.042240   1.000000   1.000000   1.000000   1.200000
 -2.375030   6.905950   1.889990   1.000000   1.000000   1.000000   1.200000
  0.823120   5.153120   0.286860   0.000000   0.000000   1.000000   1.540000
  1.139670   4.734290   1.180800   1.000000   1.000000   1.000000   1.200000
  1.596010   5.488900  -0.274850   1.000000   1.000000   1.000000   1.200000
  0.165720   5.902200   0.528010   1.000000   1.000000   1.000000   1.200000
  0.275780   4.420780  -0.210070   1.000000   1.000000   1.000000   1.200000
  0.980080   2.508640   4.928760   0.000000   0.000000   1.000000   1.540000
  1.545080   0.742050   3.640250   1.000000   1.000000   1.000000   1.200000
  1.323590   3.053730   4.159060   1.000000   1.000000   1.000000   1.200000
  1.379470   2.859010   5.774230   1.000000   1.000000   1.000000   1.200000
 -0.010760   2.642990   4.969100   1.000000   1.000000   1.000000   1.200000
 -3.680400   0.879610   3.380140   0.000000   0.000000   1.000000   1.540000
 -1.962290  -0.303990   3.788900   1.000000   1.000000   1.000000   1.200000
 -3.644320   1.344580   2.492680   1.000000   1.000000   1.000000   1.200000
 -3.480770   1.570480   4.077390   1.000000   1.000000   1.000000   1.200000
 -4.603950   0.529950   3.526700   1.000000   1.000000   1.000000   1.200000
28 bonds follow (x1 y1 z1 x2 y2 z2)
 -3.680400   0.879610   3.380140  -4.603950   0.529950   3.526700
 -3.680400   0.879610   3.380140  -3.480770   1.570480   4.077390
 -3.680400   0.879610   3.380140  -3.644320   1.344580   2.492680
 -1.059120  -0.601540   3.609820  -1.962290  -0.303990   3.788900
  0.980080   2.508640   4.928760  -0.010760   2.642990   4.969100
  0.980080   2.508640   4.928760   1.379470   2.859010   5.774230
  0.980080   2.508640   4.928760   1.323590   3.053730   4.159060
  1.264720   0.127160   2.956760   1.545080   0.742050   3.640250
  0.823120   5.153120   0.286860   0.275780   4.420780  -0.210070
  0.823120   5.153120   0.286860   0.165720   5.902200   0.528010
  0.823120   5.153120   0.286860   1.596010   5.488900  -0.274850
  0.823120   5.153120   0.286860   1.139670   4.734290   1.180800
 -2.630730   5.813360   1.846550  -2.375030   6.905950   1.889990
 -2.630730   5.813360   1.846550  -3.396160   5.649720   1.042240
 -2.630730   5.813360   1.846550  -3.057810   5.491020   2.831340
 -1.475160   5.116800   1.551240  -2.630730   5.813360   1.846550
 -1.135440   3.414430   1.905870  -1.475160   5.116800   1.551240
 -1.135440   3.414430   1.905870  -0.957670   3.122080   0.520970
 -1.135440   3.414430   1.905870  -2.298160   3.167410   2.615970
 -1.135440   3.414430   1.905870   0.104320   3.766170   2.513800
 -0.239430   0.156620   2.502980  -0.676030   1.550640   2.263210
 -0.239430   0.156620   2.502980  -1.059120  -0.601540   3.609820
 -0.239430   0.156620   2.502980   1.264720   0.127160   2.956760
 -0.243270  -0.782190   1.221260  -0.239430   0.156620   2.502980
 -0.258770  -0.158290  -0.046980  -0.243270  -0.782190   1.221260
 -0.258770  -0.158290  -0.046980  -1.144830  -0.558140  -0.607000
 -0.258770  -0.158290  -0.046980  -0.335270   0.958800   0.054430
 -0.258770  -0.158290  -0.046980   0.676350  -0.456060  -0.589750
