33 atoms follow (x y z r g b radiusScale)
 -0.442200  -0.239530  -0.004750   0.000000   1.000000   0.000000   1.850000
  0.485970  -0.385330  -0.617400   1.000000   1.000000   1.000000   1.200000
 -0.697500   0.852890   0.072090   1.000000   1.000000   1.000000   1.200000
 -1.281560  -0.811360  -0.480290   1.000000   1.000000   1.000000   1.200000
 -0.219460  -0.799180   1.271100   1.000000   0.000000   0.000000   1.400000
 -0.210570   0.165530   2.538650   0.500000   0.500000   0.500000   1.900000
  1.237320   0.044160   3.134880   1.000000   0.000000   0.000000   1.400000
 -1.145190  -0.603290   3.533500   1.000000   0.000000   0.000000   1.400000
 -0.648480   1.543920   2.214230   1.000000   0.000000   0.000000   1.400000
 -1.188940   3.414770   1.765900   1.000000   1.000000   0.000000   1.850000
 -0.120730   3.844410   2.599360   1.000000   0.000000   0.000000   1.400000
 -2.459560   3.066910   2.210610   1.000000   0.000000   0.000000   1.400000
 -0.702550   3.197060   0.443580   1.000000   0.000000   0.000000   1.400000
 -1.607730   5.101470   1.388550   1.000000   0.000000   0.000000   1.400000
 -2.677220   5.779960   1.943700   0.000000   1.000000   0.000000   1.850000
 -3.641440   5.432070   1.489930   1.000000   1.000000   1.000000   1.200000
 -2.540730   6.873980   1.731430   1.000000   1.000000   1.000000   1.200000
 -2.719390   5.621650   3.053730   1.000000   1.000000   1.000000   1.200000
  0.946390   5.289890   0.556700   0.000000   0.000000   1.000000   1.540000
  1.445990   4.620300   1.141430   1.000000   1.000000   1.000000   1.200000
  1.566570   5.884840   0.029790   1.000000   1.000000   1.000000   1.200000
  0.321090   5.831190   1.188450   1.000000   1.000000   1.000000   1.200000
  0.300910   4.739140  -0.072220   1.000000   1.000000   1.000000   1.200000
  1.320870   2.461810   4.845320   0.000000   0.000000   1.000000   1.540000
  1.475690   0.619610   3.874420   1.000000   1.000000   1.000000   1.200000
  0.885500   3.090320   4.194940   1.000000   1.000000   1.000000   1.200000
  2.233480   2.797560   5.068370   1.000000   1.000000   1.000000   1.200000
  0.779950   2.431630   5.683700   1.000000   1.000000   1.000000   1.200000
 -3.588200   0.953580   3.649110   0.000000   0.000000   1.000000   1.540000
 -2.060650  -0.288870   3.645250   1.000000   1.000000   1.000000   1.200000
 -3.728260   1.247450   2.700570   1.000000   1.000000   1.000000   1.200000
 -3.301060   1.760630   4.166410   1.000000   1.000000   1.000000   1.200000
 -4.451230   0.617880   4.021520   1.000000   1.000000   1.000000   1.200000
28 bonds follow (x1 y1 z1 x2 y2 z2)
 -3.588200   0.953580   3.649110  -4.451230   0.617880   4.021520
 -3.588200   0.953580   3.649110  -3.301060   1.760630   4.166410
 -3.588200   0.953580   3.649110  -3.728260   1.247450   2.700570
 -1.145190  -0.603290   3.533500  -2.060650  -0.288870   3.645250
  1.320870   2.461810   4.845320   0.779950   2.431630   5.683700
  1.320870   2.461810   4.845320   2.233480   2.797560   5.068370
  1.320870   2.461810   4.845320   0.885500   3.090320   4.194940
  1.237320   0.044160   3.134880   1.475690   0.619610   3.874420
  0.946390   5.289890   0.556700   0.300910   4.739140  -0.072220
  0.946390   5.289890   0.556700   0.321090   5.831190   1.188450
  0.946390   5.289890   0.556700   1.566570   5.884840   0.029790
  0.946390   5.289890   0.556700   1.445990   4.620300   1.141430
 -2.677220   5.779960   1.943700  -2.719390   5.621650   3.053730
 -2.677220   5.779960   1.943700  -2.540730   6.873980   1.731430
 -2.677220   5.779960   1.943700  -3.641440   5.432070   1.489930
 -1.607730   5.101470   1.388550  -2.677220   5.779960   1.943700
 -1.188940   3.414770   1.765900  -1.607730   5.101470   1.388550
 -1.188940   3.414770   1.765900  -0.702550   3.197060   0.443580
 -1.188940   3.414770   1.765900  -2.459560   3.066910   2.210610
 -1.188940   3.414770   1.765900  -0.120730   3.844410   2.599360
 -0.210570   0.165530   2.538650  -0.648480   1.543920   2.214230
 -0.210570   0.165530   2.538650  -1.145190  -0.603290   3.533500
 -0.210570   0.165530   2.538650   1.237320   0.044160   3.134880
 -0.219460  -0.799180   1.271100  -0.210570   0.165530   2.538650
 -0.442200  -0.239530  -0.004750  -0.219460  -0.799180   1.271100
 -0.442200  -0.239530  -0.004750  -1.281560  -0.811360  -0.480290
 -0.442200  -0.239530  -0.004750  -0.697500   0.852890   0.072090
 -0.442200  -0.239530  -0.004750   0.485970  -0.385330  -0.617400
