33 atoms follow (x y z r g b radiusScale)
 -0.543670  -0.126890  -0.016840   0.000000   1.000000   0.000000   1.850000
  0.292460  -0.316800  -0.740100   1.000000   1.000000   1.000000   1.200000
 -0.727710   0.976650   0.098150   1.000000   1.000000   1.000000   1.200000
 -1.464100  -0.652040  -0.385310   1.000000   1.000000   1.000000   1.200000
 -0.178680  -0.715720   1.211290   1.000000   0.000000   0.000000   1.400000
 -0.158780   0.174660   2.519950   0.500000   0.500000   0.500000   1.900000
  1.312350   0.022670   3.077130   1.000000   0.000000   0.000000   1.400000
 -1.092560  -0.619500   3.504650   1.000000   0.000000   0.000000   1.400000
 -0.585230   1.579470   2.307900   1.000000   0.000000   0.000000   1.400000
 -1.186100   3.425080   1.861100   1.000000   1.000000   0.000000   1.850000
 -0.100840   3.938300   2.614940   1.000000   0.000000   0.000000   1.400000
 -2.417890   3.140690   2.438870   1.000000   0.000000   0.000000   1.400000
 -0.785700   3.096860   0.533800   1.000000   0.000000   0.000000   1.400000
 -1.580060   5.079000   1.292510   1.000000   0.000000   0.000000   1.400000
 -2.505510   5.886600   1.928510   0.000000   1.000000   0.000000   1.850000
 -3.370410   5.282830   2.308790   1.000000   1.000000   1.000000   1.200000
 -2.879320   6.646710   1.193360   1.000000   1.000000   1.000000   1.200000
 -2.022400   6.421570   2.790300   1.000000   1.000000   1.000000   1.200000
  0.889710   5.166370   0.301850   0.000000   0.000000   1.000000   1.540000
  0.957730   5.142120   1.329300   1.000000   1.000000   1.000000   1.200000
  1.648020   5.671320  -0.127150   1.000000   1.000000   1.000000   1.200000
 -0.034450   5.590020   0.093080   1.000000   1.000000   1.000000   1.200000
  0.841150   4.177350  -0.020010   1.000000   1.000000   1.000000   1.200000
  1.089560   2.414390   4.968490   0.000000   0.000000   1.000000   1.540000
  1.548000   0.569850   3.834880   1.000000   1.000000   1.000000   1.200000
  0.833690   3.067700   4.249340   1.000000   1.000000   1.000000   1.200000
  1.849700   2.788740   5.495490   1.000000   1.000000   1.000000   1.200000
  0.311320   2.290240   5.582050   1.000000   1.000000   1.000000   1.200000
 -3.671570   0.790240   3.500830   0.000000   0.000000   1.000000   1.540000
 -2.020800  -0.341670   3.589560   1.000000   1.000000   1.000000   1.200000
 -3.945510   0.910580   2.547140   1.000000   1.000000   1.000000   1.200000
 -3.425890   1.693960   3.859150   1.000000   1.000000   1.000000   1.200000
 -4.442830   0.423640   4.017410   1.000000   1.000000   1.000000   1.200000
28 bonds follow (x1 y1 z1 x2 y2 z2)
 -3.671570   0.790240   3.500830  -4.442830   0.423640   4.017410
 -3.671570   0.790240   3.500830  -3.425890   1.693960   3.859150
 -3.671570   0.790240   3.500830  -3.945510   0.910580   2.547140
 -1.092560  -0.619500   3.504650  -2.020800  -0.341670   3.589560
  1.089560   2.414390   4.968490   0.311320   2.290240   5.582050
  1.089560   2.414390   4.968490   1.849700   2.788740   5.495490
  1.089560   2.414390   4.968490   0.833690   3.067700   4.249340
  1.312350   0.022670   3.077130   1.548000   0.569850   3.834880
  0.889710   5.166370   0.301850   0.841150   4.177350  -0.020010
  0.889710   5.166370   0.301850  -0.034450   5.590020   0.093080
  0.889710   5.166370   0.301850   1.648020   5.671320  -0.127150
  0.889710   5.166370   0.301850   0.957730   5.142120   1.329300
 -2.505510   5.886600   1.928510  -2.022400   6.421570   2.790300
 -2.505510   5.886600   1.928510  -2.879320   6.646710   1.193360
 -2.505510   5.886600   1.928510  -3.370410   5.282830   2.308790
 -1.580060   5.079000   1.292510  -2.505510   5.886600   1.928510
 -1.186100   3.425080   1.861100  -1.580060   5.079000   1.292510
 -1.186100   3.425080   1.861100  -0.785700   3.096860   0.533800
 -1.186100   3.425080   1.861100  -2.417890   3.140690   2.438870
 -1.186100   3.425080   1.861100  -0.100840   3.938300   2.614940
 -0.158780   0.174660   2.519950  -0.585230   1.579470   2.307900
 -0.158780   0.174660   2.519950  -1.092560  -0.619500   3.504650
 -0.158780   0.174660   2.519950   1.312350   0.022670   3.077130
 -0.178680  -0.715720   1.211290  -0.158780   0.174660   2.519950
 -0.543670  -0.126890  -0.016840  -0.178680  -0.715720   1.211290
 -0.543670  -0.126890  -0.016840  -1.464100  -0.652040  -0.385310
 -0.543670  -0.126890  -0.016840  -0.727710   0.976650   0.098150
 -0.543670  -0.126890  -0.016840   0.292460  -0.316800  -0.740100
