33 atoms follow (x y z r g b radiusScale)
  0.190050  -0.191240   0.012740   0.000000   1.000000   0.000000   1.850000
  1.299720  -0.197170   0.154520   1.000000   1.000000   1.000000   1.200000
 -0.196230   0.855170  -0.108510   1.000000   1.000000   1.000000   1.200000
 -0.101370  -0.835870  -0.853950   1.000000   1.000000   1.000000   1.200000
 -0.410770  -0.775760   1.154080   1.000000   0.000000   0.000000   1.400000
 -0.309440   0.012670   2.513850   0.500000   0.500000   0.500000   1.900000
  1.160790  -0.137430   3.008650   1.000000   0.000000   0.000000   1.400000
 -1.270620  -0.643220   3.539580   1.000000   0.000000   0.000000   1.400000
 -0.600850   1.472680   2.304620   1.000000   0.000000   0.000000   1.400000
 -1.126120   3.175160   2.124010   1.000000   1.000000   0.000000   1.850000
 -0.233970   3.728710   3.004510   1.000000   0.000000   0.000000   1.400000
 -2.435120   3.024530   2.565060   1.000000   0.000000   0.000000   1.400000
 -0.867100   3.255760   0.779410   1.000000   0.000000   0.000000   1.400000
 -2.249790   6.066100   1.543250   1.000000   0.000000   0.000000   1.400000
 -3.484470   6.100540   0.849200   0.000000   1.000000   0.000000   1.850000
 -3.326810   6.560720  -0.156940   1.000000   1.000000   1.000000   1.200000
 -4.273170   6.649760   1.410420   1.000000   1.000000   1.000000   1.200000
 -3.739210   5.011020   0.771190   1.000000   1.000000   1.000000   1.200000
  2.093800   5.453090  -0.087210   0.000000   0.000000   1.000000   1.540000
  2.234840   6.126100   0.635160   1.000000   1.000000   1.000000   1.200000
 -2.093740   7.034480   1.678110   1.000000   1.000000   1.000000   1.200000
  1.912380   5.929590  -0.944290   1.000000   1.000000   1.000000   1.200000
  1.310940   4.870100   0.140710   1.000000   1.000000   1.000000   1.200000
  1.780540   2.187680   4.566380   0.000000   0.000000   1.000000   1.540000
  1.580240   0.588320   3.516580   1.000000   1.000000   1.000000   1.200000
  1.500060   2.887230   3.903070   1.000000   1.000000   1.000000   1.200000
  2.741190   2.326690   4.801500   1.000000   1.000000   1.000000   1.200000
  1.229600   2.296790   5.392180   1.000000   1.000000   1.000000   1.200000
 -3.640010   0.805250   3.849660   0.000000   0.000000   1.000000   1.540000
 -2.164490  -0.261530   3.722440   1.000000   1.000000   1.000000   1.200000
 -3.740730   1.223380   2.943350   1.000000   1.000000   1.000000   1.200000
 -3.389840   1.533810   4.488800   1.000000   1.000000   1.000000   1.200000
 -4.511870   0.407810   4.128830   1.000000   1.000000   1.000000   1.200000
28 bonds follow (x1 y1 z1 x2 y2 z2)
 -3.640010   0.805250   3.849660  -4.511870   0.407810   4.128830
 -3.640010   0.805250   3.849660  -3.389840   1.533810   4.488800
 -3.640010   0.805250   3.849660  -3.740730   1.223380   2.943350
 -1.270620  -0.643220   3.539580  -2.164490  -0.261530   3.722440
  1.780540   2.187680   4.566380   1.229600   2.296790   5.392180
  1.780540   2.187680   4.566380   2.741190   2.326690   4.801500
  1.780540   2.187680   4.566380   1.500060   2.887230   3.903070
  1.160790  -0.137430   3.008650   1.580240   0.588320   3.516580
  2.093800   5.453090  -0.087210   1.310940   4.870100   0.140710
  2.093800   5.453090  -0.087210   1.912380   5.929590  -0.944290
 -2.249790   6.066100   1.543250  -2.093740   7.034480   1.678110
  2.093800   5.453090  -0.087210   2.234840   6.126100   0.635160
 -3.484470   6.100540   0.849200  -3.739210   5.011020   0.771190
 -3.484470   6.100540   0.849200  -4.273170   6.649760   1.410420
 -3.484470   6.100540   0.849200  -3.326810   6.560720  -0.156940
 -2.249790   6.066100   1.543250  -3.484470   6.100540   0.849200
 -1.126120   3.175160   2.124010  -0.867100   3.255760   0.779410
 -1.126120   3.175160   2.124010  -2.435120   3.024530   2.565060
 -1.126120   3.175160   2.124010  -0.233970   3.728710   3.004510
 -0.600850   1.472680   2.304620  -1.126120   3.175160   2.124010
 -0.309440   0.012670   2.513850  -0.600850   1.472680   2.304620
 -0.309440   0.012670   2.513850  -1.270620  -0.643220   3.539580
 -0.309440   0.012670   2.513850   1.160790  -0.137430   3.008650
 -0.410770  -0.775760   1.154080  -0.309440   0.012670   2.513850
  0.190050  -0.191240   0.012740  -0.410770  -0.775760   1.154080
  0.190050  -0.191240   0.012740  -0.101370  -0.835870  -0.853950
  0.190050  -0.191240   0.012740  -0.196230   0.855170  -0.108510
  0.190050  -0.191240   0.012740   1.299720  -0.197170   0.154520
