33 atoms follow (x y z r g b radiusScale)
  0.180960  -0.192020   0.012230   0.000000   1.000000   0.000000   1.850000
  1.290460  -0.188270   0.155830   1.000000   1.000000   1.000000   1.200000
 -0.213980   0.850080  -0.114550   1.000000   1.000000   1.000000   1.200000
 -0.103560  -0.843370  -0.852240   1.000000   1.000000   1.000000   1.200000
 -0.417090  -0.775230   1.155170   1.000000   0.000000   0.000000   1.400000
 -0.302680   0.013960   2.513780   0.500000   0.500000   0.500000   1.900000
  1.158940  -0.140630   3.022200   1.000000   0.000000   0.000000   1.400000
 -1.272550  -0.637640   3.534870   1.000000   0.000000   0.000000   1.400000
 -0.612260   1.471490   2.305050   1.000000   0.000000   0.000000   1.400000
 -1.123430   3.182890   2.118530   1.000000   1.000000   0.000000   1.850000
 -0.225110   3.728640   3.000840   1.000000   0.000000   0.000000   1.400000
 -2.425600   3.027440   2.565320   1.000000   0.000000   0.000000   1.400000
 -0.877180   3.252140   0.769980   1.000000   0.000000   0.000000   1.400000
 -2.244310   6.064420   1.548830   1.000000   0.000000   0.000000   1.400000
 -3.470310   6.085280   0.845130   0.000000   1.000000   0.000000   1.850000
 -3.305900   6.509620  -0.181130   1.000000   1.000000   1.000000   1.200000
 -4.235430   6.685230   1.398230   1.000000   1.000000   1.000000   1.200000
 -3.786630   5.005400   0.761160   1.000000   1.000000   1.000000   1.200000
  2.076950   5.466650  -0.080900   0.000000   0.000000   1.000000   1.540000
  2.211630   6.129850   0.651370   1.000000   1.000000   1.000000   1.200000
 -2.008970   6.939200   1.724950   1.000000   1.000000   1.000000   1.200000
  1.858240   5.942220  -0.930490   1.000000   1.000000   1.000000   1.200000
  1.325140   4.855340   0.163030   1.000000   1.000000   1.000000   1.200000
  1.773690   2.182900   4.568970   0.000000   0.000000   1.000000   1.540000
  1.565800   0.594690   3.530570   1.000000   1.000000   1.000000   1.200000
  1.486130   2.878550   3.903470   1.000000   1.000000   1.000000   1.200000
  2.733780   2.332120   4.799390   1.000000   1.000000   1.000000   1.200000
  1.224840   2.291430   5.396070   1.000000   1.000000   1.000000   1.200000
 -3.632180   0.800150   3.849160   0.000000   0.000000   1.000000   1.540000
 -2.165680  -0.257950   3.725960   1.000000   1.000000   1.000000   1.200000
 -3.737890   1.207780   2.938610   1.000000   1.000000   1.000000   1.200000
 -3.374770   1.534610   4.478300   1.000000   1.000000   1.000000   1.200000
 -4.501620   0.406390   4.139620   1.000000   1.000000   1.000000   1.200000
28 bonds follow (x1 y1 z1 x2 y2 z2)
 -3.632180   0.800150   3.849160  -4.501620   0.406390   4.139620
 -3.632180   0.800150   3.849160  -3.374770   1.534610   4.478300
 -3.632180   0.800150   3.849160  -3.737890   1.207780   2.938610
 -1.272550  -0.637640   3.534870  -2.165680  -0.257950   3.725960
  1.773690   2.182900   4.568970   1.224840   2.291430   5.396070
  1.773690   2.182900   4.568970   2.733780   2.332120   4.799390
  1.773690   2.182900   4.568970   1.486130   2.878550   3.903470
  1.158940  -0.140630   3.022200   1.565800   0.594690   3.530570
  2.076950   5.466650  -0.080900   1.325140   4.855340   0.163030
  2.076950   5.466650  -0.080900   1.858240   5.942220  -0.930490
 -2.244310   6.064420   1.548830  -2.008970   6.939200   1.724950
  2.076950   5.466650  -0.080900   2.211630   6.129850   0.651370
 -3.470310   6.085280   0.845130  -3.786630   5.005400   0.761160
 -3.470310   6.085280   0.845130  -4.235430   6.685230   1.398230
 -3.470310   6.085280   0.845130  -3.305900   6.509620  -0.181130
 -2.244310   6.064420   1.548830  -3.470310   6.085280   0.845130
 -1.123430   3.182890   2.118530  -0.877180   3.252140   0.769980
 -1.123430   3.182890   2.118530  -2.425600   3.027440   2.565320
 -1.123430   3.182890   2.118530  -0.225110   3.728640   3.000840
 -0.612260   1.471490   2.305050  -1.123430   3.182890   2.118530
 -0.302680   0.013960   2.513780  -0.612260   1.471490   2.305050
 -0.302680   0.013960   2.513780  -1.272550  -0.637640   3.534870
 -0.302680   0.013960   2.513780   1.158940  -0.140630   3.022200
 -0.417090  -0.775230   1.155170  -0.302680   0.013960   2.513780
  0.180960  -0.192020   0.012230  -0.417090  -0.775230   1.155170
  0.180960  -0.192020   0.012230  -0.103560  -0.843370  -0.852240
  0.180960  -0.192020   0.012230  -0.213980   0.850080  -0.114550
  0.180960  -0.192020   0.012230   1.290460  -0.188270   0.155830
