33 atoms follow (x y z r g b radiusScale)
 -0.086260  -0.087690  -0.029640   0.000000   1.000000   0.000000   1.850000
  0.958920  -0.362580  -0.329600   1.000000   1.000000   1.000000   1.200000
 -0.212730   1.025420   0.058240   1.000000   1.000000   1.000000   1.200000
 -0.801950  -0.504200  -0.786000   1.000000   1.000000   1.000000   1.200000
 -0.387510  -0.713650   1.198130   1.000000   0.000000   0.000000   1.400000
 -0.315670   0.142730   2.534760   0.500000   0.500000   0.500000   1.900000
  1.169980  -0.030880   3.014280   1.000000   0.000000   0.000000   1.400000
 -1.138420  -0.677660   3.588640   1.000000   0.000000   0.000000   1.400000
 -0.690620   1.569810   2.379260   1.000000   0.000000   0.000000   1.400000
 -1.186360   3.447410   1.866950   1.000000   1.000000   0.000000   1.850000
 -0.122730   3.903070   2.687820   1.000000   0.000000   0.000000   1.400000
 -2.456220   3.084570   2.267640   1.000000   0.000000   0.000000   1.400000
 -0.693270   3.150940   0.563830   1.000000   0.000000   0.000000   1.400000
 -1.601590   5.148650   1.440610   1.000000   0.000000   0.000000   1.400000
 -2.836100   5.771910   1.534340   0.000000   1.000000   0.000000   1.850000
 -3.483560   5.488410   0.662950   1.000000   1.000000   1.000000   1.200000
 -2.669330   6.882030   1.518850   1.000000   1.000000   1.000000   1.200000
 -3.359130   5.489510   2.484510   1.000000   1.000000   1.000000   1.200000
  0.916910   5.260850   0.511590   0.000000   0.000000   1.000000   1.540000
  0.888180   5.379500   1.533520   1.000000   1.000000   1.000000   1.200000
  1.689190   5.745330   0.083060   1.000000   1.000000   1.000000   1.200000
  0.003970   5.576820   0.156630   1.000000   1.000000   1.000000   1.200000
  0.954050   4.233990   0.331040   1.000000   1.000000   1.000000   1.200000
  1.507890   2.313590   4.741170   0.000000   0.000000   1.000000   1.540000
  1.540470   0.627910   3.618230   1.000000   1.000000   1.000000   1.200000
  0.996550   2.885480   4.091770   1.000000   1.000000   1.000000   1.200000
  2.435930   2.670590   4.826720   1.000000   1.000000   1.000000   1.200000
  1.064960   2.364690   5.634120   1.000000   1.000000   1.000000   1.200000
 -3.521820   0.946090   3.710850   0.000000   0.000000   1.000000   1.540000
 -2.037540  -0.382810   3.811820   1.000000   1.000000   1.000000   1.200000
 -3.766410   1.111190   2.753000   1.000000   1.000000   1.000000   1.200000
 -3.052550   1.772730   4.032990   1.000000   1.000000   1.000000   1.200000
 -4.360510   0.828280   4.239390   1.000000   1.000000   1.000000   1.200000
28 bonds follow (x1 y1 z1 x2 y2 z2)
 -3.521820   0.946090   3.710850  -4.360510   0.828280   4.239390
 -3.521820   0.946090   3.710850  -3.052550   1.772730   4.032990
 -3.521820   0.946090   3.710850  -3.766410   1.111190   2.753000
 -1.138420  -0.677660   3.588640  -2.037540  -0.382810   3.811820
  1.507890   2.313590   4.741170   1.064960   2.364690   5.634120
  1.507890   2.313590   4.741170   2.435930   2.670590   4.826720
  1.507890   2.313590   4.741170   0.996550   2.885480   4.091770
  1.169980  -0.030880   3.014280   1.540470   0.627910   3.618230
  0.916910   5.260850   0.511590   0.954050   4.233990   0.331040
  0.916910   5.260850   0.511590   0.003970   5.576820   0.156630
  0.916910   5.260850   0.511590   1.689190   5.745330   0.083060
  0.916910   5.260850   0.511590   0.888180   5.379500   1.533520
 -2.836100   5.771910   1.534340  -3.359130   5.489510   2.484510
 -2.836100   5.771910   1.534340  -2.669330   6.882030   1.518850
 -2.836100   5.771910   1.534340  -3.483560   5.488410   0.662950
 -1.601590   5.148650   1.440610  -2.836100   5.771910   1.534340
 -1.186360   3.447410   1.866950  -1.601590   5.148650   1.440610
 -1.186360   3.447410   1.866950  -0.693270   3.150940   0.563830
 -1.186360   3.447410   1.866950  -2.456220   3.084570   2.267640
 -1.186360   3.447410   1.866950  -0.122730   3.903070   2.687820
 -0.315670   0.142730   2.534760  -0.690620   1.569810   2.379260
 -0.315670   0.142730   2.534760  -1.138420  -0.677660   3.588640
 -0.315670   0.142730   2.534760   1.169980  -0.030880   3.014280
 -0.387510  -0.713650   1.198130  -0.315670   0.142730   2.534760
 -0.086260  -0.087690  -0.029640  -0.387510  -0.713650   1.198130
 -0.086260  -0.087690  -0.029640  -0.801950  -0.504200  -0.786000
 -0.086260  -0.087690  -0.029640  -0.212730   1.025420   0.058240
 -0.086260  -0.087690  -0.029640   0.958920  -0.362580  -0.329600
