33 atoms follow (x y z r g b radiusScale)
 -0.247380  -0.174550  -0.038070   0.000000   1.000000   0.000000   1.850000
  0.705950  -0.453440  -0.558760   1.000000   1.000000   1.000000   1.200000
 -0.344020   0.941080   0.066400   1.000000   1.000000   1.000000   1.200000
 -1.113030  -0.581690  -0.623500   1.000000   1.000000   1.000000   1.200000
 -0.259120  -0.801970   1.228620   1.000000   0.000000   0.000000   1.400000
 -0.226820   0.152090   2.502910   0.500000   0.500000   0.500000   1.900000
  1.274920   0.130130   2.958710   1.000000   0.000000   0.000000   1.400000
 -1.074860  -0.585270   3.586930   1.000000   0.000000   0.000000   1.400000
 -0.699400   1.535500   2.250860   1.000000   0.000000   0.000000   1.400000
 -1.125820   3.418670   1.913460   1.000000   1.000000   0.000000   1.850000
  0.109220   3.755520   2.537370   1.000000   0.000000   0.000000   1.400000
 -2.297040   3.200870   2.623010   1.000000   0.000000   0.000000   1.400000
 -0.951550   3.135370   0.528360   1.000000   0.000000   0.000000   1.400000
 -1.469670   5.124340   1.564330   1.000000   0.000000   0.000000   1.400000
 -2.648550   5.785500   1.849100   0.000000   1.000000   0.000000   1.850000
 -3.057710   5.476060   2.845440   1.000000   1.000000   1.000000   1.200000
 -3.413770   5.573040   1.056230   1.000000   1.000000   1.000000   1.200000
 -2.431160   6.887120   1.860770   1.000000   1.000000   1.000000   1.200000
  0.817360   5.154820   0.274230   0.000000   0.000000   1.000000   1.540000
  1.120690   4.877180   1.223580   1.000000   1.000000   1.000000   1.200000
  1.583760   5.510290  -0.281540   1.000000   1.000000   1.000000   1.200000
  0.061050   5.843140   0.397870   1.000000   1.000000   1.000000   1.200000
  0.370730   4.316270  -0.156410   1.000000   1.000000   1.000000   1.200000
  0.970930   2.507240   4.902560   0.000000   0.000000   1.000000   1.540000
  1.572480   0.789070   3.593130   1.000000   1.000000   1.000000   1.200000
  1.337860   3.065710   4.153550   1.000000   1.000000   1.000000   1.200000
  1.318720   2.866200   5.767080   1.000000   1.000000   1.000000   1.200000
 -0.023960   2.620000   4.894930   1.000000   1.000000   1.000000   1.200000
 -3.671390   0.891900   3.387920   0.000000   0.000000   1.000000   1.540000
 -2.003140  -0.319220   3.692710   1.000000   1.000000   1.000000   1.200000
 -3.573390   1.276710   2.467210   1.000000   1.000000   1.000000   1.200000
 -3.519140   1.644100   4.031980   1.000000   1.000000   1.000000   1.200000
 -4.604750   0.555020   3.499160   1.000000   1.000000   1.000000   1.200000
28 bonds follow (x1 y1 z1 x2 y2 z2)
 -3.671390   0.891900   3.387920  -4.604750   0.555020   3.499160
 -3.671390   0.891900   3.387920  -3.519140   1.644100   4.031980
 -3.671390   0.891900   3.387920  -3.573390   1.276710   2.467210
 -1.074860  -0.585270   3.586930  -2.003140  -0.319220   3.692710
  0.970930   2.507240   4.902560  -0.023960   2.620000   4.894930
  0.970930   2.507240   4.902560   1.318720   2.866200   5.767080
  0.970930   2.507240   4.902560   1.337860   3.065710   4.153550
  1.274920   0.130130   2.958710   1.572480   0.789070   3.593130
  0.817360   5.154820   0.274230   0.370730   4.316270  -0.156410
  0.817360   5.154820   0.274230   0.061050   5.843140   0.397870
  0.817360   5.154820   0.274230   1.583760   5.510290  -0.281540
  0.817360   5.154820   0.274230   1.120690   4.877180   1.223580
 -2.648550   5.785500   1.849100  -2.431160   6.887120   1.860770
 -2.648550   5.785500   1.849100  -3.413770   5.573040   1.056230
 -2.648550   5.785500   1.849100  -3.057710   5.476060   2.845440
 -1.469670   5.124340   1.564330  -2.648550   5.785500   1.849100
 -1.125820   3.418670   1.913460  -1.469670   5.124340   1.564330
 -1.125820   3.418670   1.913460  -0.951550   3.135370   0.528360
 -1.125820   3.418670   1.913460  -2.297040   3.200870   2.623010
 -1.125820   3.418670   1.913460   0.109220   3.755520   2.537370
 -0.226820   0.152090   2.502910  -0.699400   1.535500   2.250860
 -0.226820   0.152090   2.502910  -1.074860  -0.585270   3.586930
 -0.226820   0.152090   2.502910   1.274920   0.130130   2.958710
 -0.259120  -0.801970   1.228620  -0.226820   0.152090   2.502910
 -0.247380  -0.174550  -0.038070  -0.259120  -0.801970   1.228620
 -0.247380  -0.174550  -0.038070  -1.113030  -0.581690  -0.623500
 -0.247380  -0.174550  -0.038070  -0.344020   0.941080   0.066400
 -0.247380  -0.174550  -0.038070   0.705950  -0.453440  -0.558760
