33 atoms follow (x y z r g b radiusScale)
 -0.001200   0.000540   0.001420   0.000000   1.000000   0.000000   1.850000
  1.117910   0.000250  -0.001830   1.000000   1.000000   1.000000   1.200000
 -0.404860   1.050730   0.006120   1.000000   1.000000   1.000000   1.200000
 -0.389410  -0.574430  -0.876160   1.000000   1.000000   1.000000   1.200000
 -0.443830  -0.683160   1.155790   1.000000   0.000000   0.000000   1.400000
 -0.330710   0.132330   2.515880   0.500000   0.500000   0.500000   1.900000
  1.153780  -0.068430   2.992680   1.000000   0.000000   0.000000   1.400000
 -1.240990  -0.625930   3.540260   1.000000   0.000000   0.000000   1.400000
 -0.676350   1.568620   2.366720   1.000000   0.000000   0.000000   1.400000
 -1.168280   3.431500   1.969300   1.000000   1.000000   0.000000   1.850000
 -0.013670   3.852160   2.682100   1.000000   0.000000   0.000000   1.400000
 -2.399370   3.137230   2.536580   1.000000   0.000000   0.000000   1.400000
 -0.832510   3.173220   0.611810   1.000000   0.000000   0.000000   1.400000
 -1.588330   5.131860   1.614180   1.000000   0.000000   0.000000   1.400000
 -2.731570   5.592830   0.989800   0.000000   1.000000   0.000000   1.850000
 -2.723350   5.306280  -0.096810   1.000000   1.000000   1.000000   1.200000
 -2.740270   6.712980   1.069770   1.000000   1.000000   1.000000   1.200000
 -3.651410   5.178030   1.475260   1.000000   1.000000   1.000000   1.200000
  0.820730   5.407920   0.489820   0.000000   0.000000   1.000000   1.540000
  1.163830   5.084920   1.409930   1.000000   1.000000   1.000000   1.200000
 -0.114110   5.861860   0.678730   1.000000   1.000000   1.000000   1.200000
  0.618980   4.557060  -0.061240   1.000000   1.000000   1.000000   1.200000
  1.466990   6.029000   0.028470   1.000000   1.000000   1.000000   1.200000
  1.620740   2.232970   4.686290   0.000000   0.000000   1.000000   1.540000
  1.510620   0.568170   3.635240   1.000000   1.000000   1.000000   1.200000
  1.162130   2.883260   4.072470   1.000000   1.000000   1.000000   1.200000
  2.563860   2.523510   4.831400   1.000000   1.000000   1.000000   1.200000
  1.149130   2.225430   5.565750   1.000000   1.000000   1.000000   1.200000
 -3.598520   0.957660   3.768150   0.000000   0.000000   1.000000   1.540000
 -2.133180  -0.267940   3.724180   1.000000   1.000000   1.000000   1.200000
 -3.827470   1.192730   2.821790   1.000000   1.000000   1.000000   1.200000
 -3.162690   1.767030   4.170460   1.000000   1.000000   1.000000   1.200000
 -4.439940   0.758420   4.266030   1.000000   1.000000   1.000000   1.200000
28 bonds follow (x1 y1 z1 x2 y2 z2)
 -3.598520   0.957660   3.768150  -4.439940   0.758420   4.266030
 -3.598520   0.957660   3.768150  -3.162690   1.767030   4.170460
 -3.598520   0.957660   3.768150  -3.827470   1.192730   2.821790
 -1.240990  -0.625930   3.540260  -2.133180  -0.267940   3.724180
  1.620740   2.232970   4.686290   1.149130   2.225430   5.565750
  1.620740   2.232970   4.686290   2.563860   2.523510   4.831400
  1.620740   2.232970   4.686290   1.162130   2.883260   4.072470
  1.153780  -0.068430   2.992680   1.510620   0.568170   3.635240
  0.820730   5.407920   0.489820   1.466990   6.029000   0.028470
  0.820730   5.407920   0.489820   0.618980   4.557060  -0.061240
  0.820730   5.407920   0.489820  -0.114110   5.861860   0.678730
  0.820730   5.407920   0.489820   1.163830   5.084920   1.409930
 -2.731570   5.592830   0.989800  -3.651410   5.178030   1.475260
 -2.731570   5.592830   0.989800  -2.740270   6.712980   1.069770
 -2.731570   5.592830   0.989800  -2.723350   5.306280  -0.096810
 -1.588330   5.131860   1.614180  -2.731570   5.592830   0.989800
 -1.168280   3.431500   1.969300  -1.588330   5.131860   1.614180
 -1.168280   3.431500   1.969300  -0.832510   3.173220   0.611810
 -1.168280   3.431500   1.969300  -2.399370   3.137230   2.536580
 -1.168280   3.431500   1.969300  -0.013670   3.852160   2.682100
 -0.330710   0.132330   2.515880  -0.676350   1.568620   2.366720
 -0.330710   0.132330   2.515880  -1.240990  -0.625930   3.540260
 -0.330710   0.132330   2.515880   1.153780  -0.068430   2.992680
 -0.443830  -0.683160   1.155790  -0.330710   0.132330   2.515880
 -0.001200   0.000540   0.001420  -0.443830  -0.683160   1.155790
 -0.001200   0.000540   0.001420  -0.389410  -0.574430  -0.876160
 -0.001200   0.000540   0.001420  -0.404860   1.050730   0.006120
 -0.001200   0.000540   0.001420   1.117910   0.000250  -0.001830
