33 atoms follow (x y z r g b radiusScale)
 -0.152940  -0.117630  -0.031220   0.000000   1.000000   0.000000   1.850000
  0.818410  -0.475100  -0.463180   1.000000   1.000000   1.000000   1.200000
 -0.167370   1.000630   0.080610   1.000000   1.000000   1.000000   1.200000
 -0.990660  -0.448590  -0.699750   1.000000   1.000000   1.000000   1.200000
 -0.343210  -0.750390   1.217900   1.000000   0.000000   0.000000   1.400000
 -0.260520   0.152130   2.525010   0.500000   0.500000   0.500000   1.900000
  1.224630   0.008120   3.030020   1.000000   0.000000   0.000000   1.400000
 -1.191550  -0.536450   3.575330   1.000000   0.000000   0.000000   1.400000
 -0.656870   1.562280   2.275700   1.000000   0.000000   0.000000   1.400000
 -1.214340   3.407530   1.828020   1.000000   1.000000   0.000000   1.850000
 -0.153300   3.851380   2.663950   1.000000   0.000000   0.000000   1.400000
 -2.468350   3.110830   2.350220   1.000000   0.000000   0.000000   1.400000
 -0.748090   3.136010   0.516630   1.000000   0.000000   0.000000   1.400000
 -1.569200   5.094920   1.316800   1.000000   0.000000   0.000000   1.400000
 -2.755480   5.719040   1.660230   0.000000   1.000000   0.000000   1.850000
 -3.552480   5.468830   0.911430   1.000000   1.000000   1.000000   1.200000
 -2.589200   6.828380   1.664740   1.000000   1.000000   1.000000   1.200000
 -3.096930   5.393580   2.678540   1.000000   1.000000   1.000000   1.200000
  0.938090   5.288780   0.610610   0.000000   0.000000   1.000000   1.540000
  1.099930   4.742050   1.477350   1.000000   1.000000   1.000000   1.200000
  1.777900   5.755330   0.300120   1.000000   1.000000   1.000000   1.200000
  0.167340   5.947690   0.817820   1.000000   1.000000   1.000000   1.200000
  0.569930   4.619050  -0.097400   1.000000   1.000000   1.000000   1.200000
  1.481450   2.355590   4.779570   0.000000   0.000000   1.000000   1.540000
  1.516790   0.637200   3.708800   1.000000   1.000000   1.000000   1.200000
  0.961150   2.933560   4.142300   1.000000   1.000000   1.000000   1.200000
  2.404800   2.722200   4.873390   1.000000   1.000000   1.000000   1.200000
  1.038790   2.378490   5.673910   1.000000   1.000000   1.000000   1.200000
 -3.579610   0.956720   3.719760   0.000000   0.000000   1.000000   1.540000
 -2.090870  -0.171650   3.721800   1.000000   1.000000   1.000000   1.200000
 -3.783410   1.111460   2.751050   1.000000   1.000000   1.000000   1.200000
 -3.188610   1.810060   4.074100   1.000000   1.000000   1.000000   1.200000
 -4.429910   0.760360   4.203190   1.000000   1.000000   1.000000   1.200000
28 bonds follow (x1 y1 z1 x2 y2 z2)
 -3.579610   0.956720   3.719760  -4.429910   0.760360   4.203190
 -3.579610   0.956720   3.719760  -3.188610   1.810060   4.074100
 -3.579610   0.956720   3.719760  -3.783410   1.111460   2.751050
 -1.191550  -0.536450   3.575330  -2.090870  -0.171650   3.721800
  1.481450   2.355590   4.779570   1.038790   2.378490   5.673910
  1.481450   2.355590   4.779570   2.404800   2.722200   4.873390
  1.481450   2.355590   4.779570   0.961150   2.933560   4.142300
  1.224630   0.008120   3.030020   1.516790   0.637200   3.708800
  0.938090   5.288780   0.610610   0.569930   4.619050  -0.097400
  0.938090   5.288780   0.610610   0.167340   5.947690   0.817820
  0.938090   5.288780   0.610610   1.777900   5.755330   0.300120
  0.938090   5.288780   0.610610   1.099930   4.742050   1.477350
 -2.755480   5.719040   1.660230  -3.096930   5.393580   2.678540
 -2.755480   5.719040   1.660230  -2.589200   6.828380   1.664740
 -2.755480   5.719040   1.660230  -3.552480   5.468830   0.911430
 -1.569200   5.094920   1.316800  -2.755480   5.719040   1.660230
 -1.214340   3.407530   1.828020  -1.569200   5.094920   1.316800
 -1.214340   3.407530   1.828020  -0.748090   3.136010   0.516630
 -1.214340   3.407530   1.828020  -2.468350   3.110830   2.350220
 -1.214340   3.407530   1.828020  -0.153300   3.851380   2.663950
 -0.260520   0.152130   2.525010  -0.656870   1.562280   2.275700
 -0.260520   0.152130   2.525010  -1.191550  -0.536450   3.575330
 -0.260520   0.152130   2.525010   1.224630   0.008120   3.030020
 -0.343210  -0.750390   1.217900  -0.260520   0.152130   2.525010
 -0.152940  -0.117630  -0.031220  -0.343210  -0.750390   1.217900
 -0.152940  -0.117630  -0.031220  -0.990660  -0.448590  -0.699750
 -0.152940  -0.117630  -0.031220  -0.167370   1.000630   0.080610
 -0.152940  -0.117630  -0.031220   0.818410  -0.475100  -0.463180
