33 atoms follow (x y z r g b radiusScale)
  0.072480  -0.131200   0.023150   0.000000   1.000000   0.000000   1.850000
  1.186120  -0.040160   0.076130   1.000000   1.000000   1.000000   1.200000
 -0.412410   0.878930  -0.045210   1.000000   1.000000   1.000000   1.200000
 -0.225690  -0.778880  -0.839160   1.000000   1.000000   1.000000   1.200000
 -0.384370  -0.788570   1.189870   1.000000   0.000000   0.000000   1.400000
 -0.317010   0.019080   2.549140   0.500000   0.500000   0.500000   1.900000
  1.143590  -0.162830   3.056540   1.000000   0.000000   0.000000   1.400000
 -1.244410  -0.731680   3.558220   1.000000   0.000000   0.000000   1.400000
 -0.635110   1.481350   2.326500   1.000000   0.000000   0.000000   1.400000
 -1.123550   3.244870   2.049880   1.000000   1.000000   0.000000   1.850000
 -0.127980   3.786090   2.824600   1.000000   0.000000   0.000000   1.400000
 -2.394920   3.131720   2.553720   1.000000   0.000000   0.000000   1.400000
 -0.922250   3.258080   0.692200   1.000000   0.000000   0.000000   1.400000
 -2.118250   5.862230   1.679580   1.000000   0.000000   0.000000   1.400000
 -3.240920   5.954200   0.805290   0.000000   1.000000   0.000000   1.850000
 -2.932170   5.975250  -0.268250   1.000000   1.000000   1.000000   1.200000
 -3.843670   6.861380   1.051980   1.000000   1.000000   1.000000   1.200000
 -3.792940   5.015590   1.061310   1.000000   1.000000   1.000000   1.200000
  1.764380   5.623150   0.034300   0.000000   0.000000   1.000000   1.540000
  1.653950   6.025630   0.943290   1.000000   1.000000   1.000000   1.200000
 -1.553410   6.724030   1.329210   1.000000   1.000000   1.000000   1.200000
  0.968100   5.861530  -0.519630   1.000000   1.000000   1.000000   1.200000
  1.789270   4.631370   0.138730   1.000000   1.000000   1.000000   1.200000
  1.686870   2.127660   4.616360   0.000000   0.000000   1.000000   1.540000
  1.535960   0.535370   3.620690   1.000000   1.000000   1.000000   1.200000
  1.412640   2.831230   3.953040   1.000000   1.000000   1.000000   1.200000
  2.663470   2.218120   4.804280   1.000000   1.000000   1.000000   1.200000
  1.181350   2.271730   5.464860   1.000000   1.000000   1.000000   1.200000
 -3.558300   0.848980   3.795200   0.000000   0.000000   1.000000   1.540000
 -2.156230  -0.417600   3.738260   1.000000   1.000000   1.000000   1.200000
 -3.794820   1.190130   2.882890   1.000000   1.000000   1.000000   1.200000
 -3.170690   1.620010   4.305660   1.000000   1.000000   1.000000   1.200000
 -4.391330   0.544560   4.254020   1.000000   1.000000   1.000000   1.200000
28 bonds follow (x1 y1 z1 x2 y2 z2)
 -3.558300   0.848980   3.795200  -4.391330   0.544560   4.254020
 -3.558300   0.848980   3.795200  -3.170690   1.620010   4.305660
 -3.558300   0.848980   3.795200  -3.794820   1.190130   2.882890
 -1.244410  -0.731680   3.558220  -2.156230  -0.417600   3.738260
  1.686870   2.127660   4.616360   1.181350   2.271730   5.464860
  1.686870   2.127660   4.616360   2.663470   2.218120   4.804280
  1.686870   2.127660   4.616360   1.412640   2.831230   3.953040
  1.143590  -0.162830   3.056540   1.535960   0.535370   3.620690
  1.764380   5.623150   0.034300   1.789270   4.631370   0.138730
  1.764380   5.623150   0.034300   0.968100   5.861530  -0.519630
 -2.118250   5.862230   1.679580  -1.553410   6.724030   1.329210
  1.764380   5.623150   0.034300   1.653950   6.025630   0.943290
 -3.240920   5.954200   0.805290  -3.792940   5.015590   1.061310
 -3.240920   5.954200   0.805290  -3.843670   6.861380   1.051980
 -3.240920   5.954200   0.805290  -2.932170   5.975250  -0.268250
 -2.118250   5.862230   1.679580  -3.240920   5.954200   0.805290
 -1.123550   3.244870   2.049880  -0.922250   3.258080   0.692200
 -1.123550   3.244870   2.049880  -2.394920   3.131720   2.553720
 -1.123550   3.244870   2.049880  -0.127980   3.786090   2.824600
 -0.635110   1.481350   2.326500  -1.123550   3.244870   2.049880
 -0.317010   0.019080   2.549140  -0.635110   1.481350   2.326500
 -0.317010   0.019080   2.549140  -1.244410  -0.731680   3.558220
 -0.317010   0.019080   2.549140   1.143590  -0.162830   3.056540
 -0.384370  -0.788570   1.189870  -0.317010   0.019080   2.549140
  0.072480  -0.131200   0.023150  -0.384370  -0.788570   1.189870
  0.072480  -0.131200   0.023150  -0.225690  -0.778880  -0.839160
  0.072480  -0.131200   0.023150  -0.412410   0.878930  -0.045210
  0.072480  -0.131200   0.023150   1.186120  -0.040160   0.076130
