33 atoms follow (x y z r g b radiusScale)
  0.413180  -0.066540   0.108220   0.000000   1.000000   0.000000   1.850000
  1.478410  -0.184020   0.432220   1.000000   1.000000   1.000000   1.200000
  0.134070   1.016750   0.023990   1.000000   1.000000   1.000000   1.200000
  0.226100  -0.610800  -0.849870   1.000000   1.000000   1.000000   1.200000
 -0.416980  -0.672080   1.086810   1.000000   0.000000   0.000000   1.400000
 -0.321260  -0.021630   2.527350   0.500000   0.500000   0.500000   1.900000
  1.180960  -0.115740   2.947790   1.000000   0.000000   0.000000   1.400000
 -1.208980  -0.840690   3.508520   1.000000   0.000000   0.000000   1.400000
 -0.739870   1.430990   2.470190   1.000000   0.000000   0.000000   1.400000
 -1.159510   3.204250   2.211340   1.000000   1.000000   0.000000   1.850000
 -0.502370   3.699790   3.307270   1.000000   0.000000   0.000000   1.400000
 -2.533220   3.057140   2.253080   1.000000   0.000000   0.000000   1.400000
 -0.468980   3.301510   1.032290   1.000000   0.000000   0.000000   1.400000
 -2.553460   6.598140   1.404060   1.000000   0.000000   0.000000   1.400000
 -3.868930   6.253960   1.022120   0.000000   1.000000   0.000000   1.850000
 -4.434730   7.186160   0.785560   1.000000   1.000000   1.000000   1.200000
 -4.404170   5.678140   1.804570   1.000000   1.000000   1.000000   1.200000
 -3.799520   5.635520   0.082250   1.000000   1.000000   1.000000   1.200000
  2.425220   4.762900  -0.262790   0.000000   0.000000   1.000000   1.540000
  2.053400   5.331260   0.473790   1.000000   1.000000   1.000000   1.200000
 -2.585640   7.253130   2.057550   1.000000   1.000000   1.000000   1.200000
  2.021960   5.070900  -1.127490   1.000000   1.000000   1.000000   1.200000
  2.118620   3.823670  -0.098310   1.000000   1.000000   1.000000   1.200000
  1.904670   2.313670   4.286390   0.000000   0.000000   1.000000   1.540000
  1.600120   0.643780   3.409610   1.000000   1.000000   1.000000   1.200000
  1.570630   2.974650   3.608420   1.000000   1.000000   1.000000   1.200000
  2.875100   2.478970   4.453640   1.000000   1.000000   1.000000   1.200000
  1.399370   2.462750   5.135300   1.000000   1.000000   1.000000   1.200000
 -3.517220   0.731970   3.751590   0.000000   0.000000   1.000000   1.540000
 -2.112740  -0.506770   3.712070   1.000000   1.000000   1.000000   1.200000
 -3.454910   1.277110   2.909630   1.000000   1.000000   1.000000   1.200000
 -3.344270   1.339130   4.526550   1.000000   1.000000   1.000000   1.200000
 -4.444670   0.370040   3.827240   1.000000   1.000000   1.000000   1.200000
28 bonds follow (x1 y1 z1 x2 y2 z2)
 -3.517220   0.731970   3.751590  -4.444670   0.370040   3.827240
 -3.517220   0.731970   3.751590  -3.344270   1.339130   4.526550
 -3.517220   0.731970   3.751590  -3.454910   1.277110   2.909630
 -1.208980  -0.840690   3.508520  -2.112740  -0.506770   3.712070
  1.904670   2.313670   4.286390   1.399370   2.462750   5.135300
  1.904670   2.313670   4.286390   2.875100   2.478970   4.453640
  1.904670   2.313670   4.286390   1.570630   2.974650   3.608420
  1.180960  -0.115740   2.947790   1.600120   0.643780   3.409610
  2.425220   4.762900  -0.262790   2.118620   3.823670  -0.098310
  2.425220   4.762900  -0.262790   2.021960   5.070900  -1.127490
 -2.553460   6.598140   1.404060  -2.585640   7.253130   2.057550
  2.425220   4.762900  -0.262790   2.053400   5.331260   0.473790
 -3.868930   6.253960   1.022120  -3.799520   5.635520   0.082250
 -3.868930   6.253960   1.022120  -4.404170   5.678140   1.804570
 -3.868930   6.253960   1.022120  -4.434730   7.186160   0.785560
 -2.553460   6.598140   1.404060  -3.868930   6.253960   1.022120
 -1.159510   3.204250   2.211340  -0.468980   3.301510   1.032290
 -1.159510   3.204250   2.211340  -2.533220   3.057140   2.253080
 -1.159510   3.204250   2.211340  -0.502370   3.699790   3.307270
 -0.739870   1.430990   2.470190  -1.159510   3.204250   2.211340
 -0.321260  -0.021630   2.527350  -0.739870   1.430990   2.470190
 -0.321260  -0.021630   2.527350  -1.208980  -0.840690   3.508520
 -0.321260  -0.021630   2.527350   1.180960  -0.115740   2.947790
 -0.416980  -0.672080   1.086810  -0.321260  -0.021630   2.527350
  0.413180  -0.066540   0.108220  -0.416980  -0.672080   1.086810
  0.413180  -0.066540   0.108220   0.226100  -0.610800  -0.849870
  0.413180  -0.066540   0.108220   0.134070   1.016750   0.023990
  0.413180  -0.066540   0.108220   1.478410  -0.184020   0.432220
