33 atoms follow (x y z r g b radiusScale)
 -0.476280  -0.258050  -0.011680   0.000000   1.000000   0.000000   1.850000
  0.420690  -0.435350  -0.662180   1.000000   1.000000   1.000000   1.200000
 -0.716160   0.838730   0.047670   1.000000   1.000000   1.000000   1.200000
 -1.342640  -0.837690  -0.426910   1.000000   1.000000   1.000000   1.200000
 -0.188430  -0.783280   1.263800   1.000000   0.000000   0.000000   1.400000
 -0.221530   0.172420   2.526280   0.500000   0.500000   0.500000   1.900000
  1.217730   0.016750   3.158800   1.000000   0.000000   0.000000   1.400000
 -1.133030  -0.593110   3.549930   1.000000   0.000000   0.000000   1.400000
 -0.681670   1.554000   2.242890   1.000000   0.000000   0.000000   1.400000
 -1.186550   3.429090   1.765580   1.000000   1.000000   0.000000   1.850000
 -0.111720   3.865730   2.588560   1.000000   0.000000   0.000000   1.400000
 -2.436770   3.043940   2.195630   1.000000   0.000000   0.000000   1.400000
 -0.723820   3.160750   0.451460   1.000000   0.000000   0.000000   1.400000
 -1.598470   5.127680   1.373480   1.000000   0.000000   0.000000   1.400000
 -2.663720   5.775140   1.980900   0.000000   1.000000   0.000000   1.850000
 -3.637280   5.379450   1.590960   1.000000   1.000000   1.000000   1.200000
 -2.587730   6.870410   1.750190   1.000000   1.000000   1.000000   1.200000
 -2.630290   5.628000   3.092840   1.000000   1.000000   1.000000   1.200000
  0.932700   5.297680   0.540110   0.000000   0.000000   1.000000   1.540000
  1.296220   4.676300   1.286700   1.000000   1.000000   1.000000   1.200000
  1.670010   5.716670  -0.007160   1.000000   1.000000   1.000000   1.200000
  0.333900   5.999060   1.000730   1.000000   1.000000   1.000000   1.200000
  0.297830   4.721350  -0.050180   1.000000   1.000000   1.000000   1.200000
  1.303400   2.455420   4.872690   0.000000   0.000000   1.000000   1.540000
  1.489130   0.676120   3.811240   1.000000   1.000000   1.000000   1.200000
  0.880500   3.047640   4.180980   1.000000   1.000000   1.000000   1.200000
  2.180920   2.844250   5.145090   1.000000   1.000000   1.000000   1.200000
  0.710570   2.417390   5.674910   1.000000   1.000000   1.000000   1.200000
 -3.531310   0.932960   3.605680   0.000000   0.000000   1.000000   1.540000
 -2.055990  -0.298130   3.660960   1.000000   1.000000   1.000000   1.200000
 -3.682240   1.283770   2.678250   1.000000   1.000000   1.000000   1.200000
 -3.164030   1.688910   4.149330   1.000000   1.000000   1.000000   1.200000
 -4.402730   0.643550   3.996330   1.000000   1.000000   1.000000   1.200000
28 bonds follow (x1 y1 z1 x2 y2 z2)
 -3.531310   0.932960   3.605680  -4.402730   0.643550   3.996330
 -3.531310   0.932960   3.605680  -3.164030   1.688910   4.149330
 -3.531310   0.932960   3.605680  -3.682240   1.283770   2.678250
 -1.133030  -0.593110   3.549930  -2.055990  -0.298130   3.660960
  1.303400   2.455420   4.872690   0.710570   2.417390   5.674910
  1.303400   2.455420   4.872690   2.180920   2.844250   5.145090
  1.303400   2.455420   4.872690   0.880500   3.047640   4.180980
  1.217730   0.016750   3.158800   1.489130   0.676120   3.811240
  0.932700   5.297680   0.540110   0.297830   4.721350  -0.050180
  0.932700   5.297680   0.540110   0.333900   5.999060   1.000730
  0.932700   5.297680   0.540110   1.670010   5.716670  -0.007160
  0.932700   5.297680   0.540110   1.296220   4.676300   1.286700
 -2.663720   5.775140   1.980900  -2.630290   5.628000   3.092840
 -2.663720   5.775140   1.980900  -2.587730   6.870410   1.750190
 -2.663720   5.775140   1.980900  -3.637280   5.379450   1.590960
 -1.598470   5.127680   1.373480  -2.663720   5.775140   1.980900
 -1.186550   3.429090   1.765580  -1.598470   5.127680   1.373480
 -1.186550   3.429090   1.765580  -0.723820   3.160750   0.451460
 -1.186550   3.429090   1.765580  -2.436770   3.043940   2.195630
 -1.186550   3.429090   1.765580  -0.111720   3.865730   2.588560
 -0.221530   0.172420   2.526280  -0.681670   1.554000   2.242890
 -0.221530   0.172420   2.526280  -1.133030  -0.593110   3.549930
 -0.221530   0.172420   2.526280   1.217730   0.016750   3.158800
 -0.188430  -0.783280   1.263800  -0.221530   0.172420   2.526280
 -0.476280  -0.258050  -0.011680  -0.188430  -0.783280   1.263800
 -0.476280  -0.258050  -0.011680  -1.342640  -0.837690  -0.426910
 -0.476280  -0.258050  -0.011680  -0.716160   0.838730   0.047670
 -0.476280  -0.258050  -0.011680   0.420690  -0.435350  -0.662180
