33 atoms follow (x y z r g b radiusScale)
 -0.236770  -0.198000  -0.041100   0.000000   1.000000   0.000000   1.850000
  0.743480  -0.458800  -0.521030   1.000000   1.000000   1.000000   1.200000
 -0.374410   0.914220   0.038740   1.000000   1.000000   1.000000   1.200000
 -1.066860  -0.647320  -0.647630   1.000000   1.000000   1.000000   1.200000
 -0.279340  -0.805250   1.233410   1.000000   0.000000   0.000000   1.400000
 -0.213760   0.147470   2.500910   0.500000   0.500000   0.500000   1.900000
  1.297480   0.125340   2.965640   1.000000   0.000000   0.000000   1.400000
 -1.108350  -0.576670   3.571040   1.000000   0.000000   0.000000   1.400000
 -0.718690   1.517350   2.234780   1.000000   0.000000   0.000000   1.400000
 -1.126910   3.423080   1.928600   1.000000   1.000000   0.000000   1.850000
  0.112510   3.750290   2.543150   1.000000   0.000000   0.000000   1.400000
 -2.299400   3.223460   2.633890   1.000000   0.000000   0.000000   1.400000
 -0.939660   3.138300   0.546090   1.000000   0.000000   0.000000   1.400000
 -1.455350   5.154590   1.570000   1.000000   0.000000   0.000000   1.400000
 -2.670730   5.759190   1.850870   0.000000   1.000000   0.000000   1.850000
 -3.046450   5.451140   2.861060   1.000000   1.000000   1.000000   1.200000
 -3.431890   5.475490   1.077090   1.000000   1.000000   1.000000   1.200000
 -2.525530   6.870900   1.832710   1.000000   1.000000   1.000000   1.200000
  0.821530   5.165150   0.253930   0.000000   0.000000   1.000000   1.540000
  1.072620   5.012460   1.254440   1.000000   1.000000   1.000000   1.200000
  1.560410   5.591880  -0.273490   1.000000   1.000000   1.000000   1.200000
 -0.046920   5.747550   0.261120   1.000000   1.000000   1.000000   1.200000
  0.550700   4.243500  -0.123950   1.000000   1.000000   1.000000   1.200000
  0.962300   2.508710   4.879900   0.000000   0.000000   1.000000   1.540000
  1.565990   0.793630   3.605650   1.000000   1.000000   1.000000   1.200000
  1.372740   3.086070   4.168630   1.000000   1.000000   1.000000   1.200000
  1.270840   2.834470   5.771970   1.000000   1.000000   1.000000   1.200000
 -0.029640   2.637260   4.826230   1.000000   1.000000   1.000000   1.200000
 -3.656600   0.894410   3.396360   0.000000   0.000000   1.000000   1.540000
 -2.042990  -0.314760   3.643360   1.000000   1.000000   1.000000   1.200000
 -3.483100   1.196790   2.456080   1.000000   1.000000   1.000000   1.200000
 -3.484800   1.686280   3.986830   1.000000   1.000000   1.000000   1.200000
 -4.618690   0.637420   3.472420   1.000000   1.000000   1.000000   1.200000
28 bonds follow (x1 y1 z1 x2 y2 z2)
 -3.656600   0.894410   3.396360  -4.618690   0.637420   3.472420
 -3.656600   0.894410   3.396360  -3.484800   1.686280   3.986830
 -3.656600   0.894410   3.396360  -3.483100   1.196790   2.456080
 -1.108350  -0.576670   3.571040  -2.042990  -0.314760   3.643360
  0.962300   2.508710   4.879900  -0.029640   2.637260   4.826230
  0.962300   2.508710   4.879900   1.270840   2.834470   5.771970
  0.962300   2.508710   4.879900   1.372740   3.086070   4.168630
  1.297480   0.125340   2.965640   1.565990   0.793630   3.605650
  0.821530   5.165150   0.253930   0.550700   4.243500  -0.123950
  0.821530   5.165150   0.253930  -0.046920   5.747550   0.261120
  0.821530   5.165150   0.253930   1.560410   5.591880  -0.273490
  0.821530   5.165150   0.253930   1.072620   5.012460   1.254440
 -2.670730   5.759190   1.850870  -2.525530   6.870900   1.832710
 -2.670730   5.759190   1.850870  -3.431890   5.475490   1.077090
 -2.670730   5.759190   1.850870  -3.046450   5.451140   2.861060
 -1.455350   5.154590   1.570000  -2.670730   5.759190   1.850870
 -1.126910   3.423080   1.928600  -1.455350   5.154590   1.570000
 -1.126910   3.423080   1.928600  -0.939660   3.138300   0.546090
 -1.126910   3.423080   1.928600  -2.299400   3.223460   2.633890
 -1.126910   3.423080   1.928600   0.112510   3.750290   2.543150
 -0.213760   0.147470   2.500910  -0.718690   1.517350   2.234780
 -0.213760   0.147470   2.500910  -1.108350  -0.576670   3.571040
 -0.213760   0.147470   2.500910   1.297480   0.125340   2.965640
 -0.279340  -0.805250   1.233410  -0.213760   0.147470   2.500910
 -0.236770  -0.198000  -0.041100  -0.279340  -0.805250   1.233410
 -0.236770  -0.198000  -0.041100  -1.066860  -0.647320  -0.647630
 -0.236770  -0.198000  -0.041100  -0.374410   0.914220   0.038740
 -0.236770  -0.198000  -0.041100   0.743480  -0.458800  -0.521030
