33 atoms follow (x y z r g b radiusScale)
 -0.558930  -0.183200   0.006870   0.000000   1.000000   0.000000   1.850000
  0.216310  -0.464990  -0.752190   1.000000   1.000000   1.000000   1.200000
 -0.649690   0.935500   0.082960   1.000000   1.000000   1.000000   1.200000
 -1.538350  -0.643040  -0.288400   1.000000   1.000000   1.000000   1.200000
 -0.156840  -0.752590   1.236150   1.000000   0.000000   0.000000   1.400000
 -0.189930   0.169180   2.528290   0.500000   0.500000   0.500000   1.900000
  1.255830   0.087070   3.151730   1.000000   0.000000   0.000000   1.400000
 -1.116650  -0.601840   3.533390   1.000000   0.000000   0.000000   1.400000
 -0.679010   1.540280   2.230600   1.000000   0.000000   0.000000   1.400000
 -1.180380   3.389490   1.790610   1.000000   1.000000   0.000000   1.850000
 -0.103690   3.832740   2.606530   1.000000   0.000000   0.000000   1.400000
 -2.426720   3.085490   2.301900   1.000000   0.000000   0.000000   1.400000
 -0.743780   3.127210   0.464450   1.000000   0.000000   0.000000   1.400000
 -1.577780   5.084280   1.312610   1.000000   0.000000   0.000000   1.400000
 -2.556740   5.795920   1.977910   0.000000   1.000000   0.000000   1.850000
 -3.562010   5.325770   1.818290   1.000000   1.000000   1.000000   1.200000
 -2.569780   6.845270   1.581800   1.000000   1.000000   1.000000   1.200000
 -2.339650   5.822990   3.079700   1.000000   1.000000   1.000000   1.200000
  0.880050   5.334260   0.457010   0.000000   0.000000   1.000000   1.540000
  0.915730   5.228920   1.485870   1.000000   1.000000   1.000000   1.200000
  1.659110   5.860450   0.091350   1.000000   1.000000   1.000000   1.200000
 -0.031450   5.778260   0.240310   1.000000   1.000000   1.000000   1.200000
  0.838720   4.371340   0.064450   1.000000   1.000000   1.000000   1.200000
  1.222970   2.409670   4.936490   0.000000   0.000000   1.000000   1.540000
  1.467360   0.697420   3.874360   1.000000   1.000000   1.000000   1.200000
  0.938420   3.011300   4.183460   1.000000   1.000000   1.000000   1.200000
  2.096350   2.729140   5.298340   1.000000   1.000000   1.000000   1.200000
  0.540270   2.459150   5.663070   1.000000   1.000000   1.000000   1.200000
 -3.584060   0.920890   3.550850   0.000000   0.000000   1.000000   1.540000
 -1.997180  -0.229240   3.722500   1.000000   1.000000   1.000000   1.200000
 -3.814790   1.078830   2.590090   1.000000   1.000000   1.000000   1.200000
 -3.292460   1.800970   3.931870   1.000000   1.000000   1.000000   1.200000
 -4.396020   0.602560   4.035950   1.000000   1.000000   1.000000   1.200000
28 bonds follow (x1 y1 z1 x2 y2 z2)
 -3.584060   0.920890   3.550850  -4.396020   0.602560   4.035950
 -3.584060   0.920890   3.550850  -3.292460   1.800970   3.931870
 -3.584060   0.920890   3.550850  -3.814790   1.078830   2.590090
 -1.116650  -0.601840   3.533390  -1.997180  -0.229240   3.722500
  1.222970   2.409670   4.936490   0.540270   2.459150   5.663070
  1.222970   2.409670   4.936490   2.096350   2.729140   5.298340
  1.222970   2.409670   4.936490   0.938420   3.011300   4.183460
  1.255830   0.087070   3.151730   1.467360   0.697420   3.874360
  0.880050   5.334260   0.457010   0.838720   4.371340   0.064450
  0.880050   5.334260   0.457010  -0.031450   5.778260   0.240310
  0.880050   5.334260   0.457010   1.659110   5.860450   0.091350
  0.880050   5.334260   0.457010   0.915730   5.228920   1.485870
 -2.556740   5.795920   1.977910  -2.339650   5.822990   3.079700
 -2.556740   5.795920   1.977910  -2.569780   6.845270   1.581800
 -2.556740   5.795920   1.977910  -3.562010   5.325770   1.818290
 -1.577780   5.084280   1.312610  -2.556740   5.795920   1.977910
 -1.180380   3.389490   1.790610  -1.577780   5.084280   1.312610
 -1.180380   3.389490   1.790610  -0.743780   3.127210   0.464450
 -1.180380   3.389490   1.790610  -2.426720   3.085490   2.301900
 -1.180380   3.389490   1.790610  -0.103690   3.832740   2.606530
 -0.189930   0.169180   2.528290  -0.679010   1.540280   2.230600
 -0.189930   0.169180   2.528290  -1.116650  -0.601840   3.533390
 -0.189930   0.169180   2.528290   1.255830   0.087070   3.151730
 -0.156840  -0.752590   1.236150  -0.189930   0.169180   2.528290
 -0.558930  -0.183200   0.006870  -0.156840  -0.752590   1.236150
 -0.558930  -0.183200   0.006870  -1.538350  -0.643040  -0.288400
 -0.558930  -0.183200   0.006870  -0.649690   0.935500   0.082960
 -0.558930  -0.183200   0.006870   0.216310  -0.464990  -0.752190
