33 atoms follow (x y z r g b radiusScale)
  0.366760  -0.141710   0.088580   0.000000   1.000000   0.000000   1.850000
  1.442830  -0.246840   0.377780   1.000000   1.000000   1.000000   1.200000
  0.084260   0.936340  -0.047450   1.000000   1.000000   1.000000   1.200000
  0.143240  -0.734340  -0.833280   1.000000   1.000000   1.000000   1.200000
 -0.429910  -0.690860   1.119840   1.000000   0.000000   0.000000   1.400000
 -0.297980   0.019740   2.523910   0.500000   0.500000   0.500000   1.900000
  1.168920  -0.142550   2.997340   1.000000   0.000000   0.000000   1.400000
 -1.183080  -0.777470   3.528230   1.000000   0.000000   0.000000   1.400000
 -0.734070   1.460390   2.434520   1.000000   0.000000   0.000000   1.400000
 -1.159480   3.208650   2.192230   1.000000   1.000000   0.000000   1.850000
 -0.441760   3.682030   3.272530   1.000000   0.000000   0.000000   1.400000
 -2.509480   3.092440   2.341160   1.000000   0.000000   0.000000   1.400000
 -0.644430   3.286090   0.917560   1.000000   0.000000   0.000000   1.400000
 -2.467910   6.444580   1.404120   1.000000   0.000000   0.000000   1.400000
 -3.770690   6.224530   0.957280   0.000000   1.000000   0.000000   1.850000
 -4.184860   7.103020   0.404910   1.000000   1.000000   1.000000   1.200000
 -4.439220   5.995760   1.839260   1.000000   1.000000   1.000000   1.200000
 -3.763500   5.324350   0.308870   1.000000   1.000000   1.000000   1.200000
  2.410120   5.017460  -0.232630   0.000000   0.000000   1.000000   1.540000
  2.026680   5.590980   0.492570   1.000000   1.000000   1.000000   1.200000
 -2.394560   7.130010   2.220540   1.000000   1.000000   1.000000   1.200000
  2.117390   5.395980  -1.111400   1.000000   1.000000   1.000000   1.200000
  2.025730   4.100440  -0.144370   1.000000   1.000000   1.000000   1.200000
  1.838910   2.186220   4.313260   0.000000   0.000000   1.000000   1.540000
  1.602230   0.593420   3.496560   1.000000   1.000000   1.000000   1.200000
  1.530900   2.897110   3.674450   1.000000   1.000000   1.000000   1.200000
  2.806220   2.324210   4.518580   1.000000   1.000000   1.000000   1.200000
  1.310240   2.278690   5.156290   1.000000   1.000000   1.000000   1.200000
 -3.530700   0.725320   3.781720   0.000000   0.000000   1.000000   1.540000
 -2.081230  -0.437080   3.737330   1.000000   1.000000   1.000000   1.200000
 -3.699040   1.272920   2.958380   1.000000   1.000000   1.000000   1.200000
 -3.325660   1.347740   4.536180   1.000000   1.000000   1.000000   1.200000
 -4.342930   0.191690   4.007480   1.000000   1.000000   1.000000   1.200000
28 bonds follow (x1 y1 z1 x2 y2 z2)
 -3.530700   0.725320   3.781720  -4.342930   0.191690   4.007480
 -3.530700   0.725320   3.781720  -3.325660   1.347740   4.536180
 -3.530700   0.725320   3.781720  -3.699040   1.272920   2.958380
 -1.183080  -0.777470   3.528230  -2.081230  -0.437080   3.737330
  1.838910   2.186220   4.313260   1.310240   2.278690   5.156290
  1.838910   2.186220   4.313260   2.806220   2.324210   4.518580
  1.838910   2.186220   4.313260   1.530900   2.897110   3.674450
  1.168920  -0.142550   2.997340   1.602230   0.593420   3.496560
  2.410120   5.017460  -0.232630   2.025730   4.100440  -0.144370
  2.410120   5.017460  -0.232630   2.117390   5.395980  -1.111400
 -2.467910   6.444580   1.404120  -2.394560   7.130010   2.220540
  2.410120   5.017460  -0.232630   2.026680   5.590980   0.492570
 -3.770690   6.224530   0.957280  -3.763500   5.324350   0.308870
 -3.770690   6.224530   0.957280  -4.439220   5.995760   1.839260
 -3.770690   6.224530   0.957280  -4.184860   7.103020   0.404910
 -2.467910   6.444580   1.404120  -3.770690   6.224530   0.957280
 -1.159480   3.208650   2.192230  -0.644430   3.286090   0.917560
 -1.159480   3.208650   2.192230  -2.509480   3.092440   2.341160
 -1.159480   3.208650   2.192230  -0.441760   3.682030   3.272530
 -0.734070   1.460390   2.434520  -1.159480   3.208650   2.192230
 -0.297980   0.019740   2.523910  -0.734070   1.460390   2.434520
 -0.297980   0.019740   2.523910  -1.183080  -0.777470   3.528230
 -0.297980   0.019740   2.523910   1.168920  -0.142550   2.997340
 -0.429910  -0.690860   1.119840  -0.297980   0.019740   2.523910
  0.366760  -0.141710   0.088580  -0.429910  -0.690860   1.119840
  0.366760  -0.141710   0.088580   0.143240  -0.734340  -0.833280
  0.366760  -0.141710   0.088580   0.084260   0.936340  -0.047450
  0.366760  -0.141710   0.088580   1.442830  -0.246840   0.377780
