33 atoms follow (x y z r g b radiusScale)
  0.010320  -0.004660  -0.012420   0.000000   1.000000   0.000000   1.850000
  1.128770  -0.008610   0.005500   1.000000   1.000000   1.000000   1.200000
 -0.395830   1.041820  -0.023020   1.000000   1.000000   1.000000   1.200000
 -0.368370  -0.591830  -0.886730   1.000000   1.000000   1.000000   1.200000
 -0.457240  -0.681140   1.141810   1.000000   0.000000   0.000000   1.400000
 -0.308360   0.062820   2.527640   0.500000   0.500000   0.500000   1.900000
  1.173860  -0.048330   3.008400   1.000000   0.000000   0.000000   1.400000
 -1.262950  -0.621810   3.557540   1.000000   0.000000   0.000000   1.400000
 -0.671710   1.514840   2.377510   1.000000   0.000000   0.000000   1.400000
 -1.099200   3.260290   2.007090   1.000000   1.000000   0.000000   1.850000
 -0.082060   3.779950   2.766140   1.000000   0.000000   0.000000   1.400000
 -2.383790   3.206870   2.518930   1.000000   0.000000   0.000000   1.400000
 -0.927420   3.095940   0.645470   1.000000   0.000000   0.000000   1.400000
 -1.722530   5.426220   1.625490   1.000000   0.000000   0.000000   1.400000
 -2.888790   5.715010   0.903200   0.000000   1.000000   0.000000   1.850000
 -2.779520   5.367050  -0.156640   1.000000   1.000000   1.000000   1.200000
 -3.063050   6.822750   0.915150   1.000000   1.000000   1.000000   1.200000
 -3.743950   5.198600   1.391260   1.000000   1.000000   1.000000   1.200000
  1.080680   5.590640   0.337020   0.000000   0.000000   1.000000   1.540000
  1.356550   5.231250   1.232870   1.000000   1.000000   1.000000   1.200000
 -0.838090   5.961080   1.315130   1.000000   1.000000   1.000000   1.200000
  0.595240   4.862680  -0.157240   1.000000   1.000000   1.000000   1.200000
  1.888080   5.878860  -0.178630   1.000000   1.000000   1.000000   1.200000
  1.626510   2.220890   4.677520   0.000000   0.000000   1.000000   1.540000
  1.495380   0.618440   3.654370   1.000000   1.000000   1.000000   1.200000
  1.251180   2.957040   4.107340   1.000000   1.000000   1.000000   1.200000
  2.600230   2.384000   4.825490   1.000000   1.000000   1.000000   1.200000
  1.162530   2.222890   5.561260   1.000000   1.000000   1.000000   1.200000
 -3.578950   0.977550   3.752100   0.000000   0.000000   1.000000   1.540000
 -2.149870  -0.220890   3.712740   1.000000   1.000000   1.000000   1.200000
 -3.866490   1.210520   2.821950   1.000000   1.000000   1.000000   1.200000
 -3.199720   1.810470   4.162470   1.000000   1.000000   1.000000   1.200000
 -4.374350   0.682690   4.277710   1.000000   1.000000   1.000000   1.200000
28 bonds follow (x1 y1 z1 x2 y2 z2)
 -3.578950   0.977550   3.752100  -4.374350   0.682690   4.277710
 -3.578950   0.977550   3.752100  -3.199720   1.810470   4.162470
 -3.578950   0.977550   3.752100  -3.866490   1.210520   2.821950
 -1.262950  -0.621810   3.557540  -2.149870  -0.220890   3.712740
  1.626510   2.220890   4.677520   1.162530   2.222890   5.561260
  1.626510   2.220890   4.677520   2.600230   2.384000   4.825490
  1.626510   2.220890   4.677520   1.251180   2.957040   4.107340
  1.173860  -0.048330   3.008400   1.495380   0.618440   3.654370
  1.080680   5.590640   0.337020   1.888080   5.878860  -0.178630
  1.080680   5.590640   0.337020   0.595240   4.862680  -0.157240
 -1.722530   5.426220   1.625490  -0.838090   5.961080   1.315130
  1.080680   5.590640   0.337020   1.356550   5.231250   1.232870
 -2.888790   5.715010   0.903200  -3.743950   5.198600   1.391260
 -2.888790   5.715010   0.903200  -3.063050   6.822750   0.915150
 -2.888790   5.715010   0.903200  -2.779520   5.367050  -0.156640
 -1.722530   5.426220   1.625490  -2.888790   5.715010   0.903200
 -1.099200   3.260290   2.007090  -0.927420   3.095940   0.645470
 -1.099200   3.260290   2.007090  -2.383790   3.206870   2.518930
 -1.099200   3.260290   2.007090  -0.082060   3.779950   2.766140
 -0.671710   1.514840   2.377510  -1.099200   3.260290   2.007090
 -0.308360   0.062820   2.527640  -0.671710   1.514840   2.377510
 -0.308360   0.062820   2.527640  -1.262950  -0.621810   3.557540
 -0.308360   0.062820   2.527640   1.173860  -0.048330   3.008400
 -0.457240  -0.681140   1.141810  -0.308360   0.062820   2.527640
  0.010320  -0.004660  -0.012420  -0.457240  -0.681140   1.141810
  0.010320  -0.004660  -0.012420  -0.368370  -0.591830  -0.886730
  0.010320  -0.004660  -0.012420  -0.395830   1.041820  -0.023020
  0.010320  -0.004660  -0.012420   1.128770  -0.008610   0.005500
