33 atoms follow (x y z r g b radiusScale)
 -0.001690   0.000820   0.002080   0.000000   1.000000   0.000000   1.850000
  1.117440   0.000030  -0.002640   1.000000   1.000000   1.000000   1.200000
 -0.404710   1.051280   0.008550   1.000000   1.000000   1.000000   1.200000
 -0.390960  -0.572600  -0.876040   1.000000   1.000000   1.000000   1.200000
 -0.443110  -0.684110   1.156020   1.000000   0.000000   0.000000   1.400000
 -0.331270   0.133700   2.515570   0.500000   0.500000   0.500000   1.900000
  1.153370  -0.069860   2.992160   1.000000   0.000000   0.000000   1.400000
 -1.240420  -0.626910   3.539980   1.000000   0.000000   0.000000   1.400000
 -0.675280   1.569640   2.366450   1.000000   0.000000   0.000000   1.400000
 -1.172670   3.439330   1.967790   1.000000   1.000000   0.000000   1.850000
 -0.008960   3.858330   2.672870   1.000000   0.000000   0.000000   1.400000
 -2.398960   3.127410   2.538470   1.000000   0.000000   0.000000   1.400000
 -0.824050   3.181920   0.610140   1.000000   0.000000   0.000000   1.400000
 -1.599710   5.130590   1.623090   1.000000   0.000000   0.000000   1.400000
 -2.740460   5.585030   0.994930   0.000000   1.000000   0.000000   1.850000
 -2.727180   5.299300  -0.092350   1.000000   1.000000   1.000000   1.200000
 -2.752860   6.705670   1.073670   1.000000   1.000000   1.000000   1.200000
 -3.664730   5.171000   1.472900   1.000000   1.000000   1.000000   1.200000
  0.834280   5.397320   0.489060   0.000000   0.000000   1.000000   1.540000
  1.111030   5.070350   1.436610   1.000000   1.000000   1.000000   1.200000
 -0.032600   5.940450   0.618620   1.000000   1.000000   1.000000   1.200000
  0.565900   4.540990  -0.036320   1.000000   1.000000   1.000000   1.200000
  1.557680   5.931900   0.030170   1.000000   1.000000   1.000000   1.200000
  1.620520   2.233500   4.686600   0.000000   0.000000   1.000000   1.540000
  1.511660   0.566070   3.634000   1.000000   1.000000   1.000000   1.200000
  1.157750   2.878720   4.070370   1.000000   1.000000   1.000000   1.200000
  2.561260   2.531570   4.831800   1.000000   1.000000   1.000000   1.200000
  1.148100   2.225160   5.565630   1.000000   1.000000   1.000000   1.200000
 -3.599430   0.956470   3.768990   0.000000   0.000000   1.000000   1.540000
 -2.132350  -0.269630   3.725310   1.000000   1.000000   1.000000   1.200000
 -3.825100   1.191320   2.821730   1.000000   1.000000   1.000000   1.200000
 -3.160300   1.764320   4.170860   1.000000   1.000000   1.000000   1.200000
 -4.443240   0.763200   4.265250   1.000000   1.000000   1.000000   1.200000
28 bonds follow (x1 y1 z1 x2 y2 z2)
 -3.599430   0.956470   3.768990  -4.443240   0.763200   4.265250
 -3.599430   0.956470   3.768990  -3.160300   1.764320   4.170860
 -3.599430   0.956470   3.768990  -3.825100   1.191320   2.821730
 -1.240420  -0.626910   3.539980  -2.132350  -0.269630   3.725310
  1.620520   2.233500   4.686600   1.148100   2.225160   5.565630
  1.620520   2.233500   4.686600   2.561260   2.531570   4.831800
  1.620520   2.233500   4.686600   1.157750   2.878720   4.070370
  1.153370  -0.069860   2.992160   1.511660   0.566070   3.634000
  0.834280   5.397320   0.489060   1.557680   5.931900   0.030170
  0.834280   5.397320   0.489060   0.565900   4.540990  -0.036320
  0.834280   5.397320   0.489060  -0.032600   5.940450   0.618620
  0.834280   5.397320   0.489060   1.111030   5.070350   1.436610
 -2.740460   5.585030   0.994930  -3.664730   5.171000   1.472900
 -2.740460   5.585030   0.994930  -2.752860   6.705670   1.073670
 -2.740460   5.585030   0.994930  -2.727180   5.299300  -0.092350
 -1.599710   5.130590   1.623090  -2.740460   5.585030   0.994930
 -1.172670   3.439330   1.967790  -1.599710   5.130590   1.623090
 -1.172670   3.439330   1.967790  -0.824050   3.181920   0.610140
 -1.172670   3.439330   1.967790  -2.398960   3.127410   2.538470
 -1.172670   3.439330   1.967790  -0.008960   3.858330   2.672870
 -0.331270   0.133700   2.515570  -0.675280   1.569640   2.366450
 -0.331270   0.133700   2.515570  -1.240420  -0.626910   3.539980
 -0.331270   0.133700   2.515570   1.153370  -0.069860   2.992160
 -0.443110  -0.684110   1.156020  -0.331270   0.133700   2.515570
 -0.001690   0.000820   0.002080  -0.443110  -0.684110   1.156020
 -0.001690   0.000820   0.002080  -0.390960  -0.572600  -0.876040
 -0.001690   0.000820   0.002080  -0.404710   1.051280   0.008550
 -0.001690   0.000820   0.002080   1.117440   0.000030  -0.002640
