33 atoms follow (x y z r g b radiusScale)
  0.420840  -0.044980   0.105470   0.000000   1.000000   0.000000   1.850000
  1.493590  -0.177220   0.394490   1.000000   1.000000   1.000000   1.200000
  0.146700   1.041200   0.039290   1.000000   1.000000   1.000000   1.200000
  0.197690  -0.574960  -0.854030   1.000000   1.000000   1.000000   1.200000
 -0.389560  -0.660550   1.091840   1.000000   0.000000   0.000000   1.400000
 -0.320830  -0.018890   2.533890   0.500000   0.500000   0.500000   1.900000
  1.188010  -0.104790   2.929190   1.000000   0.000000   0.000000   1.400000
 -1.216320  -0.872830   3.491030   1.000000   0.000000   0.000000   1.400000
 -0.742020   1.429970   2.470910   1.000000   0.000000   0.000000   1.400000
 -1.139440   3.194040   2.215810   1.000000   1.000000   0.000000   1.850000
 -0.538370   3.697430   3.346440   1.000000   0.000000   0.000000   1.400000
 -2.502610   3.042630   2.230410   1.000000   0.000000   0.000000   1.400000
 -0.437660   3.298030   1.032490   1.000000   0.000000   0.000000   1.400000
 -2.577420   6.636720   1.400920   1.000000   0.000000   0.000000   1.400000
 -3.898260   6.280120   1.036650   0.000000   1.000000   0.000000   1.850000
 -4.569210   7.155280   0.898130   1.000000   1.000000   1.000000   1.200000
 -4.302790   5.601370   1.831540   1.000000   1.000000   1.000000   1.200000
 -3.744650   5.704460   0.078800   1.000000   1.000000   1.000000   1.200000
  2.412430   4.676930  -0.264730   0.000000   0.000000   1.000000   1.540000
  2.092080   5.288520   0.455540   1.000000   1.000000   1.000000   1.200000
 -2.702090   7.203250   2.055800   1.000000   1.000000   1.000000   1.200000
  2.009900   4.989340  -1.122930   1.000000   1.000000   1.000000   1.200000
  2.061500   3.757990  -0.076180   1.000000   1.000000   1.000000   1.200000
  1.911160   2.346900   4.274150   0.000000   0.000000   1.000000   1.540000
  1.627550   0.658280   3.358650   1.000000   1.000000   1.000000   1.200000
  1.562320   2.991810   3.589400   1.000000   1.000000   1.000000   1.200000
  2.883820   2.521600   4.419790   1.000000   1.000000   1.000000   1.200000
  1.420770   2.515580   5.128490   1.000000   1.000000   1.000000   1.200000
 -3.555370   0.756450   3.746360   0.000000   0.000000   1.000000   1.540000
 -2.097310  -0.519280   3.739920   1.000000   1.000000   1.000000   1.200000
 -3.523510   1.324280   2.918960   1.000000   1.000000   1.000000   1.200000
 -3.397070   1.347190   4.536950   1.000000   1.000000   1.000000   1.200000
 -4.466410   0.354830   3.826990   1.000000   1.000000   1.000000   1.200000
28 bonds follow (x1 y1 z1 x2 y2 z2)
 -3.555370   0.756450   3.746360  -4.466410   0.354830   3.826990
 -3.555370   0.756450   3.746360  -3.397070   1.347190   4.536950
 -3.555370   0.756450   3.746360  -3.523510   1.324280   2.918960
 -1.216320  -0.872830   3.491030  -2.097310  -0.519280   3.739920
  1.911160   2.346900   4.274150   1.420770   2.515580   5.128490
  1.911160   2.346900   4.274150   2.883820   2.521600   4.419790
  1.911160   2.346900   4.274150   1.562320   2.991810   3.589400
  1.188010  -0.104790   2.929190   1.627550   0.658280   3.358650
  2.412430   4.676930  -0.264730   2.061500   3.757990  -0.076180
  2.412430   4.676930  -0.264730   2.009900   4.989340  -1.122930
 -2.577420   6.636720   1.400920  -2.702090   7.203250   2.055800
  2.412430   4.676930  -0.264730   2.092080   5.288520   0.455540
 -3.898260   6.280120   1.036650  -3.744650   5.704460   0.078800
 -3.898260   6.280120   1.036650  -4.302790   5.601370   1.831540
 -3.898260   6.280120   1.036650  -4.569210   7.155280   0.898130
 -2.577420   6.636720   1.400920  -3.898260   6.280120   1.036650
 -1.139440   3.194040   2.215810  -0.437660   3.298030   1.032490
 -1.139440   3.194040   2.215810  -2.502610   3.042630   2.230410
 -1.139440   3.194040   2.215810  -0.538370   3.697430   3.346440
 -0.742020   1.429970   2.470910  -1.139440   3.194040   2.215810
 -0.320830  -0.018890   2.533890  -0.742020   1.429970   2.470910
 -0.320830  -0.018890   2.533890  -1.216320  -0.872830   3.491030
 -0.320830  -0.018890   2.533890   1.188010  -0.104790   2.929190
 -0.389560  -0.660550   1.091840  -0.320830  -0.018890   2.533890
  0.420840  -0.044980   0.105470  -0.389560  -0.660550   1.091840
  0.420840  -0.044980   0.105470   0.197690  -0.574960  -0.854030
  0.420840  -0.044980   0.105470   0.146700   1.041200   0.039290
  0.420840  -0.044980   0.105470   1.493590  -0.177220   0.394490
