33 atoms follow (x y z r g b radiusScale)
 -0.568800  -0.160920   0.016020   0.000000   1.000000   0.000000   1.850000
  0.188870  -0.462240  -0.753380   1.000000   1.000000   1.000000   1.200000
 -0.630690   0.959050   0.091630   1.000000   1.000000   1.000000   1.200000
 -1.564500  -0.593300  -0.265640   1.000000   1.000000   1.000000   1.200000
 -0.163830  -0.744140   1.238100   1.000000   0.000000   0.000000   1.400000
 -0.173570   0.178990   2.525890   0.500000   0.500000   0.500000   1.900000
  1.273030   0.098900   3.144390   1.000000   0.000000   0.000000   1.400000
 -1.105950  -0.601800   3.514690   1.000000   0.000000   0.000000   1.400000
 -0.693440   1.535660   2.217450   1.000000   0.000000   0.000000   1.400000
 -1.172070   3.383380   1.801720   1.000000   1.000000   0.000000   1.850000
 -0.079460   3.839800   2.599020   1.000000   0.000000   0.000000   1.400000
 -2.419330   3.070180   2.320620   1.000000   0.000000   0.000000   1.400000
 -0.728940   3.117900   0.482170   1.000000   0.000000   0.000000   1.400000
 -1.586400   5.065940   1.312820   1.000000   0.000000   0.000000   1.400000
 -2.536880   5.830750   1.962640   0.000000   1.000000   0.000000   1.850000
 -3.551410   5.365670   1.858060   1.000000   1.000000   1.000000   1.200000
 -2.547880   6.853870   1.503840   1.000000   1.000000   1.000000   1.200000
 -2.289180   5.920730   3.054190   1.000000   1.000000   1.000000   1.200000
  0.850660   5.310780   0.449300   0.000000   0.000000   1.000000   1.540000
  0.857590   5.341860   1.474870   1.000000   1.000000   1.000000   1.200000
  1.579250   5.868230   0.032590   1.000000   1.000000   1.000000   1.200000
 -0.092980   5.624190   0.162090   1.000000   1.000000   1.000000   1.200000
  0.908520   4.303470   0.186100   1.000000   1.000000   1.000000   1.200000
  1.199600   2.401640   4.945460   0.000000   0.000000   1.000000   1.540000
  1.480310   0.717730   3.861990   1.000000   1.000000   1.000000   1.200000
  0.954350   3.040150   4.209210   1.000000   1.000000   1.000000   1.200000
  2.081590   2.665940   5.330170   1.000000   1.000000   1.000000   1.200000
  0.508600   2.454400   5.663650   1.000000   1.000000   1.000000   1.200000
 -3.628650   0.914280   3.550370   0.000000   0.000000   1.000000   1.540000
 -2.004610  -0.254790   3.660710   1.000000   1.000000   1.000000   1.200000
 -3.875810   1.040040   2.589320   1.000000   1.000000   1.000000   1.200000
 -3.321870   1.804440   3.894720   1.000000   1.000000   1.000000   1.200000
 -4.435450   0.622880   4.060560   1.000000   1.000000   1.000000   1.200000
28 bonds follow (x1 y1 z1 x2 y2 z2)
 -3.628650   0.914280   3.550370  -4.435450   0.622880   4.060560
 -3.628650   0.914280   3.550370  -3.321870   1.804440   3.894720
 -3.628650   0.914280   3.550370  -3.875810   1.040040   2.589320
 -1.105950  -0.601800   3.514690  -2.004610  -0.254790   3.660710
  1.199600   2.401640   4.945460   0.508600   2.454400   5.663650
  1.199600   2.401640   4.945460   2.081590   2.665940   5.330170
  1.199600   2.401640   4.945460   0.954350   3.040150   4.209210
  1.273030   0.098900   3.144390   1.480310   0.717730   3.861990
  0.850660   5.310780   0.449300   0.908520   4.303470   0.186100
  0.850660   5.310780   0.449300  -0.092980   5.624190   0.162090
  0.850660   5.310780   0.449300   1.579250   5.868230   0.032590
  0.850660   5.310780   0.449300   0.857590   5.341860   1.474870
 -2.536880   5.830750   1.962640  -2.289180   5.920730   3.054190
 -2.536880   5.830750   1.962640  -2.547880   6.853870   1.503840
 -2.536880   5.830750   1.962640  -3.551410   5.365670   1.858060
 -1.586400   5.065940   1.312820  -2.536880   5.830750   1.962640
 -1.172070   3.383380   1.801720  -1.586400   5.065940   1.312820
 -1.172070   3.383380   1.801720  -0.728940   3.117900   0.482170
 -1.172070   3.383380   1.801720  -2.419330   3.070180   2.320620
 -1.172070   3.383380   1.801720  -0.079460   3.839800   2.599020
 -0.173570   0.178990   2.525890  -0.693440   1.535660   2.217450
 -0.173570   0.178990   2.525890  -1.105950  -0.601800   3.514690
 -0.173570   0.178990   2.525890   1.273030   0.098900   3.144390
 -0.163830  -0.744140   1.238100  -0.173570   0.178990   2.525890
 -0.568800  -0.160920   0.016020  -0.163830  -0.744140   1.238100
 -0.568800  -0.160920   0.016020  -1.564500  -0.593300  -0.265640
 -0.568800  -0.160920   0.016020  -0.630690   0.959050   0.091630
 -0.568800  -0.160920   0.016020   0.188870  -0.462240  -0.753380
