33 atoms follow (x y z r g b radiusScale)
 -0.501180  -0.093670  -0.032640   0.000000   1.000000   0.000000   1.850000
  0.413140  -0.140540  -0.681560   1.000000   1.000000   1.000000   1.200000
 -0.827020   0.969630   0.120660   1.000000   1.000000   1.000000   1.200000
 -1.314230  -0.700330  -0.512020   1.000000   1.000000   1.000000   1.200000
 -0.193820  -0.712070   1.197130   1.000000   0.000000   0.000000   1.400000
 -0.179090   0.154690   2.524550   0.500000   0.500000   0.500000   1.900000
  1.293250  -0.052540   3.070490   1.000000   0.000000   0.000000   1.400000
 -1.096150  -0.601370   3.545600   1.000000   0.000000   0.000000   1.400000
 -0.586640   1.569260   2.357490   1.000000   0.000000   0.000000   1.400000
 -1.190090   3.477750   1.861030   1.000000   1.000000   0.000000   1.850000
 -0.050230   3.932090   2.571540   1.000000   0.000000   0.000000   1.400000
 -2.396470   3.135470   2.449110   1.000000   0.000000   0.000000   1.400000
 -0.840990   3.086420   0.542350   1.000000   0.000000   0.000000   1.400000
 -1.618590   5.115700   1.307010   1.000000   0.000000   0.000000   1.400000
 -2.549690   5.935730   1.921350   0.000000   1.000000   0.000000   1.850000
 -3.283500   5.335820   2.520070   1.000000   1.000000   1.000000   1.200000
 -3.098460   6.508830   1.128380   1.000000   1.000000   1.000000   1.200000
 -2.023260   6.661570   2.597650   1.000000   1.000000   1.000000   1.200000
  0.886380   5.089840   0.304880   0.000000   0.000000   1.000000   1.540000
  1.180010   4.646430   1.208730   1.000000   1.000000   1.000000   1.200000
  1.660290   5.519340  -0.173070   1.000000   1.000000   1.000000   1.200000
  0.151740   5.777800   0.544310   1.000000   1.000000   1.000000   1.200000
  0.437540   4.354920  -0.263600   1.000000   1.000000   1.000000   1.200000
  1.048350   2.439940   5.002730   0.000000   0.000000   1.000000   1.540000
  1.535650   0.466960   3.840520   1.000000   1.000000   1.000000   1.200000
  0.917220   2.935290   4.138990   1.000000   1.000000   1.000000   1.200000
  1.864290   2.795060   5.455640   1.000000   1.000000   1.000000   1.200000
  0.260250   2.618740   5.589670   1.000000   1.000000   1.000000   1.200000
 -3.547200   0.738620   3.434330   0.000000   0.000000   1.000000   1.540000
 -2.017420  -0.300630   3.673630   1.000000   1.000000   1.000000   1.200000
 -3.753880   0.828180   2.459780   1.000000   1.000000   1.000000   1.200000
 -3.118020   1.598860   3.729160   1.000000   1.000000   1.000000   1.200000
 -4.403170   0.622070   3.933580   1.000000   1.000000   1.000000   1.200000
28 bonds follow (x1 y1 z1 x2 y2 z2)
 -3.547200   0.738620   3.434330  -4.403170   0.622070   3.933580
 -3.547200   0.738620   3.434330  -3.118020   1.598860   3.729160
 -3.547200   0.738620   3.434330  -3.753880   0.828180   2.459780
 -1.096150  -0.601370   3.545600  -2.017420  -0.300630   3.673630
  1.048350   2.439940   5.002730   0.260250   2.618740   5.589670
  1.048350   2.439940   5.002730   1.864290   2.795060   5.455640
  1.048350   2.439940   5.002730   0.917220   2.935290   4.138990
  1.293250  -0.052540   3.070490   1.535650   0.466960   3.840520
  0.886380   5.089840   0.304880   0.437540   4.354920  -0.263600
  0.886380   5.089840   0.304880   0.151740   5.777800   0.544310
  0.886380   5.089840   0.304880   1.660290   5.519340  -0.173070
  0.886380   5.089840   0.304880   1.180010   4.646430   1.208730
 -2.549690   5.935730   1.921350  -2.023260   6.661570   2.597650
 -2.549690   5.935730   1.921350  -3.098460   6.508830   1.128380
 -2.549690   5.935730   1.921350  -3.283500   5.335820   2.520070
 -1.618590   5.115700   1.307010  -2.549690   5.935730   1.921350
 -1.190090   3.477750   1.861030  -1.618590   5.115700   1.307010
 -1.190090   3.477750   1.861030  -0.840990   3.086420   0.542350
 -1.190090   3.477750   1.861030  -2.396470   3.135470   2.449110
 -1.190090   3.477750   1.861030  -0.050230   3.932090   2.571540
 -0.179090   0.154690   2.524550  -0.586640   1.569260   2.357490
 -0.179090   0.154690   2.524550  -1.096150  -0.601370   3.545600
 -0.179090   0.154690   2.524550   1.293250  -0.052540   3.070490
 -0.193820  -0.712070   1.197130  -0.179090   0.154690   2.524550
 -0.501180  -0.093670  -0.032640  -0.193820  -0.712070   1.197130
 -0.501180  -0.093670  -0.032640  -1.314230  -0.700330  -0.512020
 -0.501180  -0.093670  -0.032640  -0.827020   0.969630   0.120660
 -0.501180  -0.093670  -0.032640   0.413140  -0.140540  -0.681560
