33 atoms follow (x y z r g b radiusScale)
 -0.458360  -0.076260  -0.055170   0.000000   1.000000   0.000000   1.850000
  0.486800  -0.104840  -0.658740   1.000000   1.000000   1.000000   1.200000
 -0.808960   0.981500   0.089880   1.000000   1.000000   1.000000   1.200000
 -1.237070  -0.693530  -0.575340   1.000000   1.000000   1.000000   1.200000
 -0.205610  -0.697660   1.185820   1.000000   0.000000   0.000000   1.400000
 -0.211040   0.148170   2.526180   0.500000   0.500000   0.500000   1.900000
  1.262870  -0.055160   3.062460   1.000000   0.000000   0.000000   1.400000
 -1.036810  -0.649270   3.603190   1.000000   0.000000   0.000000   1.400000
 -0.587440   1.572600   2.372930   1.000000   0.000000   0.000000   1.400000
 -1.190200   3.453390   1.860850   1.000000   1.000000   0.000000   1.850000
 -0.042200   3.945820   2.525100   1.000000   0.000000   0.000000   1.400000
 -2.377970   3.117240   2.489170   1.000000   0.000000   0.000000   1.400000
 -0.913960   3.104580   0.512880   1.000000   0.000000   0.000000   1.400000
 -1.583420   5.118530   1.361360   1.000000   0.000000   0.000000   1.400000
 -2.552990   5.946040   1.894420   0.000000   1.000000   0.000000   1.850000
 -3.210370   5.392770   2.614740   1.000000   1.000000   1.000000   1.200000
 -3.180960   6.354520   1.058270   1.000000   1.000000   1.000000   1.200000
 -2.058720   6.804130   2.426010   1.000000   1.000000   1.000000   1.200000
  0.912540   5.101410   0.294020   0.000000   0.000000   1.000000   1.540000
  1.322570   4.423690   0.944820   1.000000   1.000000   1.000000   1.200000
  1.609900   5.612230  -0.219080   1.000000   1.000000   1.000000   1.200000
  0.300310   5.716560   0.875490   1.000000   1.000000   1.000000   1.200000
  0.259350   4.569840  -0.322610   1.000000   1.000000   1.000000   1.200000
  1.042470   2.477880   5.020470   0.000000   0.000000   1.000000   1.540000
  1.420990   0.210640   3.970490   1.000000   1.000000   1.000000   1.200000
  0.936590   2.946150   4.138040   1.000000   1.000000   1.000000   1.200000
  1.808580   2.889700   5.511250   1.000000   1.000000   1.000000   1.200000
  0.212310   2.627460   5.555950   1.000000   1.000000   1.000000   1.200000
 -3.533620   0.764850   3.388200   0.000000   0.000000   1.000000   1.540000
 -1.974030  -0.425580   3.721830   1.000000   1.000000   1.000000   1.200000
 -3.812970   0.943040   2.444860   1.000000   1.000000   1.000000   1.200000
 -3.198460   1.631460   3.769580   1.000000   1.000000   1.000000   1.200000
 -4.330500   0.466290   3.909920   1.000000   1.000000   1.000000   1.200000
28 bonds follow (x1 y1 z1 x2 y2 z2)
 -3.533620   0.764850   3.388200  -4.330500   0.466290   3.909920
 -3.533620   0.764850   3.388200  -3.198460   1.631460   3.769580
 -3.533620   0.764850   3.388200  -3.812970   0.943040   2.444860
 -1.036810  -0.649270   3.603190  -1.974030  -0.425580   3.721830
  1.042470   2.477880   5.020470   0.212310   2.627460   5.555950
  1.042470   2.477880   5.020470   1.808580   2.889700   5.511250
  1.042470   2.477880   5.020470   0.936590   2.946150   4.138040
  1.262870  -0.055160   3.062460   1.420990   0.210640   3.970490
  0.912540   5.101410   0.294020   0.259350   4.569840  -0.322610
  0.912540   5.101410   0.294020   0.300310   5.716560   0.875490
  0.912540   5.101410   0.294020   1.609900   5.612230  -0.219080
  0.912540   5.101410   0.294020   1.322570   4.423690   0.944820
 -2.552990   5.946040   1.894420  -2.058720   6.804130   2.426010
 -2.552990   5.946040   1.894420  -3.180960   6.354520   1.058270
 -2.552990   5.946040   1.894420  -3.210370   5.392770   2.614740
 -1.583420   5.118530   1.361360  -2.552990   5.946040   1.894420
 -1.190200   3.453390   1.860850  -1.583420   5.118530   1.361360
 -1.190200   3.453390   1.860850  -0.913960   3.104580   0.512880
 -1.190200   3.453390   1.860850  -2.377970   3.117240   2.489170
 -1.190200   3.453390   1.860850  -0.042200   3.945820   2.525100
 -0.211040   0.148170   2.526180  -0.587440   1.572600   2.372930
 -0.211040   0.148170   2.526180  -1.036810  -0.649270   3.603190
 -0.211040   0.148170   2.526180   1.262870  -0.055160   3.062460
 -0.205610  -0.697660   1.185820  -0.211040   0.148170   2.526180
 -0.458360  -0.076260  -0.055170  -0.205610  -0.697660   1.185820
 -0.458360  -0.076260  -0.055170  -1.237070  -0.693530  -0.575340
 -0.458360  -0.076260  -0.055170  -0.808960   0.981500   0.089880
 -0.458360  -0.076260  -0.055170   0.486800  -0.104840  -0.658740
