33 atoms follow (x y z r g b radiusScale)
 -0.540100  -0.225080  -0.023080   0.000000   1.000000   0.000000   1.850000
  0.263780  -0.483680  -0.761250   1.000000   1.000000   1.000000   1.200000
 -0.678300   0.887570   0.041350   1.000000   1.000000   1.000000   1.200000
 -1.490520  -0.735450  -0.332030   1.000000   1.000000   1.000000   1.200000
 -0.139730  -0.753710   1.223420   1.000000   0.000000   0.000000   1.400000
 -0.221590   0.150330   2.530620   0.500000   0.500000   0.500000   1.900000
  1.219460   0.077560   3.147430   1.000000   0.000000   0.000000   1.400000
 -1.137300  -0.583330   3.574120   1.000000   0.000000   0.000000   1.400000
 -0.631450   1.550780   2.267770   1.000000   0.000000   0.000000   1.400000
 -1.189110   3.408690   1.766400   1.000000   1.000000   0.000000   1.850000
 -0.121340   3.845510   2.599020   1.000000   0.000000   0.000000   1.400000
 -2.447820   3.107590   2.273260   1.000000   0.000000   0.000000   1.400000
 -0.745940   3.132970   0.449910   1.000000   0.000000   0.000000   1.400000
 -1.571130   5.089780   1.338950   1.000000   0.000000   0.000000   1.400000
 -2.587790   5.763890   1.995470   0.000000   1.000000   0.000000   1.850000
 -3.580540   5.301130   1.757370   1.000000   1.000000   1.000000   1.200000
 -2.577490   6.829820   1.648240   1.000000   1.000000   1.000000   1.200000
 -2.426090   5.731980   3.105230   1.000000   1.000000   1.000000   1.200000
  0.905610   5.340540   0.475970   0.000000   0.000000   1.000000   1.540000
  0.952740   5.011750   1.467430   1.000000   1.000000   1.000000   1.200000
  1.763150   5.786010   0.186660   1.000000   1.000000   1.000000   1.200000
  0.095830   5.971920   0.417530   1.000000   1.000000   1.000000   1.200000
  0.677860   4.510220  -0.098340   1.000000   1.000000   1.000000   1.200000
  1.254520   2.425640   4.922040   0.000000   0.000000   1.000000   1.540000
  1.413500   0.670650   3.888850   1.000000   1.000000   1.000000   1.200000
  0.913430   3.005230   4.175750   1.000000   1.000000   1.000000   1.200000
  2.110200   2.803120   5.268770   1.000000   1.000000   1.000000   1.200000
  0.584690   2.420950   5.661960   1.000000   1.000000   1.000000   1.200000
 -3.528980   0.901840   3.567460   0.000000   0.000000   1.000000   1.540000
 -2.050480  -0.261900   3.713510   1.000000   1.000000   1.000000   1.200000
 -3.643160   1.095480   2.590130   1.000000   1.000000   1.000000   1.200000
 -3.163240   1.738990   3.983170   1.000000   1.000000   1.000000   1.200000
 -4.425300   0.708770   3.962260   1.000000   1.000000   1.000000   1.200000
28 bonds follow (x1 y1 z1 x2 y2 z2)
 -3.528980   0.901840   3.567460  -4.425300   0.708770   3.962260
 -3.528980   0.901840   3.567460  -3.163240   1.738990   3.983170
 -3.528980   0.901840   3.567460  -3.643160   1.095480   2.590130
 -1.137300  -0.583330   3.574120  -2.050480  -0.261900   3.713510
  1.254520   2.425640   4.922040   0.584690   2.420950   5.661960
  1.254520   2.425640   4.922040   2.110200   2.803120   5.268770
  1.254520   2.425640   4.922040   0.913430   3.005230   4.175750
  1.219460   0.077560   3.147430   1.413500   0.670650   3.888850
  0.905610   5.340540   0.475970   0.677860   4.510220  -0.098340
  0.905610   5.340540   0.475970   0.095830   5.971920   0.417530
  0.905610   5.340540   0.475970   1.763150   5.786010   0.186660
  0.905610   5.340540   0.475970   0.952740   5.011750   1.467430
 -2.587790   5.763890   1.995470  -2.426090   5.731980   3.105230
 -2.587790   5.763890   1.995470  -2.577490   6.829820   1.648240
 -2.587790   5.763890   1.995470  -3.580540   5.301130   1.757370
 -1.571130   5.089780   1.338950  -2.587790   5.763890   1.995470
 -1.189110   3.408690   1.766400  -1.571130   5.089780   1.338950
 -1.189110   3.408690   1.766400  -0.745940   3.132970   0.449910
 -1.189110   3.408690   1.766400  -2.447820   3.107590   2.273260
 -1.189110   3.408690   1.766400  -0.121340   3.845510   2.599020
 -0.221590   0.150330   2.530620  -0.631450   1.550780   2.267770
 -0.221590   0.150330   2.530620  -1.137300  -0.583330   3.574120
 -0.221590   0.150330   2.530620   1.219460   0.077560   3.147430
 -0.139730  -0.753710   1.223420  -0.221590   0.150330   2.530620
 -0.540100  -0.225080  -0.023080  -0.139730  -0.753710   1.223420
 -0.540100  -0.225080  -0.023080  -1.490520  -0.735450  -0.332030
 -0.540100  -0.225080  -0.023080  -0.678300   0.887570   0.041350
 -0.540100  -0.225080  -0.023080   0.263780  -0.483680  -0.761250
