33 atoms follow (x y z r g b radiusScale)
 -0.003310   0.001870   0.003770   0.000000   1.000000   0.000000   1.850000
  1.115760  -0.001250  -0.006300   1.000000   1.000000   1.000000   1.200000
 -0.402880   1.053530   0.014400   1.000000   1.000000   1.000000   1.200000
 -0.398310  -0.567270  -0.874580   1.000000   1.000000   1.000000   1.200000
 -0.441110  -0.685050   1.157780   1.000000   0.000000   0.000000   1.400000
 -0.332310   0.137670   2.514330   0.500000   0.500000   0.500000   1.900000
  1.150920  -0.075410   2.989860   1.000000   0.000000   0.000000   1.400000
 -1.236890  -0.628940   3.537500   1.000000   0.000000   0.000000   1.400000
 -0.670210   1.575590   2.364090   1.000000   0.000000   0.000000   1.400000
 -1.177900   3.454050   1.964200   1.000000   1.000000   0.000000   1.850000
 -0.002510   3.881150   2.651650   1.000000   0.000000   0.000000   1.400000
 -2.390090   3.100570   2.537080   1.000000   0.000000   0.000000   1.400000
 -0.812590   3.212140   0.604390   1.000000   0.000000   0.000000   1.400000
 -1.601650   5.154540   1.628340   1.000000   0.000000   0.000000   1.400000
 -2.770990   5.560780   1.009070   0.000000   1.000000   0.000000   1.850000
 -2.757620   5.265240  -0.075240   1.000000   1.000000   1.000000   1.200000
 -2.834570   6.678580   1.080620   1.000000   1.000000   1.000000   1.200000
 -3.667090   5.104720   1.504010   1.000000   1.000000   1.000000   1.200000
  0.850560   5.346020   0.505850   0.000000   0.000000   1.000000   1.540000
  0.961460   5.057060   1.506300   1.000000   1.000000   1.000000   1.200000
  0.170940   6.113640   0.488820   1.000000   1.000000   1.000000   1.200000
  0.412870   4.526580   0.022570   1.000000   1.000000   1.000000   1.200000
  1.733700   5.597630   0.089460   1.000000   1.000000   1.000000   1.200000
  1.618120   2.237290   4.686830   0.000000   0.000000   1.000000   1.540000
  1.518120   0.556200   3.629360   1.000000   1.000000   1.000000   1.200000
  1.144170   2.869130   4.065100   1.000000   1.000000   1.000000   1.200000
  2.552210   2.556700   4.830330   1.000000   1.000000   1.000000   1.200000
  1.145120   2.227860   5.565660   1.000000   1.000000   1.000000   1.200000
 -3.604610   0.950070   3.773690   0.000000   0.000000   1.000000   1.540000
 -2.130630  -0.281360   3.727290   1.000000   1.000000   1.000000   1.200000
 -3.818370   1.185640   2.823780   1.000000   1.000000   1.000000   1.200000
 -3.155090   1.751320   4.177070   1.000000   1.000000   1.000000   1.200000
 -4.456410   0.775180   4.263100   1.000000   1.000000   1.000000   1.200000
28 bonds follow (x1 y1 z1 x2 y2 z2)
 -3.604610   0.950070   3.773690  -4.456410   0.775180   4.263100
 -3.604610   0.950070   3.773690  -3.155090   1.751320   4.177070
 -3.604610   0.950070   3.773690  -3.818370   1.185640   2.823780
 -1.236890  -0.628940   3.537500  -2.130630  -0.281360   3.727290
  1.618120   2.237290   4.686830   1.145120   2.227860   5.565660
  1.618120   2.237290   4.686830   2.552210   2.556700   4.830330
  1.618120   2.237290   4.686830   1.144170   2.869130   4.065100
  1.150920  -0.075410   2.989860   1.518120   0.556200   3.629360
  0.850560   5.346020   0.505850   1.733700   5.597630   0.089460
  0.850560   5.346020   0.505850   0.412870   4.526580   0.022570
  0.850560   5.346020   0.505850   0.170940   6.113640   0.488820
  0.850560   5.346020   0.505850   0.961460   5.057060   1.506300
 -2.770990   5.560780   1.009070  -3.667090   5.104720   1.504010
 -2.770990   5.560780   1.009070  -2.834570   6.678580   1.080620
 -2.770990   5.560780   1.009070  -2.757620   5.265240  -0.075240
 -1.601650   5.154540   1.628340  -2.770990   5.560780   1.009070
 -1.177900   3.454050   1.964200  -1.601650   5.154540   1.628340
 -1.177900   3.454050   1.964200  -0.812590   3.212140   0.604390
 -1.177900   3.454050   1.964200  -2.390090   3.100570   2.537080
 -1.177900   3.454050   1.964200  -0.002510   3.881150   2.651650
 -0.332310   0.137670   2.514330  -0.670210   1.575590   2.364090
 -0.332310   0.137670   2.514330  -1.236890  -0.628940   3.537500
 -0.332310   0.137670   2.514330   1.150920  -0.075410   2.989860
 -0.441110  -0.685050   1.157780  -0.332310   0.137670   2.514330
 -0.003310   0.001870   0.003770  -0.441110  -0.685050   1.157780
 -0.003310   0.001870   0.003770  -0.398310  -0.567270  -0.874580
 -0.003310   0.001870   0.003770  -0.402880   1.053530   0.014400
 -0.003310   0.001870   0.003770   1.115760  -0.001250  -0.006300
