33 atoms follow (x y z r g b radiusScale)
  0.336220  -0.166560   0.057870   0.000000   1.000000   0.000000   1.850000
  1.427620  -0.280360   0.275070   1.000000   1.000000   1.000000   1.200000
  0.055370   0.912980  -0.060760   1.000000   1.000000   1.000000   1.200000
  0.047870  -0.759680  -0.845700   1.000000   1.000000   1.000000   1.200000
 -0.398680  -0.711310   1.137690   1.000000   0.000000   0.000000   1.400000
 -0.294280   0.011580   2.539160   0.500000   0.500000   0.500000   1.900000
  1.190960  -0.144950   2.959420   1.000000   0.000000   0.000000   1.400000
 -1.214250  -0.765890   3.542380   1.000000   0.000000   0.000000   1.400000
 -0.669260   1.464850   2.400470   1.000000   0.000000   0.000000   1.400000
 -1.179380   3.205420   2.174190   1.000000   1.000000   0.000000   1.850000
 -0.378790   3.685850   3.185840   1.000000   0.000000   0.000000   1.400000
 -2.528660   3.077430   2.418860   1.000000   0.000000   0.000000   1.400000
 -0.681880   3.303330   0.897960   1.000000   0.000000   0.000000   1.400000
 -2.414400   6.360990   1.426740   1.000000   0.000000   0.000000   1.400000
 -3.712160   6.196260   0.931810   0.000000   1.000000   0.000000   1.850000
 -3.984560   7.037070   0.250880   1.000000   1.000000   1.000000   1.200000
 -4.454800   6.155770   1.768980   1.000000   1.000000   1.000000   1.200000
 -3.761810   5.222520   0.388620   1.000000   1.000000   1.000000   1.200000
  2.367040   5.139060  -0.206550   0.000000   0.000000   1.000000   1.540000
  2.085050   5.774100   0.507810   1.000000   1.000000   1.000000   1.200000
 -2.337770   7.074580   2.062320   1.000000   1.000000   1.000000   1.200000
  2.209880   5.571140  -1.090350   1.000000   1.000000   1.000000   1.200000
  1.810520   4.308490  -0.147810   1.000000   1.000000   1.000000   1.200000
  1.821240   2.167960   4.366850   0.000000   0.000000   1.000000   1.540000
  1.595240   0.557100   3.525600   1.000000   1.000000   1.000000   1.200000
  1.519540   2.880550   3.727540   1.000000   1.000000   1.000000   1.200000
  2.782790   2.313920   4.593200   1.000000   1.000000   1.000000   1.200000
  1.276230   2.245420   5.200770   1.000000   1.000000   1.000000   1.200000
 -3.605300   0.753310   3.827390   0.000000   0.000000   1.000000   1.540000
 -2.123730  -0.454210   3.731310   1.000000   1.000000   1.000000   1.200000
 -3.628590   1.214920   2.936690   1.000000   1.000000   1.000000   1.200000
 -3.421670   1.447010   4.523970   1.000000   1.000000   1.000000   1.200000
 -4.499500   0.345960   4.006270   1.000000   1.000000   1.000000   1.200000
28 bonds follow (x1 y1 z1 x2 y2 z2)
 -3.605300   0.753310   3.827390  -4.499500   0.345960   4.006270
 -3.605300   0.753310   3.827390  -3.421670   1.447010   4.523970
 -3.605300   0.753310   3.827390  -3.628590   1.214920   2.936690
 -1.214250  -0.765890   3.542380  -2.123730  -0.454210   3.731310
  1.821240   2.167960   4.366850   1.276230   2.245420   5.200770
  1.821240   2.167960   4.366850   2.782790   2.313920   4.593200
  1.821240   2.167960   4.366850   1.519540   2.880550   3.727540
  1.190960  -0.144950   2.959420   1.595240   0.557100   3.525600
  2.367040   5.139060  -0.206550   1.810520   4.308490  -0.147810
  2.367040   5.139060  -0.206550   2.209880   5.571140  -1.090350
 -2.414400   6.360990   1.426740  -2.337770   7.074580   2.062320
  2.367040   5.139060  -0.206550   2.085050   5.774100   0.507810
 -3.712160   6.196260   0.931810  -3.761810   5.222520   0.388620
 -3.712160   6.196260   0.931810  -4.454800   6.155770   1.768980
 -3.712160   6.196260   0.931810  -3.984560   7.037070   0.250880
 -2.414400   6.360990   1.426740  -3.712160   6.196260   0.931810
 -1.179380   3.205420   2.174190  -0.681880   3.303330   0.897960
 -1.179380   3.205420   2.174190  -2.528660   3.077430   2.418860
 -1.179380   3.205420   2.174190  -0.378790   3.685850   3.185840
 -0.669260   1.464850   2.400470  -1.179380   3.205420   2.174190
 -0.294280   0.011580   2.539160  -0.669260   1.464850   2.400470
 -0.294280   0.011580   2.539160  -1.214250  -0.765890   3.542380
 -0.294280   0.011580   2.539160   1.190960  -0.144950   2.959420
 -0.398680  -0.711310   1.137690  -0.294280   0.011580   2.539160
  0.336220  -0.166560   0.057870  -0.398680  -0.711310   1.137690
  0.336220  -0.166560   0.057870   0.047870  -0.759680  -0.845700
  0.336220  -0.166560   0.057870   0.055370   0.912980  -0.060760
  0.336220  -0.166560   0.057870   1.427620  -0.280360   0.275070
