33 atoms follow (x y z r g b radiusScale)
 -0.137900  -0.109380  -0.025330   0.000000   1.000000   0.000000   1.850000
  0.845630  -0.455120  -0.438550   1.000000   1.000000   1.000000   1.200000
 -0.163080   1.008380   0.095260   1.000000   1.000000   1.000000   1.200000
 -0.957110  -0.439400  -0.716190   1.000000   1.000000   1.000000   1.200000
 -0.353290  -0.753790   1.214420   1.000000   0.000000   0.000000   1.400000
 -0.272270   0.145690   2.527060   0.500000   0.500000   0.500000   1.900000
  1.214960   0.011090   3.019450   1.000000   0.000000   0.000000   1.400000
 -1.187150  -0.566020   3.579630   1.000000   0.000000   0.000000   1.400000
 -0.654550   1.560640   2.296450   1.000000   0.000000   0.000000   1.400000
 -1.216700   3.415640   1.837030   1.000000   1.000000   0.000000   1.850000
 -0.156280   3.878640   2.664910   1.000000   0.000000   0.000000   1.400000
 -2.473910   3.096570   2.338310   1.000000   0.000000   0.000000   1.400000
 -0.752400   3.144710   0.521970   1.000000   0.000000   0.000000   1.400000
 -1.562320   5.100110   1.341120   1.000000   0.000000   0.000000   1.400000
 -2.759480   5.718550   1.638540   0.000000   1.000000   0.000000   1.850000
 -3.528580   5.459170   0.863560   1.000000   1.000000   1.000000   1.200000
 -2.600750   6.829190   1.641390   1.000000   1.000000   1.000000   1.200000
 -3.134820   5.394330   2.644990   1.000000   1.000000   1.000000   1.200000
  0.945530   5.289630   0.586390   0.000000   0.000000   1.000000   1.540000
  1.082010   4.847180   1.525860   1.000000   1.000000   1.000000   1.200000
  1.755490   5.807210   0.287890   1.000000   1.000000   1.000000   1.200000
  0.108000   5.907510   0.680390   1.000000   1.000000   1.000000   1.200000
  0.680660   4.533620  -0.063270   1.000000   1.000000   1.000000   1.200000
  1.487750   2.350780   4.771180   0.000000   0.000000   1.000000   1.540000
  1.497840   0.566560   3.760440   1.000000   1.000000   1.000000   1.200000
  0.981020   2.969600   4.162770   1.000000   1.000000   1.000000   1.200000
  2.424610   2.678740   4.870980   1.000000   1.000000   1.000000   1.200000
  1.054360   2.344870   5.670080   1.000000   1.000000   1.000000   1.200000
 -3.559320   0.961730   3.713370   0.000000   0.000000   1.000000   1.540000
 -2.087170  -0.209840   3.735870   1.000000   1.000000   1.000000   1.200000
 -3.777420   1.098690   2.745220   1.000000   1.000000   1.000000   1.200000
 -3.181890   1.827240   4.052130   1.000000   1.000000   1.000000   1.200000
 -4.399810   0.754170   4.209250   1.000000   1.000000   1.000000   1.200000
28 bonds follow (x1 y1 z1 x2 y2 z2)
 -3.559320   0.961730   3.713370  -4.399810   0.754170   4.209250
 -3.559320   0.961730   3.713370  -3.181890   1.827240   4.052130
 -3.559320   0.961730   3.713370  -3.777420   1.098690   2.745220
 -1.187150  -0.566020   3.579630  -2.087170  -0.209840   3.735870
  1.487750   2.350780   4.771180   1.054360   2.344870   5.670080
  1.487750   2.350780   4.771180   2.424610   2.678740   4.870980
  1.487750   2.350780   4.771180   0.981020   2.969600   4.162770
  1.214960   0.011090   3.019450   1.497840   0.566560   3.760440
  0.945530   5.289630   0.586390   0.680660   4.533620  -0.063270
  0.945530   5.289630   0.586390   0.108000   5.907510   0.680390
  0.945530   5.289630   0.586390   1.755490   5.807210   0.287890
  0.945530   5.289630   0.586390   1.082010   4.847180   1.525860
 -2.759480   5.718550   1.638540  -3.134820   5.394330   2.644990
 -2.759480   5.718550   1.638540  -2.600750   6.829190   1.641390
 -2.759480   5.718550   1.638540  -3.528580   5.459170   0.863560
 -1.562320   5.100110   1.341120  -2.759480   5.718550   1.638540
 -1.216700   3.415640   1.837030  -1.562320   5.100110   1.341120
 -1.216700   3.415640   1.837030  -0.752400   3.144710   0.521970
 -1.216700   3.415640   1.837030  -2.473910   3.096570   2.338310
 -1.216700   3.415640   1.837030  -0.156280   3.878640   2.664910
 -0.272270   0.145690   2.527060  -0.654550   1.560640   2.296450
 -0.272270   0.145690   2.527060  -1.187150  -0.566020   3.579630
 -0.272270   0.145690   2.527060   1.214960   0.011090   3.019450
 -0.353290  -0.753790   1.214420  -0.272270   0.145690   2.527060
 -0.137900  -0.109380  -0.025330  -0.353290  -0.753790   1.214420
 -0.137900  -0.109380  -0.025330  -0.957110  -0.439400  -0.716190
 -0.137900  -0.109380  -0.025330  -0.163080   1.008380   0.095260
 -0.137900  -0.109380  -0.025330   0.845630  -0.455120  -0.438550
