33 atoms follow (x y z r g b radiusScale)
 -0.007220   0.004730  -0.003960   0.000000   1.000000   0.000000   1.850000
  1.111690  -0.010980  -0.022880   1.000000   1.000000   1.000000   1.200000
 -0.396960   1.060090   0.006240   1.000000   1.000000   1.000000   1.200000
 -0.414420  -0.562950  -0.877850   1.000000   1.000000   1.000000   1.200000
 -0.444540  -0.674410   1.154280   1.000000   0.000000   0.000000   1.400000
 -0.328610   0.148090   2.511050   0.500000   0.500000   0.500000   1.900000
  1.153880  -0.086840   2.985790   1.000000   0.000000   0.000000   1.400000
 -1.230730  -0.625610   3.533070   1.000000   0.000000   0.000000   1.400000
 -0.627830   1.590390   2.346570   1.000000   0.000000   0.000000   1.400000
 -1.172640   3.482410   1.956250   1.000000   1.000000   0.000000   1.850000
 -0.036250   3.882350   2.716200   1.000000   0.000000   0.000000   1.400000
 -2.382700   3.122770   2.515310   1.000000   0.000000   0.000000   1.400000
 -0.887690   3.199600   0.588410   1.000000   0.000000   0.000000   1.400000
 -1.555990   5.176410   1.571860   1.000000   0.000000   0.000000   1.400000
 -2.811590   5.483220   1.066050   0.000000   1.000000   0.000000   1.850000
 -2.866100   5.198980  -0.019110   1.000000   1.000000   1.000000   1.200000
 -2.973840   6.587350   1.166780   1.000000   1.000000   1.000000   1.200000
 -3.612380   4.937760   1.630460   1.000000   1.000000   1.000000   1.200000
  0.911610   5.301760   0.523060   0.000000   0.000000   1.000000   1.540000
  0.840570   5.122480   1.550610   1.000000   1.000000   1.000000   1.200000
  0.550760   6.227170   0.331000   1.000000   1.000000   1.000000   1.200000
  0.286710   4.596230   0.067160   1.000000   1.000000   1.000000   1.200000
  1.867520   5.209030   0.201440   1.000000   1.000000   1.000000   1.200000
  1.603330   2.257810   4.682540   0.000000   0.000000   1.000000   1.540000
  1.519330   0.533470   3.634880   1.000000   1.000000   1.000000   1.200000
  1.121890   2.892550   4.071470   1.000000   1.000000   1.000000   1.200000
  2.540150   2.574190   4.814440   1.000000   1.000000   1.000000   1.200000
  1.143200   2.246150   5.568140   1.000000   1.000000   1.000000   1.200000
 -3.621800   0.929470   3.788700   0.000000   0.000000   1.000000   1.540000
 -2.134910  -0.301920   3.707220   1.000000   1.000000   1.000000   1.200000
 -3.828330   1.182900   2.841680   1.000000   1.000000   1.000000   1.200000
 -3.176780   1.723100   4.210680   1.000000   1.000000   1.000000   1.200000
 -4.476770   0.742500   4.268120   1.000000   1.000000   1.000000   1.200000
28 bonds follow (x1 y1 z1 x2 y2 z2)
 -3.621800   0.929470   3.788700  -4.476770   0.742500   4.268120
 -3.621800   0.929470   3.788700  -3.176780   1.723100   4.210680
 -3.621800   0.929470   3.788700  -3.828330   1.182900   2.841680
 -1.230730  -0.625610   3.533070  -2.134910  -0.301920   3.707220
  1.603330   2.257810   4.682540   1.143200   2.246150   5.568140
  1.603330   2.257810   4.682540   2.540150   2.574190   4.814440
  1.603330   2.257810   4.682540   1.121890   2.892550   4.071470
  1.153880  -0.086840   2.985790   1.519330   0.533470   3.634880
  0.911610   5.301760   0.523060   1.867520   5.209030   0.201440
  0.911610   5.301760   0.523060   0.286710   4.596230   0.067160
  0.911610   5.301760   0.523060   0.550760   6.227170   0.331000
  0.911610   5.301760   0.523060   0.840570   5.122480   1.550610
 -2.811590   5.483220   1.066050  -3.612380   4.937760   1.630460
 -2.811590   5.483220   1.066050  -2.973840   6.587350   1.166780
 -2.811590   5.483220   1.066050  -2.866100   5.198980  -0.019110
 -1.555990   5.176410   1.571860  -2.811590   5.483220   1.066050
 -1.172640   3.482410   1.956250  -1.555990   5.176410   1.571860
 -1.172640   3.482410   1.956250  -0.887690   3.199600   0.588410
 -1.172640   3.482410   1.956250  -2.382700   3.122770   2.515310
 -1.172640   3.482410   1.956250  -0.036250   3.882350   2.716200
 -0.328610   0.148090   2.511050  -0.627830   1.590390   2.346570
 -0.328610   0.148090   2.511050  -1.230730  -0.625610   3.533070
 -0.328610   0.148090   2.511050   1.153880  -0.086840   2.985790
 -0.444540  -0.674410   1.154280  -0.328610   0.148090   2.511050
 -0.007220   0.004730  -0.003960  -0.444540  -0.674410   1.154280
 -0.007220   0.004730  -0.003960  -0.414420  -0.562950  -0.877850
 -0.007220   0.004730  -0.003960  -0.396960   1.060090   0.006240
 -0.007220   0.004730  -0.003960   1.111690  -0.010980  -0.022880
