33 atoms follow (x y z r g b radiusScale)
 -0.472830  -0.084380  -0.054310   0.000000   1.000000   0.000000   1.850000
  0.461100  -0.102430  -0.675900   1.000000   1.000000   1.000000   1.200000
 -0.825770   0.969940   0.102480   1.000000   1.000000   1.000000   1.200000
 -1.257260  -0.700600  -0.566910   1.000000   1.000000   1.000000   1.200000
 -0.194870  -0.707420   1.182090   1.000000   0.000000   0.000000   1.400000
 -0.204490   0.149460   2.526610   0.500000   0.500000   0.500000   1.900000
  1.260470  -0.056250   3.062860   1.000000   0.000000   0.000000   1.400000
 -1.054470  -0.629360   3.592510   1.000000   0.000000   0.000000   1.400000
 -0.585790   1.571520   2.382610   1.000000   0.000000   0.000000   1.400000
 -1.192670   3.457240   1.864420   1.000000   1.000000   0.000000   1.850000
 -0.044690   3.957560   2.529550   1.000000   0.000000   0.000000   1.400000
 -2.381840   3.108450   2.473110   1.000000   0.000000   0.000000   1.400000
 -0.896330   3.110050   0.525550   1.000000   0.000000   0.000000   1.400000
 -1.595020   5.121130   1.343060   1.000000   0.000000   0.000000   1.400000
 -2.549560   5.944400   1.901430   0.000000   1.000000   0.000000   1.850000
 -3.230040   5.372090   2.585750   1.000000   1.000000   1.000000   1.200000
 -3.157970   6.406350   1.078600   1.000000   1.000000   1.000000   1.200000
 -2.047210   6.764770   2.482870   1.000000   1.000000   1.000000   1.200000
  0.905340   5.092450   0.298280   0.000000   0.000000   1.000000   1.540000
  1.273200   4.464610   1.036120   1.000000   1.000000   1.000000   1.200000
  1.634910   5.572770  -0.199520   1.000000   1.000000   1.000000   1.200000
  0.259840   5.752650   0.787170   1.000000   1.000000   1.000000   1.200000
  0.316520   4.515280  -0.323140   1.000000   1.000000   1.000000   1.200000
  1.043720   2.462930   5.018920   0.000000   0.000000   1.000000   1.540000
  1.475870   0.303440   3.925240   1.000000   1.000000   1.000000   1.200000
  0.938510   2.923780   4.132240   1.000000   1.000000   1.000000   1.200000
  1.833170   2.853950   5.489590   1.000000   1.000000   1.000000   1.200000
  0.229250   2.652860   5.565710   1.000000   1.000000   1.000000   1.200000
 -3.523580   0.760350   3.396990   0.000000   0.000000   1.000000   1.540000
 -1.995730  -0.404550   3.697870   1.000000   1.000000   1.000000   1.200000
 -3.789480   0.886840   2.441580   1.000000   1.000000   1.000000   1.200000
 -3.160380   1.636420   3.728130   1.000000   1.000000   1.000000   1.200000
 -4.334760   0.526270   3.929350   1.000000   1.000000   1.000000   1.200000
28 bonds follow (x1 y1 z1 x2 y2 z2)
 -3.523580   0.760350   3.396990  -4.334760   0.526270   3.929350
 -3.523580   0.760350   3.396990  -3.160380   1.636420   3.728130
 -3.523580   0.760350   3.396990  -3.789480   0.886840   2.441580
 -1.054470  -0.629360   3.592510  -1.995730  -0.404550   3.697870
  1.043720   2.462930   5.018920   0.229250   2.652860   5.565710
  1.043720   2.462930   5.018920   1.833170   2.853950   5.489590
  1.043720   2.462930   5.018920   0.938510   2.923780   4.132240
  1.260470  -0.056250   3.062860   1.475870   0.303440   3.925240
  0.905340   5.092450   0.298280   0.316520   4.515280  -0.323140
  0.905340   5.092450   0.298280   0.259840   5.752650   0.787170
  0.905340   5.092450   0.298280   1.634910   5.572770  -0.199520
  0.905340   5.092450   0.298280   1.273200   4.464610   1.036120
 -2.549560   5.944400   1.901430  -2.047210   6.764770   2.482870
 -2.549560   5.944400   1.901430  -3.157970   6.406350   1.078600
 -2.549560   5.944400   1.901430  -3.230040   5.372090   2.585750
 -1.595020   5.121130   1.343060  -2.549560   5.944400   1.901430
 -1.192670   3.457240   1.864420  -1.595020   5.121130   1.343060
 -1.192670   3.457240   1.864420  -0.896330   3.110050   0.525550
 -1.192670   3.457240   1.864420  -2.381840   3.108450   2.473110
 -1.192670   3.457240   1.864420  -0.044690   3.957560   2.529550
 -0.204490   0.149460   2.526610  -0.585790   1.571520   2.382610
 -0.204490   0.149460   2.526610  -1.054470  -0.629360   3.592510
 -0.204490   0.149460   2.526610   1.260470  -0.056250   3.062860
 -0.194870  -0.707420   1.182090  -0.204490   0.149460   2.526610
 -0.472830  -0.084380  -0.054310  -0.194870  -0.707420   1.182090
 -0.472830  -0.084380  -0.054310  -1.257260  -0.700600  -0.566910
 -0.472830  -0.084380  -0.054310  -0.825770   0.969940   0.102480
 -0.472830  -0.084380  -0.054310   0.461100  -0.102430  -0.675900
