33 atoms follow (x y z r g b radiusScale)
 -0.008710   0.005510  -0.007430   0.000000   1.000000   0.000000   1.850000
  1.110140  -0.013010  -0.027010   1.000000   1.000000   1.000000   1.200000
 -0.396330   1.061540   0.001530   1.000000   1.000000   1.000000   1.200000
 -0.417510  -0.563000  -0.880070   1.000000   1.000000   1.000000   1.200000
 -0.446980  -0.670870   1.152080   1.000000   0.000000   0.000000   1.400000
 -0.325810   0.150140   2.509400   0.500000   0.500000   0.500000   1.900000
  1.155710  -0.088750   2.985920   1.000000   0.000000   0.000000   1.400000
 -1.229940  -0.621870   3.531730   1.000000   0.000000   0.000000   1.400000
 -0.615060   1.594150   2.342210   1.000000   0.000000   0.000000   1.400000
 -1.177270   3.481190   1.957850   1.000000   1.000000   0.000000   1.850000
 -0.046170   3.879520   2.727270   1.000000   0.000000   0.000000   1.400000
 -2.395280   3.137730   2.518440   1.000000   0.000000   0.000000   1.400000
 -0.896970   3.191560   0.588900   1.000000   0.000000   0.000000   1.400000
 -1.547050   5.168540   1.553140   1.000000   0.000000   0.000000   1.400000
 -2.814410   5.468770   1.081940   0.000000   1.000000   0.000000   1.850000
 -2.895430   5.193600  -0.003970   1.000000   1.000000   1.000000   1.200000
 -2.983680   6.570580   1.195470   1.000000   1.000000   1.000000   1.200000
 -3.600880   4.915690   1.659610   1.000000   1.000000   1.000000   1.200000
  0.935690   5.305950   0.519300   0.000000   0.000000   1.000000   1.540000
  0.840550   5.148090   1.548890   1.000000   1.000000   1.000000   1.200000
  0.606790   6.243700   0.309550   1.000000   1.000000   1.000000   1.200000
  0.282120   4.618620   0.072120   1.000000   1.000000   1.000000   1.200000
  1.885280   5.163720   0.212340   1.000000   1.000000   1.000000   1.200000
  1.600180   2.262120   4.682790   0.000000   0.000000   1.000000   1.540000
  1.520120   0.531710   3.635400   1.000000   1.000000   1.000000   1.200000
  1.117600   2.896570   4.072500   1.000000   1.000000   1.000000   1.200000
  2.537830   2.577580   4.811030   1.000000   1.000000   1.000000   1.200000
  1.143150   2.252140   5.570000   1.000000   1.000000   1.000000   1.200000
 -3.624310   0.926780   3.790360   0.000000   0.000000   1.000000   1.540000
 -2.135310  -0.299850   3.702620   1.000000   1.000000   1.000000   1.200000
 -3.836490   1.186120   2.846210   1.000000   1.000000   1.000000   1.200000
 -3.186680   1.721300   4.218250   1.000000   1.000000   1.000000   1.200000
 -4.475640   0.725860   4.270780   1.000000   1.000000   1.000000   1.200000
28 bonds follow (x1 y1 z1 x2 y2 z2)
 -3.624310   0.926780   3.790360  -4.475640   0.725860   4.270780
 -3.624310   0.926780   3.790360  -3.186680   1.721300   4.218250
 -3.624310   0.926780   3.790360  -3.836490   1.186120   2.846210
 -1.229940  -0.621870   3.531730  -2.135310  -0.299850   3.702620
  1.600180   2.262120   4.682790   1.143150   2.252140   5.570000
  1.600180   2.262120   4.682790   2.537830   2.577580   4.811030
  1.600180   2.262120   4.682790   1.117600   2.896570   4.072500
  1.155710  -0.088750   2.985920   1.520120   0.531710   3.635400
  0.935690   5.305950   0.519300   1.885280   5.163720   0.212340
  0.935690   5.305950   0.519300   0.282120   4.618620   0.072120
  0.935690   5.305950   0.519300   0.606790   6.243700   0.309550
  0.935690   5.305950   0.519300   0.840550   5.148090   1.548890
 -2.814410   5.468770   1.081940  -3.600880   4.915690   1.659610
 -2.814410   5.468770   1.081940  -2.983680   6.570580   1.195470
 -2.814410   5.468770   1.081940  -2.895430   5.193600  -0.003970
 -1.547050   5.168540   1.553140  -2.814410   5.468770   1.081940
 -1.177270   3.481190   1.957850  -1.547050   5.168540   1.553140
 -1.177270   3.481190   1.957850  -0.896970   3.191560   0.588900
 -1.177270   3.481190   1.957850  -2.395280   3.137730   2.518440
 -1.177270   3.481190   1.957850  -0.046170   3.879520   2.727270
 -0.325810   0.150140   2.509400  -0.615060   1.594150   2.342210
 -0.325810   0.150140   2.509400  -1.229940  -0.621870   3.531730
 -0.325810   0.150140   2.509400   1.155710  -0.088750   2.985920
 -0.446980  -0.670870   1.152080  -0.325810   0.150140   2.509400
 -0.008710   0.005510  -0.007430  -0.446980  -0.670870   1.152080
 -0.008710   0.005510  -0.007430  -0.417510  -0.563000  -0.880070
 -0.008710   0.005510  -0.007430  -0.396330   1.061540   0.001530
 -0.008710   0.005510  -0.007430   1.110140  -0.013010  -0.027010
