33 atoms follow (x y z r g b radiusScale)
 -0.036510   0.033400  -0.041960   0.000000   1.000000   0.000000   1.850000
  1.077360  -0.019520  -0.140900   1.000000   1.000000   1.000000   1.200000
 -0.393260   1.098080  -0.005050   1.000000   1.000000   1.000000   1.200000
 -0.516380  -0.520750  -0.888550   1.000000   1.000000   1.000000   1.200000
 -0.423470  -0.642030   1.137680   1.000000   0.000000   0.000000   1.400000
 -0.322530   0.147610   2.510060   0.500000   0.500000   0.500000   1.900000
  1.177160  -0.053970   2.935320   1.000000   0.000000   0.000000   1.400000
 -1.226250  -0.605060   3.543730   1.000000   0.000000   0.000000   1.400000
 -0.637280   1.598420   2.416480   1.000000   0.000000   0.000000   1.400000
 -1.170300   3.416440   1.954150   1.000000   1.000000   0.000000   1.850000
 -0.073780   3.927290   2.701430   1.000000   0.000000   0.000000   1.400000
 -2.399650   3.123380   2.519540   1.000000   0.000000   0.000000   1.400000
 -0.770270   3.106680   0.621440   1.000000   0.000000   0.000000   1.400000
 -1.610030   5.066490   1.387020   1.000000   0.000000   0.000000   1.400000
 -2.847390   5.649910   1.207050   0.000000   1.000000   0.000000   1.850000
 -3.242110   5.416110   0.181670   1.000000   1.000000   1.000000   1.200000
 -2.730380   6.763160   1.301280   1.000000   1.000000   1.000000   1.200000
 -3.581050   5.289230   1.973860   1.000000   1.000000   1.000000   1.200000
  0.930290   5.251050   0.564770   0.000000   0.000000   1.000000   1.540000
  0.744600   5.260020   1.592760   1.000000   1.000000   1.000000   1.200000
  1.063330   6.195640   0.215690   1.000000   1.000000   1.000000   1.200000
  0.073350   4.819290   0.137270   1.000000   1.000000   1.000000   1.200000
  1.732410   4.673640   0.367690   1.000000   1.000000   1.000000   1.200000
  1.569490   2.294780   4.700990   0.000000   0.000000   1.000000   1.540000
  1.537340   0.535650   3.613450   1.000000   1.000000   1.000000   1.200000
  1.052650   2.908500   4.096290   1.000000   1.000000   1.000000   1.200000
  2.489400   2.659440   4.828310   1.000000   1.000000   1.000000   1.200000
  1.117220   2.257020   5.590090   1.000000   1.000000   1.000000   1.200000
 -3.607420   0.941660   3.768680   0.000000   0.000000   1.000000   1.540000
 -2.114110  -0.246140   3.747910   1.000000   1.000000   1.000000   1.200000
 -3.803780   1.153320   2.809240   1.000000   1.000000   1.000000   1.200000
 -3.176100   1.757980   4.162580   1.000000   1.000000   1.000000   1.200000
 -4.468760   0.769430   4.242370   1.000000   1.000000   1.000000   1.200000
28 bonds follow (x1 y1 z1 x2 y2 z2)
 -3.607420   0.941660   3.768680  -4.468760   0.769430   4.242370
 -3.607420   0.941660   3.768680  -3.176100   1.757980   4.162580
 -3.607420   0.941660   3.768680  -3.803780   1.153320   2.809240
 -1.226250  -0.605060   3.543730  -2.114110  -0.246140   3.747910
  1.569490   2.294780   4.700990   1.117220   2.257020   5.590090
  1.569490   2.294780   4.700990   2.489400   2.659440   4.828310
  1.569490   2.294780   4.700990   1.052650   2.908500   4.096290
  1.177160  -0.053970   2.935320   1.537340   0.535650   3.613450
  0.930290   5.251050   0.564770   1.732410   4.673640   0.367690
  0.930290   5.251050   0.564770   0.073350   4.819290   0.137270
  0.930290   5.251050   0.564770   1.063330   6.195640   0.215690
  0.930290   5.251050   0.564770   0.744600   5.260020   1.592760
 -2.847390   5.649910   1.207050  -3.581050   5.289230   1.973860
 -2.847390   5.649910   1.207050  -2.730380   6.763160   1.301280
 -2.847390   5.649910   1.207050  -3.242110   5.416110   0.181670
 -1.610030   5.066490   1.387020  -2.847390   5.649910   1.207050
 -1.170300   3.416440   1.954150  -1.610030   5.066490   1.387020
 -1.170300   3.416440   1.954150  -0.770270   3.106680   0.621440
 -1.170300   3.416440   1.954150  -2.399650   3.123380   2.519540
 -1.170300   3.416440   1.954150  -0.073780   3.927290   2.701430
 -0.322530   0.147610   2.510060  -0.637280   1.598420   2.416480
 -0.322530   0.147610   2.510060  -1.226250  -0.605060   3.543730
 -0.322530   0.147610   2.510060   1.177160  -0.053970   2.935320
 -0.423470  -0.642030   1.137680  -0.322530   0.147610   2.510060
 -0.036510   0.033400  -0.041960  -0.423470  -0.642030   1.137680
 -0.036510   0.033400  -0.041960  -0.516380  -0.520750  -0.888550
 -0.036510   0.033400  -0.041960  -0.393260   1.098080  -0.005050
 -0.036510   0.033400  -0.041960   1.077360  -0.019520  -0.140900
