33 atoms follow (x y z r g b radiusScale)
 -0.368990  -0.054460  -0.042450   0.000000   1.000000   0.000000   1.850000
  0.590870  -0.233480  -0.594600   1.000000   1.000000   1.000000   1.200000
 -0.562310   1.044210   0.092960   1.000000   1.000000   1.000000   1.200000
 -1.209210  -0.527200  -0.615190   1.000000   1.000000   1.000000   1.200000
 -0.293320  -0.715710   1.204290   1.000000   0.000000   0.000000   1.400000
 -0.169780   0.167400   2.519530   0.500000   0.500000   0.500000   1.900000
  1.292000  -0.022050   3.067250   1.000000   0.000000   0.000000   1.400000
 -1.002900  -0.621080   3.586960   1.000000   0.000000   0.000000   1.400000
 -0.675240   1.538430   2.288430   1.000000   0.000000   0.000000   1.400000
 -1.177080   3.435980   1.870910   1.000000   1.000000   0.000000   1.850000
  0.047670   3.808160   2.490950   1.000000   0.000000   0.000000   1.400000
 -2.358340   3.204060   2.557660   1.000000   0.000000   0.000000   1.400000
 -0.945370   3.108700   0.504370   1.000000   0.000000   0.000000   1.400000
 -1.514900   5.123470   1.400610   1.000000   0.000000   0.000000   1.400000
 -2.564650   5.898770   1.857630   0.000000   1.000000   0.000000   1.850000
 -3.074250   5.417880   2.732160   1.000000   1.000000   1.000000   1.200000
 -3.308680   6.043990   1.030490   1.000000   1.000000   1.000000   1.200000
 -2.164350   6.901530   2.165590   1.000000   1.000000   1.000000   1.200000
  0.856000   5.127880   0.315490   0.000000   0.000000   1.000000   1.540000
  1.405450   4.406920   0.788660   1.000000   1.000000   1.000000   1.200000
  1.412470   5.707230  -0.293630   1.000000   1.000000   1.000000   1.200000
  0.387540   5.681050   1.057480   1.000000   1.000000   1.000000   1.200000
  0.095470   4.647200  -0.198150   1.000000   1.000000   1.000000   1.200000
  1.019350   2.521190   5.018380   0.000000   0.000000   1.000000   1.540000
  1.468550   0.191950   3.985800   1.000000   1.000000   1.000000   1.200000
  1.056330   2.947280   4.109880   1.000000   1.000000   1.000000   1.200000
  1.671950   2.990530   5.611610   1.000000   1.000000   1.000000   1.200000
  0.102570   2.664620   5.390660   1.000000   1.000000   1.000000   1.200000
 -3.668620   0.742300   3.419060   0.000000   0.000000   1.000000   1.540000
 -1.965290  -0.576290   3.579450   1.000000   1.000000   1.000000   1.200000
 -3.591910   1.043630   2.465990   1.000000   1.000000   1.000000   1.200000
 -3.299310   1.485190   3.983000   1.000000   1.000000   1.000000   1.200000
 -4.638360   0.634230   3.634030   1.000000   1.000000   1.000000   1.200000
28 bonds follow (x1 y1 z1 x2 y2 z2)
 -3.668620   0.742300   3.419060  -4.638360   0.634230   3.634030
 -3.668620   0.742300   3.419060  -3.299310   1.485190   3.983000
 -3.668620   0.742300   3.419060  -3.591910   1.043630   2.465990
 -1.002900  -0.621080   3.586960  -1.965290  -0.576290   3.579450
  1.019350   2.521190   5.018380   0.102570   2.664620   5.390660
  1.019350   2.521190   5.018380   1.671950   2.990530   5.611610
  1.019350   2.521190   5.018380   1.056330   2.947280   4.109880
  1.292000  -0.022050   3.067250   1.468550   0.191950   3.985800
  0.856000   5.127880   0.315490   0.095470   4.647200  -0.198150
  0.856000   5.127880   0.315490   0.387540   5.681050   1.057480
  0.856000   5.127880   0.315490   1.412470   5.707230  -0.293630
  0.856000   5.127880   0.315490   1.405450   4.406920   0.788660
 -2.564650   5.898770   1.857630  -2.164350   6.901530   2.165590
 -2.564650   5.898770   1.857630  -3.308680   6.043990   1.030490
 -2.564650   5.898770   1.857630  -3.074250   5.417880   2.732160
 -1.514900   5.123470   1.400610  -2.564650   5.898770   1.857630
 -1.177080   3.435980   1.870910  -1.514900   5.123470   1.400610
 -1.177080   3.435980   1.870910  -0.945370   3.108700   0.504370
 -1.177080   3.435980   1.870910  -2.358340   3.204060   2.557660
 -1.177080   3.435980   1.870910   0.047670   3.808160   2.490950
 -0.169780   0.167400   2.519530  -0.675240   1.538430   2.288430
 -0.169780   0.167400   2.519530  -1.002900  -0.621080   3.586960
 -0.169780   0.167400   2.519530   1.292000  -0.022050   3.067250
 -0.293320  -0.715710   1.204290  -0.169780   0.167400   2.519530
 -0.368990  -0.054460  -0.042450  -0.293320  -0.715710   1.204290
 -0.368990  -0.054460  -0.042450  -1.209210  -0.527200  -0.615190
 -0.368990  -0.054460  -0.042450  -0.562310   1.044210   0.092960
 -0.368990  -0.054460  -0.042450   0.590870  -0.233480  -0.594600
