33 atoms follow (x y z r g b radiusScale)
 -0.427170  -0.054640  -0.049720   0.000000   1.000000   0.000000   1.850000
  0.533490  -0.122700  -0.623820   1.000000   1.000000   1.000000   1.200000
 -0.736460   1.016220   0.093060   1.000000   1.000000   1.000000   1.200000
 -1.218020  -0.627520  -0.600490   1.000000   1.000000   1.000000   1.200000
 -0.247360  -0.696240   1.196130   1.000000   0.000000   0.000000   1.400000
 -0.195320   0.160830   2.535550   0.500000   0.500000   0.500000   1.900000
  1.269210  -0.049510   3.070310   1.000000   0.000000   0.000000   1.400000
 -1.011430  -0.670380   3.592440   1.000000   0.000000   0.000000   1.400000
 -0.607820   1.561830   2.319890   1.000000   0.000000   0.000000   1.400000
 -1.188420   3.450480   1.854910   1.000000   1.000000   0.000000   1.850000
 -0.009830   3.875750   2.519840   1.000000   0.000000   0.000000   1.400000
 -2.368890   3.166560   2.518140   1.000000   0.000000   0.000000   1.400000
 -0.923900   3.087560   0.509470   1.000000   0.000000   0.000000   1.400000
 -1.561220   5.129160   1.376390   1.000000   0.000000   0.000000   1.400000
 -2.562180   5.939320   1.880390   0.000000   1.000000   0.000000   1.850000
 -3.157820   5.410370   2.668380   1.000000   1.000000   1.000000   1.200000
 -3.244500   6.244360   1.043070   1.000000   1.000000   1.000000   1.200000
 -2.097570   6.861780   2.322390   1.000000   1.000000   1.000000   1.200000
  0.895550   5.112060   0.300100   0.000000   0.000000   1.000000   1.540000
  1.401440   4.395630   0.820010   1.000000   1.000000   1.000000   1.200000
  1.504750   5.688190  -0.256620   1.000000   1.000000   1.000000   1.200000
  0.363560   5.656930   1.004550   1.000000   1.000000   1.000000   1.200000
  0.165030   4.620200  -0.272450   1.000000   1.000000   1.000000   1.200000
  1.036920   2.505690   5.017400   0.000000   0.000000   1.000000   1.540000
  1.441060   0.055880   4.005880   1.000000   1.000000   1.000000   1.200000
  0.931160   2.979070   4.138160   1.000000   1.000000   1.000000   1.200000
  1.743500   2.974240   5.545700   1.000000   1.000000   1.000000   1.200000
  0.176080   2.580380   5.519690   1.000000   1.000000   1.000000   1.200000
 -3.585660   0.751990   3.392340   0.000000   0.000000   1.000000   1.540000
 -1.936850  -0.448200   3.759190   1.000000   1.000000   1.000000   1.200000
 -3.786530   1.038990   2.454840   1.000000   1.000000   1.000000   1.200000
 -3.236770   1.559850   3.875250   1.000000   1.000000   1.000000   1.200000
 -4.434470   0.454920   3.826480   1.000000   1.000000   1.000000   1.200000
28 bonds follow (x1 y1 z1 x2 y2 z2)
 -3.585660   0.751990   3.392340  -4.434470   0.454920   3.826480
 -3.585660   0.751990   3.392340  -3.236770   1.559850   3.875250
 -3.585660   0.751990   3.392340  -3.786530   1.038990   2.454840
 -1.011430  -0.670380   3.592440  -1.936850  -0.448200   3.759190
  1.036920   2.505690   5.017400   0.176080   2.580380   5.519690
  1.036920   2.505690   5.017400   1.743500   2.974240   5.545700
  1.036920   2.505690   5.017400   0.931160   2.979070   4.138160
  1.269210  -0.049510   3.070310   1.441060   0.055880   4.005880
  0.895550   5.112060   0.300100   0.165030   4.620200  -0.272450
  0.895550   5.112060   0.300100   0.363560   5.656930   1.004550
  0.895550   5.112060   0.300100   1.504750   5.688190  -0.256620
  0.895550   5.112060   0.300100   1.401440   4.395630   0.820010
 -2.562180   5.939320   1.880390  -2.097570   6.861780   2.322390
 -2.562180   5.939320   1.880390  -3.244500   6.244360   1.043070
 -2.562180   5.939320   1.880390  -3.157820   5.410370   2.668380
 -1.561220   5.129160   1.376390  -2.562180   5.939320   1.880390
 -1.188420   3.450480   1.854910  -1.561220   5.129160   1.376390
 -1.188420   3.450480   1.854910  -0.923900   3.087560   0.509470
 -1.188420   3.450480   1.854910  -2.368890   3.166560   2.518140
 -1.188420   3.450480   1.854910  -0.009830   3.875750   2.519840
 -0.195320   0.160830   2.535550  -0.607820   1.561830   2.319890
 -0.195320   0.160830   2.535550  -1.011430  -0.670380   3.592440
 -0.195320   0.160830   2.535550   1.269210  -0.049510   3.070310
 -0.247360  -0.696240   1.196130  -0.195320   0.160830   2.535550
 -0.427170  -0.054640  -0.049720  -0.247360  -0.696240   1.196130
 -0.427170  -0.054640  -0.049720  -1.218020  -0.627520  -0.600490
 -0.427170  -0.054640  -0.049720  -0.736460   1.016220   0.093060
 -0.427170  -0.054640  -0.049720   0.533490  -0.122700  -0.623820
