33 atoms follow (x y z r g b radiusScale)
 -0.417120  -0.224880  -0.010890   0.000000   1.000000   0.000000   1.850000
  0.524730  -0.376450  -0.601170   1.000000   1.000000   1.000000   1.200000
 -0.666160   0.868950   0.065060   1.000000   1.000000   1.000000   1.200000
 -1.249080  -0.791570  -0.505660   1.000000   1.000000   1.000000   1.200000
 -0.227610  -0.797520   1.265110   1.000000   0.000000   0.000000   1.400000
 -0.214720   0.152570   2.534010   0.500000   0.500000   0.500000   1.900000
  1.248300   0.070920   3.120900   1.000000   0.000000   0.000000   1.400000
 -1.163350  -0.591770   3.545420   1.000000   0.000000   0.000000   1.400000
 -0.616600   1.543720   2.206960   1.000000   0.000000   0.000000   1.400000
 -1.191100   3.399440   1.767520   1.000000   1.000000   0.000000   1.850000
 -0.131500   3.831640   2.606870   1.000000   0.000000   0.000000   1.400000
 -2.457410   3.076000   2.226370   1.000000   0.000000   0.000000   1.400000
 -0.710010   3.196500   0.449230   1.000000   0.000000   0.000000   1.400000
 -1.601220   5.102720   1.386580   1.000000   0.000000   0.000000   1.400000
 -2.681870   5.782620   1.914510   0.000000   1.000000   0.000000   1.850000
 -3.632270   5.447000   1.423180   1.000000   1.000000   1.000000   1.200000
 -2.533630   6.879450   1.724930   1.000000   1.000000   1.000000   1.200000
 -2.763110   5.606390   3.019680   1.000000   1.000000   1.000000   1.200000
  0.951020   5.295200   0.566870   0.000000   0.000000   1.000000   1.540000
  1.480380   4.580600   1.076430   1.000000   1.000000   1.000000   1.200000
  1.542160   6.004270   0.161380   1.000000   1.000000   1.000000   1.200000
  0.261490   5.690400   1.247760   1.000000   1.000000   1.000000   1.200000
  0.374250   4.790290  -0.145640   1.000000   1.000000   1.000000   1.200000
  1.334600   2.454970   4.837040   0.000000   0.000000   1.000000   1.540000
  1.460160   0.663110   3.858360   1.000000   1.000000   1.000000   1.200000
  0.893540   3.057760   4.166400   1.000000   1.000000   1.000000   1.200000
  2.261290   2.780200   5.012470   1.000000   1.000000   1.000000   1.200000
  0.820050   2.480960   5.691700   1.000000   1.000000   1.000000   1.200000
 -3.623580   0.952040   3.680600   0.000000   0.000000   1.000000   1.540000
 -2.069840  -0.261920   3.681310   1.000000   1.000000   1.000000   1.200000
 -3.692770   1.186710   2.707630   1.000000   1.000000   1.000000   1.200000
 -3.334160   1.783310   4.158170   1.000000   1.000000   1.000000   1.200000
 -4.526140   0.685600   4.014120   1.000000   1.000000   1.000000   1.200000
28 bonds follow (x1 y1 z1 x2 y2 z2)
 -3.623580   0.952040   3.680600  -4.526140   0.685600   4.014120
 -3.623580   0.952040   3.680600  -3.334160   1.783310   4.158170
 -3.623580   0.952040   3.680600  -3.692770   1.186710   2.707630
 -1.163350  -0.591770   3.545420  -2.069840  -0.261920   3.681310
  1.334600   2.454970   4.837040   0.820050   2.480960   5.691700
  1.334600   2.454970   4.837040   2.261290   2.780200   5.012470
  1.334600   2.454970   4.837040   0.893540   3.057760   4.166400
  1.248300   0.070920   3.120900   1.460160   0.663110   3.858360
  0.951020   5.295200   0.566870   0.374250   4.790290  -0.145640
  0.951020   5.295200   0.566870   0.261490   5.690400   1.247760
  0.951020   5.295200   0.566870   1.542160   6.004270   0.161380
  0.951020   5.295200   0.566870   1.480380   4.580600   1.076430
 -2.681870   5.782620   1.914510  -2.763110   5.606390   3.019680
 -2.681870   5.782620   1.914510  -2.533630   6.879450   1.724930
 -2.681870   5.782620   1.914510  -3.632270   5.447000   1.423180
 -1.601220   5.102720   1.386580  -2.681870   5.782620   1.914510
 -1.191100   3.399440   1.767520  -1.601220   5.102720   1.386580
 -1.191100   3.399440   1.767520  -0.710010   3.196500   0.449230
 -1.191100   3.399440   1.767520  -2.457410   3.076000   2.226370
 -1.191100   3.399440   1.767520  -0.131500   3.831640   2.606870
 -0.214720   0.152570   2.534010  -0.616600   1.543720   2.206960
 -0.214720   0.152570   2.534010  -1.163350  -0.591770   3.545420
 -0.214720   0.152570   2.534010   1.248300   0.070920   3.120900
 -0.227610  -0.797520   1.265110  -0.214720   0.152570   2.534010
 -0.417120  -0.224880  -0.010890  -0.227610  -0.797520   1.265110
 -0.417120  -0.224880  -0.010890  -1.249080  -0.791570  -0.505660
 -0.417120  -0.224880  -0.010890  -0.666160   0.868950   0.065060
 -0.417120  -0.224880  -0.010890   0.524730  -0.376450  -0.601170
