33 atoms follow (x y z r g b radiusScale)
 -0.575360  -0.156490  -0.005460   0.000000   1.000000   0.000000   1.850000
  0.160400  -0.482240  -0.786460   1.000000   1.000000   1.000000   1.200000
 -0.611030   0.963980   0.064210   1.000000   1.000000   1.000000   1.200000
 -1.584530  -0.574100  -0.261930   1.000000   1.000000   1.000000   1.200000
 -0.153870  -0.728490   1.216890   1.000000   0.000000   0.000000   1.400000
 -0.173510   0.176300   2.523860   0.500000   0.500000   0.500000   1.900000
  1.275400   0.125150   3.123860   1.000000   0.000000   0.000000   1.400000
 -1.107540  -0.588470   3.523940   1.000000   0.000000   0.000000   1.400000
 -0.661340   1.547090   2.240640   1.000000   0.000000   0.000000   1.400000
 -1.165090   3.382320   1.811330   1.000000   1.000000   0.000000   1.850000
 -0.065140   3.854170   2.584550   1.000000   0.000000   0.000000   1.400000
 -2.408610   3.076020   2.338890   1.000000   0.000000   0.000000   1.400000
 -0.709090   3.104680   0.489160   1.000000   0.000000   0.000000   1.400000
 -1.603520   5.037240   1.334560   1.000000   0.000000   0.000000   1.400000
 -2.519490   5.868640   1.945950   0.000000   1.000000   0.000000   1.850000
 -3.547530   5.423840   1.908170   1.000000   1.000000   1.000000   1.200000
 -2.514500   6.848140   1.395310   1.000000   1.000000   1.000000   1.200000
 -2.235790   6.051180   3.016740   1.000000   1.000000   1.000000   1.200000
  0.826360   5.276580   0.435180   0.000000   0.000000   1.000000   1.540000
  0.768870   5.390710   1.475310   1.000000   1.000000   1.000000   1.200000
  1.545680   5.843110   0.019300   1.000000   1.000000   1.000000   1.200000
 -0.122700   5.500740   0.068250   1.000000   1.000000   1.000000   1.200000
  0.953440   4.268370   0.262890   1.000000   1.000000   1.000000   1.200000
  1.177820   2.397170   4.954020   0.000000   0.000000   1.000000   1.540000
  1.472530   0.716390   3.867900   1.000000   1.000000   1.000000   1.200000
  0.954970   3.080270   4.251790   1.000000   1.000000   1.000000   1.200000
  2.049130   2.628950   5.380980   1.000000   1.000000   1.000000   1.200000
  0.465690   2.402070   5.653070   1.000000   1.000000   1.000000   1.200000
 -3.674640   0.878460   3.560030   0.000000   0.000000   1.000000   1.540000
 -2.040730  -0.327080   3.592560   1.000000   1.000000   1.000000   1.200000
 -3.870080   0.980920   2.583600   1.000000   1.000000   1.000000   1.200000
 -3.254230   1.738150   3.863630   1.000000   1.000000   1.000000   1.200000
 -4.538350   0.751790   4.045420   1.000000   1.000000   1.000000   1.200000
28 bonds follow (x1 y1 z1 x2 y2 z2)
 -3.674640   0.878460   3.560030  -4.538350   0.751790   4.045420
 -3.674640   0.878460   3.560030  -3.254230   1.738150   3.863630
 -3.674640   0.878460   3.560030  -3.870080   0.980920   2.583600
 -1.107540  -0.588470   3.523940  -2.040730  -0.327080   3.592560
  1.177820   2.397170   4.954020   0.465690   2.402070   5.653070
  1.177820   2.397170   4.954020   2.049130   2.628950   5.380980
  1.177820   2.397170   4.954020   0.954970   3.080270   4.251790
  1.275400   0.125150   3.123860   1.472530   0.716390   3.867900
  0.826360   5.276580   0.435180   0.953440   4.268370   0.262890
  0.826360   5.276580   0.435180  -0.122700   5.500740   0.068250
  0.826360   5.276580   0.435180   1.545680   5.843110   0.019300
  0.826360   5.276580   0.435180   0.768870   5.390710   1.475310
 -2.519490   5.868640   1.945950  -2.235790   6.051180   3.016740
 -2.519490   5.868640   1.945950  -2.514500   6.848140   1.395310
 -2.519490   5.868640   1.945950  -3.547530   5.423840   1.908170
 -1.603520   5.037240   1.334560  -2.519490   5.868640   1.945950
 -1.165090   3.382320   1.811330  -1.603520   5.037240   1.334560
 -1.165090   3.382320   1.811330  -0.709090   3.104680   0.489160
 -1.165090   3.382320   1.811330  -2.408610   3.076020   2.338890
 -1.165090   3.382320   1.811330  -0.065140   3.854170   2.584550
 -0.173510   0.176300   2.523860  -0.661340   1.547090   2.240640
 -0.173510   0.176300   2.523860  -1.107540  -0.588470   3.523940
 -0.173510   0.176300   2.523860   1.275400   0.125150   3.123860
 -0.153870  -0.728490   1.216890  -0.173510   0.176300   2.523860
 -0.575360  -0.156490  -0.005460  -0.153870  -0.728490   1.216890
 -0.575360  -0.156490  -0.005460  -1.584530  -0.574100  -0.261930
 -0.575360  -0.156490  -0.005460  -0.611030   0.963980   0.064210
 -0.575360  -0.156490  -0.005460   0.160400  -0.482240  -0.786460
