33 atoms follow (x y z r g b radiusScale)
 -0.158910  -0.121190  -0.033940   0.000000   1.000000   0.000000   1.850000
  0.808130  -0.482800  -0.472110   1.000000   1.000000   1.000000   1.200000
 -0.170930   0.997820   0.072750   1.000000   1.000000   1.000000   1.200000
 -1.002670  -0.454610  -0.693310   1.000000   1.000000   1.000000   1.200000
 -0.338620  -0.748260   1.219210   1.000000   0.000000   0.000000   1.400000
 -0.257010   0.155290   2.523700   0.500000   0.500000   0.500000   1.900000
  1.227070   0.007240   3.034690   1.000000   0.000000   0.000000   1.400000
 -1.191980  -0.526510   3.574340   1.000000   0.000000   0.000000   1.400000
 -0.658300   1.563050   2.268170   1.000000   0.000000   0.000000   1.400000
 -1.212870   3.405120   1.824310   1.000000   1.000000   0.000000   1.850000
 -0.150890   3.841290   2.664600   1.000000   0.000000   0.000000   1.400000
 -2.464360   3.115400   2.352520   1.000000   0.000000   0.000000   1.400000
 -0.746200   3.130880   0.514930   1.000000   0.000000   0.000000   1.400000
 -1.574880   5.091900   1.310330   1.000000   0.000000   0.000000   1.400000
 -2.753880   5.720350   1.668090   0.000000   1.000000   0.000000   1.850000
 -3.561580   5.475020   0.929560   1.000000   1.000000   1.000000   1.200000
 -2.582710   6.829440   1.670330   1.000000   1.000000   1.000000   1.200000
 -3.085890   5.398500   2.690010   1.000000   1.000000   1.000000   1.200000
  0.936840   5.287860   0.617350   0.000000   0.000000   1.000000   1.540000
  1.105970   4.702580   1.468510   1.000000   1.000000   1.000000   1.200000
  1.777690   5.735070   0.297910   1.000000   1.000000   1.000000   1.200000
  0.187030   5.966600   0.871790   1.000000   1.000000   1.000000   1.200000
  0.528580   4.655310  -0.089360   1.000000   1.000000   1.000000   1.200000
  1.478870   2.357680   4.782400   0.000000   0.000000   1.000000   1.540000
  1.529300   0.659510   3.686410   1.000000   1.000000   1.000000   1.200000
  0.953940   2.921180   4.136320   1.000000   1.000000   1.000000   1.200000
  2.396660   2.738750   4.874150   1.000000   1.000000   1.000000   1.200000
  1.032060   2.388290   5.674490   1.000000   1.000000   1.000000   1.200000
 -3.587680   0.955040   3.721840   0.000000   0.000000   1.000000   1.540000
 -2.090150  -0.159470   3.719070   1.000000   1.000000   1.000000   1.200000
 -3.788630   1.118880   2.754030   1.000000   1.000000   1.000000   1.200000
 -3.191560   1.802630   4.084040   1.000000   1.000000   1.000000   1.200000
 -4.440260   0.761050   4.202270   1.000000   1.000000   1.000000   1.200000
28 bonds follow (x1 y1 z1 x2 y2 z2)
 -3.587680   0.955040   3.721840  -4.440260   0.761050   4.202270
 -3.587680   0.955040   3.721840  -3.191560   1.802630   4.084040
 -3.587680   0.955040   3.721840  -3.788630   1.118880   2.754030
 -1.191980  -0.526510   3.574340  -2.090150  -0.159470   3.719070
  1.478870   2.357680   4.782400   1.032060   2.388290   5.674490
  1.478870   2.357680   4.782400   2.396660   2.738750   4.874150
  1.478870   2.357680   4.782400   0.953940   2.921180   4.136320
  1.227070   0.007240   3.034690   1.529300   0.659510   3.686410
  0.936840   5.287860   0.617350   0.528580   4.655310  -0.089360
  0.936840   5.287860   0.617350   0.187030   5.966600   0.871790
  0.936840   5.287860   0.617350   1.777690   5.735070   0.297910
  0.936840   5.287860   0.617350   1.105970   4.702580   1.468510
 -2.753880   5.720350   1.668090  -3.085890   5.398500   2.690010
 -2.753880   5.720350   1.668090  -2.582710   6.829440   1.670330
 -2.753880   5.720350   1.668090  -3.561580   5.475020   0.929560
 -1.574880   5.091900   1.310330  -2.753880   5.720350   1.668090
 -1.212870   3.405120   1.824310  -1.574880   5.091900   1.310330
 -1.212870   3.405120   1.824310  -0.746200   3.130880   0.514930
 -1.212870   3.405120   1.824310  -2.464360   3.115400   2.352520
 -1.212870   3.405120   1.824310  -0.150890   3.841290   2.664600
 -0.257010   0.155290   2.523700  -0.658300   1.563050   2.268170
 -0.257010   0.155290   2.523700  -1.191980  -0.526510   3.574340
 -0.257010   0.155290   2.523700   1.227070   0.007240   3.034690
 -0.338620  -0.748260   1.219210  -0.257010   0.155290   2.523700
 -0.158910  -0.121190  -0.033940  -0.338620  -0.748260   1.219210
 -0.158910  -0.121190  -0.033940  -1.002670  -0.454610  -0.693310
 -0.158910  -0.121190  -0.033940  -0.170930   0.997820   0.072750
 -0.158910  -0.121190  -0.033940   0.808130  -0.482800  -0.472110
