33 atoms follow (x y z r g b radiusScale)
  0.002600  -0.000920  -0.002740   0.000000   1.000000   0.000000   1.850000
  1.121350  -0.005830   0.001130   1.000000   1.000000   1.000000   1.200000
 -0.401820   1.047550  -0.010130   1.000000   1.000000   1.000000   1.200000
 -0.385550  -0.583530  -0.875600   1.000000   1.000000   1.000000   1.200000
 -0.449330  -0.674350   1.156850   1.000000   0.000000   0.000000   1.400000
 -0.323800   0.120010   2.517190   0.500000   0.500000   0.500000   1.900000
  1.152260  -0.060980   2.996210   1.000000   0.000000   0.000000   1.400000
 -1.241060  -0.617390   3.538440   1.000000   0.000000   0.000000   1.400000
 -0.686280   1.565330   2.369300   1.000000   0.000000   0.000000   1.400000
 -1.100530   3.302260   1.990430   1.000000   1.000000   0.000000   1.850000
 -0.070360   3.832910   2.743670   1.000000   0.000000   0.000000   1.400000
 -2.384760   3.207770   2.508940   1.000000   0.000000   0.000000   1.400000
 -0.918320   3.143650   0.627580   1.000000   0.000000   0.000000   1.400000
 -1.545840   5.257650   1.554320   1.000000   0.000000   0.000000   1.400000
 -2.749560   5.649390   0.949120   0.000000   1.000000   0.000000   1.850000
 -2.766570   5.323330  -0.121800   1.000000   1.000000   1.000000   1.200000
 -2.846070   6.763000   1.005950   1.000000   1.000000   1.000000   1.200000
 -3.587760   5.166410   1.507930   1.000000   1.000000   1.000000   1.200000
  0.825080   5.467010   0.466530   0.000000   0.000000   1.000000   1.540000
  1.305970   5.201370   1.297200   1.000000   1.000000   1.000000   1.200000
 -0.800630   5.661070   1.230130   1.000000   1.000000   1.000000   1.200000
  0.747150   4.690450  -0.151170   1.000000   1.000000   1.000000   1.200000
  1.243540   6.252620   0.029820   1.000000   1.000000   1.000000   1.200000
  1.620610   2.230580   4.683790   0.000000   0.000000   1.000000   1.540000
  1.523850   0.579410   3.633130   1.000000   1.000000   1.000000   1.200000
  1.195360   2.916140   4.085980   1.000000   1.000000   1.000000   1.200000
  2.579270   2.471290   4.824520   1.000000   1.000000   1.000000   1.200000
  1.157110   2.241650   5.568140   1.000000   1.000000   1.000000   1.200000
 -3.595720   0.961580   3.765490   0.000000   0.000000   1.000000   1.540000
 -2.140170  -0.270970   3.719710   1.000000   1.000000   1.000000   1.200000
 -3.843660   1.201360   2.825140   1.000000   1.000000   1.000000   1.200000
 -3.180110   1.778720   4.172860   1.000000   1.000000   1.000000   1.200000
 -4.424920   0.730230   4.270750   1.000000   1.000000   1.000000   1.200000
28 bonds follow (x1 y1 z1 x2 y2 z2)
 -3.595720   0.961580   3.765490  -4.424920   0.730230   4.270750
 -3.595720   0.961580   3.765490  -3.180110   1.778720   4.172860
 -3.595720   0.961580   3.765490  -3.843660   1.201360   2.825140
 -1.241060  -0.617390   3.538440  -2.140170  -0.270970   3.719710
  1.620610   2.230580   4.683790   1.157110   2.241650   5.568140
  1.620610   2.230580   4.683790   2.579270   2.471290   4.824520
  1.620610   2.230580   4.683790   1.195360   2.916140   4.085980
  1.152260  -0.060980   2.996210   1.523850   0.579410   3.633130
  0.825080   5.467010   0.466530   1.243540   6.252620   0.029820
  0.825080   5.467010   0.466530   0.747150   4.690450  -0.151170
 -1.545840   5.257650   1.554320  -0.800630   5.661070   1.230130
  0.825080   5.467010   0.466530   1.305970   5.201370   1.297200
 -2.749560   5.649390   0.949120  -3.587760   5.166410   1.507930
 -2.749560   5.649390   0.949120  -2.846070   6.763000   1.005950
 -2.749560   5.649390   0.949120  -2.766570   5.323330  -0.121800
 -1.545840   5.257650   1.554320  -2.749560   5.649390   0.949120
 -1.100530   3.302260   1.990430  -0.918320   3.143650   0.627580
 -1.100530   3.302260   1.990430  -2.384760   3.207770   2.508940
 -1.100530   3.302260   1.990430  -0.070360   3.832910   2.743670
 -0.686280   1.565330   2.369300  -1.100530   3.302260   1.990430
 -0.323800   0.120010   2.517190  -0.686280   1.565330   2.369300
 -0.323800   0.120010   2.517190  -1.241060  -0.617390   3.538440
 -0.323800   0.120010   2.517190   1.152260  -0.060980   2.996210
 -0.449330  -0.674350   1.156850  -0.323800   0.120010   2.517190
  0.002600  -0.000920  -0.002740  -0.449330  -0.674350   1.156850
  0.002600  -0.000920  -0.002740  -0.385550  -0.583530  -0.875600
  0.002600  -0.000920  -0.002740  -0.401820   1.047550  -0.010130
  0.002600  -0.000920  -0.002740   1.121350  -0.005830   0.001130
