33 atoms follow (x y z r g b radiusScale)
 -0.000800   0.000340   0.000930   0.000000   1.000000   0.000000   1.850000
  1.118300   0.000150  -0.001250   1.000000   1.000000   1.000000   1.200000
 -0.405070   1.050280   0.003990   1.000000   1.000000   1.000000   1.200000
 -0.388260  -0.575950  -0.876140   1.000000   1.000000   1.000000   1.200000
 -0.444430  -0.682230   1.155720   1.000000   0.000000   0.000000   1.400000
 -0.330200   0.131180   2.516110   0.500000   0.500000   0.500000   1.900000
  1.153920  -0.067370   2.993070   1.000000   0.000000   0.000000   1.400000
 -1.241220  -0.625000   3.540260   1.000000   0.000000   0.000000   1.400000
 -0.677290   1.568090   2.366890   1.000000   0.000000   0.000000   1.400000
 -1.163580   3.422530   1.971080   1.000000   1.000000   0.000000   1.850000
 -0.018430   3.847910   2.689740   1.000000   0.000000   0.000000   1.400000
 -2.398820   3.145590   2.534260   1.000000   0.000000   0.000000   1.400000
 -0.840650   3.167170   0.613270   1.000000   0.000000   0.000000   1.400000
 -1.574310   5.138950   1.602100   1.000000   0.000000   0.000000   1.400000
 -2.722310   5.599070   0.985860   0.000000   1.000000   0.000000   1.850000
 -2.723960   5.311030  -0.100370   1.000000   1.000000   1.000000   1.200000
 -2.737230   6.719020   1.064670   1.000000   1.000000   1.000000   1.200000
 -3.634130   5.178320   1.482050   1.000000   1.000000   1.000000   1.200000
  0.802190   5.414570   0.494380   0.000000   0.000000   1.000000   1.540000
  1.206530   5.102650   1.391410   1.000000   1.000000   1.000000   1.200000
 -0.154870   5.767860   0.730610   1.000000   1.000000   1.000000   1.200000
  0.657080   4.574030  -0.086400   1.000000   1.000000   1.000000   1.200000
  1.369820   6.110800   0.034830   1.000000   1.000000   1.000000   1.200000
  1.620800   2.232640   4.686010   0.000000   0.000000   1.000000   1.540000
  1.510500   0.569580   3.635870   1.000000   1.000000   1.000000   1.200000
  1.165860   2.887230   4.074160   1.000000   1.000000   1.000000   1.200000
  2.565870   2.517110   4.830810   1.000000   1.000000   1.000000   1.200000
  1.150040   2.226150   5.565950   1.000000   1.000000   1.000000   1.200000
 -3.597940   0.958380   3.767630   0.000000   0.000000   1.000000   1.540000
 -2.134000  -0.267180   3.723290   1.000000   1.000000   1.000000   1.200000
 -3.829580   1.193800   2.822010   1.000000   1.000000   1.000000   1.200000
 -3.164830   1.768890   4.170580   1.000000   1.000000   1.000000   1.200000
 -4.437710   0.754710   4.266630   1.000000   1.000000   1.000000   1.200000
28 bonds follow (x1 y1 z1 x2 y2 z2)
 -3.597940   0.958380   3.767630  -4.437710   0.754710   4.266630
 -3.597940   0.958380   3.767630  -3.164830   1.768890   4.170580
 -3.597940   0.958380   3.767630  -3.829580   1.193800   2.822010
 -1.241220  -0.625000   3.540260  -2.134000  -0.267180   3.723290
  1.620800   2.232640   4.686010   1.150040   2.226150   5.565950
  1.620800   2.232640   4.686010   2.565870   2.517110   4.830810
  1.620800   2.232640   4.686010   1.165860   2.887230   4.074160
  1.153920  -0.067370   2.993070   1.510500   0.569580   3.635870
  0.802190   5.414570   0.494380   1.369820   6.110800   0.034830
  0.802190   5.414570   0.494380   0.657080   4.574030  -0.086400
  0.802190   5.414570   0.494380  -0.154870   5.767860   0.730610
  0.802190   5.414570   0.494380   1.206530   5.102650   1.391410
 -2.722310   5.599070   0.985860  -3.634130   5.178320   1.482050
 -2.722310   5.599070   0.985860  -2.737230   6.719020   1.064670
 -2.722310   5.599070   0.985860  -2.723960   5.311030  -0.100370
 -1.574310   5.138950   1.602100  -2.722310   5.599070   0.985860
 -1.163580   3.422530   1.971080  -1.574310   5.138950   1.602100
 -1.163580   3.422530   1.971080  -0.840650   3.167170   0.613270
 -1.163580   3.422530   1.971080  -2.398820   3.145590   2.534260
 -1.163580   3.422530   1.971080  -0.018430   3.847910   2.689740
 -0.330200   0.131180   2.516110  -0.677290   1.568090   2.366890
 -0.330200   0.131180   2.516110  -1.241220  -0.625000   3.540260
 -0.330200   0.131180   2.516110   1.153920  -0.067370   2.993070
 -0.444430  -0.682230   1.155720  -0.330200   0.131180   2.516110
 -0.000800   0.000340   0.000930  -0.444430  -0.682230   1.155720
 -0.000800   0.000340   0.000930  -0.388260  -0.575950  -0.876140
 -0.000800   0.000340   0.000930  -0.405070   1.050280   0.003990
 -0.000800   0.000340   0.000930   1.118300   0.000150  -0.001250
