33 atoms follow (x y z r g b radiusScale)
  0.390250  -0.104780   0.117020   0.000000   1.000000   0.000000   1.850000
  1.453050  -0.210280   0.454470   1.000000   1.000000   1.000000   1.200000
  0.104090   0.974870   0.004010   1.000000   1.000000   1.000000   1.200000
  0.218830  -0.668200  -0.832910   1.000000   1.000000   1.000000   1.200000
 -0.448960  -0.694000   1.097140   1.000000   0.000000   0.000000   1.400000
 -0.309810   0.002990   2.511090   0.500000   0.500000   0.500000   1.900000
  1.172150  -0.130980   2.989730   1.000000   0.000000   0.000000   1.400000
 -1.183170  -0.788560   3.515060   1.000000   0.000000   0.000000   1.400000
 -0.757770   1.446880   2.465860   1.000000   0.000000   0.000000   1.400000
 -1.155890   3.190990   2.211500   1.000000   1.000000   0.000000   1.850000
 -0.471250   3.702450   3.285240   1.000000   0.000000   0.000000   1.400000
 -2.526690   3.090260   2.282800   1.000000   0.000000   0.000000   1.400000
 -0.569080   3.304050   0.974510   1.000000   0.000000   0.000000   1.400000
 -2.509720   6.515890   1.400640   1.000000   0.000000   0.000000   1.400000
 -3.820840   6.242280   0.988620   0.000000   1.000000   0.000000   1.850000
 -4.316310   7.158490   0.589010   1.000000   1.000000   1.000000   1.200000
 -4.425620   5.833480   1.835210   1.000000   1.000000   1.000000   1.200000
 -3.773180   5.459910   0.191630   1.000000   1.000000   1.000000   1.200000
  2.429000   4.899870  -0.250520   0.000000   0.000000   1.000000   1.540000
  2.013940   5.446520   0.481550   1.000000   1.000000   1.000000   1.200000
 -2.486930   7.227350   2.160500   1.000000   1.000000   1.000000   1.200000
  2.053210   5.230810  -1.120220   1.000000   1.000000   1.000000   1.200000
  2.120130   3.956100  -0.130000   1.000000   1.000000   1.000000   1.200000
  1.877800   2.246370   4.289520   0.000000   0.000000   1.000000   1.540000
  1.563490   0.542020   3.591340   1.000000   1.000000   1.000000   1.200000
  1.558010   2.969290   3.670850   1.000000   1.000000   1.000000   1.200000
  2.838150   2.404090   4.512310   1.000000   1.000000   1.000000   1.200000
  1.338900   2.299800   5.129960   1.000000   1.000000   1.000000   1.200000
 -3.492970   0.713750   3.759970   0.000000   0.000000   1.000000   1.540000
 -2.100380  -0.467360   3.687790   1.000000   1.000000   1.000000   1.200000
 -3.569760   1.272730   2.928620   1.000000   1.000000   1.000000   1.200000
 -3.297740   1.322350   4.528320   1.000000   1.000000   1.000000   1.200000
 -4.357250   0.243750   3.927720   1.000000   1.000000   1.000000   1.200000
28 bonds follow (x1 y1 z1 x2 y2 z2)
 -3.492970   0.713750   3.759970  -4.357250   0.243750   3.927720
 -3.492970   0.713750   3.759970  -3.297740   1.322350   4.528320
 -3.492970   0.713750   3.759970  -3.569760   1.272730   2.928620
 -1.183170  -0.788560   3.515060  -2.100380  -0.467360   3.687790
  1.877800   2.246370   4.289520   1.338900   2.299800   5.129960
  1.877800   2.246370   4.289520   2.838150   2.404090   4.512310
  1.877800   2.246370   4.289520   1.558010   2.969290   3.670850
  1.172150  -0.130980   2.989730   1.563490   0.542020   3.591340
  2.429000   4.899870  -0.250520   2.120130   3.956100  -0.130000
  2.429000   4.899870  -0.250520   2.053210   5.230810  -1.120220
 -2.509720   6.515890   1.400640  -2.486930   7.227350   2.160500
  2.429000   4.899870  -0.250520   2.013940   5.446520   0.481550
 -3.820840   6.242280   0.988620  -3.773180   5.459910   0.191630
 -3.820840   6.242280   0.988620  -4.425620   5.833480   1.835210
 -3.820840   6.242280   0.988620  -4.316310   7.158490   0.589010
 -2.509720   6.515890   1.400640  -3.820840   6.242280   0.988620
 -1.155890   3.190990   2.211500  -0.569080   3.304050   0.974510
 -1.155890   3.190990   2.211500  -2.526690   3.090260   2.282800
 -1.155890   3.190990   2.211500  -0.471250   3.702450   3.285240
 -0.757770   1.446880   2.465860  -1.155890   3.190990   2.211500
 -0.309810   0.002990   2.511090  -0.757770   1.446880   2.465860
 -0.309810   0.002990   2.511090  -1.183170  -0.788560   3.515060
 -0.309810   0.002990   2.511090   1.172150  -0.130980   2.989730
 -0.448960  -0.694000   1.097140  -0.309810   0.002990   2.511090
  0.390250  -0.104780   0.117020  -0.448960  -0.694000   1.097140
  0.390250  -0.104780   0.117020   0.218830  -0.668200  -0.832910
  0.390250  -0.104780   0.117020   0.104090   0.974870   0.004010
  0.390250  -0.104780   0.117020   1.453050  -0.210280   0.454470
