33 atoms follow (x y z r g b radiusScale)
  0.158250  -0.191200   0.015280   0.000000   1.000000   0.000000   1.850000
  1.266760  -0.166030   0.166160   1.000000   1.000000   1.000000   1.200000
 -0.257980   0.842110  -0.117030   1.000000   1.000000   1.000000   1.200000
 -0.107730  -0.846850  -0.851650   1.000000   1.000000   1.000000   1.200000
 -0.434370  -0.781420   1.156120   1.000000   0.000000   0.000000   1.400000
 -0.288260   0.015290   2.513160   0.500000   0.500000   0.500000   1.900000
  1.162600  -0.147210   3.056380   1.000000   0.000000   0.000000   1.400000
 -1.272670  -0.631140   3.523830   1.000000   0.000000   0.000000   1.400000
 -0.645190   1.467330   2.312730   1.000000   0.000000   0.000000   1.400000
 -1.123430   3.208840   2.104780   1.000000   1.000000   0.000000   1.850000
 -0.198680   3.730420   2.987510   1.000000   0.000000   0.000000   1.400000
 -2.397280   3.031910   2.559210   1.000000   0.000000   0.000000   1.400000
 -0.900370   3.246860   0.750680   1.000000   0.000000   0.000000   1.400000
 -2.224830   6.032570   1.566150   1.000000   0.000000   0.000000   1.400000
 -3.431450   6.064650   0.832670   0.000000   1.000000   0.000000   1.850000
 -3.268650   6.408740  -0.220870   1.000000   1.000000   1.000000   1.200000
 -4.171630   6.738710   1.330710   1.000000   1.000000   1.000000   1.200000
 -3.823800   5.005490   0.835380   1.000000   1.000000   1.000000   1.200000
  2.037010   5.495790  -0.064180   0.000000   0.000000   1.000000   1.540000
  2.127190   6.159730   0.676930   1.000000   1.000000   1.000000   1.200000
 -1.948640   6.918660   1.748400   1.000000   1.000000   1.000000   1.200000
  1.694980   5.984090  -0.867530   1.000000   1.000000   1.000000   1.200000
  1.358210   4.809940   0.197420   1.000000   1.000000   1.000000   1.200000
  1.756480   2.172110   4.570400   0.000000   0.000000   1.000000   1.540000
  1.538920   0.562680   3.627020   1.000000   1.000000   1.000000   1.200000
  1.453730   2.872680   3.917520   1.000000   1.000000   1.000000   1.200000
  2.714950   2.331770   4.799490   1.000000   1.000000   1.000000   1.200000
  1.209380   2.253890   5.401740   1.000000   1.000000   1.000000   1.200000
 -3.611480   0.792190   3.844720   0.000000   0.000000   1.000000   1.540000
 -2.161970  -0.232850   3.699170   1.000000   1.000000   1.000000   1.200000
 -3.753510   1.185640   2.933210   1.000000   1.000000   1.000000   1.200000
 -3.343210   1.538510   4.455170   1.000000   1.000000   1.000000   1.200000
 -4.463620   0.388210   4.170110   1.000000   1.000000   1.000000   1.200000
28 bonds follow (x1 y1 z1 x2 y2 z2)
 -3.611480   0.792190   3.844720  -4.463620   0.388210   4.170110
 -3.611480   0.792190   3.844720  -3.343210   1.538510   4.455170
 -3.611480   0.792190   3.844720  -3.753510   1.185640   2.933210
 -1.272670  -0.631140   3.523830  -2.161970  -0.232850   3.699170
  1.756480   2.172110   4.570400   1.209380   2.253890   5.401740
  1.756480   2.172110   4.570400   2.714950   2.331770   4.799490
  1.756480   2.172110   4.570400   1.453730   2.872680   3.917520
  1.162600  -0.147210   3.056380   1.538920   0.562680   3.627020
  2.037010   5.495790  -0.064180   1.358210   4.809940   0.197420
  2.037010   5.495790  -0.064180   1.694980   5.984090  -0.867530
 -2.224830   6.032570   1.566150  -1.948640   6.918660   1.748400
  2.037010   5.495790  -0.064180   2.127190   6.159730   0.676930
 -3.431450   6.064650   0.832670  -3.823800   5.005490   0.835380
 -3.431450   6.064650   0.832670  -4.171630   6.738710   1.330710
 -3.431450   6.064650   0.832670  -3.268650   6.408740  -0.220870
 -2.224830   6.032570   1.566150  -3.431450   6.064650   0.832670
 -1.123430   3.208840   2.104780  -0.900370   3.246860   0.750680
 -1.123430   3.208840   2.104780  -2.397280   3.031910   2.559210
 -1.123430   3.208840   2.104780  -0.198680   3.730420   2.987510
 -0.645190   1.467330   2.312730  -1.123430   3.208840   2.104780
 -0.288260   0.015290   2.513160  -0.645190   1.467330   2.312730
 -0.288260   0.015290   2.513160  -1.272670  -0.631140   3.523830
 -0.288260   0.015290   2.513160   1.162600  -0.147210   3.056380
 -0.434370  -0.781420   1.156120  -0.288260   0.015290   2.513160
  0.158250  -0.191200   0.015280  -0.434370  -0.781420   1.156120
  0.158250  -0.191200   0.015280  -0.107730  -0.846850  -0.851650
  0.158250  -0.191200   0.015280  -0.257980   0.842110  -0.117030
  0.158250  -0.191200   0.015280   1.266760  -0.166030   0.166160
