33 atoms follow (x y z r g b radiusScale)
 -0.493920  -0.092130  -0.039520   0.000000   1.000000   0.000000   1.850000
  0.424970  -0.125250  -0.681720   1.000000   1.000000   1.000000   1.200000
 -0.831210   0.968910   0.117380   1.000000   1.000000   1.000000   1.200000
 -1.297160  -0.702480  -0.529350   1.000000   1.000000   1.000000   1.200000
 -0.192350  -0.712490   1.190960   1.000000   0.000000   0.000000   1.400000
 -0.186260   0.152670   2.525330   0.500000   0.500000   0.500000   1.900000
  1.281590  -0.055400   3.068200   1.000000   0.000000   0.000000   1.400000
 -1.086140  -0.605710   3.559400   1.000000   0.000000   0.000000   1.400000
 -0.586930   1.570560   2.368200   1.000000   0.000000   0.000000   1.400000
 -1.192120   3.473350   1.863920   1.000000   1.000000   0.000000   1.850000
 -0.046170   3.942090   2.556530   1.000000   0.000000   0.000000   1.400000
 -2.391760   3.123320   2.453270   1.000000   0.000000   0.000000   1.400000
 -0.855960   3.095200   0.539650   1.000000   0.000000   0.000000   1.400000
 -1.612410   5.118450   1.313700   1.000000   0.000000   0.000000   1.400000
 -2.550790   5.940300   1.916490   0.000000   1.000000   0.000000   1.850000
 -3.267260   5.342470   2.537940   1.000000   1.000000   1.000000   1.200000
 -3.118410   6.484970   1.117360   1.000000   1.000000   1.000000   1.200000
 -2.029960   6.691740   2.569210   1.000000   1.000000   1.000000   1.200000
  0.890690   5.088010   0.306380   0.000000   0.000000   1.000000   1.540000
  1.194920   4.592880   1.155610   1.000000   1.000000   1.000000   1.200000
  1.662620   5.524420  -0.175760   1.000000   1.000000   1.000000   1.200000
  0.176990   5.773170   0.612240   1.000000   1.000000   1.000000   1.200000
  0.391820   4.388020  -0.293010   1.000000   1.000000   1.000000   1.200000
  1.046450   2.444620   5.008620   0.000000   0.000000   1.000000   1.540000
  1.524860   0.435250   3.856310   1.000000   1.000000   1.000000   1.200000
  0.926630   2.920920   4.132290   1.000000   1.000000   1.000000   1.200000
  1.859220   2.807760   5.461180   1.000000   1.000000   1.000000   1.200000
  0.253200   2.641690   5.582770   1.000000   1.000000   1.000000   1.200000
 -3.535520   0.743170   3.423090   0.000000   0.000000   1.000000   1.540000
 -2.013660  -0.322960   3.676770   1.000000   1.000000   1.000000   1.200000
 -3.756320   0.834200   2.451900   1.000000   1.000000   1.000000   1.200000
 -3.113290   1.606690   3.717600   1.000000   1.000000   1.000000   1.200000
 -4.383220   0.612540   3.933010   1.000000   1.000000   1.000000   1.200000
28 bonds follow (x1 y1 z1 x2 y2 z2)
 -3.535520   0.743170   3.423090  -4.383220   0.612540   3.933010
 -3.535520   0.743170   3.423090  -3.113290   1.606690   3.717600
 -3.535520   0.743170   3.423090  -3.756320   0.834200   2.451900
 -1.086140  -0.605710   3.559400  -2.013660  -0.322960   3.676770
  1.046450   2.444620   5.008620   0.253200   2.641690   5.582770
  1.046450   2.444620   5.008620   1.859220   2.807760   5.461180
  1.046450   2.444620   5.008620   0.926630   2.920920   4.132290
  1.281590  -0.055400   3.068200   1.524860   0.435250   3.856310
  0.890690   5.088010   0.306380   0.391820   4.388020  -0.293010
  0.890690   5.088010   0.306380   0.176990   5.773170   0.612240
  0.890690   5.088010   0.306380   1.662620   5.524420  -0.175760
  0.890690   5.088010   0.306380   1.194920   4.592880   1.155610
 -2.550790   5.940300   1.916490  -2.029960   6.691740   2.569210
 -2.550790   5.940300   1.916490  -3.118410   6.484970   1.117360
 -2.550790   5.940300   1.916490  -3.267260   5.342470   2.537940
 -1.612410   5.118450   1.313700  -2.550790   5.940300   1.916490
 -1.192120   3.473350   1.863920  -1.612410   5.118450   1.313700
 -1.192120   3.473350   1.863920  -0.855960   3.095200   0.539650
 -1.192120   3.473350   1.863920  -2.391760   3.123320   2.453270
 -1.192120   3.473350   1.863920  -0.046170   3.942090   2.556530
 -0.186260   0.152670   2.525330  -0.586930   1.570560   2.368200
 -0.186260   0.152670   2.525330  -1.086140  -0.605710   3.559400
 -0.186260   0.152670   2.525330   1.281590  -0.055400   3.068200
 -0.192350  -0.712490   1.190960  -0.186260   0.152670   2.525330
 -0.493920  -0.092130  -0.039520  -0.192350  -0.712490   1.190960
 -0.493920  -0.092130  -0.039520  -1.297160  -0.702480  -0.529350
 -0.493920  -0.092130  -0.039520  -0.831210   0.968910   0.117380
 -0.493920  -0.092130  -0.039520   0.424970  -0.125250  -0.681720
