33 atoms follow (x y z r g b radiusScale)
 -0.528690  -0.241730  -0.031210   0.000000   1.000000   0.000000   1.850000
  0.292570  -0.488500  -0.754440   1.000000   1.000000   1.000000   1.200000
 -0.691700   0.868650   0.022690   1.000000   1.000000   1.000000   1.200000
 -1.461780  -0.777630  -0.350170   1.000000   1.000000   1.000000   1.200000
 -0.137920  -0.754240   1.223860   1.000000   0.000000   0.000000   1.400000
 -0.233010   0.146920   2.526610   0.500000   0.500000   0.500000   1.900000
  1.211770   0.066520   3.149600   1.000000   0.000000   0.000000   1.400000
 -1.146700  -0.575290   3.586950   1.000000   0.000000   0.000000   1.400000
 -0.624390   1.556640   2.277310   1.000000   0.000000   0.000000   1.400000
 -1.192130   3.415770   1.762300   1.000000   1.000000   0.000000   1.850000
 -0.119250   3.857930   2.591980   1.000000   0.000000   0.000000   1.400000
 -2.451360   3.103580   2.253980   1.000000   0.000000   0.000000   1.400000
 -0.742690   3.131840   0.445030   1.000000   0.000000   0.000000   1.400000
 -1.572600   5.101950   1.350330   1.000000   0.000000   0.000000   1.400000
 -2.603090   5.757600   1.998830   0.000000   1.000000   0.000000   1.850000
 -3.591530   5.303090   1.727350   1.000000   1.000000   1.000000   1.200000
 -2.586680   6.833290   1.679930   1.000000   1.000000   1.000000   1.200000
 -2.469050   5.699730   3.111550   1.000000   1.000000   1.000000   1.200000
  0.911050   5.334750   0.489130   0.000000   0.000000   1.000000   1.540000
  0.972630   4.903360   1.450770   1.000000   1.000000   1.000000   1.200000
  1.789980   5.731300   0.201270   1.000000   1.000000   1.000000   1.200000
  0.155080   6.035840   0.534290   1.000000   1.000000   1.000000   1.200000
  0.593960   4.582720  -0.138590   1.000000   1.000000   1.000000   1.200000
  1.267610   2.432410   4.914600   0.000000   0.000000   1.000000   1.540000
  1.403810   0.680610   3.874340   1.000000   1.000000   1.000000   1.200000
  0.903780   3.004000   4.173170   1.000000   1.000000   1.000000   1.200000
  2.117570   2.831550   5.251050   1.000000   1.000000   1.000000   1.200000
  0.607480   2.409840   5.662860   1.000000   1.000000   1.000000   1.200000
 -3.510590   0.894110   3.575760   0.000000   0.000000   1.000000   1.540000
 -2.073610  -0.294720   3.714260   1.000000   1.000000   1.000000   1.200000
 -3.579450   1.110020   2.598080   1.000000   1.000000   1.000000   1.200000
 -3.105850   1.699810   4.016930   1.000000   1.000000   1.000000   1.200000
 -4.432170   0.761090   3.935070   1.000000   1.000000   1.000000   1.200000
28 bonds follow (x1 y1 z1 x2 y2 z2)
 -3.510590   0.894110   3.575760  -4.432170   0.761090   3.935070
 -3.510590   0.894110   3.575760  -3.105850   1.699810   4.016930
 -3.510590   0.894110   3.575760  -3.579450   1.110020   2.598080
 -1.146700  -0.575290   3.586950  -2.073610  -0.294720   3.714260
  1.267610   2.432410   4.914600   0.607480   2.409840   5.662860
  1.267610   2.432410   4.914600   2.117570   2.831550   5.251050
  1.267610   2.432410   4.914600   0.903780   3.004000   4.173170
  1.211770   0.066520   3.149600   1.403810   0.680610   3.874340
  0.911050   5.334750   0.489130   0.593960   4.582720  -0.138590
  0.911050   5.334750   0.489130   0.155080   6.035840   0.534290
  0.911050   5.334750   0.489130   1.789980   5.731300   0.201270
  0.911050   5.334750   0.489130   0.972630   4.903360   1.450770
 -2.603090   5.757600   1.998830  -2.469050   5.699730   3.111550
 -2.603090   5.757600   1.998830  -2.586680   6.833290   1.679930
 -2.603090   5.757600   1.998830  -3.591530   5.303090   1.727350
 -1.572600   5.101950   1.350330  -2.603090   5.757600   1.998830
 -1.192130   3.415770   1.762300  -1.572600   5.101950   1.350330
 -1.192130   3.415770   1.762300  -0.742690   3.131840   0.445030
 -1.192130   3.415770   1.762300  -2.451360   3.103580   2.253980
 -1.192130   3.415770   1.762300  -0.119250   3.857930   2.591980
 -0.233010   0.146920   2.526610  -0.624390   1.556640   2.277310
 -0.233010   0.146920   2.526610  -1.146700  -0.575290   3.586950
 -0.233010   0.146920   2.526610   1.211770   0.066520   3.149600
 -0.137920  -0.754240   1.223860  -0.233010   0.146920   2.526610
 -0.528690  -0.241730  -0.031210  -0.137920  -0.754240   1.223860
 -0.528690  -0.241730  -0.031210  -1.461780  -0.777630  -0.350170
 -0.528690  -0.241730  -0.031210  -0.691700   0.868650   0.022690
 -0.528690  -0.241730  -0.031210   0.292570  -0.488500  -0.754440
