33 atoms follow (x y z r g b radiusScale)
  0.054650  -0.099390   0.026510   0.000000   1.000000   0.000000   1.850000
  1.170500  -0.023940   0.053030   1.000000   1.000000   1.000000   1.200000
 -0.418220   0.917260  -0.011710   1.000000   1.000000   1.000000   1.200000
 -0.273570  -0.730970  -0.837620   1.000000   1.000000   1.000000   1.200000
 -0.379590  -0.777240   1.189730   1.000000   0.000000   0.000000   1.400000
 -0.322780   0.015710   2.552240   0.500000   0.500000   0.500000   1.900000
  1.155900  -0.147960   3.033510   1.000000   0.000000   0.000000   1.400000
 -1.246200  -0.735980   3.564430   1.000000   0.000000   0.000000   1.400000
 -0.667720   1.469530   2.344160   1.000000   0.000000   0.000000   1.400000
 -1.104390   3.263870   2.029920   1.000000   1.000000   0.000000   1.850000
 -0.120460   3.794200   2.829530   1.000000   0.000000   0.000000   1.400000
 -2.369450   3.124540   2.544190   1.000000   0.000000   0.000000   1.400000
 -0.951910   3.216690   0.665120   1.000000   0.000000   0.000000   1.400000
 -2.066700   5.831830   1.684450   1.000000   0.000000   0.000000   1.400000
 -3.184460   5.906920   0.818680   0.000000   1.000000   0.000000   1.850000
 -2.858640   5.820230  -0.249730   1.000000   1.000000   1.000000   1.200000
 -3.743250   6.861670   0.976600   1.000000   1.000000   1.000000   1.200000
 -3.841000   5.027910   1.071920   1.000000   1.000000   1.000000   1.200000
  1.665080   5.645750   0.072500   0.000000   0.000000   1.000000   1.540000
  1.532810   5.916190   1.024210   1.000000   1.000000   1.000000   1.200000
 -1.458890   6.394850   1.447060   1.000000   1.000000   1.000000   1.200000
  0.803330   5.752840  -0.420510   1.000000   1.000000   1.000000   1.200000
  1.918250   4.676950   0.058980   1.000000   1.000000   1.000000   1.200000
  1.680690   2.142530   4.629140   0.000000   0.000000   1.000000   1.540000
  1.517200   0.477090   3.693140   1.000000   1.000000   1.000000   1.200000
  1.385560   2.874180   4.008930   1.000000   1.000000   1.000000   1.200000
  2.647350   2.267870   4.846390   1.000000   1.000000   1.000000   1.200000
  1.151680   2.201710   5.474100   1.000000   1.000000   1.000000   1.200000
 -3.556510   0.887360   3.781580   0.000000   0.000000   1.000000   1.540000
 -2.150140  -0.392280   3.727700   1.000000   1.000000   1.000000   1.200000
 -3.761550   1.167200   2.841600   1.000000   1.000000   1.000000   1.200000
 -3.140790   1.676910   4.238780   1.000000   1.000000   1.000000   1.200000
 -4.410450   0.657240   4.244660   1.000000   1.000000   1.000000   1.200000
28 bonds follow (x1 y1 z1 x2 y2 z2)
 -3.556510   0.887360   3.781580  -4.410450   0.657240   4.244660
 -3.556510   0.887360   3.781580  -3.140790   1.676910   4.238780
 -3.556510   0.887360   3.781580  -3.761550   1.167200   2.841600
 -1.246200  -0.735980   3.564430  -2.150140  -0.392280   3.727700
  1.680690   2.142530   4.629140   1.151680   2.201710   5.474100
  1.680690   2.142530   4.629140   2.647350   2.267870   4.846390
  1.680690   2.142530   4.629140   1.385560   2.874180   4.008930
  1.155900  -0.147960   3.033510   1.517200   0.477090   3.693140
  1.665080   5.645750   0.072500   1.918250   4.676950   0.058980
  1.665080   5.645750   0.072500   0.803330   5.752840  -0.420510
 -2.066700   5.831830   1.684450  -1.458890   6.394850   1.447060
  1.665080   5.645750   0.072500   1.532810   5.916190   1.024210
 -3.184460   5.906920   0.818680  -3.841000   5.027910   1.071920
 -3.184460   5.906920   0.818680  -3.743250   6.861670   0.976600
 -3.184460   5.906920   0.818680  -2.858640   5.820230  -0.249730
 -2.066700   5.831830   1.684450  -3.184460   5.906920   0.818680
 -1.104390   3.263870   2.029920  -0.951910   3.216690   0.665120
 -1.104390   3.263870   2.029920  -2.369450   3.124540   2.544190
 -1.104390   3.263870   2.029920  -0.120460   3.794200   2.829530
 -0.667720   1.469530   2.344160  -1.104390   3.263870   2.029920
 -0.322780   0.015710   2.552240  -0.667720   1.469530   2.344160
 -0.322780   0.015710   2.552240  -1.246200  -0.735980   3.564430
 -0.322780   0.015710   2.552240   1.155900  -0.147960   3.033510
 -0.379590  -0.777240   1.189730  -0.322780   0.015710   2.552240
  0.054650  -0.099390   0.026510  -0.379590  -0.777240   1.189730
  0.054650  -0.099390   0.026510  -0.273570  -0.730970  -0.837620
  0.054650  -0.099390   0.026510  -0.418220   0.917260  -0.011710
  0.054650  -0.099390   0.026510   1.170500  -0.023940   0.053030
