33 atoms follow (x y z r g b radiusScale)
  0.016960  -0.017380   0.005190   0.000000   1.000000   0.000000   1.850000
  1.135090  -0.008430   0.031170   1.000000   1.000000   1.000000   1.200000
 -0.396260   1.026760   0.015680   1.000000   1.000000   1.000000   1.200000
 -0.350460  -0.586370  -0.884860   1.000000   1.000000   1.000000   1.200000
 -0.448460  -0.721050   1.145920   1.000000   0.000000   0.000000   1.400000
 -0.301050   0.033460   2.530190   0.500000   0.500000   0.500000   1.900000
  1.175370  -0.068510   3.023930   1.000000   0.000000   0.000000   1.400000
 -1.260100  -0.642340   3.556650   1.000000   0.000000   0.000000   1.400000
 -0.681280   1.484510   2.382790   1.000000   0.000000   0.000000   1.400000
 -1.130760   3.234400   2.029330   1.000000   1.000000   0.000000   1.850000
 -0.069200   3.771680   2.725740   1.000000   0.000000   0.000000   1.400000
 -2.396350   3.160800   2.541950   1.000000   0.000000   0.000000   1.400000
 -0.886530   3.128060   0.675930   1.000000   0.000000   0.000000   1.400000
 -1.845910   5.576610   1.660570   1.000000   0.000000   0.000000   1.400000
 -2.992100   5.774540   0.866060   0.000000   1.000000   0.000000   1.850000
 -2.782720   5.433060  -0.179420   1.000000   1.000000   1.000000   1.200000
 -3.284220   6.853310   0.867490   1.000000   1.000000   1.000000   1.200000
 -3.802970   5.159870   1.316980   1.000000   1.000000   1.000000   1.200000
  1.289620   5.653880   0.235410   0.000000   0.000000   1.000000   1.540000
  1.338050   5.365760   1.198520   1.000000   1.000000   1.000000   1.200000
 -1.091560   6.287440   1.444690   1.000000   1.000000   1.000000   1.200000
  0.534350   5.131320  -0.176820   1.000000   1.000000   1.000000   1.200000
  2.141910   5.369540  -0.215010   1.000000   1.000000   1.000000   1.200000
  1.644620   2.197120   4.674800   0.000000   0.000000   1.000000   1.540000
  1.521420   0.649870   3.600980   1.000000   1.000000   1.000000   1.200000
  1.284920   2.923470   4.081360   1.000000   1.000000   1.000000   1.200000
  2.612300   2.366040   4.852690   1.000000   1.000000   1.000000   1.200000
  1.151090   2.207870   5.542200   1.000000   1.000000   1.000000   1.200000
 -3.562170   0.984630   3.742820   0.000000   0.000000   1.000000   1.540000
 -2.130760  -0.219820   3.740100   1.000000   1.000000   1.000000   1.200000
 -3.849980   1.200500   2.809060   1.000000   1.000000   1.000000   1.200000
 -3.186330   1.823470   4.143330   1.000000   1.000000   1.000000   1.200000
 -4.355660   0.693090   4.272940   1.000000   1.000000   1.000000   1.200000
28 bonds follow (x1 y1 z1 x2 y2 z2)
 -3.562170   0.984630   3.742820  -4.355660   0.693090   4.272940
 -3.562170   0.984630   3.742820  -3.186330   1.823470   4.143330
 -3.562170   0.984630   3.742820  -3.849980   1.200500   2.809060
 -1.260100  -0.642340   3.556650  -2.130760  -0.219820   3.740100
  1.644620   2.197120   4.674800   1.151090   2.207870   5.542200
  1.644620   2.197120   4.674800   2.612300   2.366040   4.852690
  1.644620   2.197120   4.674800   1.284920   2.923470   4.081360
  1.175370  -0.068510   3.023930   1.521420   0.649870   3.600980
  1.289620   5.653880   0.235410   2.141910   5.369540  -0.215010
  1.289620   5.653880   0.235410   0.534350   5.131320  -0.176820
 -1.845910   5.576610   1.660570  -1.091560   6.287440   1.444690
  1.289620   5.653880   0.235410   1.338050   5.365760   1.198520
 -2.992100   5.774540   0.866060  -3.802970   5.159870   1.316980
 -2.992100   5.774540   0.866060  -3.284220   6.853310   0.867490
 -2.992100   5.774540   0.866060  -2.782720   5.433060  -0.179420
 -1.845910   5.576610   1.660570  -2.992100   5.774540   0.866060
 -1.130760   3.234400   2.029330  -0.886530   3.128060   0.675930
 -1.130760   3.234400   2.029330  -2.396350   3.160800   2.541950
 -1.130760   3.234400   2.029330  -0.069200   3.771680   2.725740
 -0.681280   1.484510   2.382790  -1.130760   3.234400   2.029330
 -0.301050   0.033460   2.530190  -0.681280   1.484510   2.382790
 -0.301050   0.033460   2.530190  -1.260100  -0.642340   3.556650
 -0.301050   0.033460   2.530190   1.175370  -0.068510   3.023930
 -0.448460  -0.721050   1.145920  -0.301050   0.033460   2.530190
  0.016960  -0.017380   0.005190  -0.448460  -0.721050   1.145920
  0.016960  -0.017380   0.005190  -0.350460  -0.586370  -0.884860
  0.016960  -0.017380   0.005190  -0.396260   1.026760   0.015680
  0.016960  -0.017380   0.005190   1.135090  -0.008430   0.031170
