33 atoms follow (x y z r g b radiusScale)
 -0.156910  -0.119970  -0.033000   0.000000   1.000000   0.000000   1.850000
  0.811580  -0.480270  -0.469130   1.000000   1.000000   1.000000   1.200000
 -0.169630   0.998700   0.075500   1.000000   1.000000   1.000000   1.200000
 -0.998700  -0.452480  -0.695430   1.000000   1.000000   1.000000   1.200000
 -0.340200  -0.748990   1.218790   1.000000   0.000000   0.000000   1.400000
 -0.258130   0.154200   2.524160   0.500000   0.500000   0.500000   1.900000
  1.226370   0.007470   3.033120   1.000000   0.000000   0.000000   1.400000
 -1.191920  -0.529730   3.574620   1.000000   0.000000   0.000000   1.400000
 -0.657810   1.562800   2.270650   1.000000   0.000000   0.000000   1.400000
 -1.213380   3.405880   1.825540   1.000000   1.000000   0.000000   1.850000
 -0.151770   3.844590   2.664360   1.000000   0.000000   0.000000   1.400000
 -2.465770   3.113960   2.351880   1.000000   0.000000   0.000000   1.400000
 -0.746840   3.132680   0.515500   1.000000   0.000000   0.000000   1.400000
 -1.572840   5.093000   1.312310   1.000000   0.000000   0.000000   1.400000
 -2.754430   5.719840   1.665490   0.000000   1.000000   0.000000   1.850000
 -3.558620   5.472870   0.923530   1.000000   1.000000   1.000000   1.200000
 -2.585010   6.829050   1.668700   1.000000   1.000000   1.000000   1.200000
 -3.089450   5.396650   2.686240   1.000000   1.000000   1.000000   1.200000
  0.937270   5.288180   0.615100   0.000000   0.000000   1.000000   1.540000
  1.104130   4.714820   1.471730   1.000000   1.000000   1.000000   1.200000
  1.778060   5.741330   0.299110   1.000000   1.000000   1.000000   1.200000
  0.178890   5.961600   0.854170   1.000000   1.000000   1.000000   1.200000
  0.542610   4.643260  -0.092660   1.000000   1.000000   1.000000   1.200000
  1.479740   2.356950   4.781490   0.000000   0.000000   1.000000   1.540000
  1.524730   0.652650   3.693790   1.000000   1.000000   1.000000   1.200000
  0.956320   2.925030   4.138120   1.000000   1.000000   1.000000   1.200000
  2.399390   2.733290   4.873850   1.000000   1.000000   1.000000   1.200000
  1.034300   2.385360   5.674320   1.000000   1.000000   1.000000   1.200000
 -3.584970   0.955570   3.721170   0.000000   0.000000   1.000000   1.540000
 -2.090420  -0.163340   3.719840   1.000000   1.000000   1.000000   1.200000
 -3.786710   1.116250   2.753010   1.000000   1.000000   1.000000   1.200000
 -3.190500   1.805090   4.080660   1.000000   1.000000   1.000000   1.200000
 -4.436910   0.760990   4.202490   1.000000   1.000000   1.000000   1.200000
28 bonds follow (x1 y1 z1 x2 y2 z2)
 -3.584970   0.955570   3.721170  -4.436910   0.760990   4.202490
 -3.584970   0.955570   3.721170  -3.190500   1.805090   4.080660
 -3.584970   0.955570   3.721170  -3.786710   1.116250   2.753010
 -1.191920  -0.529730   3.574620  -2.090420  -0.163340   3.719840
  1.479740   2.356950   4.781490   1.034300   2.385360   5.674320
  1.479740   2.356950   4.781490   2.399390   2.733290   4.873850
  1.479740   2.356950   4.781490   0.956320   2.925030   4.138120
  1.226370   0.007470   3.033120   1.524730   0.652650   3.693790
  0.937270   5.288180   0.615100   0.542610   4.643260  -0.092660
  0.937270   5.288180   0.615100   0.178890   5.961600   0.854170
  0.937270   5.288180   0.615100   1.778060   5.741330   0.299110
  0.937270   5.288180   0.615100   1.104130   4.714820   1.471730
 -2.754430   5.719840   1.665490  -3.089450   5.396650   2.686240
 -2.754430   5.719840   1.665490  -2.585010   6.829050   1.668700
 -2.754430   5.719840   1.665490  -3.558620   5.472870   0.923530
 -1.572840   5.093000   1.312310  -2.754430   5.719840   1.665490
 -1.213380   3.405880   1.825540  -1.572840   5.093000   1.312310
 -1.213380   3.405880   1.825540  -0.746840   3.132680   0.515500
 -1.213380   3.405880   1.825540  -2.465770   3.113960   2.351880
 -1.213380   3.405880   1.825540  -0.151770   3.844590   2.664360
 -0.258130   0.154200   2.524160  -0.657810   1.562800   2.270650
 -0.258130   0.154200   2.524160  -1.191920  -0.529730   3.574620
 -0.258130   0.154200   2.524160   1.226370   0.007470   3.033120
 -0.340200  -0.748990   1.218790  -0.258130   0.154200   2.524160
 -0.156910  -0.119970  -0.033000  -0.340200  -0.748990   1.218790
 -0.156910  -0.119970  -0.033000  -0.998700  -0.452480  -0.695430
 -0.156910  -0.119970  -0.033000  -0.169630   0.998700   0.075500
 -0.156910  -0.119970  -0.033000   0.811580  -0.480270  -0.469130
