33 atoms follow (x y z r g b radiusScale)
  0.420490  -0.046680   0.105450   0.000000   1.000000   0.000000   1.850000
  1.492710  -0.177700   0.397250   1.000000   1.000000   1.000000   1.200000
  0.145950   1.038890   0.036910   1.000000   1.000000   1.000000   1.200000
  0.199590  -0.578980  -0.853270   1.000000   1.000000   1.000000   1.200000
 -0.391740  -0.661220   1.091100   1.000000   0.000000   0.000000   1.400000
 -0.321730  -0.019750   2.533750   0.500000   0.500000   0.500000   1.900000
  1.188230  -0.105630   2.930650   1.000000   0.000000   0.000000   1.400000
 -1.215810  -0.870670   3.492790   1.000000   0.000000   0.000000   1.400000
 -0.741660   1.430190   2.470480   1.000000   0.000000   0.000000   1.400000
 -1.141350   3.195530   2.215270   1.000000   1.000000   0.000000   1.850000
 -0.535230   3.697660   3.343040   1.000000   0.000000   0.000000   1.400000
 -2.506390   3.043400   2.232790   1.000000   0.000000   0.000000   1.400000
 -0.439480   3.298130   1.032670   1.000000   0.000000   0.000000   1.400000
 -2.577370   6.633930   1.402280   1.000000   0.000000   0.000000   1.400000
 -3.894670   6.278390   1.035010   0.000000   1.000000   0.000000   1.850000
 -4.557110   7.156790   0.892290   1.000000   1.000000   1.000000   1.200000
 -4.306440   5.609550   1.826680   1.000000   1.000000   1.000000   1.200000
 -3.752750   5.692620   0.076410   1.000000   1.000000   1.000000   1.200000
  2.414260   4.684250  -0.264700   0.000000   0.000000   1.000000   1.540000
  2.086390   5.291950   0.457890   1.000000   1.000000   1.000000   1.200000
 -2.678080   7.201630   2.044770   1.000000   1.000000   1.000000   1.200000
  2.008300   4.996040  -1.124110   1.000000   1.000000   1.000000   1.200000
  2.066360   3.763550  -0.078460   1.000000   1.000000   1.000000   1.200000
  1.910820   2.344180   4.275720   0.000000   0.000000   1.000000   1.540000
  1.628470   0.658160   3.357480   1.000000   1.000000   1.000000   1.200000
  1.563360   2.989150   3.589720   1.000000   1.000000   1.000000   1.200000
  2.883440   2.517970   4.421940   1.000000   1.000000   1.000000   1.200000
  1.419880   2.514260   5.129290   1.000000   1.000000   1.000000   1.200000
 -3.551950   0.754330   3.746740   0.000000   0.000000   1.000000   1.540000
 -2.097720  -0.516370   3.737950   1.000000   1.000000   1.000000   1.200000
 -3.514660   1.319890   2.917630   1.000000   1.000000   1.000000   1.200000
 -3.391730   1.345870   4.536180   1.000000   1.000000   1.000000   1.200000
 -4.465520   0.358460   3.825790   1.000000   1.000000   1.000000   1.200000
28 bonds follow (x1 y1 z1 x2 y2 z2)
 -3.551950   0.754330   3.746740  -4.465520   0.358460   3.825790
 -3.551950   0.754330   3.746740  -3.391730   1.345870   4.536180
 -3.551950   0.754330   3.746740  -3.514660   1.319890   2.917630
 -1.215810  -0.870670   3.492790  -2.097720  -0.516370   3.737950
  1.910820   2.344180   4.275720   1.419880   2.514260   5.129290
  1.910820   2.344180   4.275720   2.883440   2.517970   4.421940
  1.910820   2.344180   4.275720   1.563360   2.989150   3.589720
  1.188230  -0.105630   2.930650   1.628470   0.658160   3.357480
  2.414260   4.684250  -0.264700   2.066360   3.763550  -0.078460
  2.414260   4.684250  -0.264700   2.008300   4.996040  -1.124110
 -2.577370   6.633930   1.402280  -2.678080   7.201630   2.044770
  2.414260   4.684250  -0.264700   2.086390   5.291950   0.457890
 -3.894670   6.278390   1.035010  -3.752750   5.692620   0.076410
 -3.894670   6.278390   1.035010  -4.306440   5.609550   1.826680
 -3.894670   6.278390   1.035010  -4.557110   7.156790   0.892290
 -2.577370   6.633930   1.402280  -3.894670   6.278390   1.035010
 -1.141350   3.195530   2.215270  -0.439480   3.298130   1.032670
 -1.141350   3.195530   2.215270  -2.506390   3.043400   2.232790
 -1.141350   3.195530   2.215270  -0.535230   3.697660   3.343040
 -0.741660   1.430190   2.470480  -1.141350   3.195530   2.215270
 -0.321730  -0.019750   2.533750  -0.741660   1.430190   2.470480
 -0.321730  -0.019750   2.533750  -1.215810  -0.870670   3.492790
 -0.321730  -0.019750   2.533750   1.188230  -0.105630   2.930650
 -0.391740  -0.661220   1.091100  -0.321730  -0.019750   2.533750
  0.420490  -0.046680   0.105450  -0.391740  -0.661220   1.091100
  0.420490  -0.046680   0.105450   0.199590  -0.578980  -0.853270
  0.420490  -0.046680   0.105450   0.145950   1.038890   0.036910
  0.420490  -0.046680   0.105450   1.492710  -0.177700   0.397250
