33 atoms follow (x y z r g b radiusScale)
 -0.075820  -0.075200  -0.032800   0.000000   1.000000   0.000000   1.850000
  0.987440  -0.319320  -0.292260   1.000000   1.000000   1.000000   1.200000
 -0.238140   1.034100   0.040150   1.000000   1.000000   1.000000   1.200000
 -0.750820  -0.522710  -0.808330   1.000000   1.000000   1.000000   1.200000
 -0.406490  -0.696570   1.189200   1.000000   0.000000   0.000000   1.400000
 -0.313800   0.138430   2.538050   0.500000   0.500000   0.500000   1.900000
  1.174980  -0.042140   3.013960   1.000000   0.000000   0.000000   1.400000
 -1.137580  -0.693760   3.584410   1.000000   0.000000   0.000000   1.400000
 -0.697510   1.564650   2.403050   1.000000   0.000000   0.000000   1.400000
 -1.185300   3.460390   1.870920   1.000000   1.000000   0.000000   1.850000
 -0.107990   3.890920   2.685460   1.000000   0.000000   0.000000   1.400000
 -2.461830   3.106380   2.271920   1.000000   0.000000   0.000000   1.400000
 -0.654050   3.171150   0.581860   1.000000   0.000000   0.000000   1.400000
 -1.597610   5.154940   1.447150   1.000000   0.000000   0.000000   1.400000
 -2.838890   5.762650   1.497560   0.000000   1.000000   0.000000   1.850000
 -3.451590   5.475240   0.602370   1.000000   1.000000   1.000000   1.200000
 -2.684100   6.874480   1.490830   1.000000   1.000000   1.000000   1.200000
 -3.393330   5.469800   2.426570   1.000000   1.000000   1.000000   1.200000
  0.879890   5.240720   0.504290   0.000000   0.000000   1.000000   1.540000
  0.779980   5.452630   1.509340   1.000000   1.000000   1.000000   1.200000
  1.637300   5.745260   0.070900   1.000000   1.000000   1.000000   1.200000
 -0.035890   5.454270   0.079510   1.000000   1.000000   1.000000   1.200000
  1.001040   4.204150   0.429830   1.000000   1.000000   1.000000   1.200000
  1.513610   2.308570   4.727640   0.000000   0.000000   1.000000   1.540000
  1.542170   0.634550   3.602060   1.000000   1.000000   1.000000   1.200000
  0.987980   2.870190   4.081080   1.000000   1.000000   1.000000   1.200000
  2.426380   2.699630   4.826780   1.000000   1.000000   1.000000   1.200000
  1.060290   2.331520   5.616700   1.000000   1.000000   1.000000   1.200000
 -3.530850   0.935000   3.723800   0.000000   0.000000   1.000000   1.540000
 -2.053440  -0.430560   3.770570   1.000000   1.000000   1.000000   1.200000
 -3.755190   1.105670   2.761790   1.000000   1.000000   1.000000   1.200000
 -3.023500   1.738950   4.045800   1.000000   1.000000   1.000000   1.200000
 -4.382400   0.870120   4.241070   1.000000   1.000000   1.000000   1.200000
28 bonds follow (x1 y1 z1 x2 y2 z2)
 -3.530850   0.935000   3.723800  -4.382400   0.870120   4.241070
 -3.530850   0.935000   3.723800  -3.023500   1.738950   4.045800
 -3.530850   0.935000   3.723800  -3.755190   1.105670   2.761790
 -1.137580  -0.693760   3.584410  -2.053440  -0.430560   3.770570
  1.513610   2.308570   4.727640   1.060290   2.331520   5.616700
  1.513610   2.308570   4.727640   2.426380   2.699630   4.826780
  1.513610   2.308570   4.727640   0.987980   2.870190   4.081080
  1.174980  -0.042140   3.013960   1.542170   0.634550   3.602060
  0.879890   5.240720   0.504290   1.001040   4.204150   0.429830
  0.879890   5.240720   0.504290  -0.035890   5.454270   0.079510
  0.879890   5.240720   0.504290   1.637300   5.745260   0.070900
  0.879890   5.240720   0.504290   0.779980   5.452630   1.509340
 -2.838890   5.762650   1.497560  -3.393330   5.469800   2.426570
 -2.838890   5.762650   1.497560  -2.684100   6.874480   1.490830
 -2.838890   5.762650   1.497560  -3.451590   5.475240   0.602370
 -1.597610   5.154940   1.447150  -2.838890   5.762650   1.497560
 -1.185300   3.460390   1.870920  -1.597610   5.154940   1.447150
 -1.185300   3.460390   1.870920  -0.654050   3.171150   0.581860
 -1.185300   3.460390   1.870920  -2.461830   3.106380   2.271920
 -1.185300   3.460390   1.870920  -0.107990   3.890920   2.685460
 -0.313800   0.138430   2.538050  -0.697510   1.564650   2.403050
 -0.313800   0.138430   2.538050  -1.137580  -0.693760   3.584410
 -0.313800   0.138430   2.538050   1.174980  -0.042140   3.013960
 -0.406490  -0.696570   1.189200  -0.313800   0.138430   2.538050
 -0.075820  -0.075200  -0.032800  -0.406490  -0.696570   1.189200
 -0.075820  -0.075200  -0.032800  -0.750820  -0.522710  -0.808330
 -0.075820  -0.075200  -0.032800  -0.238140   1.034100   0.040150
 -0.075820  -0.075200  -0.032800   0.987440  -0.319320  -0.292260
