33 atoms follow (x y z r g b radiusScale)
  0.386520  -0.110520   0.114710   0.000000   1.000000   0.000000   1.850000
  1.450110  -0.215830   0.450110   1.000000   1.000000   1.000000   1.200000
  0.101270   0.968600  -0.001060   1.000000   1.000000   1.000000   1.200000
  0.213110  -0.676540  -0.833400   1.000000   1.000000   1.000000   1.200000
 -0.449240  -0.695030   1.100530   1.000000   0.000000   0.000000   1.400000
 -0.308700   0.007080   2.511470   0.500000   0.500000   0.500000   1.900000
  1.172340  -0.133380   2.994440   1.000000   0.000000   0.000000   1.400000
 -1.179700  -0.784380   3.514970   1.000000   0.000000   0.000000   1.400000
 -0.759300   1.449840   2.462680   1.000000   0.000000   0.000000   1.400000
 -1.151870   3.190900   2.209600   1.000000   1.000000   0.000000   1.850000
 -0.468630   3.701150   3.286100   1.000000   0.000000   0.000000   1.400000
 -2.525950   3.092420   2.289230   1.000000   0.000000   0.000000   1.400000
 -0.584770   3.302010   0.963800   1.000000   0.000000   0.000000   1.400000
 -2.496780   6.504050   1.397160   1.000000   0.000000   0.000000   1.400000
 -3.820830   6.237990   0.991070   0.000000   1.000000   0.000000   1.850000
 -4.274610   7.163740   0.555240   1.000000   1.000000   1.000000   1.200000
 -4.447430   5.866700   1.825740   1.000000   1.000000   1.000000   1.200000
 -3.743150   5.446530   0.196070   1.000000   1.000000   1.000000   1.200000
  2.426970   4.918260  -0.247980   0.000000   0.000000   1.000000   1.540000
  2.015720   5.468020   0.477830   1.000000   1.000000   1.000000   1.200000
 -2.524390   7.221640   2.172480   1.000000   1.000000   1.000000   1.200000
  2.062100   5.254900  -1.113850   1.000000   1.000000   1.000000   1.200000
  2.114580   3.974880  -0.135320   1.000000   1.000000   1.000000   1.200000
  1.872240   2.236220   4.291130   0.000000   0.000000   1.000000   1.540000
  1.566570   0.541640   3.591890   1.000000   1.000000   1.000000   1.200000
  1.553830   2.960020   3.674510   1.000000   1.000000   1.000000   1.200000
  2.832810   2.391870   4.515360   1.000000   1.000000   1.000000   1.200000
  1.331880   2.286990   5.131080   1.000000   1.000000   1.000000   1.200000
 -3.495240   0.714070   3.761450   0.000000   0.000000   1.000000   1.540000
 -2.093080  -0.455330   3.692650   1.000000   1.000000   1.000000   1.200000
 -3.600570   1.277280   2.937090   1.000000   1.000000   1.000000   1.200000
 -3.296960   1.321450   4.530490   1.000000   1.000000   1.000000   1.200000
 -4.346030   0.225220   3.945310   1.000000   1.000000   1.000000   1.200000
28 bonds follow (x1 y1 z1 x2 y2 z2)
 -3.495240   0.714070   3.761450  -4.346030   0.225220   3.945310
 -3.495240   0.714070   3.761450  -3.296960   1.321450   4.530490
 -3.495240   0.714070   3.761450  -3.600570   1.277280   2.937090
 -1.179700  -0.784380   3.514970  -2.093080  -0.455330   3.692650
  1.872240   2.236220   4.291130   1.331880   2.286990   5.131080
  1.872240   2.236220   4.291130   2.832810   2.391870   4.515360
  1.872240   2.236220   4.291130   1.553830   2.960020   3.674510
  1.172340  -0.133380   2.994440   1.566570   0.541640   3.591890
  2.426970   4.918260  -0.247980   2.114580   3.974880  -0.135320
  2.426970   4.918260  -0.247980   2.062100   5.254900  -1.113850
 -2.496780   6.504050   1.397160  -2.524390   7.221640   2.172480
  2.426970   4.918260  -0.247980   2.015720   5.468020   0.477830
 -3.820830   6.237990   0.991070  -3.743150   5.446530   0.196070
 -3.820830   6.237990   0.991070  -4.447430   5.866700   1.825740
 -3.820830   6.237990   0.991070  -4.274610   7.163740   0.555240
 -2.496780   6.504050   1.397160  -3.820830   6.237990   0.991070
 -1.151870   3.190900   2.209600  -0.584770   3.302010   0.963800
 -1.151870   3.190900   2.209600  -2.525950   3.092420   2.289230
 -1.151870   3.190900   2.209600  -0.468630   3.701150   3.286100
 -0.759300   1.449840   2.462680  -1.151870   3.190900   2.209600
 -0.308700   0.007080   2.511470  -0.759300   1.449840   2.462680
 -0.308700   0.007080   2.511470  -1.179700  -0.784380   3.514970
 -0.308700   0.007080   2.511470   1.172340  -0.133380   2.994440
 -0.449240  -0.695030   1.100530  -0.308700   0.007080   2.511470
  0.386520  -0.110520   0.114710  -0.449240  -0.695030   1.100530
  0.386520  -0.110520   0.114710   0.213110  -0.676540  -0.833400
  0.386520  -0.110520   0.114710   0.101270   0.968600  -0.001060
  0.386520  -0.110520   0.114710   1.450110  -0.215830   0.450110
