33 atoms follow (x y z r g b radiusScale)
 -0.434030  -0.058890  -0.052110   0.000000   1.000000   0.000000   1.850000
  0.524640  -0.116720  -0.632250   1.000000   1.000000   1.000000   1.200000
 -0.754800   1.006830   0.089270   1.000000   1.000000   1.000000   1.200000
 -1.220240  -0.645220  -0.596370   1.000000   1.000000   1.000000   1.200000
 -0.237540  -0.694630   1.193580   1.000000   0.000000   0.000000   1.400000
 -0.200440   0.158000   2.534360   0.500000   0.500000   0.500000   1.900000
  1.265560  -0.050330   3.067950   1.000000   0.000000   0.000000   1.400000
 -1.015420  -0.669620   3.596610   1.000000   0.000000   0.000000   1.400000
 -0.600610   1.563670   2.332220   1.000000   0.000000   0.000000   1.400000
 -1.189770   3.451480   1.855560   1.000000   1.000000   0.000000   1.850000
 -0.017990   3.892810   2.523190   1.000000   0.000000   0.000000   1.400000
 -2.369400   3.155300   2.512040   1.000000   0.000000   0.000000   1.400000
 -0.923780   3.088560   0.506600   1.000000   0.000000   0.000000   1.400000
 -1.567390   5.126000   1.376350   1.000000   0.000000   0.000000   1.400000
 -2.559460   5.941540   1.882790   0.000000   1.000000   0.000000   1.850000
 -3.169900   5.409660   2.657970   1.000000   1.000000   1.000000   1.200000
 -3.230210   6.267620   1.043740   1.000000   1.000000   1.000000   1.200000
 -2.087550   6.851440   2.342520   1.000000   1.000000   1.000000   1.200000
  0.900680   5.110640   0.295710   0.000000   0.000000   1.000000   1.540000
  1.396130   4.386630   0.847320   1.000000   1.000000   1.000000   1.200000
  1.529210   5.680170  -0.252140   1.000000   1.000000   1.000000   1.200000
  0.359520   5.672300   0.986310   1.000000   1.000000   1.000000   1.200000
  0.199310   4.624920  -0.281030   1.000000   1.000000   1.000000   1.200000
  1.038530   2.500740   5.018100   0.000000   0.000000   1.000000   1.540000
  1.433660   0.073960   4.002070   1.000000   1.000000   1.000000   1.200000
  0.929300   2.977620   4.141270   1.000000   1.000000   1.000000   1.200000
  1.757350   2.957900   5.539940   1.000000   1.000000   1.000000   1.200000
  0.184110   2.585780   5.529730   1.000000   1.000000   1.000000   1.200000
 -3.572920   0.756150   3.389320   0.000000   0.000000   1.000000   1.540000
 -1.940790  -0.439360   3.762540   1.000000   1.000000   1.000000   1.200000
 -3.803160   1.026420   2.453910   1.000000   1.000000   1.000000   1.200000
 -3.230920   1.577060   3.855040   1.000000   1.000000   1.000000   1.200000
 -4.401860   0.441250   3.848070   1.000000   1.000000   1.000000   1.200000
28 bonds follow (x1 y1 z1 x2 y2 z2)
 -3.572920   0.756150   3.389320  -4.401860   0.441250   3.848070
 -3.572920   0.756150   3.389320  -3.230920   1.577060   3.855040
 -3.572920   0.756150   3.389320  -3.803160   1.026420   2.453910
 -1.015420  -0.669620   3.596610  -1.940790  -0.439360   3.762540
  1.038530   2.500740   5.018100   0.184110   2.585780   5.529730
  1.038530   2.500740   5.018100   1.757350   2.957900   5.539940
  1.038530   2.500740   5.018100   0.929300   2.977620   4.141270
  1.265560  -0.050330   3.067950   1.433660   0.073960   4.002070
  0.900680   5.110640   0.295710   0.199310   4.624920  -0.281030
  0.900680   5.110640   0.295710   0.359520   5.672300   0.986310
  0.900680   5.110640   0.295710   1.529210   5.680170  -0.252140
  0.900680   5.110640   0.295710   1.396130   4.386630   0.847320
 -2.559460   5.941540   1.882790  -2.087550   6.851440   2.342520
 -2.559460   5.941540   1.882790  -3.230210   6.267620   1.043740
 -2.559460   5.941540   1.882790  -3.169900   5.409660   2.657970
 -1.567390   5.126000   1.376350  -2.559460   5.941540   1.882790
 -1.189770   3.451480   1.855560  -1.567390   5.126000   1.376350
 -1.189770   3.451480   1.855560  -0.923780   3.088560   0.506600
 -1.189770   3.451480   1.855560  -2.369400   3.155300   2.512040
 -1.189770   3.451480   1.855560  -0.017990   3.892810   2.523190
 -0.200440   0.158000   2.534360  -0.600610   1.563670   2.332220
 -0.200440   0.158000   2.534360  -1.015420  -0.669620   3.596610
 -0.200440   0.158000   2.534360   1.265560  -0.050330   3.067950
 -0.237540  -0.694630   1.193580  -0.200440   0.158000   2.534360
 -0.434030  -0.058890  -0.052110  -0.237540  -0.694630   1.193580
 -0.434030  -0.058890  -0.052110  -1.220240  -0.645220  -0.596370
 -0.434030  -0.058890  -0.052110  -0.754800   1.006830   0.089270
 -0.434030  -0.058890  -0.052110   0.524640  -0.116720  -0.632250
