33 atoms follow (x y z r g b radiusScale)
 -0.288900  -0.130730  -0.076400   0.000000   1.000000   0.000000   1.850000
  0.636030  -0.437320  -0.631960   1.000000   1.000000   1.000000   1.200000
 -0.364560   0.985710   0.014310   1.000000   1.000000   1.000000   1.200000
 -1.185460  -0.544510  -0.609080   1.000000   1.000000   1.000000   1.200000
 -0.242630  -0.733600   1.201330   1.000000   0.000000   0.000000   1.400000
 -0.238020   0.157060   2.515050   0.500000   0.500000   0.500000   1.900000
  1.261320   0.097610   2.979600   1.000000   0.000000   0.000000   1.400000
 -1.033120  -0.610440   3.628750   1.000000   0.000000   0.000000   1.400000
 -0.655320   1.555210   2.284200   1.000000   0.000000   0.000000   1.400000
 -1.154460   3.402570   1.890830   1.000000   1.000000   0.000000   1.850000
  0.084590   3.789220   2.480300   1.000000   0.000000   0.000000   1.400000
 -2.317320   3.130510   2.606830   1.000000   0.000000   0.000000   1.400000
 -0.971050   3.093790   0.521370   1.000000   0.000000   0.000000   1.400000
 -1.480010   5.134760   1.505550   1.000000   0.000000   0.000000   1.400000
 -2.605110   5.862710   1.845220   0.000000   1.000000   0.000000   1.850000
 -3.052400   5.487140   2.802480   1.000000   1.000000   1.000000   1.200000
 -3.372710   5.789700   1.029480   1.000000   1.000000   1.000000   1.200000
 -2.312000   6.939150   1.970510   1.000000   1.000000   1.000000   1.200000
  0.856660   5.166120   0.289720   0.000000   0.000000   1.000000   1.540000
  1.210300   4.515220   1.016990   1.000000   1.000000   1.000000   1.200000
  1.598250   5.554410  -0.276650   1.000000   1.000000   1.000000   1.200000
  0.319520   5.889530   0.786370   1.000000   1.000000   1.000000   1.200000
  0.176600   4.631070  -0.270220   1.000000   1.000000   1.000000   1.200000
  0.995860   2.514980   4.978270   0.000000   0.000000   1.000000   1.540000
  1.517180   0.574840   3.771380   1.000000   1.000000   1.000000   1.200000
  1.291280   3.025980   4.166310   1.000000   1.000000   1.000000   1.200000
  1.510710   2.836940   5.770960   1.000000   1.000000   1.000000   1.200000
  0.027900   2.718280   5.125320   1.000000   1.000000   1.000000   1.200000
 -3.692840   0.828540   3.383610   0.000000   0.000000   1.000000   1.540000
 -1.938130  -0.341890   3.826690   1.000000   1.000000   1.000000   1.200000
 -3.644320   1.341170   2.522460   1.000000   1.000000   1.000000   1.200000
 -3.368820   1.447720   4.102350   1.000000   1.000000   1.000000   1.200000
 -4.648160   0.603640   3.569320   1.000000   1.000000   1.000000   1.200000
28 bonds follow (x1 y1 z1 x2 y2 z2)
 -3.692840   0.828540   3.383610  -4.648160   0.603640   3.569320
 -3.692840   0.828540   3.383610  -3.368820   1.447720   4.102350
 -3.692840   0.828540   3.383610  -3.644320   1.341170   2.522460
 -1.033120  -0.610440   3.628750  -1.938130  -0.341890   3.826690
  0.995860   2.514980   4.978270   0.027900   2.718280   5.125320
  0.995860   2.514980   4.978270   1.510710   2.836940   5.770960
  0.995860   2.514980   4.978270   1.291280   3.025980   4.166310
  1.261320   0.097610   2.979600   1.517180   0.574840   3.771380
  0.856660   5.166120   0.289720   0.176600   4.631070  -0.270220
  0.856660   5.166120   0.289720   0.319520   5.889530   0.786370
  0.856660   5.166120   0.289720   1.598250   5.554410  -0.276650
  0.856660   5.166120   0.289720   1.210300   4.515220   1.016990
 -2.605110   5.862710   1.845220  -2.312000   6.939150   1.970510
 -2.605110   5.862710   1.845220  -3.372710   5.789700   1.029480
 -2.605110   5.862710   1.845220  -3.052400   5.487140   2.802480
 -1.480010   5.134760   1.505550  -2.605110   5.862710   1.845220
 -1.154460   3.402570   1.890830  -1.480010   5.134760   1.505550
 -1.154460   3.402570   1.890830  -0.971050   3.093790   0.521370
 -1.154460   3.402570   1.890830  -2.317320   3.130510   2.606830
 -1.154460   3.402570   1.890830   0.084590   3.789220   2.480300
 -0.238020   0.157060   2.515050  -0.655320   1.555210   2.284200
 -0.238020   0.157060   2.515050  -1.033120  -0.610440   3.628750
 -0.238020   0.157060   2.515050   1.261320   0.097610   2.979600
 -0.242630  -0.733600   1.201330  -0.238020   0.157060   2.515050
 -0.288900  -0.130730  -0.076400  -0.242630  -0.733600   1.201330
 -0.288900  -0.130730  -0.076400  -1.185460  -0.544510  -0.609080
 -0.288900  -0.130730  -0.076400  -0.364560   0.985710   0.014310
 -0.288900  -0.130730  -0.076400   0.636030  -0.437320  -0.631960
