33 atoms follow (x y z r g b radiusScale)
  0.167410  -0.192070   0.013450   0.000000   1.000000   0.000000   1.850000
  1.276140  -0.175340   0.161140   1.000000   1.000000   1.000000   1.200000
 -0.241460   0.844980  -0.118200   1.000000   1.000000   1.000000   1.200000
 -0.106190  -0.847470  -0.850740   1.000000   1.000000   1.000000   1.200000
 -0.427680  -0.777820   1.155820   1.000000   0.000000   0.000000   1.400000
 -0.292690   0.014710   2.513490   0.500000   0.500000   0.500000   1.900000
  1.159620  -0.145020   3.042800   1.000000   0.000000   0.000000   1.400000
 -1.273770  -0.632230   3.528020   1.000000   0.000000   0.000000   1.400000
 -0.632350   1.469330   2.308760   1.000000   0.000000   0.000000   1.400000
 -1.123380   3.198060   2.110260   1.000000   1.000000   0.000000   1.850000
 -0.209280   3.729430   2.994650   1.000000   0.000000   0.000000   1.400000
 -2.407040   3.030260   2.561900   1.000000   0.000000   0.000000   1.400000
 -0.891880   3.247960   0.757290   1.000000   0.000000   0.000000   1.400000
 -2.235400   6.050810   1.558130   1.000000   0.000000   0.000000   1.400000
 -3.446870   6.065070   0.836940   0.000000   1.000000   0.000000   1.850000
 -3.294640   6.440060  -0.204370   1.000000   1.000000   1.000000   1.200000
 -4.183250   6.719550   1.363820   1.000000   1.000000   1.000000   1.200000
 -3.837940   5.021990   0.778710   1.000000   1.000000   1.000000   1.200000
  2.053270   5.484730  -0.071170   0.000000   0.000000   1.000000   1.540000
  2.163440   6.147220   0.668270   1.000000   1.000000   1.000000   1.200000
 -1.907230   6.924710   1.782240   1.000000   1.000000   1.000000   1.200000
  1.762820   5.968300  -0.895760   1.000000   1.000000   1.000000   1.200000
  1.340600   4.826860   0.188680   1.000000   1.000000   1.000000   1.200000
  1.763320   2.176290   4.570480   0.000000   0.000000   1.000000   1.540000
  1.546020   0.584280   3.579310   1.000000   1.000000   1.000000   1.200000
  1.465880   2.871700   3.910310   1.000000   1.000000   1.000000   1.200000
  2.722640   2.334720   4.798640   1.000000   1.000000   1.000000   1.200000
  1.215830   2.272530   5.400280   1.000000   1.000000   1.000000   1.200000
 -3.619690   0.794350   3.846970   0.000000   0.000000   1.000000   1.540000
 -2.165730  -0.245440   3.717160   1.000000   1.000000   1.000000   1.200000
 -3.744230   1.191720   2.934710   1.000000   1.000000   1.000000   1.200000
 -3.354960   1.536590   4.464070   1.000000   1.000000   1.000000   1.200000
 -4.481160   0.397880   4.157590   1.000000   1.000000   1.000000   1.200000
28 bonds follow (x1 y1 z1 x2 y2 z2)
 -3.619690   0.794350   3.846970  -4.481160   0.397880   4.157590
 -3.619690   0.794350   3.846970  -3.354960   1.536590   4.464070
 -3.619690   0.794350   3.846970  -3.744230   1.191720   2.934710
 -1.273770  -0.632230   3.528020  -2.165730  -0.245440   3.717160
  1.763320   2.176290   4.570480   1.215830   2.272530   5.400280
  1.763320   2.176290   4.570480   2.722640   2.334720   4.798640
  1.763320   2.176290   4.570480   1.465880   2.871700   3.910310
  1.159620  -0.145020   3.042800   1.546020   0.584280   3.579310
  2.053270   5.484730  -0.071170   1.340600   4.826860   0.188680
  2.053270   5.484730  -0.071170   1.762820   5.968300  -0.895760
 -2.235400   6.050810   1.558130  -1.907230   6.924710   1.782240
  2.053270   5.484730  -0.071170   2.163440   6.147220   0.668270
 -3.446870   6.065070   0.836940  -3.837940   5.021990   0.778710
 -3.446870   6.065070   0.836940  -4.183250   6.719550   1.363820
 -3.446870   6.065070   0.836940  -3.294640   6.440060  -0.204370
 -2.235400   6.050810   1.558130  -3.446870   6.065070   0.836940
 -1.123380   3.198060   2.110260  -0.891880   3.247960   0.757290
 -1.123380   3.198060   2.110260  -2.407040   3.030260   2.561900
 -1.123380   3.198060   2.110260  -0.209280   3.729430   2.994650
 -0.632350   1.469330   2.308760  -1.123380   3.198060   2.110260
 -0.292690   0.014710   2.513490  -0.632350   1.469330   2.308760
 -0.292690   0.014710   2.513490  -1.273770  -0.632230   3.528020
 -0.292690   0.014710   2.513490   1.159620  -0.145020   3.042800
 -0.427680  -0.777820   1.155820  -0.292690   0.014710   2.513490
  0.167410  -0.192070   0.013450  -0.427680  -0.777820   1.155820
  0.167410  -0.192070   0.013450  -0.106190  -0.847470  -0.850740
  0.167410  -0.192070   0.013450  -0.241460   0.844980  -0.118200
  0.167410  -0.192070   0.013450   1.276140  -0.175340   0.161140
