33 atoms follow (x y z r g b radiusScale)
 -0.263640  -0.153230  -0.052180   0.000000   1.000000   0.000000   1.850000
  0.666780  -0.457810  -0.598220   1.000000   1.000000   1.000000   1.200000
 -0.336270   0.965500   0.045690   1.000000   1.000000   1.000000   1.200000
 -1.154580  -0.555190  -0.602930   1.000000   1.000000   1.000000   1.200000
 -0.239510  -0.771850   1.217990   1.000000   0.000000   0.000000   1.400000
 -0.243170   0.156850   2.503570   0.500000   0.500000   0.500000   1.900000
  1.265140   0.123880   2.958210   1.000000   0.000000   0.000000   1.400000
 -1.055230  -0.606440   3.617330   1.000000   0.000000   0.000000   1.400000
 -0.668800   1.555750   2.266880   1.000000   0.000000   0.000000   1.400000
 -1.140400   3.411500   1.903630   1.000000   1.000000   0.000000   1.850000
  0.102520   3.770800   2.504500   1.000000   0.000000   0.000000   1.400000
 -2.300130   3.155420   2.614030   1.000000   0.000000   0.000000   1.400000
 -0.959580   3.115540   0.520370   1.000000   0.000000   0.000000   1.400000
 -1.476740   5.120300   1.544120   1.000000   0.000000   0.000000   1.400000
 -2.624170   5.823250   1.845690   0.000000   1.000000   0.000000   1.850000
 -3.056590   5.493170   2.825720   1.000000   1.000000   1.000000   1.200000
 -3.391110   5.677170   1.038580   1.000000   1.000000   1.000000   1.200000
 -2.361570   6.914260   1.902870   1.000000   1.000000   1.000000   1.200000
  0.829120   5.155530   0.288610   0.000000   0.000000   1.000000   1.540000
  1.150950   4.682310   1.158650   1.000000   1.000000   1.000000   1.200000
  1.598380   5.488450  -0.261890   1.000000   1.000000   1.000000   1.200000
  0.194340   5.913820   0.579550   1.000000   1.000000   1.000000   1.200000
  0.239920   4.456610  -0.232270   1.000000   1.000000   1.000000   1.200000
  0.983460   2.509770   4.938860   0.000000   0.000000   1.000000   1.540000
  1.528410   0.718720   3.665830   1.000000   1.000000   1.000000   1.200000
  1.319590   3.049650   4.162130   1.000000   1.000000   1.000000   1.200000
  1.404180   2.852000   5.777100   1.000000   1.000000   1.000000   1.200000
 -0.004450   2.655860   4.997950   1.000000   1.000000   1.000000   1.200000
 -3.683020   0.872350   3.378500   0.000000   0.000000   1.000000   1.540000
 -1.950460  -0.304190   3.821540   1.000000   1.000000   1.000000   1.200000
 -3.658870   1.360810   2.503350   1.000000   1.000000   1.000000   1.200000
 -3.458290   1.541470   4.089440   1.000000   1.000000   1.000000   1.200000
 -4.608980   0.533790   3.536070   1.000000   1.000000   1.000000   1.200000
29 bonds follow (x1 y1 z1 x2 y2 z2)
 -3.683020   0.872350   3.378500  -4.608980   0.533790   3.536070
 -3.683020   0.872350   3.378500  -3.458290   1.541470   4.089440
 -3.683020   0.872350   3.378500  -3.658870   1.360810   2.503350
 -1.055230  -0.606440   3.617330  -1.950460  -0.304190   3.821540
  0.983460   2.509770   4.938860  -0.004450   2.655860   4.997950
  0.983460   2.509770   4.938860   1.404180   2.852000   5.777100
  0.983460   2.509770   4.938860   1.319590   3.049650   4.162130
  1.265140   0.123880   2.958210   1.528410   0.718720   3.665830
  0.829120   5.155530   0.288610   0.239920   4.456610  -0.232270
  0.829120   5.155530   0.288610   0.194340   5.913820   0.579550
  0.829120   5.155530   0.288610   1.598380   5.488450  -0.261890
  0.829120   5.155530   0.288610   1.150950   4.682310   1.158650
 -2.624170   5.823250   1.845690  -2.361570   6.914260   1.902870
 -2.624170   5.823250   1.845690  -3.391110   5.677170   1.038580
 -2.624170   5.823250   1.845690  -3.056590   5.493170   2.825720
 -1.476740   5.120300   1.544120  -2.624170   5.823250   1.845690
 -1.140400   3.411500   1.903630  -1.476740   5.120300   1.544120
 -1.140400   3.411500   1.903630  -0.959580   3.115540   0.520370
 -1.140400   3.411500   1.903630  -2.300130   3.155420   2.614030
 -1.140400   3.411500   1.903630   0.102520   3.770800   2.504500
 -0.668800   1.555750   2.266880  -1.140400   3.411500   1.903630
 -0.243170   0.156850   2.503570  -0.668800   1.555750   2.266880
 -0.243170   0.156850   2.503570  -1.055230  -0.606440   3.617330
 -0.243170   0.156850   2.503570   1.265140   0.123880   2.958210
 -0.239510  -0.771850   1.217990  -0.243170   0.156850   2.503570
 -0.263640  -0.153230  -0.052180  -0.239510  -0.771850   1.217990
 -0.263640  -0.153230  -0.052180  -1.154580  -0.555190  -0.602930
 -0.263640  -0.153230  -0.052180  -0.336270   0.965500   0.045690
 -0.263640  -0.153230  -0.052180   0.666780  -0.457810  -0.598220
