33 atoms follow (x y z r g b radiusScale)
  0.421150  -0.043280   0.105520   0.000000   1.000000   0.000000   1.850000
  1.494340  -0.176750   0.391870   1.000000   1.000000   1.000000   1.200000
  0.147460   1.043530   0.041930   1.000000   1.000000   1.000000   1.200000
  0.195920  -0.570830  -0.854860   1.000000   1.000000   1.000000   1.200000
 -0.387420  -0.659950   1.092600   1.000000   0.000000   0.000000   1.400000
 -0.319870  -0.017990   2.533980   0.500000   0.500000   0.500000   1.900000
  1.187750  -0.103950   2.927800   1.000000   0.000000   0.000000   1.400000
 -1.216710  -0.874820   3.489170   1.000000   0.000000   0.000000   1.400000
 -0.742380   1.429760   2.471430   1.000000   0.000000   0.000000   1.400000
 -1.137430   3.192490   2.216370   1.000000   1.000000   0.000000   1.850000
 -0.541510   3.697160   3.349760   1.000000   0.000000   0.000000   1.400000
 -2.498820   3.041920   2.227930   1.000000   0.000000   0.000000   1.400000
 -0.435970   3.297950   1.032410   1.000000   0.000000   0.000000   1.400000
 -2.577390   6.638090   1.397710   1.000000   0.000000   0.000000   1.400000
 -3.901610   6.281050   1.037950   0.000000   1.000000   0.000000   1.850000
 -4.580580   7.155040   0.903230   1.000000   1.000000   1.000000   1.200000
 -4.301190   5.592940   1.835570   1.000000   1.000000   1.000000   1.200000
 -3.739900   5.717630   0.082270   1.000000   1.000000   1.000000   1.200000
  2.410550   4.669550  -0.264770   0.000000   0.000000   1.000000   1.540000
  2.097630   5.285190   0.454310   1.000000   1.000000   1.000000   1.200000
 -2.725280   7.234210   2.100910   1.000000   1.000000   1.000000   1.200000
  2.011470   4.982630  -1.122720   1.000000   1.000000   1.000000   1.200000
  2.056220   3.752940  -0.073550   1.000000   1.000000   1.000000   1.200000
  1.911450   2.349600   4.272480   0.000000   0.000000   1.000000   1.540000
  1.626180   0.658070   3.360770   1.000000   1.000000   1.000000   1.200000
  1.561270   2.994780   3.589240   1.000000   1.000000   1.000000   1.200000
  2.884100   2.525240   4.417710   1.000000   1.000000   1.000000   1.200000
  1.421500   2.516330   5.127650   1.000000   1.000000   1.000000   1.200000
 -3.558810   0.758550   3.746000   0.000000   0.000000   1.000000   1.540000
 -2.097110  -0.522230   3.741460   1.000000   1.000000   1.000000   1.200000
 -3.532670   1.328610   2.920300   1.000000   1.000000   1.000000   1.200000
 -3.402460   1.348670   4.537700   1.000000   1.000000   1.000000   1.200000
 -4.467070   0.350910   3.828220   1.000000   1.000000   1.000000   1.200000
28 bonds follow (x1 y1 z1 x2 y2 z2)
 -3.558810   0.758550   3.746000  -4.467070   0.350910   3.828220
 -3.558810   0.758550   3.746000  -3.402460   1.348670   4.537700
 -3.558810   0.758550   3.746000  -3.532670   1.328610   2.920300
 -1.216710  -0.874820   3.489170  -2.097110  -0.522230   3.741460
  1.911450   2.349600   4.272480   1.421500   2.516330   5.127650
  1.911450   2.349600   4.272480   2.884100   2.525240   4.417710
  1.911450   2.349600   4.272480   1.561270   2.994780   3.589240
  1.187750  -0.103950   2.927800   1.626180   0.658070   3.360770
  2.410550   4.669550  -0.264770   2.056220   3.752940  -0.073550
  2.410550   4.669550  -0.264770   2.011470   4.982630  -1.122720
 -2.577390   6.638090   1.397710  -2.725280   7.234210   2.100910
  2.410550   4.669550  -0.264770   2.097630   5.285190   0.454310
 -3.901610   6.281050   1.037950  -3.739900   5.717630   0.082270
 -3.901610   6.281050   1.037950  -4.301190   5.592940   1.835570
 -3.901610   6.281050   1.037950  -4.580580   7.155040   0.903230
 -2.577390   6.638090   1.397710  -3.901610   6.281050   1.037950
 -1.137430   3.192490   2.216370  -0.435970   3.297950   1.032410
 -1.137430   3.192490   2.216370  -2.498820   3.041920   2.227930
 -1.137430   3.192490   2.216370  -0.541510   3.697160   3.349760
 -0.742380   1.429760   2.471430  -1.137430   3.192490   2.216370
 -0.319870  -0.017990   2.533980  -0.742380   1.429760   2.471430
 -0.319870  -0.017990   2.533980  -1.216710  -0.874820   3.489170
 -0.319870  -0.017990   2.533980   1.187750  -0.103950   2.927800
 -0.387420  -0.659950   1.092600  -0.319870  -0.017990   2.533980
  0.421150  -0.043280   0.105520  -0.387420  -0.659950   1.092600
  0.421150  -0.043280   0.105520   0.195920  -0.570830  -0.854860
  0.421150  -0.043280   0.105520   0.147460   1.043530   0.041930
  0.421150  -0.043280   0.105520   1.494340  -0.176750   0.391870
