33 atoms follow (x y z r g b radiusScale)
  0.381550  -0.118550   0.110360   0.000000   1.000000   0.000000   1.850000
  1.446530  -0.223530   0.440590   1.000000   1.000000   1.000000   1.200000
  0.096520   0.961270  -0.009610   1.000000   1.000000   1.000000   1.200000
  0.202680  -0.687470  -0.834940   1.000000   1.000000   1.000000   1.200000
 -0.447520  -0.695130   1.105200   1.000000   0.000000   0.000000   1.400000
 -0.305480   0.012500   2.512990   0.500000   0.500000   0.500000   1.900000
  1.170680  -0.136780   2.998250   1.000000   0.000000   0.000000   1.400000
 -1.177590  -0.780770   3.516400   1.000000   0.000000   0.000000   1.400000
 -0.758840   1.452630   2.457410   1.000000   0.000000   0.000000   1.400000
 -1.149280   3.192540   2.206170   1.000000   1.000000   0.000000   1.850000
 -0.464150   3.698520   3.287240   1.000000   0.000000   0.000000   1.400000
 -2.522710   3.094080   2.299130   1.000000   0.000000   0.000000   1.400000
 -0.603640   3.298500   0.949870   1.000000   0.000000   0.000000   1.400000
 -2.479640   6.495360   1.401640   1.000000   0.000000   0.000000   1.400000
 -3.818490   6.234840   0.991280   0.000000   1.000000   0.000000   1.850000
 -4.230000   7.166600   0.511310   1.000000   1.000000   1.000000   1.200000
 -4.479540   5.902930   1.839210   1.000000   1.000000   1.000000   1.200000
 -3.695020   5.437850   0.218360   1.000000   1.000000   1.000000   1.200000
  2.423020   4.942470  -0.244680   0.000000   0.000000   1.000000   1.540000
  2.021450   5.496090   0.485100   1.000000   1.000000   1.000000   1.200000
 -2.592350   7.073310   2.038860   1.000000   1.000000   1.000000   1.200000
  2.078630   5.288940  -1.118820   1.000000   1.000000   1.000000   1.200000
  2.105440   3.998720  -0.136750   1.000000   1.000000   1.000000   1.200000
  1.864440   2.222920   4.294630   0.000000   0.000000   1.000000   1.540000
  1.569200   0.551650   3.580350   1.000000   1.000000   1.000000   1.200000
  1.547960   2.946340   3.675030   1.000000   1.000000   1.000000   1.200000
  2.825710   2.375730   4.516640   1.000000   1.000000   1.000000   1.200000
  1.324180   2.276440   5.133960   1.000000   1.000000   1.000000   1.200000
 -3.500310   0.715390   3.764310   0.000000   0.000000   1.000000   1.540000
 -2.086870  -0.444700   3.706070   1.000000   1.000000   1.000000   1.200000
 -3.639050   1.282440   2.947050   1.000000   1.000000   1.000000   1.200000
 -3.298200   1.322040   4.532520   1.000000   1.000000   1.000000   1.200000
 -4.334580   0.205050   3.965710   1.000000   1.000000   1.000000   1.200000
28 bonds follow (x1 y1 z1 x2 y2 z2)
 -3.500310   0.715390   3.764310  -4.334580   0.205050   3.965710
 -3.500310   0.715390   3.764310  -3.298200   1.322040   4.532520
 -3.500310   0.715390   3.764310  -3.639050   1.282440   2.947050
 -1.177590  -0.780770   3.516400  -2.086870  -0.444700   3.706070
  1.864440   2.222920   4.294630   1.324180   2.276440   5.133960
  1.864440   2.222920   4.294630   2.825710   2.375730   4.516640
  1.864440   2.222920   4.294630   1.547960   2.946340   3.675030
  1.170680  -0.136780   2.998250   1.569200   0.551650   3.580350
  2.423020   4.942470  -0.244680   2.105440   3.998720  -0.136750
  2.423020   4.942470  -0.244680   2.078630   5.288940  -1.118820
 -2.479640   6.495360   1.401640  -2.592350   7.073310   2.038860
  2.423020   4.942470  -0.244680   2.021450   5.496090   0.485100
 -3.818490   6.234840   0.991280  -3.695020   5.437850   0.218360
 -3.818490   6.234840   0.991280  -4.479540   5.902930   1.839210
 -3.818490   6.234840   0.991280  -4.230000   7.166600   0.511310
 -2.479640   6.495360   1.401640  -3.818490   6.234840   0.991280
 -1.149280   3.192540   2.206170  -0.603640   3.298500   0.949870
 -1.149280   3.192540   2.206170  -2.522710   3.094080   2.299130
 -1.149280   3.192540   2.206170  -0.464150   3.698520   3.287240
 -0.758840   1.452630   2.457410  -1.149280   3.192540   2.206170
 -0.305480   0.012500   2.512990  -0.758840   1.452630   2.457410
 -0.305480   0.012500   2.512990  -1.177590  -0.780770   3.516400
 -0.305480   0.012500   2.512990   1.170680  -0.136780   2.998250
 -0.447520  -0.695130   1.105200  -0.305480   0.012500   2.512990
  0.381550  -0.118550   0.110360  -0.447520  -0.695130   1.105200
  0.381550  -0.118550   0.110360   0.202680  -0.687470  -0.834940
  0.381550  -0.118550   0.110360   0.096520   0.961270  -0.009610
  0.381550  -0.118550   0.110360   1.446530  -0.223530   0.440590
