33 atoms follow (x y z r g b radiusScale)
 -0.575680  -0.157070  -0.009440   0.000000   1.000000   0.000000   1.850000
  0.157960  -0.487240  -0.790140   1.000000   1.000000   1.000000   1.200000
 -0.609440   0.964380   0.057420   1.000000   1.000000   1.000000   1.200000
 -1.585730  -0.574830  -0.261730   1.000000   1.000000   1.000000   1.200000
 -0.151600  -0.725710   1.213640   1.000000   0.000000   0.000000   1.400000
 -0.174960   0.175150   2.521910   0.500000   0.500000   0.500000   1.900000
  1.276480   0.128270   3.121500   1.000000   0.000000   0.000000   1.400000
 -1.109270  -0.586970   3.527610   1.000000   0.000000   0.000000   1.400000
 -0.655180   1.550610   2.246200   1.000000   0.000000   0.000000   1.400000
 -1.163880   3.381710   1.812600   1.000000   1.000000   0.000000   1.850000
 -0.064340   3.856360   2.583780   1.000000   0.000000   0.000000   1.400000
 -2.406860   3.077110   2.341330   1.000000   0.000000   0.000000   1.400000
 -0.708030   3.102860   0.489130   1.000000   0.000000   0.000000   1.400000
 -1.605600   5.035100   1.336750   1.000000   0.000000   0.000000   1.400000
 -2.518170   5.873900   1.944240   0.000000   1.000000   0.000000   1.850000
 -3.546800   5.430300   1.915740   1.000000   1.000000   1.000000   1.200000
 -2.514600   6.847620   1.382920   1.000000   1.000000   1.000000   1.200000
 -2.229280   6.067560   3.011590   1.000000   1.000000   1.000000   1.200000
  0.824790   5.272090   0.432640   0.000000   0.000000   1.000000   1.540000
  0.755220   5.391060   1.468730   1.000000   1.000000   1.000000   1.200000
  1.544840   5.841570   0.021500   1.000000   1.000000   1.000000   1.200000
 -0.120820   5.490350   0.057460   1.000000   1.000000   1.000000   1.200000
  0.958120   4.265180   0.268790   1.000000   1.000000   1.000000   1.200000
  1.175380   2.396630   4.955240   0.000000   0.000000   1.000000   1.540000
  1.466780   0.720120   3.867280   1.000000   1.000000   1.000000   1.200000
  0.952930   3.081840   4.254930   1.000000   1.000000   1.000000   1.200000
  2.043230   2.630030   5.388140   1.000000   1.000000   1.000000   1.200000
  0.459300   2.393680   5.650180   1.000000   1.000000   1.000000   1.200000
 -3.680030   0.872440   3.561150   0.000000   0.000000   1.000000   1.540000
 -2.044500  -0.337040   3.593050   1.000000   1.000000   1.000000   1.200000
 -3.867940   0.974580   2.583120   1.000000   1.000000   1.000000   1.200000
 -3.240610   1.723680   3.862190   1.000000   1.000000   1.000000   1.200000
 -4.550060   0.771820   4.041470   1.000000   1.000000   1.000000   1.200000
29 bonds follow (x1 y1 z1 x2 y2 z2)
 -3.680030   0.872440   3.561150  -4.550060   0.771820   4.041470
 -3.680030   0.872440   3.561150  -3.240610   1.723680   3.862190
 -3.680030   0.872440   3.561150  -3.867940   0.974580   2.583120
 -1.109270  -0.586970   3.527610  -2.044500  -0.337040   3.593050
  1.175380   2.396630   4.955240   0.459300   2.393680   5.650180
  1.175380   2.396630   4.955240   2.043230   2.630030   5.388140
  1.175380   2.396630   4.955240   0.952930   3.081840   4.254930
  1.276480   0.128270   3.121500   1.466780   0.720120   3.867280
  0.824790   5.272090   0.432640   0.958120   4.265180   0.268790
  0.824790   5.272090   0.432640  -0.120820   5.490350   0.057460
  0.824790   5.272090   0.432640   1.544840   5.841570   0.021500
  0.824790   5.272090   0.432640   0.755220   5.391060   1.468730
 -2.518170   5.873900   1.944240  -2.229280   6.067560   3.011590
 -2.518170   5.873900   1.944240  -2.514600   6.847620   1.382920
 -2.518170   5.873900   1.944240  -3.546800   5.430300   1.915740
 -1.605600   5.035100   1.336750  -2.518170   5.873900   1.944240
 -1.163880   3.381710   1.812600  -1.605600   5.035100   1.336750
 -1.163880   3.381710   1.812600  -0.708030   3.102860   0.489130
 -1.163880   3.381710   1.812600  -2.406860   3.077110   2.341330
 -1.163880   3.381710   1.812600  -0.064340   3.856360   2.583780
 -0.655180   1.550610   2.246200  -1.163880   3.381710   1.812600
 -0.174960   0.175150   2.521910  -0.655180   1.550610   2.246200
 -0.174960   0.175150   2.521910  -1.109270  -0.586970   3.527610
 -0.174960   0.175150   2.521910   1.276480   0.128270   3.121500
 -0.151600  -0.725710   1.213640  -0.174960   0.175150   2.521910
 -0.575680  -0.157070  -0.009440  -0.151600  -0.725710   1.213640
 -0.575680  -0.157070  -0.009440  -1.585730  -0.574830  -0.261730
 -0.575680  -0.157070  -0.009440  -0.609440   0.964380   0.057420
 -0.575680  -0.157070  -0.009440   0.157960  -0.487240  -0.790140
