33 atoms follow (x y z r g b radiusScale)
  0.007280  -0.002870  -0.009740   0.000000   1.000000   0.000000   1.850000
  1.125850  -0.008470   0.001570   1.000000   1.000000   1.000000   1.200000
 -0.397220   1.045680  -0.023900   1.000000   1.000000   1.000000   1.200000
 -0.377020  -0.592700  -0.879660   1.000000   1.000000   1.000000   1.200000
 -0.454890  -0.672220   1.149610   1.000000   0.000000   0.000000   1.400000
 -0.314330   0.084520   2.523840   0.500000   0.500000   0.500000   1.900000
  1.162770  -0.050350   3.001790   1.000000   0.000000   0.000000   1.400000
 -1.252610  -0.615570   3.547530   1.000000   0.000000   0.000000   1.400000
 -0.677040   1.532980   2.374750   1.000000   0.000000   0.000000   1.400000
 -1.095410   3.260490   2.003110   1.000000   1.000000   0.000000   1.850000
 -0.080390   3.803400   2.776100   1.000000   0.000000   0.000000   1.400000
 -2.369730   3.221150   2.505160   1.000000   0.000000   0.000000   1.400000
 -0.939700   3.106620   0.630210   1.000000   0.000000   0.000000   1.400000
 -1.658660   5.345000   1.619430   1.000000   0.000000   0.000000   1.400000
 -2.840620   5.705820   0.906200   0.000000   1.000000   0.000000   1.850000
 -2.773280   5.338810  -0.147680   1.000000   1.000000   1.000000   1.200000
 -2.982440   6.813020   0.943290   1.000000   1.000000   1.000000   1.200000
 -3.644150   5.162740   1.474540   1.000000   1.000000   1.000000   1.200000
  0.987990   5.553480   0.382400   0.000000   0.000000   1.000000   1.540000
  1.370140   5.201430   1.240630   1.000000   1.000000   1.000000   1.200000
 -0.927630   5.976410   1.147350   1.000000   1.000000   1.000000   1.200000
  0.673040   4.771140  -0.161670   1.000000   1.000000   1.000000   1.200000
  1.700580   6.041130  -0.121160   1.000000   1.000000   1.000000   1.200000
  1.622710   2.226550   4.679360   0.000000   0.000000   1.000000   1.540000
  1.503930   0.597100   3.653130   1.000000   1.000000   1.000000   1.200000
  1.231770   2.950840   4.103840   1.000000   1.000000   1.000000   1.200000
  2.593360   2.411020   4.822880   1.000000   1.000000   1.000000   1.200000
  1.163100   2.231770   5.565560   1.000000   1.000000   1.000000   1.200000
 -3.586650   0.971260   3.757910   0.000000   0.000000   1.000000   1.540000
 -2.150520  -0.246140   3.714540   1.000000   1.000000   1.000000   1.200000
 -3.859960   1.207150   2.824090   1.000000   1.000000   1.000000   1.200000
 -3.194520   1.797800   4.169050   1.000000   1.000000   1.000000   1.200000
 -4.393430   0.694660   4.276020   1.000000   1.000000   1.000000   1.200000
28 bonds follow (x1 y1 z1 x2 y2 z2)
 -3.586650   0.971260   3.757910  -4.393430   0.694660   4.276020
 -3.586650   0.971260   3.757910  -3.194520   1.797800   4.169050
 -3.586650   0.971260   3.757910  -3.859960   1.207150   2.824090
 -1.252610  -0.615570   3.547530  -2.150520  -0.246140   3.714540
  1.622710   2.226550   4.679360   1.163100   2.231770   5.565560
  1.622710   2.226550   4.679360   2.593360   2.411020   4.822880
  1.622710   2.226550   4.679360   1.231770   2.950840   4.103840
  1.162770  -0.050350   3.001790   1.503930   0.597100   3.653130
  0.987990   5.553480   0.382400   1.700580   6.041130  -0.121160
  0.987990   5.553480   0.382400   0.673040   4.771140  -0.161670
 -1.658660   5.345000   1.619430  -0.927630   5.976410   1.147350
  0.987990   5.553480   0.382400   1.370140   5.201430   1.240630
 -2.840620   5.705820   0.906200  -3.644150   5.162740   1.474540
 -2.840620   5.705820   0.906200  -2.982440   6.813020   0.943290
 -2.840620   5.705820   0.906200  -2.773280   5.338810  -0.147680
 -1.658660   5.345000   1.619430  -2.840620   5.705820   0.906200
 -1.095410   3.260490   2.003110  -0.939700   3.106620   0.630210
 -1.095410   3.260490   2.003110  -2.369730   3.221150   2.505160
 -1.095410   3.260490   2.003110  -0.080390   3.803400   2.776100
 -0.677040   1.532980   2.374750  -1.095410   3.260490   2.003110
 -0.314330   0.084520   2.523840  -0.677040   1.532980   2.374750
 -0.314330   0.084520   2.523840  -1.252610  -0.615570   3.547530
 -0.314330   0.084520   2.523840   1.162770  -0.050350   3.001790
 -0.454890  -0.672220   1.149610  -0.314330   0.084520   2.523840
  0.007280  -0.002870  -0.009740  -0.454890  -0.672220   1.149610
  0.007280  -0.002870  -0.009740  -0.377020  -0.592700  -0.879660
  0.007280  -0.002870  -0.009740  -0.397220   1.045680  -0.023900
  0.007280  -0.002870  -0.009740   1.125850  -0.008470   0.001570
