33 atoms follow (x y z r g b radiusScale)
 -0.388250  -0.212760  -0.027370   0.000000   1.000000   0.000000   1.850000
  0.558310  -0.378890  -0.605720   1.000000   1.000000   1.000000   1.200000
 -0.616640   0.885110   0.055780   1.000000   1.000000   1.000000   1.200000
 -1.224750  -0.756870  -0.539090   1.000000   1.000000   1.000000   1.200000
 -0.229440  -0.797400   1.249570   1.000000   0.000000   0.000000   1.400000
 -0.221730   0.146450   2.530910   0.500000   0.500000   0.500000   1.900000
  1.237410   0.090280   3.109410   1.000000   0.000000   0.000000   1.400000
 -1.168740  -0.562650   3.559000   1.000000   0.000000   0.000000   1.400000
 -0.605120   1.542430   2.208990   1.000000   0.000000   0.000000   1.400000
 -1.187770   3.395440   1.772570   1.000000   1.000000   0.000000   1.850000
 -0.139770   3.828180   2.614310   1.000000   0.000000   0.000000   1.400000
 -2.446710   3.054750   2.244750   1.000000   0.000000   0.000000   1.400000
 -0.730050   3.174280   0.454000   1.000000   0.000000   0.000000   1.400000
 -1.590260   5.107420   1.377510   1.000000   0.000000   0.000000   1.400000
 -2.684330   5.784470   1.883720   0.000000   1.000000   0.000000   1.850000
 -3.617580   5.455400   1.355990   1.000000   1.000000   1.000000   1.200000
 -2.533730   6.884180   1.717800   1.000000   1.000000   1.000000   1.200000
 -2.800450   5.588070   2.981980   1.000000   1.000000   1.000000   1.200000
  0.951120   5.298080   0.583320   0.000000   0.000000   1.000000   1.540000
  1.497560   4.561060   1.047190   1.000000   1.000000   1.000000   1.200000
  1.524880   6.071520   0.287510   1.000000   1.000000   1.000000   1.200000
  0.231220   5.609920   1.277610   1.000000   1.000000   1.000000   1.200000
  0.432420   4.866570  -0.196540   1.000000   1.000000   1.000000   1.200000
  1.352000   2.440640   4.834800   0.000000   0.000000   1.000000   1.540000
  1.471190   0.756710   3.776480   1.000000   1.000000   1.000000   1.200000
  0.897480   2.992770   4.129680   1.000000   1.000000   1.000000   1.200000
  2.282370   2.778230   4.963180   1.000000   1.000000   1.000000   1.200000
  0.855990   2.540470   5.694990   1.000000   1.000000   1.000000   1.200000
 -3.652720   0.949060   3.704540   0.000000   0.000000   1.000000   1.540000
 -2.057020  -0.199700   3.728490   1.000000   1.000000   1.000000   1.200000
 -3.670550   1.147380   2.720960   1.000000   1.000000   1.000000   1.200000
 -3.327600   1.781070   4.158580   1.000000   1.000000   1.000000   1.200000
 -4.585000   0.761190   4.008340   1.000000   1.000000   1.000000   1.200000
28 bonds follow (x1 y1 z1 x2 y2 z2)
 -3.652720   0.949060   3.704540  -4.585000   0.761190   4.008340
 -3.652720   0.949060   3.704540  -3.327600   1.781070   4.158580
 -3.652720   0.949060   3.704540  -3.670550   1.147380   2.720960
 -1.168740  -0.562650   3.559000  -2.057020  -0.199700   3.728490
  1.352000   2.440640   4.834800   0.855990   2.540470   5.694990
  1.352000   2.440640   4.834800   2.282370   2.778230   4.963180
  1.352000   2.440640   4.834800   0.897480   2.992770   4.129680
  1.237410   0.090280   3.109410   1.471190   0.756710   3.776480
  0.951120   5.298080   0.583320   0.432420   4.866570  -0.196540
  0.951120   5.298080   0.583320   0.231220   5.609920   1.277610
  0.951120   5.298080   0.583320   1.524880   6.071520   0.287510
  0.951120   5.298080   0.583320   1.497560   4.561060   1.047190
 -2.684330   5.784470   1.883720  -2.800450   5.588070   2.981980
 -2.684330   5.784470   1.883720  -2.533730   6.884180   1.717800
 -2.684330   5.784470   1.883720  -3.617580   5.455400   1.355990
 -1.590260   5.107420   1.377510  -2.684330   5.784470   1.883720
 -1.187770   3.395440   1.772570  -1.590260   5.107420   1.377510
 -1.187770   3.395440   1.772570  -0.730050   3.174280   0.454000
 -1.187770   3.395440   1.772570  -2.446710   3.054750   2.244750
 -1.187770   3.395440   1.772570  -0.139770   3.828180   2.614310
 -0.221730   0.146450   2.530910  -0.605120   1.542430   2.208990
 -0.221730   0.146450   2.530910  -1.168740  -0.562650   3.559000
 -0.221730   0.146450   2.530910   1.237410   0.090280   3.109410
 -0.229440  -0.797400   1.249570  -0.221730   0.146450   2.530910
 -0.388250  -0.212760  -0.027370  -0.229440  -0.797400   1.249570
 -0.388250  -0.212760  -0.027370  -1.224750  -0.756870  -0.539090
 -0.388250  -0.212760  -0.027370  -0.616640   0.885110   0.055780
 -0.388250  -0.212760  -0.027370   0.558310  -0.378890  -0.605720
