33 atoms follow (x y z r g b radiusScale)
 -0.375360  -0.050700  -0.038960   0.000000   1.000000   0.000000   1.850000
  0.587300  -0.219010  -0.590300   1.000000   1.000000   1.000000   1.200000
 -0.580670   1.045090   0.096360   1.000000   1.000000   1.000000   1.200000
 -1.209840  -0.533930  -0.611370   1.000000   1.000000   1.000000   1.200000
 -0.292420  -0.712930   1.206680   1.000000   0.000000   0.000000   1.400000
 -0.169570   0.167750   2.520150   0.500000   0.500000   0.500000   1.900000
  1.292860  -0.028250   3.069960   1.000000   0.000000   0.000000   1.400000
 -1.002070  -0.628020   3.584940   1.000000   0.000000   0.000000   1.400000
 -0.670230   1.540260   2.286490   1.000000   0.000000   0.000000   1.400000
 -1.178770   3.437450   1.870570   1.000000   1.000000   0.000000   1.850000
  0.043220   3.809500   2.491360   1.000000   0.000000   0.000000   1.400000
 -2.360330   3.206140   2.553360   1.000000   0.000000   0.000000   1.400000
 -0.939830   3.107680   0.505320   1.000000   0.000000   0.000000   1.400000
 -1.518420   5.127210   1.393690   1.000000   0.000000   0.000000   1.400000
 -2.564500   5.903190   1.859630   0.000000   1.000000   0.000000   1.850000
 -3.079110   5.412530   2.726600   1.000000   1.000000   1.000000   1.200000
 -3.306310   6.064420   1.033510   1.000000   1.000000   1.000000   1.200000
 -2.159800   6.899190   2.184010   1.000000   1.000000   1.000000   1.200000
  0.855740   5.124080   0.316340   0.000000   0.000000   1.000000   1.540000
  1.417040   4.400850   0.786640   1.000000   1.000000   1.000000   1.200000
  1.407340   5.708420  -0.290360   1.000000   1.000000   1.000000   1.200000
  0.379870   5.670920   1.063130   1.000000   1.000000   1.000000   1.200000
  0.095230   4.640680  -0.193510   1.000000   1.000000   1.000000   1.200000
  1.021390   2.520970   5.018310   0.000000   0.000000   1.000000   1.540000
  1.456420   0.164890   3.995660   1.000000   1.000000   1.000000   1.200000
  1.035730   2.948860   4.110210   1.000000   1.000000   1.000000   1.200000
  1.677050   2.999900   5.600470   1.000000   1.000000   1.000000   1.200000
  0.109600   2.649760   5.407870   1.000000   1.000000   1.000000   1.200000
 -3.662600   0.740390   3.418040   0.000000   0.000000   1.000000   1.540000
 -1.964880  -0.565400   3.588140   1.000000   1.000000   1.000000   1.200000
 -3.606010   1.038910   2.462850   1.000000   1.000000   1.000000   1.200000
 -3.292510   1.489180   3.973720   1.000000   1.000000   1.000000   1.200000
 -4.626890   0.620440   3.650440   1.000000   1.000000   1.000000   1.200000
28 bonds follow (x1 y1 z1 x2 y2 z2)
 -3.662600   0.740390   3.418040  -4.626890   0.620440   3.650440
 -3.662600   0.740390   3.418040  -3.292510   1.489180   3.973720
 -3.662600   0.740390   3.418040  -3.606010   1.038910   2.462850
 -1.002070  -0.628020   3.584940  -1.964880  -0.565400   3.588140
  1.021390   2.520970   5.018310   0.109600   2.649760   5.407870
  1.021390   2.520970   5.018310   1.677050   2.999900   5.600470
  1.021390   2.520970   5.018310   1.035730   2.948860   4.110210
  1.292860  -0.028250   3.069960   1.456420   0.164890   3.995660
  0.855740   5.124080   0.316340   0.095230   4.640680  -0.193510
  0.855740   5.124080   0.316340   0.379870   5.670920   1.063130
  0.855740   5.124080   0.316340   1.407340   5.708420  -0.290360
  0.855740   5.124080   0.316340   1.417040   4.400850   0.786640
 -2.564500   5.903190   1.859630  -2.159800   6.899190   2.184010
 -2.564500   5.903190   1.859630  -3.306310   6.064420   1.033510
 -2.564500   5.903190   1.859630  -3.079110   5.412530   2.726600
 -1.518420   5.127210   1.393690  -2.564500   5.903190   1.859630
 -1.178770   3.437450   1.870570  -1.518420   5.127210   1.393690
 -1.178770   3.437450   1.870570  -0.939830   3.107680   0.505320
 -1.178770   3.437450   1.870570  -2.360330   3.206140   2.553360
 -1.178770   3.437450   1.870570   0.043220   3.809500   2.491360
 -0.169570   0.167750   2.520150  -0.670230   1.540260   2.286490
 -0.169570   0.167750   2.520150  -1.002070  -0.628020   3.584940
 -0.169570   0.167750   2.520150   1.292860  -0.028250   3.069960
 -0.292420  -0.712930   1.206680  -0.169570   0.167750   2.520150
 -0.375360  -0.050700  -0.038960  -0.292420  -0.712930   1.206680
 -0.375360  -0.050700  -0.038960  -1.209840  -0.533930  -0.611370
 -0.375360  -0.050700  -0.038960  -0.580670   1.045090   0.096360
 -0.375360  -0.050700  -0.038960   0.587300  -0.219010  -0.590300
