33 atoms follow (x y z r g b radiusScale)
 -0.002250   0.001150   0.002810   0.000000   1.000000   0.000000   1.850000
  1.116870  -0.000300  -0.003710   1.000000   1.000000   1.000000   1.200000
 -0.404360   1.051900   0.010950   1.000000   1.000000   1.000000   1.200000
 -0.393070  -0.570580  -0.875730   1.000000   1.000000   1.000000   1.200000
 -0.442320  -0.684870   1.156490   1.000000   0.000000   0.000000   1.400000
 -0.331800   0.135100   2.515190   0.500000   0.500000   0.500000   1.900000
  1.152660  -0.071630   2.991480   1.000000   0.000000   0.000000   1.400000
 -1.239430  -0.627790   3.539330   1.000000   0.000000   0.000000   1.400000
 -0.673960   1.571290   2.365950   1.000000   0.000000   0.000000   1.400000
 -1.176170   3.445630   1.966550   1.000000   1.000000   0.000000   1.850000
 -0.004960   3.866170   2.663250   1.000000   0.000000   0.000000   1.400000
 -2.397070   3.116930   2.539350   1.000000   0.000000   0.000000   1.400000
 -0.816680   3.192700   0.608220   1.000000   0.000000   0.000000   1.400000
 -1.605590   5.135360   1.628250   1.000000   0.000000   0.000000   1.400000
 -2.750290   5.576700   1.000130   0.000000   1.000000   0.000000   1.850000
 -2.734970   5.289520  -0.086830   1.000000   1.000000   1.000000   1.200000
 -2.775300   6.697140   1.076130   1.000000   1.000000   1.000000   1.200000
 -3.671500   5.154730   1.477610   1.000000   1.000000   1.000000   1.200000
  0.844670   5.381050   0.491980   0.000000   0.000000   1.000000   1.540000
  1.051600   5.062370   1.462270   1.000000   1.000000   1.000000   1.200000
  0.028630   6.019970   0.569140   1.000000   1.000000   1.000000   1.200000
  0.507340   4.532830  -0.010440   1.000000   1.000000   1.000000   1.200000
  1.636640   5.814890   0.043550   1.000000   1.000000   1.000000   1.200000
  1.620020   2.234380   4.686860   0.000000   0.000000   1.000000   1.540000
  1.513660   0.563180   3.632390   1.000000   1.000000   1.000000   1.200000
  1.153120   2.874270   4.068140   1.000000   1.000000   1.000000   1.200000
  2.558170   2.540780   4.831740   1.000000   1.000000   1.000000   1.200000
  1.147020   2.225420   5.565600   1.000000   1.000000   1.000000   1.200000
 -3.600780   0.954740   3.770230   0.000000   0.000000   1.000000   1.540000
 -2.131430  -0.272690   3.726440   1.000000   1.000000   1.000000   1.200000
 -3.822670   1.189440   2.822010   1.000000   1.000000   1.000000   1.200000
 -3.158010   1.760540   4.172190   1.000000   1.000000   1.000000   1.200000
 -4.447410   0.768420   4.264340   1.000000   1.000000   1.000000   1.200000
28 bonds follow (x1 y1 z1 x2 y2 z2)
 -3.600780   0.954740   3.770230  -4.447410   0.768420   4.264340
 -3.600780   0.954740   3.770230  -3.158010   1.760540   4.172190
 -3.600780   0.954740   3.770230  -3.822670   1.189440   2.822010
 -1.239430  -0.627790   3.539330  -2.131430  -0.272690   3.726440
  1.620020   2.234380   4.686860   1.147020   2.225420   5.565600
  1.620020   2.234380   4.686860   2.558170   2.540780   4.831740
  1.620020   2.234380   4.686860   1.153120   2.874270   4.068140
  1.152660  -0.071630   2.991480   1.513660   0.563180   3.632390
  0.844670   5.381050   0.491980   1.636640   5.814890   0.043550
  0.844670   5.381050   0.491980   0.507340   4.532830  -0.010440
  0.844670   5.381050   0.491980   0.028630   6.019970   0.569140
  0.844670   5.381050   0.491980   1.051600   5.062370   1.462270
 -2.750290   5.576700   1.000130  -3.671500   5.154730   1.477610
 -2.750290   5.576700   1.000130  -2.775300   6.697140   1.076130
 -2.750290   5.576700   1.000130  -2.734970   5.289520  -0.086830
 -1.605590   5.135360   1.628250  -2.750290   5.576700   1.000130
 -1.176170   3.445630   1.966550  -1.605590   5.135360   1.628250
 -1.176170   3.445630   1.966550  -0.816680   3.192700   0.608220
 -1.176170   3.445630   1.966550  -2.397070   3.116930   2.539350
 -1.176170   3.445630   1.966550  -0.004960   3.866170   2.663250
 -0.331800   0.135100   2.515190  -0.673960   1.571290   2.365950
 -0.331800   0.135100   2.515190  -1.239430  -0.627790   3.539330
 -0.331800   0.135100   2.515190   1.152660  -0.071630   2.991480
 -0.442320  -0.684870   1.156490  -0.331800   0.135100   2.515190
 -0.002250   0.001150   0.002810  -0.442320  -0.684870   1.156490
 -0.002250   0.001150   0.002810  -0.393070  -0.570580  -0.875730
 -0.002250   0.001150   0.002810  -0.404360   1.051900   0.010950
 -0.002250   0.001150   0.002810   1.116870  -0.000300  -0.003710
