33 atoms follow (x y z r g b radiusScale)
  0.009940  -0.004320  -0.012320   0.000000   1.000000   0.000000   1.850000
  1.128370  -0.008560   0.004830   1.000000   1.000000   1.000000   1.200000
 -0.395750   1.042220  -0.023500   1.000000   1.000000   1.000000   1.200000
 -0.369610  -0.592400  -0.885630   1.000000   1.000000   1.000000   1.200000
 -0.457070  -0.679610   1.142750   1.000000   0.000000   0.000000   1.400000
 -0.308930   0.065310   2.527180   0.500000   0.500000   0.500000   1.900000
  1.172440  -0.048320   3.007420   1.000000   0.000000   0.000000   1.400000
 -1.261900  -0.620860   3.556450   1.000000   0.000000   0.000000   1.400000
 -0.672280   1.517120   2.377170   1.000000   0.000000   0.000000   1.400000
 -1.097960   3.260390   2.006510   1.000000   1.000000   0.000000   1.850000
 -0.082350   3.782480   2.768020   1.000000   0.000000   0.000000   1.400000
 -2.382200   3.209110   2.517150   1.000000   0.000000   0.000000   1.400000
 -0.929630   3.096520   0.643170   1.000000   0.000000   0.000000   1.400000
 -1.713410   5.418350   1.622860   1.000000   0.000000   0.000000   1.400000
 -2.882540   5.712450   0.904810   0.000000   1.000000   0.000000   1.850000
 -2.777900   5.364170  -0.154870   1.000000   1.000000   1.000000   1.200000
 -3.049450   6.820780   0.920290   1.000000   1.000000   1.000000   1.200000
 -3.735710   5.198510   1.396770   1.000000   1.000000   1.000000   1.200000
  1.069200   5.586500   0.342740   0.000000   0.000000   1.000000   1.540000
  1.356990   5.225050   1.232930   1.000000   1.000000   1.000000   1.200000
 -0.872010   5.934000   1.314340   1.000000   1.000000   1.000000   1.200000
  0.604270   4.848860  -0.156480   1.000000   1.000000   1.000000   1.200000
  1.866410   5.901450  -0.173460   1.000000   1.000000   1.000000   1.200000
  1.625920   2.221790   4.677680   0.000000   0.000000   1.000000   1.540000
  1.495820   0.615710   3.655310   1.000000   1.000000   1.000000   1.200000
  1.248740   2.956830   4.107550   1.000000   1.000000   1.000000   1.200000
  2.599470   2.386780   4.825010   1.000000   1.000000   1.000000   1.200000
  1.162690   2.224040   5.561910   1.000000   1.000000   1.000000   1.200000
 -3.580000   0.976810   3.752850   0.000000   0.000000   1.000000   1.540000
 -2.149980  -0.224340   3.712790   1.000000   1.000000   1.000000   1.200000
 -3.865770   1.210250   2.822320   1.000000   1.000000   1.000000   1.200000
 -3.199220   1.808880   4.163260   1.000000   1.000000   1.000000   1.200000
 -4.376490   0.683410   4.277640   1.000000   1.000000   1.000000   1.200000
28 bonds follow (x1 y1 z1 x2 y2 z2)
 -3.580000   0.976810   3.752850  -4.376490   0.683410   4.277640
 -3.580000   0.976810   3.752850  -3.199220   1.808880   4.163260
 -3.580000   0.976810   3.752850  -3.865770   1.210250   2.822320
 -1.261900  -0.620860   3.556450  -2.149980  -0.224340   3.712790
  1.625920   2.221790   4.677680   1.162690   2.224040   5.561910
  1.625920   2.221790   4.677680   2.599470   2.386780   4.825010
  1.625920   2.221790   4.677680   1.248740   2.956830   4.107550
  1.172440  -0.048320   3.007420   1.495820   0.615710   3.655310
  1.069200   5.586500   0.342740   1.866410   5.901450  -0.173460
  1.069200   5.586500   0.342740   0.604270   4.848860  -0.156480
 -1.713410   5.418350   1.622860  -0.872010   5.934000   1.314340
  1.069200   5.586500   0.342740   1.356990   5.225050   1.232930
 -2.882540   5.712450   0.904810  -3.735710   5.198510   1.396770
 -2.882540   5.712450   0.904810  -3.049450   6.820780   0.920290
 -2.882540   5.712450   0.904810  -2.777900   5.364170  -0.154870
 -1.713410   5.418350   1.622860  -2.882540   5.712450   0.904810
 -1.097960   3.260390   2.006510  -0.929630   3.096520   0.643170
 -1.097960   3.260390   2.006510  -2.382200   3.209110   2.517150
 -1.097960   3.260390   2.006510  -0.082350   3.782480   2.768020
 -0.672280   1.517120   2.377170  -1.097960   3.260390   2.006510
 -0.308930   0.065310   2.527180  -0.672280   1.517120   2.377170
 -0.308930   0.065310   2.527180  -1.261900  -0.620860   3.556450
 -0.308930   0.065310   2.527180   1.172440  -0.048320   3.007420
 -0.457070  -0.679610   1.142750  -0.308930   0.065310   2.527180
  0.009940  -0.004320  -0.012320  -0.457070  -0.679610   1.142750
  0.009940  -0.004320  -0.012320  -0.369610  -0.592400  -0.885630
  0.009940  -0.004320  -0.012320  -0.395750   1.042220  -0.023500
  0.009940  -0.004320  -0.012320   1.128370  -0.008560   0.004830
