33 atoms follow (x y z r g b radiusScale)
  0.002240  -0.000730  -0.002350   0.000000   1.000000   0.000000   1.850000
  1.120990  -0.004710   0.000920   1.000000   1.000000   1.000000   1.200000
 -0.402060   1.048160  -0.008450   1.000000   1.000000   1.000000   1.200000
 -0.385920  -0.582650  -0.875530   1.000000   1.000000   1.000000   1.200000
 -0.448840  -0.675330   1.157110   1.000000   0.000000   0.000000   1.400000
 -0.324240   0.121930   2.516730   0.500000   0.500000   0.500000   1.900000
  1.151930  -0.061960   2.995810   1.000000   0.000000   0.000000   1.400000
 -1.240940  -0.618340   3.538560   1.000000   0.000000   0.000000   1.400000
 -0.686440   1.568060   2.368740   1.000000   0.000000   0.000000   1.400000
 -1.104550   3.312560   1.988730   1.000000   1.000000   0.000000   1.850000
 -0.067430   3.834690   2.736870   1.000000   0.000000   0.000000   1.400000
 -2.388140   3.202450   2.511680   1.000000   0.000000   0.000000   1.400000
 -0.911540   3.147320   0.627680   1.000000   0.000000   0.000000   1.400000
 -1.534190   5.244400   1.553240   1.000000   0.000000   0.000000   1.400000
 -2.738930   5.646480   0.949580   0.000000   1.000000   0.000000   1.850000
 -2.762980   5.320780  -0.119930   1.000000   1.000000   1.000000   1.200000
 -2.826870   6.759540   1.016520   1.000000   1.000000   1.000000   1.200000
 -3.564590   5.154690   1.525670   1.000000   1.000000   1.000000   1.200000
  0.808920   5.457170   0.476380   0.000000   0.000000   1.000000   1.540000
  1.304130   5.199880   1.300170   1.000000   1.000000   1.000000   1.200000
 -0.826490   5.668840   1.178710   1.000000   1.000000   1.000000   1.200000
  0.748820   4.687710  -0.150540   1.000000   1.000000   1.000000   1.200000
  1.192340   6.263270   0.046020   1.000000   1.000000   1.000000   1.200000
  1.620590   2.230780   4.684200   0.000000   0.000000   1.000000   1.540000
  1.523910   0.578150   3.632030   1.000000   1.000000   1.000000   1.200000
  1.192050   2.912450   4.084120   1.000000   1.000000   1.000000   1.200000
  2.577700   2.477250   4.825020   1.000000   1.000000   1.000000   1.200000
  1.156390   2.240890   5.568130   1.000000   1.000000   1.000000   1.200000
 -3.596300   0.961110   3.765910   0.000000   0.000000   1.000000   1.540000
 -2.140010  -0.272100   3.721050   1.000000   1.000000   1.000000   1.200000
 -3.841660   1.200050   2.824730   1.000000   1.000000   1.000000   1.200000
 -3.177850   1.776900   4.173010   1.000000   1.000000   1.000000   1.200000
 -4.426700   0.732790   4.270330   1.000000   1.000000   1.000000   1.200000
28 bonds follow (x1 y1 z1 x2 y2 z2)
 -3.596300   0.961110   3.765910  -4.426700   0.732790   4.270330
 -3.596300   0.961110   3.765910  -3.177850   1.776900   4.173010
 -3.596300   0.961110   3.765910  -3.841660   1.200050   2.824730
 -1.240940  -0.618340   3.538560  -2.140010  -0.272100   3.721050
  1.620590   2.230780   4.684200   1.156390   2.240890   5.568130
  1.620590   2.230780   4.684200   2.577700   2.477250   4.825020
  1.620590   2.230780   4.684200   1.192050   2.912450   4.084120
  1.151930  -0.061960   2.995810   1.523910   0.578150   3.632030
  0.808920   5.457170   0.476380   1.192340   6.263270   0.046020
  0.808920   5.457170   0.476380   0.748820   4.687710  -0.150540
 -1.534190   5.244400   1.553240  -0.826490   5.668840   1.178710
  0.808920   5.457170   0.476380   1.304130   5.199880   1.300170
 -2.738930   5.646480   0.949580  -3.564590   5.154690   1.525670
 -2.738930   5.646480   0.949580  -2.826870   6.759540   1.016520
 -2.738930   5.646480   0.949580  -2.762980   5.320780  -0.119930
 -1.534190   5.244400   1.553240  -2.738930   5.646480   0.949580
 -1.104550   3.312560   1.988730  -0.911540   3.147320   0.627680
 -1.104550   3.312560   1.988730  -2.388140   3.202450   2.511680
 -1.104550   3.312560   1.988730  -0.067430   3.834690   2.736870
 -0.686440   1.568060   2.368740  -1.104550   3.312560   1.988730
 -0.324240   0.121930   2.516730  -0.686440   1.568060   2.368740
 -0.324240   0.121930   2.516730  -1.240940  -0.618340   3.538560
 -0.324240   0.121930   2.516730   1.151930  -0.061960   2.995810
 -0.448840  -0.675330   1.157110  -0.324240   0.121930   2.516730
  0.002240  -0.000730  -0.002350  -0.448840  -0.675330   1.157110
  0.002240  -0.000730  -0.002350  -0.385920  -0.582650  -0.875530
  0.002240  -0.000730  -0.002350  -0.402060   1.048160  -0.008450
  0.002240  -0.000730  -0.002350   1.120990  -0.004710   0.000920
