33 atoms follow (x y z r g b radiusScale)
  0.090190  -0.156850   0.031490   0.000000   1.000000   0.000000   1.850000
  1.201360  -0.071830   0.128850   1.000000   1.000000   1.000000   1.200000
 -0.382320   0.857250  -0.061670   1.000000   1.000000   1.000000   1.200000
 -0.181840  -0.811380  -0.833660   1.000000   1.000000   1.000000   1.200000
 -0.410550  -0.797400   1.188520   1.000000   0.000000   0.000000   1.400000
 -0.302010   0.025910   2.529020   0.500000   0.500000   0.500000   1.900000
  1.141460  -0.166300   3.082340   1.000000   0.000000   0.000000   1.400000
 -1.238100  -0.698500   3.533750   1.000000   0.000000   0.000000   1.400000
 -0.641240   1.481740   2.326730   1.000000   0.000000   0.000000   1.400000
 -1.129190   3.217160   2.071580   1.000000   1.000000   0.000000   1.850000
 -0.135450   3.777020   2.838560   1.000000   0.000000   0.000000   1.400000
 -2.412230   3.114850   2.557300   1.000000   0.000000   0.000000   1.400000
 -0.904250   3.286030   0.721530   1.000000   0.000000   0.000000   1.400000
 -2.149900   5.922480   1.632030   1.000000   0.000000   0.000000   1.400000
 -3.297770   5.986210   0.819410   0.000000   1.000000   0.000000   1.850000
 -2.998700   6.084510  -0.252920   1.000000   1.000000   1.000000   1.200000
 -3.962020   6.839370   1.110350   1.000000   1.000000   1.000000   1.200000
 -3.838380   5.018000   0.983220   1.000000   1.000000   1.000000   1.200000
  1.856880   5.594100   0.000630   0.000000   0.000000   1.000000   1.540000
  1.783790   6.104710   0.857860   1.000000   1.000000   1.000000   1.200000
 -1.715930   6.689180   1.589010   1.000000   1.000000   1.000000   1.200000
  1.151790   5.939240  -0.621160   1.000000   1.000000   1.000000   1.200000
  1.648190   4.629570   0.195600   1.000000   1.000000   1.000000   1.200000
  1.701200   2.129950   4.596920   0.000000   0.000000   1.000000   1.540000
  1.531890   0.512810   3.674690   1.000000   1.000000   1.000000   1.200000
  1.425850   2.839020   3.940920   1.000000   1.000000   1.000000   1.200000
  2.675940   2.224320   4.793510   1.000000   1.000000   1.000000   1.200000
  1.188240   2.258930   5.443810   1.000000   1.000000   1.000000   1.200000
 -3.564330   0.822670   3.808950   0.000000   0.000000   1.000000   1.540000
 -2.148790  -0.354860   3.680800   1.000000   1.000000   1.000000   1.200000
 -3.831370   1.199060   2.920130   1.000000   1.000000   1.000000   1.200000
 -3.229730   1.582920   4.368000   1.000000   1.000000   1.000000   1.200000
 -4.360620   0.413140   4.250360   1.000000   1.000000   1.000000   1.200000
28 bonds follow (x1 y1 z1 x2 y2 z2)
 -3.564330   0.822670   3.808950  -4.360620   0.413140   4.250360
 -3.564330   0.822670   3.808950  -3.229730   1.582920   4.368000
 -3.564330   0.822670   3.808950  -3.831370   1.199060   2.920130
 -1.238100  -0.698500   3.533750  -2.148790  -0.354860   3.680800
  1.701200   2.129950   4.596920   1.188240   2.258930   5.443810
  1.701200   2.129950   4.596920   2.675940   2.224320   4.793510
  1.701200   2.129950   4.596920   1.425850   2.839020   3.940920
  1.141460  -0.166300   3.082340   1.531890   0.512810   3.674690
  1.856880   5.594100   0.000630   1.648190   4.629570   0.195600
  1.856880   5.594100   0.000630   1.151790   5.939240  -0.621160
 -2.149900   5.922480   1.632030  -1.715930   6.689180   1.589010
  1.856880   5.594100   0.000630   1.783790   6.104710   0.857860
 -3.297770   5.986210   0.819410  -3.838380   5.018000   0.983220
 -3.297770   5.986210   0.819410  -3.962020   6.839370   1.110350
 -3.297770   5.986210   0.819410  -2.998700   6.084510  -0.252920
 -2.149900   5.922480   1.632030  -3.297770   5.986210   0.819410
 -1.129190   3.217160   2.071580  -0.904250   3.286030   0.721530
 -1.129190   3.217160   2.071580  -2.412230   3.114850   2.557300
 -1.129190   3.217160   2.071580  -0.135450   3.777020   2.838560
 -0.641240   1.481740   2.326730  -1.129190   3.217160   2.071580
 -0.302010   0.025910   2.529020  -0.641240   1.481740   2.326730
 -0.302010   0.025910   2.529020  -1.238100  -0.698500   3.533750
 -0.302010   0.025910   2.529020   1.141460  -0.166300   3.082340
 -0.410550  -0.797400   1.188520  -0.302010   0.025910   2.529020
  0.090190  -0.156850   0.031490  -0.410550  -0.797400   1.188520
  0.090190  -0.156850   0.031490  -0.181840  -0.811380  -0.833660
  0.090190  -0.156850   0.031490  -0.382320   0.857250  -0.061670
  0.090190  -0.156850   0.031490   1.201360  -0.071830   0.128850
