33 atoms follow (x y z r g b radiusScale)
  0.155970  -0.190910   0.015820   0.000000   1.000000   0.000000   1.850000
  1.264260  -0.163580   0.167440   1.000000   1.000000   1.000000   1.200000
 -0.261920   0.841850  -0.116350   1.000000   1.000000   1.000000   1.200000
 -0.108040  -0.846260  -0.851830   1.000000   1.000000   1.000000   1.200000
 -0.435900  -0.782490   1.156260   1.000000   0.000000   0.000000   1.400000
 -0.287450   0.015520   2.513070   0.500000   0.500000   0.500000   1.900000
  1.163510  -0.147670   3.059660   1.000000   0.000000   0.000000   1.400000
 -1.272110  -0.631230   3.522860   1.000000   0.000000   0.000000   1.400000
 -0.648130   1.466770   2.313840   1.000000   0.000000   0.000000   1.400000
 -1.123190   3.211430   2.103440   1.000000   1.000000   0.000000   1.850000
 -0.196180   3.730720   2.985140   1.000000   0.000000   0.000000   1.400000
 -2.395680   3.032400   2.558690   1.000000   0.000000   0.000000   1.400000
 -0.902250   3.246870   0.749280   1.000000   0.000000   0.000000   1.400000
 -2.223310   6.022980   1.567190   1.000000   0.000000   0.000000   1.400000
 -3.428150   6.064800   0.831600   0.000000   1.000000   0.000000   1.850000
 -3.258510   6.400740  -0.223050   1.000000   1.000000   1.000000   1.200000
 -4.171780   6.744380   1.322640   1.000000   1.000000   1.000000   1.200000
 -3.812350   5.006970   0.852510   1.000000   1.000000   1.000000   1.200000
  2.032740   5.498670  -0.062510   0.000000   0.000000   1.000000   1.540000
  2.118050   6.161470   0.679930   1.000000   1.000000   1.000000   1.200000
 -1.942090   6.987170   1.750820   1.000000   1.000000   1.000000   1.200000
  1.678640   5.986270  -0.859960   1.000000   1.000000   1.000000   1.200000
  1.364000   4.805800   0.199440   1.000000   1.000000   1.000000   1.200000
  1.754780   2.171060   4.570300   0.000000   0.000000   1.000000   1.540000
  1.537380   0.555830   3.639780   1.000000   1.000000   1.000000   1.200000
  1.451120   2.873410   3.919650   1.000000   1.000000   1.000000   1.200000
  2.713080   2.330580   4.799770   1.000000   1.000000   1.000000   1.200000
  1.207740   2.248820   5.402000   1.000000   1.000000   1.000000   1.200000
 -3.609490   0.791900   3.844060   0.000000   0.000000   1.000000   1.540000
 -2.161440  -0.229530   3.693910   1.000000   1.000000   1.000000   1.200000
 -3.756270   1.184580   2.932930   1.000000   1.000000   1.000000   1.200000
 -3.340340   1.539130   4.453140   1.000000   1.000000   1.000000   1.200000
 -4.458800   0.385310   4.173290   1.000000   1.000000   1.000000   1.200000
28 bonds follow (x1 y1 z1 x2 y2 z2)
 -3.609490   0.791900   3.844060  -4.458800   0.385310   4.173290
 -3.609490   0.791900   3.844060  -3.340340   1.539130   4.453140
 -3.609490   0.791900   3.844060  -3.756270   1.184580   2.932930
 -1.272110  -0.631230   3.522860  -2.161440  -0.229530   3.693910
  1.754780   2.171060   4.570300   1.207740   2.248820   5.402000
  1.754780   2.171060   4.570300   2.713080   2.330580   4.799770
  1.754780   2.171060   4.570300   1.451120   2.873410   3.919650
  1.163510  -0.147670   3.059660   1.537380   0.555830   3.639780
  2.032740   5.498670  -0.062510   1.364000   4.805800   0.199440
  2.032740   5.498670  -0.062510   1.678640   5.986270  -0.859960
 -2.223310   6.022980   1.567190  -1.942090   6.987170   1.750820
  2.032740   5.498670  -0.062510   2.118050   6.161470   0.679930
 -3.428150   6.064800   0.831600  -3.812350   5.006970   0.852510
 -3.428150   6.064800   0.831600  -4.171780   6.744380   1.322640
 -3.428150   6.064800   0.831600  -3.258510   6.400740  -0.223050
 -2.223310   6.022980   1.567190  -3.428150   6.064800   0.831600
 -1.123190   3.211430   2.103440  -0.902250   3.246870   0.749280
 -1.123190   3.211430   2.103440  -2.395680   3.032400   2.558690
 -1.123190   3.211430   2.103440  -0.196180   3.730720   2.985140
 -0.648130   1.466770   2.313840  -1.123190   3.211430   2.103440
 -0.287450   0.015520   2.513070  -0.648130   1.466770   2.313840
 -0.287450   0.015520   2.513070  -1.272110  -0.631230   3.522860
 -0.287450   0.015520   2.513070   1.163510  -0.147670   3.059660
 -0.435900  -0.782490   1.156260  -0.287450   0.015520   2.513070
  0.155970  -0.190910   0.015820  -0.435900  -0.782490   1.156260
  0.155970  -0.190910   0.015820  -0.108040  -0.846260  -0.851830
  0.155970  -0.190910   0.015820  -0.261920   0.841850  -0.116350
  0.155970  -0.190910   0.015820   1.264260  -0.163580   0.167440
