33 atoms follow (x y z r g b radiusScale)
  0.324130  -0.168450   0.061560   0.000000   1.000000   0.000000   1.850000
  1.417840  -0.287270   0.262510   1.000000   1.000000   1.000000   1.200000
  0.044230   0.913590  -0.038120   1.000000   1.000000   1.000000   1.200000
  0.021910  -0.750640  -0.845120   1.000000   1.000000   1.000000   1.200000
 -0.398660  -0.728860   1.143310   1.000000   0.000000   0.000000   1.400000
 -0.290270   0.006620   2.533770   0.500000   0.500000   0.500000   1.900000
  1.196700  -0.146520   2.950990   1.000000   0.000000   0.000000   1.400000
 -1.218700  -0.752770   3.536430   1.000000   0.000000   0.000000   1.400000
 -0.670060   1.460900   2.398510   1.000000   0.000000   0.000000   1.400000
 -1.177750   3.194240   2.173110   1.000000   1.000000   0.000000   1.850000
 -0.362850   3.701720   3.162760   1.000000   0.000000   0.000000   1.400000
 -2.519040   3.067270   2.432710   1.000000   0.000000   0.000000   1.400000
 -0.704090   3.315510   0.887600   1.000000   0.000000   0.000000   1.400000
 -2.386570   6.314520   1.431770   1.000000   0.000000   0.000000   1.400000
 -3.703240   6.202400   0.924110   0.000000   1.000000   0.000000   1.850000
 -3.957020   7.007120   0.186970   1.000000   1.000000   1.000000   1.200000
 -4.445690   6.189650   1.772690   1.000000   1.000000   1.000000   1.200000
 -3.677520   5.201880   0.431670   1.000000   1.000000   1.000000   1.200000
  2.352520   5.172780  -0.197910   0.000000   0.000000   1.000000   1.540000
  2.094440   5.820430   0.518190   1.000000   1.000000   1.000000   1.200000
 -2.447790   7.219160   2.044340   1.000000   1.000000   1.000000   1.200000
  2.219620   5.612890  -1.083560   1.000000   1.000000   1.000000   1.200000
  1.722390   4.398830  -0.138580   1.000000   1.000000   1.000000   1.200000
  1.822920   2.171350   4.389250   0.000000   0.000000   1.000000   1.540000
  1.608880   0.525640   3.542360   1.000000   1.000000   1.000000   1.200000
  1.521490   2.883430   3.748120   1.000000   1.000000   1.000000   1.200000
  2.778410   2.332210   4.630370   1.000000   1.000000   1.000000   1.200000
  1.265740   2.239250   5.215880   1.000000   1.000000   1.000000   1.200000
 -3.627610   0.765730   3.836750   0.000000   0.000000   1.000000   1.540000
 -2.125470  -0.428110   3.725370   1.000000   1.000000   1.000000   1.200000
 -3.622320   1.215240   2.939190   1.000000   1.000000   1.000000   1.200000
 -3.435460   1.464880   4.525890   1.000000   1.000000   1.000000   1.200000
 -4.537570   0.390350   4.003610   1.000000   1.000000   1.000000   1.200000
28 bonds follow (x1 y1 z1 x2 y2 z2)
 -3.627610   0.765730   3.836750  -4.537570   0.390350   4.003610
 -3.627610   0.765730   3.836750  -3.435460   1.464880   4.525890
 -3.627610   0.765730   3.836750  -3.622320   1.215240   2.939190
 -1.218700  -0.752770   3.536430  -2.125470  -0.428110   3.725370
  1.822920   2.171350   4.389250   1.265740   2.239250   5.215880
  1.822920   2.171350   4.389250   2.778410   2.332210   4.630370
  1.822920   2.171350   4.389250   1.521490   2.883430   3.748120
  1.196700  -0.146520   2.950990   1.608880   0.525640   3.542360
  2.352520   5.172780  -0.197910   1.722390   4.398830  -0.138580
  2.352520   5.172780  -0.197910   2.219620   5.612890  -1.083560
 -2.386570   6.314520   1.431770  -2.447790   7.219160   2.044340
  2.352520   5.172780  -0.197910   2.094440   5.820430   0.518190
 -3.703240   6.202400   0.924110  -3.677520   5.201880   0.431670
 -3.703240   6.202400   0.924110  -4.445690   6.189650   1.772690
 -3.703240   6.202400   0.924110  -3.957020   7.007120   0.186970
 -2.386570   6.314520   1.431770  -3.703240   6.202400   0.924110
 -1.177750   3.194240   2.173110  -0.704090   3.315510   0.887600
 -1.177750   3.194240   2.173110  -2.519040   3.067270   2.432710
 -1.177750   3.194240   2.173110  -0.362850   3.701720   3.162760
 -0.670060   1.460900   2.398510  -1.177750   3.194240   2.173110
 -0.290270   0.006620   2.533770  -0.670060   1.460900   2.398510
 -0.290270   0.006620   2.533770  -1.218700  -0.752770   3.536430
 -0.290270   0.006620   2.533770   1.196700  -0.146520   2.950990
 -0.398660  -0.728860   1.143310  -0.290270   0.006620   2.533770
  0.324130  -0.168450   0.061560  -0.398660  -0.728860   1.143310
  0.324130  -0.168450   0.061560   0.021910  -0.750640  -0.845120
  0.324130  -0.168450   0.061560   0.044230   0.913590  -0.038120
  0.324130  -0.168450   0.061560   1.417840  -0.287270   0.262510
