33 atoms follow (x y z r g b radiusScale)
 -0.047300   0.035460  -0.011680   0.000000   1.000000   0.000000   1.850000
  1.059930  -0.064940  -0.145510   1.000000   1.000000   1.000000   1.200000
 -0.352470   1.114280   0.066810   1.000000   1.000000   1.000000   1.200000
 -0.574880  -0.462170  -0.864890   1.000000   1.000000   1.000000   1.200000
 -0.428200  -0.663970   1.155390   1.000000   0.000000   0.000000   1.400000
 -0.319000   0.139080   2.522470   0.500000   0.500000   0.500000   1.900000
  1.184790  -0.051150   2.944510   1.000000   0.000000   0.000000   1.400000
 -1.194820  -0.665570   3.545360   1.000000   0.000000   0.000000   1.400000
 -0.639310   1.583840   2.407390   1.000000   0.000000   0.000000   1.400000
 -1.197700   3.435250   1.936620   1.000000   1.000000   0.000000   1.850000
 -0.113960   3.919480   2.716050   1.000000   0.000000   0.000000   1.400000
 -2.445040   3.115980   2.464770   1.000000   0.000000   0.000000   1.400000
 -0.748690   3.108540   0.629810   1.000000   0.000000   0.000000   1.400000
 -1.547800   5.087050   1.374770   1.000000   0.000000   0.000000   1.400000
 -2.806970   5.644430   1.289330   0.000000   1.000000   0.000000   1.850000
 -3.273470   5.390240   0.300120   1.000000   1.000000   1.000000   1.200000
 -2.706780   6.759230   1.369510   1.000000   1.000000   1.000000   1.200000
 -3.466850   5.269050   2.114870   1.000000   1.000000   1.000000   1.200000
  0.927750   5.300520   0.509770   0.000000   0.000000   1.000000   1.540000
  0.681540   5.398950   1.515930   1.000000   1.000000   1.000000   1.200000
  1.289280   6.157250   0.126110   1.000000   1.000000   1.000000   1.200000
  0.031450   5.018320   0.053050   1.000000   1.000000   1.000000   1.200000
  1.587720   4.532910   0.411790   1.000000   1.000000   1.000000   1.200000
  1.553470   2.293980   4.707450   0.000000   0.000000   1.000000   1.540000
  1.585310   0.640990   3.489360   1.000000   1.000000   1.000000   1.200000
  1.033710   2.884820   4.081780   1.000000   1.000000   1.000000   1.200000
  2.471210   2.668420   4.822180   1.000000   1.000000   1.000000   1.200000
  1.100640   2.286650   5.596800   1.000000   1.000000   1.000000   1.200000
 -3.600230   0.955560   3.756640   0.000000   0.000000   1.000000   1.540000
 -2.083030  -0.325950   3.757970   1.000000   1.000000   1.000000   1.200000
 -3.828840   1.163420   2.803720   1.000000   1.000000   1.000000   1.200000
 -3.164210   1.776150   4.135050   1.000000   1.000000   1.000000   1.200000
 -4.444710   0.777780   4.258190   1.000000   1.000000   1.000000   1.200000
28 bonds follow (x1 y1 z1 x2 y2 z2)
 -3.600230   0.955560   3.756640  -4.444710   0.777780   4.258190
 -3.600230   0.955560   3.756640  -3.164210   1.776150   4.135050
 -3.600230   0.955560   3.756640  -3.828840   1.163420   2.803720
 -1.194820  -0.665570   3.545360  -2.083030  -0.325950   3.757970
  1.553470   2.293980   4.707450   1.100640   2.286650   5.596800
  1.553470   2.293980   4.707450   2.471210   2.668420   4.822180
  1.553470   2.293980   4.707450   1.033710   2.884820   4.081780
  1.184790  -0.051150   2.944510   1.585310   0.640990   3.489360
  0.927750   5.300520   0.509770   1.587720   4.532910   0.411790
  0.927750   5.300520   0.509770   0.031450   5.018320   0.053050
  0.927750   5.300520   0.509770   1.289280   6.157250   0.126110
  0.927750   5.300520   0.509770   0.681540   5.398950   1.515930
 -2.806970   5.644430   1.289330  -3.466850   5.269050   2.114870
 -2.806970   5.644430   1.289330  -2.706780   6.759230   1.369510
 -2.806970   5.644430   1.289330  -3.273470   5.390240   0.300120
 -1.547800   5.087050   1.374770  -2.806970   5.644430   1.289330
 -1.197700   3.435250   1.936620  -1.547800   5.087050   1.374770
 -1.197700   3.435250   1.936620  -0.748690   3.108540   0.629810
 -1.197700   3.435250   1.936620  -2.445040   3.115980   2.464770
 -1.197700   3.435250   1.936620  -0.113960   3.919480   2.716050
 -0.319000   0.139080   2.522470  -0.639310   1.583840   2.407390
 -0.319000   0.139080   2.522470  -1.194820  -0.665570   3.545360
 -0.319000   0.139080   2.522470   1.184790  -0.051150   2.944510
 -0.428200  -0.663970   1.155390  -0.319000   0.139080   2.522470
 -0.047300   0.035460  -0.011680  -0.428200  -0.663970   1.155390
 -0.047300   0.035460  -0.011680  -0.574880  -0.462170  -0.864890
 -0.047300   0.035460  -0.011680  -0.352470   1.114280   0.066810
 -0.047300   0.035460  -0.011680   1.059930  -0.064940  -0.145510
