33 atoms follow (x y z r g b radiusScale)
  0.371030  -0.135380   0.096440   0.000000   1.000000   0.000000   1.850000
  1.443300  -0.239970   0.401150   1.000000   1.000000   1.000000   1.200000
  0.086940   0.942730  -0.034910   1.000000   1.000000   1.000000   1.200000
  0.163950  -0.718570  -0.835110   1.000000   1.000000   1.000000   1.200000
 -0.436630  -0.692120   1.115420   1.000000   0.000000   0.000000   1.400000
 -0.297780   0.019930   2.519770   0.500000   0.500000   0.500000   1.900000
  1.166470  -0.142060   2.998970   1.000000   0.000000   0.000000   1.400000
 -1.180800  -0.777920   3.524440   1.000000   0.000000   0.000000   1.400000
 -0.745260   1.457380   2.442190   1.000000   0.000000   0.000000   1.400000
 -1.155130   3.202690   2.196730   1.000000   1.000000   0.000000   1.850000
 -0.449640   3.688080   3.281580   1.000000   0.000000   0.000000   1.400000
 -2.510860   3.093880   2.326750   1.000000   0.000000   0.000000   1.400000
 -0.635020   3.289380   0.924260   1.000000   0.000000   0.000000   1.400000
 -2.470150   6.465540   1.408960   1.000000   0.000000   0.000000   1.400000
 -3.786270   6.228050   0.969310   0.000000   1.000000   0.000000   1.850000
 -4.199000   7.127280   0.437640   1.000000   1.000000   1.000000   1.200000
 -4.448170   5.975360   1.838210   1.000000   1.000000   1.000000   1.200000
 -3.736500   5.347120   0.270660   1.000000   1.000000   1.000000   1.200000
  2.413440   4.995690  -0.237100   0.000000   0.000000   1.000000   1.540000
  2.030410   5.555100   0.495820   1.000000   1.000000   1.000000   1.200000
 -2.479230   7.023650   2.064330   1.000000   1.000000   1.000000   1.200000
  2.113680   5.361150  -1.117000   1.000000   1.000000   1.000000   1.200000
  2.058410   4.064280  -0.137130   1.000000   1.000000   1.000000   1.200000
  1.846330   2.195970   4.306520   0.000000   0.000000   1.000000   1.540000
  1.585390   0.586170   3.521740   1.000000   1.000000   1.000000   1.200000
  1.535880   2.910600   3.673560   1.000000   1.000000   1.000000   1.200000
  2.811800   2.339720   4.516890   1.000000   1.000000   1.000000   1.200000
  1.313380   2.275660   5.148330   1.000000   1.000000   1.000000   1.200000
 -3.519600   0.721690   3.775040   0.000000   0.000000   1.000000   1.540000
 -2.079180  -0.439390   3.735610   1.000000   1.000000   1.000000   1.200000
 -3.692800   1.279530   2.959570   1.000000   1.000000   1.000000   1.200000
 -3.311750   1.335460   4.535550   1.000000   1.000000   1.000000   1.200000
 -4.331340   0.185140   3.997730   1.000000   1.000000   1.000000   1.200000
28 bonds follow (x1 y1 z1 x2 y2 z2)
 -3.519600   0.721690   3.775040  -4.331340   0.185140   3.997730
 -3.519600   0.721690   3.775040  -3.311750   1.335460   4.535550
 -3.519600   0.721690   3.775040  -3.692800   1.279530   2.959570
 -1.180800  -0.777920   3.524440  -2.079180  -0.439390   3.735610
  1.846330   2.195970   4.306520   1.313380   2.275660   5.148330
  1.846330   2.195970   4.306520   2.811800   2.339720   4.516890
  1.846330   2.195970   4.306520   1.535880   2.910600   3.673560
  1.166470  -0.142060   2.998970   1.585390   0.586170   3.521740
  2.413440   4.995690  -0.237100   2.058410   4.064280  -0.137130
  2.413440   4.995690  -0.237100   2.113680   5.361150  -1.117000
 -2.470150   6.465540   1.408960  -2.479230   7.023650   2.064330
  2.413440   4.995690  -0.237100   2.030410   5.555100   0.495820
 -3.786270   6.228050   0.969310  -3.736500   5.347120   0.270660
 -3.786270   6.228050   0.969310  -4.448170   5.975360   1.838210
 -3.786270   6.228050   0.969310  -4.199000   7.127280   0.437640
 -2.470150   6.465540   1.408960  -3.786270   6.228050   0.969310
 -1.155130   3.202690   2.196730  -0.635020   3.289380   0.924260
 -1.155130   3.202690   2.196730  -2.510860   3.093880   2.326750
 -1.155130   3.202690   2.196730  -0.449640   3.688080   3.281580
 -0.745260   1.457380   2.442190  -1.155130   3.202690   2.196730
 -0.297780   0.019930   2.519770  -0.745260   1.457380   2.442190
 -0.297780   0.019930   2.519770  -1.180800  -0.777920   3.524440
 -0.297780   0.019930   2.519770   1.166470  -0.142060   2.998970
 -0.436630  -0.692120   1.115420  -0.297780   0.019930   2.519770
  0.371030  -0.135380   0.096440  -0.436630  -0.692120   1.115420
  0.371030  -0.135380   0.096440   0.163950  -0.718570  -0.835110
  0.371030  -0.135380   0.096440   0.086940   0.942730  -0.034910
  0.371030  -0.135380   0.096440   1.443300  -0.239970   0.401150
