33 atoms follow (x y z r g b radiusScale)
  0.151430  -0.190220   0.016950   0.000000   1.000000   0.000000   1.850000
  1.259250  -0.158530   0.169930   1.000000   1.000000   1.000000   1.200000
 -0.269640   0.841880  -0.114530   1.000000   1.000000   1.000000   1.200000
 -0.108670  -0.844670  -0.852010   1.000000   1.000000   1.000000   1.200000
 -0.438700  -0.784740   1.156680   1.000000   0.000000   0.000000   1.400000
 -0.286090   0.016110   2.512890   0.500000   0.500000   0.500000   1.900000
  1.165310  -0.148540   3.065950   1.000000   0.000000   0.000000   1.400000
 -1.270730  -0.631830   3.521060   1.000000   0.000000   0.000000   1.400000
 -0.653590   1.465620   2.316110   1.000000   0.000000   0.000000   1.400000
 -1.122340   3.216350   2.100810   1.000000   1.000000   0.000000   1.850000
 -0.191420   3.731430   2.979650   1.000000   0.000000   0.000000   1.400000
 -2.393660   3.033550   2.557880   1.000000   0.000000   0.000000   1.400000
 -0.905670   3.247280   0.746750   1.000000   0.000000   0.000000   1.400000
 -2.219250   6.008280   1.569790   1.000000   0.000000   0.000000   1.400000
 -3.421680   6.064930   0.830040   0.000000   1.000000   0.000000   1.850000
 -3.235110   6.383620  -0.224500   1.000000   1.000000   1.000000   1.200000
 -4.170240   6.754230   1.305450   1.000000   1.000000   1.000000   1.200000
 -3.788850   5.012380   0.884340   1.000000   1.000000   1.000000   1.200000
  2.024100   5.504780  -0.059310   0.000000   0.000000   1.000000   1.540000
  2.100430   6.163390   0.688350   1.000000   1.000000   1.000000   1.200000
 -1.948550   7.054790   1.741660   1.000000   1.000000   1.000000   1.200000
  1.646710   5.989360  -0.846950   1.000000   1.000000   1.000000   1.200000
  1.374310   4.793660   0.205190   1.000000   1.000000   1.000000   1.200000
  1.751370   2.168940   4.570030   0.000000   0.000000   1.000000   1.540000
  1.533770   0.541020   3.665200   1.000000   1.000000   1.000000   1.200000
  1.446620   2.874960   3.924500   1.000000   1.000000   1.000000   1.200000
  2.709600   2.327800   4.800400   1.000000   1.000000   1.000000   1.200000
  1.204390   2.238550   5.402540   1.000000   1.000000   1.000000   1.200000
 -3.605610   0.791670   3.842590   0.000000   0.000000   1.000000   1.540000
 -2.160730  -0.223610   3.683230   1.000000   1.000000   1.000000   1.200000
 -3.762220   1.182910   2.932640   1.000000   1.000000   1.000000   1.200000
 -3.334710   1.540390   4.449180   1.000000   1.000000   1.000000   1.200000
 -4.448850   0.378970   4.179730   1.000000   1.000000   1.000000   1.200000
28 bonds follow (x1 y1 z1 x2 y2 z2)
 -3.605610   0.791670   3.842590  -4.448850   0.378970   4.179730
 -3.605610   0.791670   3.842590  -3.334710   1.540390   4.449180
 -3.605610   0.791670   3.842590  -3.762220   1.182910   2.932640
 -1.270730  -0.631830   3.521060  -2.160730  -0.223610   3.683230
  1.751370   2.168940   4.570030   1.204390   2.238550   5.402540
  1.751370   2.168940   4.570030   2.709600   2.327800   4.800400
  1.751370   2.168940   4.570030   1.446620   2.874960   3.924500
  1.165310  -0.148540   3.065950   1.533770   0.541020   3.665200
  2.024100   5.504780  -0.059310   1.374310   4.793660   0.205190
  2.024100   5.504780  -0.059310   1.646710   5.989360  -0.846950
 -2.219250   6.008280   1.569790  -1.948550   7.054790   1.741660
  2.024100   5.504780  -0.059310   2.100430   6.163390   0.688350
 -3.421680   6.064930   0.830040  -3.788850   5.012380   0.884340
 -3.421680   6.064930   0.830040  -4.170240   6.754230   1.305450
 -3.421680   6.064930   0.830040  -3.235110   6.383620  -0.224500
 -2.219250   6.008280   1.569790  -3.421680   6.064930   0.830040
 -1.122340   3.216350   2.100810  -0.905670   3.247280   0.746750
 -1.122340   3.216350   2.100810  -2.393660   3.033550   2.557880
 -1.122340   3.216350   2.100810  -0.191420   3.731430   2.979650
 -0.653590   1.465620   2.316110  -1.122340   3.216350   2.100810
 -0.286090   0.016110   2.512890  -0.653590   1.465620   2.316110
 -0.286090   0.016110   2.512890  -1.270730  -0.631830   3.521060
 -0.286090   0.016110   2.512890   1.165310  -0.148540   3.065950
 -0.438700  -0.784740   1.156680  -0.286090   0.016110   2.512890
  0.151430  -0.190220   0.016950  -0.438700  -0.784740   1.156680
  0.151430  -0.190220   0.016950  -0.108670  -0.844670  -0.852010
  0.151430  -0.190220   0.016950  -0.269640   0.841880  -0.114530
  0.151430  -0.190220   0.016950   1.259250  -0.158530   0.169930
