33 atoms follow (x y z r g b radiusScale)
 -0.229600  -0.221030  -0.055020   0.000000   1.000000   0.000000   1.850000
  0.773200  -0.450130  -0.503640   1.000000   1.000000   1.000000   1.200000
 -0.411650   0.885640   0.005450   1.000000   1.000000   1.000000   1.200000
 -1.024460  -0.715960  -0.672650   1.000000   1.000000   1.000000   1.200000
 -0.288530  -0.801990   1.230370   1.000000   0.000000   0.000000   1.400000
 -0.211960   0.143550   2.506340   0.500000   0.500000   0.500000   1.900000
  1.294090   0.118030   2.969660   1.000000   0.000000   0.000000   1.400000
 -1.124560  -0.575460   3.558480   1.000000   0.000000   0.000000   1.400000
 -0.719690   1.508360   2.229830   1.000000   0.000000   0.000000   1.400000
 -1.130900   3.435190   1.933660   1.000000   1.000000   0.000000   1.850000
  0.112580   3.756770   2.532220   1.000000   0.000000   0.000000   1.400000
 -2.303060   3.221610   2.647760   1.000000   0.000000   0.000000   1.400000
 -0.929450   3.139660   0.565110   1.000000   0.000000   0.000000   1.400000
 -1.447790   5.172850   1.578190   1.000000   0.000000   0.000000   1.400000
 -2.680620   5.740320   1.847710   0.000000   1.000000   0.000000   1.850000
 -3.034780   5.452250   2.872140   1.000000   1.000000   1.000000   1.200000
 -3.437460   5.399130   1.092710   1.000000   1.000000   1.000000   1.200000
 -2.581670   6.855440   1.791320   1.000000   1.000000   1.000000   1.200000
  0.825670   5.174430   0.239930   0.000000   0.000000   1.000000   1.540000
  1.017830   5.091900   1.263490   1.000000   1.000000   1.000000   1.200000
  1.549370   5.675920  -0.240950   1.000000   1.000000   1.000000   1.200000
 -0.108550   5.641180   0.156010   1.000000   1.000000   1.000000   1.200000
  0.697600   4.217220  -0.113910   1.000000   1.000000   1.000000   1.200000
  0.957960   2.511930   4.870880   0.000000   0.000000   1.000000   1.540000
  1.567990   0.730030   3.660480   1.000000   1.000000   1.000000   1.200000
  1.419180   3.098940   4.200460   1.000000   1.000000   1.000000   1.200000
  1.254390   2.774150   5.787550   1.000000   1.000000   1.000000   1.200000
 -0.023860   2.694520   4.791460   1.000000   1.000000   1.000000   1.200000
 -3.641520   0.891990   3.396970   0.000000   0.000000   1.000000   1.540000
 -2.042830  -0.260110   3.651750   1.000000   1.000000   1.000000   1.200000
 -3.460970   1.177960   2.452520   1.000000   1.000000   1.000000   1.200000
 -3.402030   1.672180   3.980780   1.000000   1.000000   1.000000   1.200000
 -4.620080   0.714000   3.486540   1.000000   1.000000   1.000000   1.200000
28 bonds follow (x1 y1 z1 x2 y2 z2)
 -3.641520   0.891990   3.396970  -4.620080   0.714000   3.486540
 -3.641520   0.891990   3.396970  -3.402030   1.672180   3.980780
 -3.641520   0.891990   3.396970  -3.460970   1.177960   2.452520
 -1.124560  -0.575460   3.558480  -2.042830  -0.260110   3.651750
  0.957960   2.511930   4.870880  -0.023860   2.694520   4.791460
  0.957960   2.511930   4.870880   1.254390   2.774150   5.787550
  0.957960   2.511930   4.870880   1.419180   3.098940   4.200460
  1.294090   0.118030   2.969660   1.567990   0.730030   3.660480
  0.825670   5.174430   0.239930   0.697600   4.217220  -0.113910
  0.825670   5.174430   0.239930  -0.108550   5.641180   0.156010
  0.825670   5.174430   0.239930   1.549370   5.675920  -0.240950
  0.825670   5.174430   0.239930   1.017830   5.091900   1.263490
 -2.680620   5.740320   1.847710  -2.581670   6.855440   1.791320
 -2.680620   5.740320   1.847710  -3.437460   5.399130   1.092710
 -2.680620   5.740320   1.847710  -3.034780   5.452250   2.872140
 -1.447790   5.172850   1.578190  -2.680620   5.740320   1.847710
 -1.130900   3.435190   1.933660  -1.447790   5.172850   1.578190
 -1.130900   3.435190   1.933660  -0.929450   3.139660   0.565110
 -1.130900   3.435190   1.933660  -2.303060   3.221610   2.647760
 -1.130900   3.435190   1.933660   0.112580   3.756770   2.532220
 -0.211960   0.143550   2.506340  -0.719690   1.508360   2.229830
 -0.211960   0.143550   2.506340  -1.124560  -0.575460   3.558480
 -0.211960   0.143550   2.506340   1.294090   0.118030   2.969660
 -0.288530  -0.801990   1.230370  -0.211960   0.143550   2.506340
 -0.229600  -0.221030  -0.055020  -0.288530  -0.801990   1.230370
 -0.229600  -0.221030  -0.055020  -1.024460  -0.715960  -0.672650
 -0.229600  -0.221030  -0.055020  -0.411650   0.885640   0.005450
 -0.229600  -0.221030  -0.055020   0.773200  -0.450130  -0.503640
