33 atoms follow (x y z r g b radiusScale)
 -0.014230   0.008060  -0.016280   0.000000   1.000000   0.000000   1.850000
  1.104470  -0.016230  -0.036130   1.000000   1.000000   1.000000   1.200000
 -0.396270   1.066470  -0.010090   1.000000   1.000000   1.000000   1.200000
 -0.427010  -0.562120  -0.885870   1.000000   1.000000   1.000000   1.200000
 -0.454570  -0.661970   1.146610   1.000000   0.000000   0.000000   1.400000
 -0.315520   0.155450   2.502450   0.500000   0.500000   0.500000   1.900000
  1.160360  -0.093100   2.988110   1.000000   0.000000   0.000000   1.400000
 -1.227130  -0.604440   3.524670   1.000000   0.000000   0.000000   1.400000
 -0.597980   1.603950   2.338180   1.000000   0.000000   0.000000   1.400000
 -1.196890   3.458160   1.966900   1.000000   1.000000   0.000000   1.850000
 -0.065930   3.884770   2.714680   1.000000   0.000000   0.000000   1.400000
 -2.430020   3.162740   2.542060   1.000000   0.000000   0.000000   1.400000
 -0.878910   3.177850   0.605500   1.000000   0.000000   0.000000   1.400000
 -1.530130   5.151330   1.504050   1.000000   0.000000   0.000000   1.400000
 -2.825220   5.459960   1.115420   0.000000   1.000000   0.000000   1.850000
 -2.969460   5.199280   0.032540   1.000000   1.000000   1.000000   1.200000
 -2.985410   6.560680   1.253160   1.000000   1.000000   1.000000   1.200000
 -3.579820   4.903270   1.730530   1.000000   1.000000   1.000000   1.200000
  0.977090   5.309340   0.519320   0.000000   0.000000   1.000000   1.540000
  0.851820   5.184530   1.549210   1.000000   1.000000   1.000000   1.200000
  0.747570   6.265930   0.263430   1.000000   1.000000   1.000000   1.200000
  0.273630   4.658910   0.093140   1.000000   1.000000   1.000000   1.200000
  1.919450   5.073510   0.232190   1.000000   1.000000   1.000000   1.200000
  1.595280   2.269070   4.687570   0.000000   0.000000   1.000000   1.540000
  1.530620   0.533500   3.628300   1.000000   1.000000   1.000000   1.200000
  1.103750   2.889130   4.068350   1.000000   1.000000   1.000000   1.200000
  2.529500   2.597920   4.807700   1.000000   1.000000   1.000000   1.200000
  1.141330   2.269920   5.576480   1.000000   1.000000   1.000000   1.200000
 -3.626170   0.925660   3.789700   0.000000   0.000000   1.000000   1.540000
 -2.131690  -0.275610   3.692870   1.000000   1.000000   1.000000   1.200000
 -3.860700   1.199050   2.855010   1.000000   1.000000   1.000000   1.200000
 -3.212060   1.724930   4.231670   1.000000   1.000000   1.000000   1.200000
 -4.461970   0.679610   4.276290   1.000000   1.000000   1.000000   1.200000
28 bonds follow (x1 y1 z1 x2 y2 z2)
 -3.626170   0.925660   3.789700  -4.461970   0.679610   4.276290
 -3.626170   0.925660   3.789700  -3.212060   1.724930   4.231670
 -3.626170   0.925660   3.789700  -3.860700   1.199050   2.855010
 -1.227130  -0.604440   3.524670  -2.131690  -0.275610   3.692870
  1.595280   2.269070   4.687570   1.141330   2.269920   5.576480
  1.595280   2.269070   4.687570   2.529500   2.597920   4.807700
  1.595280   2.269070   4.687570   1.103750   2.889130   4.068350
  1.160360  -0.093100   2.988110   1.530620   0.533500   3.628300
  0.977090   5.309340   0.519320   1.919450   5.073510   0.232190
  0.977090   5.309340   0.519320   0.273630   4.658910   0.093140
  0.977090   5.309340   0.519320   0.747570   6.265930   0.263430
  0.977090   5.309340   0.519320   0.851820   5.184530   1.549210
 -2.825220   5.459960   1.115420  -3.579820   4.903270   1.730530
 -2.825220   5.459960   1.115420  -2.985410   6.560680   1.253160
 -2.825220   5.459960   1.115420  -2.969460   5.199280   0.032540
 -1.530130   5.151330   1.504050  -2.825220   5.459960   1.115420
 -1.196890   3.458160   1.966900  -1.530130   5.151330   1.504050
 -1.196890   3.458160   1.966900  -0.878910   3.177850   0.605500
 -1.196890   3.458160   1.966900  -2.430020   3.162740   2.542060
 -1.196890   3.458160   1.966900  -0.065930   3.884770   2.714680
 -0.315520   0.155450   2.502450  -0.597980   1.603950   2.338180
 -0.315520   0.155450   2.502450  -1.227130  -0.604440   3.524670
 -0.315520   0.155450   2.502450   1.160360  -0.093100   2.988110
 -0.454570  -0.661970   1.146610  -0.315520   0.155450   2.502450
 -0.014230   0.008060  -0.016280  -0.454570  -0.661970   1.146610
 -0.014230   0.008060  -0.016280  -0.427010  -0.562120  -0.885870
 -0.014230   0.008060  -0.016280  -0.396270   1.066470  -0.010090
 -0.014230   0.008060  -0.016280   1.104470  -0.016230  -0.036130
