33 atoms follow (x y z r g b radiusScale)
  0.131710  -0.184780   0.023220   0.000000   1.000000   0.000000   1.850000
  1.239440  -0.134930   0.176750   1.000000   1.000000   1.000000   1.200000
 -0.302820   0.842520  -0.099710   1.000000   1.000000   1.000000   1.200000
 -0.116190  -0.835710  -0.851640   1.000000   1.000000   1.000000   1.200000
 -0.445430  -0.794680   1.161840   1.000000   0.000000   0.000000   1.400000
 -0.281410   0.020050   2.513060   0.500000   0.500000   0.500000   1.900000
  1.167410  -0.153160   3.086080   1.000000   0.000000   0.000000   1.400000
 -1.262960  -0.640440   3.516180   1.000000   0.000000   0.000000   1.400000
 -0.669190   1.463420   2.325320   1.000000   0.000000   0.000000   1.400000
 -1.116310   3.229900   2.091130   1.000000   1.000000   0.000000   1.850000
 -0.172480   3.738270   2.944480   1.000000   0.000000   0.000000   1.400000
 -2.399680   3.044450   2.557550   1.000000   0.000000   0.000000   1.400000
 -0.914100   3.255840   0.737740   1.000000   0.000000   0.000000   1.400000
 -2.201110   5.982820   1.582410   1.000000   0.000000   0.000000   1.400000
 -3.392500   6.044090   0.830150   0.000000   1.000000   0.000000   1.850000
 -3.134200   6.290670  -0.233640   1.000000   1.000000   1.000000   1.200000
 -4.116200   6.793590   1.238600   1.000000   1.000000   1.000000   1.200000
 -3.818880   5.008000   0.901050   1.000000   1.000000   1.000000   1.200000
  1.980300   5.532980  -0.044170   0.000000   0.000000   1.000000   1.540000
  2.029440   6.153430   0.735620   1.000000   1.000000   1.000000   1.200000
 -1.870140   7.007170   1.731620   1.000000   1.000000   1.000000   1.200000
  1.517450   5.988800  -0.799890   1.000000   1.000000   1.000000   1.200000
  1.447710   4.734110   0.225350   1.000000   1.000000   1.000000   1.200000
  1.736780   2.158430   4.570120   0.000000   0.000000   1.000000   1.540000
  1.499570   0.484460   3.756810   1.000000   1.000000   1.000000   1.200000
  1.433200   2.883500   3.945840   1.000000   1.000000   1.000000   1.200000
  2.695470   2.309110   4.803730   1.000000   1.000000   1.000000   1.200000
  1.190920   2.202090   5.405170   1.000000   1.000000   1.000000   1.200000
 -3.589840   0.795430   3.834210   0.000000   0.000000   1.000000   1.540000
 -2.156530  -0.232880   3.653010   1.000000   1.000000   1.000000   1.200000
 -3.795730   1.183200   2.933450   1.000000   1.000000   1.000000   1.200000
 -3.311840   1.547210   4.432950   1.000000   1.000000   1.000000   1.200000
 -4.400540   0.350280   4.207060   1.000000   1.000000   1.000000   1.200000
28 bonds follow (x1 y1 z1 x2 y2 z2)
 -3.589840   0.795430   3.834210  -4.400540   0.350280   4.207060
 -3.589840   0.795430   3.834210  -3.311840   1.547210   4.432950
 -3.589840   0.795430   3.834210  -3.795730   1.183200   2.933450
 -1.262960  -0.640440   3.516180  -2.156530  -0.232880   3.653010
  1.736780   2.158430   4.570120   1.190920   2.202090   5.405170
  1.736780   2.158430   4.570120   2.695470   2.309110   4.803730
  1.736780   2.158430   4.570120   1.433200   2.883500   3.945840
  1.167410  -0.153160   3.086080   1.499570   0.484460   3.756810
  1.980300   5.532980  -0.044170   1.447710   4.734110   0.225350
  1.980300   5.532980  -0.044170   1.517450   5.988800  -0.799890
 -2.201110   5.982820   1.582410  -1.870140   7.007170   1.731620
  1.980300   5.532980  -0.044170   2.029440   6.153430   0.735620
 -3.392500   6.044090   0.830150  -3.818880   5.008000   0.901050
 -3.392500   6.044090   0.830150  -4.116200   6.793590   1.238600
 -3.392500   6.044090   0.830150  -3.134200   6.290670  -0.233640
 -2.201110   5.982820   1.582410  -3.392500   6.044090   0.830150
 -1.116310   3.229900   2.091130  -0.914100   3.255840   0.737740
 -1.116310   3.229900   2.091130  -2.399680   3.044450   2.557550
 -1.116310   3.229900   2.091130  -0.172480   3.738270   2.944480
 -0.669190   1.463420   2.325320  -1.116310   3.229900   2.091130
 -0.281410   0.020050   2.513060  -0.669190   1.463420   2.325320
 -0.281410   0.020050   2.513060  -1.262960  -0.640440   3.516180
 -0.281410   0.020050   2.513060   1.167410  -0.153160   3.086080
 -0.445430  -0.794680   1.161840  -0.281410   0.020050   2.513060
  0.131710  -0.184780   0.023220  -0.445430  -0.794680   1.161840
  0.131710  -0.184780   0.023220  -0.116190  -0.835710  -0.851640
  0.131710  -0.184780   0.023220  -0.302820   0.842520  -0.099710
  0.131710  -0.184780   0.023220   1.239440  -0.134930   0.176750
