33 atoms follow (x y z r g b radiusScale)
  0.356440  -0.153780   0.070220   0.000000   1.000000   0.000000   1.850000
  1.439430  -0.262840   0.328460   1.000000   1.000000   1.000000   1.200000
  0.077220   0.923940  -0.069020   1.000000   1.000000   1.000000   1.200000
  0.101720  -0.759280  -0.835700   1.000000   1.000000   1.000000   1.200000
 -0.413920  -0.692030   1.128320   1.000000   0.000000   0.000000   1.400000
 -0.303360   0.015530   2.533870   0.500000   0.500000   0.500000   1.900000
  1.182410  -0.142030   2.988340   1.000000   0.000000   0.000000   1.400000
 -1.190650  -0.775830   3.535640   1.000000   0.000000   0.000000   1.400000
 -0.703140   1.466890   2.417520   1.000000   0.000000   0.000000   1.400000
 -1.166350   3.217910   2.182280   1.000000   1.000000   0.000000   1.850000
 -0.420880   3.672010   3.239470   1.000000   0.000000   0.000000   1.400000
 -2.521560   3.087410   2.375810   1.000000   0.000000   0.000000   1.400000
 -0.659250   3.284690   0.911680   1.000000   0.000000   0.000000   1.400000
 -2.425980   6.406180   1.404190   1.000000   0.000000   0.000000   1.400000
 -3.765940   6.218660   0.959020   0.000000   1.000000   0.000000   1.850000
 -4.082420   7.086140   0.319790   1.000000   1.000000   1.000000   1.200000
 -4.481830   6.073710   1.817120   1.000000   1.000000   1.000000   1.200000
 -3.682370   5.296900   0.341880   1.000000   1.000000   1.000000   1.200000
  2.398360   5.066860  -0.223200   0.000000   0.000000   1.000000   1.540000
  2.031390   5.657080   0.498960   1.000000   1.000000   1.000000   1.200000
 -2.567240   7.107640   2.159930   1.000000   1.000000   1.000000   1.200000
  2.144280   5.466610  -1.106470   1.000000   1.000000   1.000000   1.200000
  1.940140   4.181380  -0.146300   1.000000   1.000000   1.000000   1.200000
  1.826270   2.171740   4.331190   0.000000   0.000000   1.000000   1.540000
  1.629840   0.588590   3.476410   1.000000   1.000000   1.000000   1.200000
  1.524270   2.878470   3.684910   1.000000   1.000000   1.000000   1.200000
  2.795650   2.300550   4.531530   1.000000   1.000000   1.000000   1.200000
  1.300120   2.273060   5.173920   1.000000   1.000000   1.000000   1.200000
 -3.558270   0.734150   3.799860   0.000000   0.000000   1.000000   1.540000
 -2.095160  -0.434500   3.723510   1.000000   1.000000   1.000000   1.200000
 -3.683800   1.251600   2.948690   1.000000   1.000000   1.000000   1.200000
 -3.370070   1.388710   4.531880   1.000000   1.000000   1.000000   1.200000
 -4.398050   0.239690   4.016440   1.000000   1.000000   1.000000   1.200000
28 bonds follow (x1 y1 z1 x2 y2 z2)
 -3.558270   0.734150   3.799860  -4.398050   0.239690   4.016440
 -3.558270   0.734150   3.799860  -3.370070   1.388710   4.531880
 -3.558270   0.734150   3.799860  -3.683800   1.251600   2.948690
 -1.190650  -0.775830   3.535640  -2.095160  -0.434500   3.723510
  1.826270   2.171740   4.331190   1.300120   2.273060   5.173920
  1.826270   2.171740   4.331190   2.795650   2.300550   4.531530
  1.826270   2.171740   4.331190   1.524270   2.878470   3.684910
  1.182410  -0.142030   2.988340   1.629840   0.588590   3.476410
  2.398360   5.066860  -0.223200   1.940140   4.181380  -0.146300
  2.398360   5.066860  -0.223200   2.144280   5.466610  -1.106470
 -2.425980   6.406180   1.404190  -2.567240   7.107640   2.159930
  2.398360   5.066860  -0.223200   2.031390   5.657080   0.498960
 -3.765940   6.218660   0.959020  -3.682370   5.296900   0.341880
 -3.765940   6.218660   0.959020  -4.481830   6.073710   1.817120
 -3.765940   6.218660   0.959020  -4.082420   7.086140   0.319790
 -2.425980   6.406180   1.404190  -3.765940   6.218660   0.959020
 -1.166350   3.217910   2.182280  -0.659250   3.284690   0.911680
 -1.166350   3.217910   2.182280  -2.521560   3.087410   2.375810
 -1.166350   3.217910   2.182280  -0.420880   3.672010   3.239470
 -0.703140   1.466890   2.417520  -1.166350   3.217910   2.182280
 -0.303360   0.015530   2.533870  -0.703140   1.466890   2.417520
 -0.303360   0.015530   2.533870  -1.190650  -0.775830   3.535640
 -0.303360   0.015530   2.533870   1.182410  -0.142030   2.988340
 -0.413920  -0.692030   1.128320  -0.303360   0.015530   2.533870
  0.356440  -0.153780   0.070220  -0.413920  -0.692030   1.128320
  0.356440  -0.153780   0.070220   0.101720  -0.759280  -0.835700
  0.356440  -0.153780   0.070220   0.077220   0.923940  -0.069020
  0.356440  -0.153780   0.070220   1.439430  -0.262840   0.328460
