33 atoms follow (x y z r g b radiusScale)
 -0.566750  -0.164390   0.016780   0.000000   1.000000   0.000000   1.850000
  0.195810  -0.462450  -0.749140   1.000000   1.000000   1.000000   1.200000
 -0.635260   0.955740   0.091780   1.000000   1.000000   1.000000   1.200000
 -1.558850  -0.603140  -0.268010   1.000000   1.000000   1.000000   1.200000
 -0.163580  -0.746210   1.239730   1.000000   0.000000   0.000000   1.400000
 -0.176240   0.177790   2.524970   0.500000   0.500000   0.500000   1.900000
  1.272080   0.094820   3.147850   1.000000   0.000000   0.000000   1.400000
 -1.108480  -0.603530   3.517590   1.000000   0.000000   0.000000   1.400000
 -0.694040   1.536150   2.217870   1.000000   0.000000   0.000000   1.400000
 -1.174030   3.383760   1.799920   1.000000   1.000000   0.000000   1.850000
 -0.084420   3.837460   2.601900   1.000000   0.000000   0.000000   1.400000
 -2.420320   3.071960   2.316360   1.000000   0.000000   0.000000   1.400000
 -0.733190   3.120280   0.478330   1.000000   0.000000   0.000000   1.400000
 -1.583550   5.071620   1.310190   1.000000   0.000000   0.000000   1.400000
 -2.541680   5.823150   1.966540   0.000000   1.000000   0.000000   1.850000
 -3.553100   5.353960   1.848620   1.000000   1.000000   1.000000   1.200000
 -2.554980   6.854010   1.524300   1.000000   1.000000   1.000000   1.200000
 -2.299810   5.895820   3.060740   1.000000   1.000000   1.000000   1.200000
  0.858150   5.316690   0.450250   0.000000   0.000000   1.000000   1.540000
  0.874000   5.322160   1.487060   1.000000   1.000000   1.000000   1.200000
  1.593840   5.872350   0.044420   1.000000   1.000000   1.000000   1.200000
 -0.086920   5.655010   0.176620   1.000000   1.000000   1.000000   1.200000
  0.890040   4.321300   0.163930   1.000000   1.000000   1.000000   1.200000
  1.204700   2.403020   4.943630   0.000000   0.000000   1.000000   1.540000
  1.477570   0.717130   3.862750   1.000000   1.000000   1.000000   1.200000
  0.951630   3.031090   4.201020   1.000000   1.000000   1.000000   1.200000
  2.085900   2.679820   5.321340   1.000000   1.000000   1.000000   1.200000
  0.516050   2.459470   5.663800   1.000000   1.000000   1.000000   1.200000
 -3.618570   0.918110   3.549350   0.000000   0.000000   1.000000   1.540000
 -1.999500  -0.247120   3.681580   1.000000   1.000000   1.000000   1.200000
 -3.869090   1.051130   2.590210   1.000000   1.000000   1.000000   1.200000
 -3.323050   1.808100   3.903340   1.000000   1.000000   1.000000   1.200000
 -4.419340   0.608580   4.058220   1.000000   1.000000   1.000000   1.200000
28 bonds follow (x1 y1 z1 x2 y2 z2)
 -3.618570   0.918110   3.549350  -4.419340   0.608580   4.058220
 -3.618570   0.918110   3.549350  -3.323050   1.808100   3.903340
 -3.618570   0.918110   3.549350  -3.869090   1.051130   2.590210
 -1.108480  -0.603530   3.517590  -1.999500  -0.247120   3.681580
  1.204700   2.403020   4.943630   0.516050   2.459470   5.663800
  1.204700   2.403020   4.943630   2.085900   2.679820   5.321340
  1.204700   2.403020   4.943630   0.951630   3.031090   4.201020
  1.272080   0.094820   3.147850   1.477570   0.717130   3.862750
  0.858150   5.316690   0.450250   0.890040   4.321300   0.163930
  0.858150   5.316690   0.450250  -0.086920   5.655010   0.176620
  0.858150   5.316690   0.450250   1.593840   5.872350   0.044420
  0.858150   5.316690   0.450250   0.874000   5.322160   1.487060
 -2.541680   5.823150   1.966540  -2.299810   5.895820   3.060740
 -2.541680   5.823150   1.966540  -2.554980   6.854010   1.524300
 -2.541680   5.823150   1.966540  -3.553100   5.353960   1.848620
 -1.583550   5.071620   1.310190  -2.541680   5.823150   1.966540
 -1.174030   3.383760   1.799920  -1.583550   5.071620   1.310190
 -1.174030   3.383760   1.799920  -0.733190   3.120280   0.478330
 -1.174030   3.383760   1.799920  -2.420320   3.071960   2.316360
 -1.174030   3.383760   1.799920  -0.084420   3.837460   2.601900
 -0.176240   0.177790   2.524970  -0.694040   1.536150   2.217870
 -0.176240   0.177790   2.524970  -1.108480  -0.603530   3.517590
 -0.176240   0.177790   2.524970   1.272080   0.094820   3.147850
 -0.163580  -0.746210   1.239730  -0.176240   0.177790   2.524970
 -0.566750  -0.164390   0.016780  -0.163580  -0.746210   1.239730
 -0.566750  -0.164390   0.016780  -1.558850  -0.603140  -0.268010
 -0.566750  -0.164390   0.016780  -0.635260   0.955740   0.091780
 -0.566750  -0.164390   0.016780   0.195810  -0.462450  -0.749140
