33 atoms follow (x y z r g b radiusScale)
 -0.004290   0.002620   0.003660   0.000000   1.000000   0.000000   1.850000
  1.114750  -0.003690  -0.009710   1.000000   1.000000   1.000000   1.200000
 -0.401320   1.055180   0.015440   1.000000   1.000000   1.000000   1.200000
 -0.403420  -0.565180  -0.873770   1.000000   1.000000   1.000000   1.200000
 -0.440670  -0.683520   1.158350   1.000000   0.000000   0.000000   1.400000
 -0.332250   0.140550   2.513470   0.500000   0.500000   0.500000   1.900000
  1.150010  -0.079070   2.988250   1.000000   0.000000   0.000000   1.400000
 -1.234520  -0.629420   3.535890   1.000000   0.000000   0.000000   1.400000
 -0.663570   1.579510   2.360910   1.000000   0.000000   0.000000   1.400000
 -1.174550   3.461970   1.961140   1.000000   1.000000   0.000000   1.850000
 -0.007070   3.889570   2.656180   1.000000   0.000000   0.000000   1.400000
 -2.382170   3.093990   2.530720   1.000000   0.000000   0.000000   1.400000
 -0.824480   3.220960   0.600090   1.000000   0.000000   0.000000   1.400000
 -1.591870   5.174100   1.618110   1.000000   0.000000   0.000000   1.400000
 -2.784880   5.541110   1.021810   0.000000   1.000000   0.000000   1.850000
 -2.785880   5.242670  -0.061890   1.000000   1.000000   1.000000   1.200000
 -2.892190   6.655270   1.091380   1.000000   1.000000   1.000000   1.200000
 -3.654790   5.053980   1.535020   1.000000   1.000000   1.000000   1.200000
  0.856190   5.317340   0.519220   0.000000   0.000000   1.000000   1.540000
  0.896440   5.065900   1.534980   1.000000   1.000000   1.000000   1.200000
  0.297410   6.157430   0.432190   1.000000   1.000000   1.000000   1.200000
  0.344530   4.537840   0.042150   1.000000   1.000000   1.000000   1.200000
  1.781420   5.442850   0.133680   1.000000   1.000000   1.000000   1.200000
  1.615010   2.241720   4.685950   0.000000   0.000000   1.000000   1.540000
  1.520450   0.549110   3.628370   1.000000   1.000000   1.000000   1.200000
  1.136740   2.870490   4.064670   1.000000   1.000000   1.000000   1.200000
  2.547570   2.566710   4.827180   1.000000   1.000000   1.000000   1.200000
  1.143850   2.231800   5.565820   1.000000   1.000000   1.000000   1.200000
 -3.609280   0.944310   3.777970   0.000000   0.000000   1.000000   1.540000
 -2.130990  -0.289870   3.724380   1.000000   1.000000   1.000000   1.200000
 -3.816680   1.182760   2.827290   1.000000   1.000000   1.000000   1.200000
 -3.156050   1.741730   4.184530   1.000000   1.000000   1.000000   1.200000
 -4.464930   0.775360   4.262840   1.000000   1.000000   1.000000   1.200000
28 bonds follow (x1 y1 z1 x2 y2 z2)
 -3.609280   0.944310   3.777970  -4.464930   0.775360   4.262840
 -3.609280   0.944310   3.777970  -3.156050   1.741730   4.184530
 -3.609280   0.944310   3.777970  -3.816680   1.182760   2.827290
 -1.234520  -0.629420   3.535890  -2.130990  -0.289870   3.724380
  1.615010   2.241720   4.685950   1.143850   2.231800   5.565820
  1.615010   2.241720   4.685950   2.547570   2.566710   4.827180
  1.615010   2.241720   4.685950   1.136740   2.870490   4.064670
  1.150010  -0.079070   2.988250   1.520450   0.549110   3.628370
  0.856190   5.317340   0.519220   1.781420   5.442850   0.133680
  0.856190   5.317340   0.519220   0.344530   4.537840   0.042150
  0.856190   5.317340   0.519220   0.297410   6.157430   0.432190
  0.856190   5.317340   0.519220   0.896440   5.065900   1.534980
 -2.784880   5.541110   1.021810  -3.654790   5.053980   1.535020
 -2.784880   5.541110   1.021810  -2.892190   6.655270   1.091380
 -2.784880   5.541110   1.021810  -2.785880   5.242670  -0.061890
 -1.591870   5.174100   1.618110  -2.784880   5.541110   1.021810
 -1.174550   3.461970   1.961140  -1.591870   5.174100   1.618110
 -1.174550   3.461970   1.961140  -0.824480   3.220960   0.600090
 -1.174550   3.461970   1.961140  -2.382170   3.093990   2.530720
 -1.174550   3.461970   1.961140  -0.007070   3.889570   2.656180
 -0.332250   0.140550   2.513470  -0.663570   1.579510   2.360910
 -0.332250   0.140550   2.513470  -1.234520  -0.629420   3.535890
 -0.332250   0.140550   2.513470   1.150010  -0.079070   2.988250
 -0.440670  -0.683520   1.158350  -0.332250   0.140550   2.513470
 -0.004290   0.002620   0.003660  -0.440670  -0.683520   1.158350
 -0.004290   0.002620   0.003660  -0.403420  -0.565180  -0.873770
 -0.004290   0.002620   0.003660  -0.401320   1.055180   0.015440
 -0.004290   0.002620   0.003660   1.114750  -0.003690  -0.009710
