33 atoms follow (x y z r g b radiusScale)
  0.027210  -0.044660   0.034430   0.000000   1.000000   0.000000   1.850000
  1.145230  -0.016670   0.055470   1.000000   1.000000   1.000000   1.200000
 -0.406340   0.992710   0.047330   1.000000   1.000000   1.000000   1.200000
 -0.334290  -0.610510  -0.860050   1.000000   1.000000   1.000000   1.200000
 -0.417770  -0.761720   1.172210   1.000000   0.000000   0.000000   1.400000
 -0.308620   0.034310   2.531400   0.500000   0.500000   0.500000   1.900000
  1.163580  -0.110690   3.027440   1.000000   0.000000   0.000000   1.400000
 -1.240800  -0.681880   3.546620   1.000000   0.000000   0.000000   1.400000
 -0.713060   1.478220   2.379310   1.000000   0.000000   0.000000   1.400000
 -1.108770   3.209310   2.036010   1.000000   1.000000   0.000000   1.850000
 -0.089190   3.803580   2.753290   1.000000   0.000000   0.000000   1.400000
 -2.380930   3.133320   2.541110   1.000000   0.000000   0.000000   1.400000
 -0.918730   3.182500   0.672490   1.000000   0.000000   0.000000   1.400000
 -1.952190   5.692670   1.687750   1.000000   0.000000   0.000000   1.400000
 -3.078800   5.840250   0.832870   0.000000   1.000000   0.000000   1.850000
 -2.808480   5.562120  -0.213400   1.000000   1.000000   1.000000   1.200000
 -3.499740   6.871720   0.877790   1.000000   1.000000   1.000000   1.200000
 -3.795060   5.088430   1.255330   1.000000   1.000000   1.000000   1.200000
  1.469810   5.667990   0.153050   0.000000   0.000000   1.000000   1.540000
  1.363700   5.622580   1.150300   1.000000   1.000000   1.000000   1.200000
 -1.306550   6.453960   1.427320   1.000000   1.000000   1.000000   1.200000
  0.580210   5.444050  -0.254030   1.000000   1.000000   1.000000   1.200000
  2.122310   4.954540  -0.121840   1.000000   1.000000   1.000000   1.200000
  1.666710   2.172550   4.660370   0.000000   0.000000   1.000000   1.540000
  1.536460   0.554140   3.644350   1.000000   1.000000   1.000000   1.200000
  1.318210   2.895870   4.056320   1.000000   1.000000   1.000000   1.200000
  2.619880   2.367620   4.885230   1.000000   1.000000   1.000000   1.200000
  1.133270   2.171650   5.504740   1.000000   1.000000   1.000000   1.200000
 -3.555550   0.959710   3.752980   0.000000   0.000000   1.000000   1.540000
 -2.125690  -0.293760   3.738810   1.000000   1.000000   1.000000   1.200000
 -3.797010   1.174220   2.804900   1.000000   1.000000   1.000000   1.200000
 -3.161060   1.791270   4.152130   1.000000   1.000000   1.000000   1.200000
 -4.386910   0.723200   4.252460   1.000000   1.000000   1.000000   1.200000
28 bonds follow (x1 y1 z1 x2 y2 z2)
 -3.555550   0.959710   3.752980  -4.386910   0.723200   4.252460
 -3.555550   0.959710   3.752980  -3.161060   1.791270   4.152130
 -3.555550   0.959710   3.752980  -3.797010   1.174220   2.804900
 -1.240800  -0.681880   3.546620  -2.125690  -0.293760   3.738810
  1.666710   2.172550   4.660370   1.133270   2.171650   5.504740
  1.666710   2.172550   4.660370   2.619880   2.367620   4.885230
  1.666710   2.172550   4.660370   1.318210   2.895870   4.056320
  1.163580  -0.110690   3.027440   1.536460   0.554140   3.644350
  1.469810   5.667990   0.153050   2.122310   4.954540  -0.121840
  1.469810   5.667990   0.153050   0.580210   5.444050  -0.254030
 -1.952190   5.692670   1.687750  -1.306550   6.453960   1.427320
  1.469810   5.667990   0.153050   1.363700   5.622580   1.150300
 -3.078800   5.840250   0.832870  -3.795060   5.088430   1.255330
 -3.078800   5.840250   0.832870  -3.499740   6.871720   0.877790
 -3.078800   5.840250   0.832870  -2.808480   5.562120  -0.213400
 -1.952190   5.692670   1.687750  -3.078800   5.840250   0.832870
 -1.108770   3.209310   2.036010  -0.918730   3.182500   0.672490
 -1.108770   3.209310   2.036010  -2.380930   3.133320   2.541110
 -1.108770   3.209310   2.036010  -0.089190   3.803580   2.753290
 -0.713060   1.478220   2.379310  -1.108770   3.209310   2.036010
 -0.308620   0.034310   2.531400  -0.713060   1.478220   2.379310
 -0.308620   0.034310   2.531400  -1.240800  -0.681880   3.546620
 -0.308620   0.034310   2.531400   1.163580  -0.110690   3.027440
 -0.417770  -0.761720   1.172210  -0.308620   0.034310   2.531400
  0.027210  -0.044660   0.034430  -0.417770  -0.761720   1.172210
  0.027210  -0.044660   0.034430  -0.334290  -0.610510  -0.860050
  0.027210  -0.044660   0.034430  -0.406340   0.992710   0.047330
  0.027210  -0.044660   0.034430   1.145230  -0.016670   0.055470
