33 atoms follow (x y z r g b radiusScale)
  0.000630  -0.000100  -0.000690   0.000000   1.000000   0.000000   1.850000
  1.119480  -0.000790  -0.000020   1.000000   1.000000   1.000000   1.200000
 -0.403880   1.048810  -0.002320   1.000000   1.000000   1.000000   1.200000
 -0.386520  -0.579420  -0.875920   1.000000   1.000000   1.000000   1.200000
 -0.446580  -0.679130   1.156770   1.000000   0.000000   0.000000   1.400000
 -0.327080   0.127200   2.516120   0.500000   0.500000   0.500000   1.900000
  1.152510  -0.064980   2.994230   1.000000   0.000000   0.000000   1.400000
 -1.241220  -0.621970   3.539540   1.000000   0.000000   0.000000   1.400000
 -0.682720   1.571250   2.367230   1.000000   0.000000   0.000000   1.400000
 -1.135700   3.370750   1.980250   1.000000   1.000000   0.000000   1.850000
 -0.043770   3.841130   2.710180   1.000000   0.000000   0.000000   1.400000
 -2.395720   3.173860   2.523820   1.000000   0.000000   0.000000   1.400000
 -0.874510   3.158440   0.621980   1.000000   0.000000   0.000000   1.400000
 -1.495380   5.194790   1.547320   1.000000   0.000000   0.000000   1.400000
 -2.706280   5.627610   0.961190   0.000000   1.000000   0.000000   1.850000
 -2.742940   5.312900  -0.111030   1.000000   1.000000   1.000000   1.200000
 -2.765000   6.739870   1.049130   1.000000   1.000000   1.000000   1.200000
 -3.524050   5.136900   1.548290   1.000000   1.000000   1.000000   1.200000
  0.747970   5.423600   0.513380   0.000000   0.000000   1.000000   1.540000
  1.293570   5.180690   1.312710   1.000000   1.000000   1.000000   1.200000
 -0.779030   5.507600   1.083190   1.000000   1.000000   1.000000   1.200000
  0.734500   4.667080  -0.137120   1.000000   1.000000   1.000000   1.200000
  1.078790   6.258670   0.091140   1.000000   1.000000   1.000000   1.200000
  1.620620   2.231690   4.685400   0.000000   0.000000   1.000000   1.540000
  1.518120   0.573470   3.633670   1.000000   1.000000   1.000000   1.200000
  1.179450   2.899040   4.078420   1.000000   1.000000   1.000000   1.200000
  2.571440   2.499660   4.827400   1.000000   1.000000   1.000000   1.200000
  1.153190   2.233000   5.567320   1.000000   1.000000   1.000000   1.200000
 -3.597390   0.959820   3.766840   0.000000   0.000000   1.000000   1.540000
 -2.136310  -0.271590   3.723260   1.000000   1.000000   1.000000   1.200000
 -3.835310   1.195140   2.823130   1.000000   1.000000   1.000000   1.200000
 -3.170600   1.771320   4.173220   1.000000   1.000000   1.000000   1.200000
 -4.432500   0.743870   4.268590   1.000000   1.000000   1.000000   1.200000
29 bonds follow (x1 y1 z1 x2 y2 z2)
 -3.597390   0.959820   3.766840  -4.432500   0.743870   4.268590
 -3.597390   0.959820   3.766840  -3.170600   1.771320   4.173220
 -3.597390   0.959820   3.766840  -3.835310   1.195140   2.823130
 -1.241220  -0.621970   3.539540  -2.136310  -0.271590   3.723260
  1.620620   2.231690   4.685400   1.153190   2.233000   5.567320
  1.620620   2.231690   4.685400   2.571440   2.499660   4.827400
  1.620620   2.231690   4.685400   1.179450   2.899040   4.078420
  1.152510  -0.064980   2.994230   1.518120   0.573470   3.633670
  0.747970   5.423600   0.513380   1.078790   6.258670   0.091140
  0.747970   5.423600   0.513380   0.734500   4.667080  -0.137120
 -1.495380   5.194790   1.547320  -0.779030   5.507600   1.083190
  0.747970   5.423600   0.513380   1.293570   5.180690   1.312710
 -2.706280   5.627610   0.961190  -3.524050   5.136900   1.548290
 -2.706280   5.627610   0.961190  -2.765000   6.739870   1.049130
 -2.706280   5.627610   0.961190  -2.742940   5.312900  -0.111030
 -1.495380   5.194790   1.547320  -2.706280   5.627610   0.961190
 -1.135700   3.370750   1.980250  -1.495380   5.194790   1.547320
 -1.135700   3.370750   1.980250  -0.874510   3.158440   0.621980
 -1.135700   3.370750   1.980250  -2.395720   3.173860   2.523820
 -1.135700   3.370750   1.980250  -0.043770   3.841130   2.710180
 -0.682720   1.571250   2.367230  -1.135700   3.370750   1.980250
 -0.327080   0.127200   2.516120  -0.682720   1.571250   2.367230
 -0.327080   0.127200   2.516120  -1.241220  -0.621970   3.539540
 -0.327080   0.127200   2.516120   1.152510  -0.064980   2.994230
 -0.446580  -0.679130   1.156770  -0.327080   0.127200   2.516120
  0.000630  -0.000100  -0.000690  -0.446580  -0.679130   1.156770
  0.000630  -0.000100  -0.000690  -0.386520  -0.579420  -0.875920
  0.000630  -0.000100  -0.000690  -0.403880   1.048810  -0.002320
  0.000630  -0.000100  -0.000690   1.119480  -0.000790  -0.000020
