33 atoms follow (x y z r g b radiusScale)
 -0.574620  -0.156150   0.000210   0.000000   1.000000   0.000000   1.850000
  0.164260  -0.475070  -0.780110   1.000000   1.000000   1.000000   1.200000
 -0.613950   0.964560   0.073380   1.000000   1.000000   1.000000   1.200000
 -1.581780  -0.573930  -0.262460   1.000000   1.000000   1.000000   1.200000
 -0.157010  -0.732500   1.221830   1.000000   0.000000   0.000000   1.400000
 -0.171820   0.177780   2.526240   0.500000   0.500000   0.500000   1.900000
  1.273870   0.120030   3.127600   1.000000   0.000000   0.000000   1.400000
 -1.105150  -0.590910   3.519020   1.000000   0.000000   0.000000   1.400000
 -0.670260   1.542570   2.233120   1.000000   0.000000   0.000000   1.400000
 -1.166550   3.382970   1.809310   1.000000   1.000000   0.000000   1.850000
 -0.066710   3.851030   2.586480   1.000000   0.000000   0.000000   1.400000
 -2.411370   3.074000   2.335390   1.000000   0.000000   0.000000   1.400000
 -0.711770   3.107390   0.489110   1.000000   0.000000   0.000000   1.400000
 -1.600310   5.041790   1.330640   1.000000   0.000000   0.000000   1.400000
 -2.521720   5.860630   1.948580   0.000000   1.000000   0.000000   1.850000
 -3.547890   5.413480   1.897360   1.000000   1.000000   1.000000   1.200000
 -2.517240   6.848880   1.415600   1.000000   1.000000   1.000000   1.200000
 -2.245940   6.025700   3.024440   1.000000   1.000000   1.000000   1.200000
  0.828600   5.284100   0.439880   0.000000   0.000000   1.000000   1.540000
  0.789530   5.385630   1.465730   1.000000   1.000000   1.000000   1.200000
  1.549200   5.845360   0.016110   1.000000   1.000000   1.000000   1.200000
 -0.116790   5.519710   0.087990   1.000000   1.000000   1.000000   1.200000
  0.951350   4.267180   0.250280   1.000000   1.000000   1.000000   1.200000
  1.181680   2.397930   4.952230   0.000000   0.000000   1.000000   1.540000
  1.479310   0.713280   3.867400   1.000000   1.000000   1.000000   1.200000
  0.956810   3.075580   4.245310   1.000000   1.000000   1.000000   1.200000
  2.057170   2.630290   5.370440   1.000000   1.000000   1.000000   1.200000
  0.475040   2.414760   5.656770   1.000000   1.000000   1.000000   1.200000
 -3.666190   0.887210   3.558070   0.000000   0.000000   1.000000   1.540000
 -2.033640  -0.310340   3.596030   1.000000   1.000000   1.000000   1.200000
 -3.873590   0.991600   2.584500   1.000000   1.000000   1.000000   1.200000
 -3.273710   1.757690   3.867270   1.000000   1.000000   1.000000   1.200000
 -4.518750   0.721710   4.051070   1.000000   1.000000   1.000000   1.200000
28 bonds follow (x1 y1 z1 x2 y2 z2)
 -3.666190   0.887210   3.558070  -4.518750   0.721710   4.051070
 -3.666190   0.887210   3.558070  -3.273710   1.757690   3.867270
 -3.666190   0.887210   3.558070  -3.873590   0.991600   2.584500
 -1.105150  -0.590910   3.519020  -2.033640  -0.310340   3.596030
  1.181680   2.397930   4.952230   0.475040   2.414760   5.656770
  1.181680   2.397930   4.952230   2.057170   2.630290   5.370440
  1.181680   2.397930   4.952230   0.956810   3.075580   4.245310
  1.273870   0.120030   3.127600   1.479310   0.713280   3.867400
  0.828600   5.284100   0.439880   0.951350   4.267180   0.250280
  0.828600   5.284100   0.439880  -0.116790   5.519710   0.087990
  0.828600   5.284100   0.439880   1.549200   5.845360   0.016110
  0.828600   5.284100   0.439880   0.789530   5.385630   1.465730
 -2.521720   5.860630   1.948580  -2.245940   6.025700   3.024440
 -2.521720   5.860630   1.948580  -2.517240   6.848880   1.415600
 -2.521720   5.860630   1.948580  -3.547890   5.413480   1.897360
 -1.600310   5.041790   1.330640  -2.521720   5.860630   1.948580
 -1.166550   3.382970   1.809310  -1.600310   5.041790   1.330640
 -1.166550   3.382970   1.809310  -0.711770   3.107390   0.489110
 -1.166550   3.382970   1.809310  -2.411370   3.074000   2.335390
 -1.166550   3.382970   1.809310  -0.066710   3.851030   2.586480
 -0.171820   0.177780   2.526240  -0.670260   1.542570   2.233120
 -0.171820   0.177780   2.526240  -1.105150  -0.590910   3.519020
 -0.171820   0.177780   2.526240   1.273870   0.120030   3.127600
 -0.157010  -0.732500   1.221830  -0.171820   0.177780   2.526240
 -0.574620  -0.156150   0.000210  -0.157010  -0.732500   1.221830
 -0.574620  -0.156150   0.000210  -1.581780  -0.573930  -0.262460
 -0.574620  -0.156150   0.000210  -0.613950   0.964560   0.073380
 -0.574620  -0.156150   0.000210   0.164260  -0.475070  -0.780110
