33 atoms follow (x y z r g b radiusScale)
 -0.517530  -0.099480  -0.021490   0.000000   1.000000   0.000000   1.850000
  0.377360  -0.179270  -0.694200   1.000000   1.000000   1.000000   1.200000
 -0.806630   0.974460   0.127580   1.000000   1.000000   1.000000   1.200000
 -1.361650  -0.680930  -0.477890   1.000000   1.000000   1.000000   1.200000
 -0.196620  -0.716380   1.205230   1.000000   0.000000   0.000000   1.400000
 -0.161140   0.163070   2.530050   0.500000   0.500000   0.500000   1.900000
  1.307980  -0.035240   3.072440   1.000000   0.000000   0.000000   1.400000
 -1.107970  -0.600460   3.515410   1.000000   0.000000   0.000000   1.400000
 -0.583130   1.564790   2.330370   1.000000   0.000000   0.000000   1.400000
 -1.188360   3.472110   1.854710   1.000000   1.000000   0.000000   1.850000
 -0.068190   3.916370   2.605890   1.000000   0.000000   0.000000   1.400000
 -2.401950   3.168660   2.441950   1.000000   0.000000   0.000000   1.400000
 -0.810380   3.073580   0.544610   1.000000   0.000000   0.000000   1.400000
 -1.622170   5.103640   1.297160   1.000000   0.000000   0.000000   1.400000
 -2.544640   5.922790   1.931420   0.000000   1.000000   0.000000   1.850000
 -3.320300   5.319040   2.470280   1.000000   1.000000   1.000000   1.200000
 -3.042900   6.560460   1.154650   1.000000   1.000000   1.000000   1.200000
 -2.016050   6.588810   2.665160   1.000000   1.000000   1.000000   1.200000
  0.886510   5.106680   0.300300   0.000000   0.000000   1.000000   1.540000
  1.133530   4.810900   1.274230   1.000000   1.000000   1.000000   1.200000
  1.666450   5.527240  -0.176950   1.000000   1.000000   1.000000   1.200000
  0.073100   5.747680   0.378760   1.000000   1.000000   1.000000   1.200000
  0.539610   4.264890  -0.186860   1.000000   1.000000   1.000000   1.200000
  1.055960   2.431520   4.986990   0.000000   0.000000   1.000000   1.540000
  1.581500   0.493020   3.825950   1.000000   1.000000   1.000000   1.200000
  0.890030   2.993350   4.171570   1.000000   1.000000   1.000000   1.200000
  1.867960   2.776360   5.454580   1.000000   1.000000   1.000000   1.200000
  0.275320   2.526820   5.602760   1.000000   1.000000   1.000000   1.200000
 -3.585410   0.741200   3.461090   0.000000   0.000000   1.000000   1.540000
 -2.023800  -0.289740   3.649120   1.000000   1.000000   1.000000   1.200000
 -3.780420   0.832370   2.484380   1.000000   1.000000   1.000000   1.200000
 -3.192940   1.613350   3.769800   1.000000   1.000000   1.000000   1.200000
 -4.442760   0.580240   3.945600   1.000000   1.000000   1.000000   1.200000
28 bonds follow (x1 y1 z1 x2 y2 z2)
 -3.585410   0.741200   3.461090  -4.442760   0.580240   3.945600
 -3.585410   0.741200   3.461090  -3.192940   1.613350   3.769800
 -3.585410   0.741200   3.461090  -3.780420   0.832370   2.484380
 -1.107970  -0.600460   3.515410  -2.023800  -0.289740   3.649120
  1.055960   2.431520   4.986990   0.275320   2.526820   5.602760
  1.055960   2.431520   4.986990   1.867960   2.776360   5.454580
  1.055960   2.431520   4.986990   0.890030   2.993350   4.171570
  1.307980  -0.035240   3.072440   1.581500   0.493020   3.825950
  0.886510   5.106680   0.300300   0.539610   4.264890  -0.186860
  0.886510   5.106680   0.300300   0.073100   5.747680   0.378760
  0.886510   5.106680   0.300300   1.666450   5.527240  -0.176950
  0.886510   5.106680   0.300300   1.133530   4.810900   1.274230
 -2.544640   5.922790   1.931420  -2.016050   6.588810   2.665160
 -2.544640   5.922790   1.931420  -3.042900   6.560460   1.154650
 -2.544640   5.922790   1.931420  -3.320300   5.319040   2.470280
 -1.622170   5.103640   1.297160  -2.544640   5.922790   1.931420
 -1.188360   3.472110   1.854710  -1.622170   5.103640   1.297160
 -1.188360   3.472110   1.854710  -0.810380   3.073580   0.544610
 -1.188360   3.472110   1.854710  -2.401950   3.168660   2.441950
 -1.188360   3.472110   1.854710  -0.068190   3.916370   2.605890
 -0.161140   0.163070   2.530050  -0.583130   1.564790   2.330370
 -0.161140   0.163070   2.530050  -1.107970  -0.600460   3.515410
 -0.161140   0.163070   2.530050   1.307980  -0.035240   3.072440
 -0.196620  -0.716380   1.205230  -0.161140   0.163070   2.530050
 -0.517530  -0.099480  -0.021490  -0.196620  -0.716380   1.205230
 -0.517530  -0.099480  -0.021490  -1.361650  -0.680930  -0.477890
 -0.517530  -0.099480  -0.021490  -0.806630   0.974460   0.127580
 -0.517530  -0.099480  -0.021490   0.377360  -0.179270  -0.694200
