33 atoms follow (x y z r g b radiusScale)
 -0.000210   0.000090   0.000270   0.000000   1.000000   0.000000   1.850000
  1.118830  -0.000270  -0.000360   1.000000   1.000000   1.000000   1.200000
 -0.405500   1.049480   0.000940   1.000000   1.000000   1.000000   1.200000
 -0.386810  -0.578030  -0.876030   1.000000   1.000000   1.000000   1.200000
 -0.445330  -0.680780   1.155910   1.000000   0.000000   0.000000   1.400000
 -0.329160   0.129500   2.516290   0.500000   0.500000   0.500000   1.900000
  1.153650  -0.066110   2.993610   1.000000   0.000000   0.000000   1.400000
 -1.241210  -0.623580   3.539940   1.000000   0.000000   0.000000   1.400000
 -0.679170   1.568430   2.367060   1.000000   0.000000   0.000000   1.400000
 -1.153740   3.403050   1.974880   1.000000   1.000000   0.000000   1.850000
 -0.027800   3.843800   2.699820   1.000000   0.000000   0.000000   1.400000
 -2.397080   3.158150   2.529750   1.000000   0.000000   0.000000   1.400000
 -0.854580   3.161480   0.616230   1.000000   0.000000   0.000000   1.400000
 -1.542610   5.161970   1.575150   1.000000   0.000000   0.000000   1.400000
 -2.706910   5.608770   0.979220   0.000000   1.000000   0.000000   1.850000
 -2.732580   5.315280  -0.104500   1.000000   1.000000   1.000000   1.200000
 -2.747070   6.727380   1.055450   1.000000   1.000000   1.000000   1.200000
 -3.593930   5.167160   1.503390   1.000000   1.000000   1.000000   1.200000
  0.765190   5.417110   0.508570   0.000000   0.000000   1.000000   1.540000
  1.267580   5.136280   1.354570   1.000000   1.000000   1.000000   1.200000
 -0.250050   5.631050   0.820260   1.000000   1.000000   1.000000   1.200000
  0.706280   4.611890  -0.120380   1.000000   1.000000   1.000000   1.200000
  1.184620   6.218050   0.065520   1.000000   1.000000   1.000000   1.200000
  1.620800   2.232230   4.685640   0.000000   0.000000   1.000000   1.540000
  1.512460   0.571300   3.635630   1.000000   1.000000   1.000000   1.200000
  1.171180   2.892840   4.076520   1.000000   1.000000   1.000000   1.200000
  2.568560   2.508390   4.829770   1.000000   1.000000   1.000000   1.200000
  1.151330   2.228680   5.566380   1.000000   1.000000   1.000000   1.200000
 -3.597480   0.959060   3.767180   0.000000   0.000000   1.000000   1.540000
 -2.135220  -0.267730   3.722570   1.000000   1.000000   1.000000   1.200000
 -3.832370   1.195310   2.822570   1.000000   1.000000   1.000000   1.200000
 -3.167860   1.770870   4.171100   1.000000   1.000000   1.000000   1.200000
 -4.435110   0.749810   4.267480   1.000000   1.000000   1.000000   1.200000
29 bonds follow (x1 y1 z1 x2 y2 z2)
 -3.597480   0.959060   3.767180  -4.435110   0.749810   4.267480
 -3.597480   0.959060   3.767180  -3.167860   1.770870   4.171100
 -3.597480   0.959060   3.767180  -3.832370   1.195310   2.822570
 -1.241210  -0.623580   3.539940  -2.135220  -0.267730   3.722570
  1.620800   2.232230   4.685640   1.151330   2.228680   5.566380
  1.620800   2.232230   4.685640   2.568560   2.508390   4.829770
  1.620800   2.232230   4.685640   1.171180   2.892840   4.076520
  1.153650  -0.066110   2.993610   1.512460   0.571300   3.635630
  0.765190   5.417110   0.508570   1.184620   6.218050   0.065520
  0.765190   5.417110   0.508570   0.706280   4.611890  -0.120380
  0.765190   5.417110   0.508570  -0.250050   5.631050   0.820260
  0.765190   5.417110   0.508570   1.267580   5.136280   1.354570
 -2.706910   5.608770   0.979220  -3.593930   5.167160   1.503390
 -2.706910   5.608770   0.979220  -2.747070   6.727380   1.055450
 -2.706910   5.608770   0.979220  -2.732580   5.315280  -0.104500
 -1.542610   5.161970   1.575150  -2.706910   5.608770   0.979220
 -1.153740   3.403050   1.974880  -1.542610   5.161970   1.575150
 -1.153740   3.403050   1.974880  -0.854580   3.161480   0.616230
 -1.153740   3.403050   1.974880  -2.397080   3.158150   2.529750
 -1.153740   3.403050   1.974880  -0.027800   3.843800   2.699820
 -0.679170   1.568430   2.367060  -1.153740   3.403050   1.974880
 -0.329160   0.129500   2.516290  -0.679170   1.568430   2.367060
 -0.329160   0.129500   2.516290  -1.241210  -0.623580   3.539940
 -0.329160   0.129500   2.516290   1.153650  -0.066110   2.993610
 -0.445330  -0.680780   1.155910  -0.329160   0.129500   2.516290
 -0.000210   0.000090   0.000270  -0.445330  -0.680780   1.155910
 -0.000210   0.000090   0.000270  -0.386810  -0.578030  -0.876030
 -0.000210   0.000090   0.000270  -0.405500   1.049480   0.000940
 -0.000210   0.000090   0.000270   1.118830  -0.000270  -0.000360
