33 atoms follow (x y z r g b radiusScale)
 -0.243860  -0.169780  -0.066140   0.000000   1.000000   0.000000   1.850000
  0.695100  -0.504620  -0.579900   1.000000   1.000000   1.000000   1.200000
 -0.300310   0.951520  -0.002520   1.000000   1.000000   1.000000   1.200000
 -1.127270  -0.578700  -0.623920   1.000000   1.000000   1.000000   1.200000
 -0.258340  -0.750480   1.222260   1.000000   0.000000   0.000000   1.400000
 -0.252030   0.179510   2.503920   0.500000   0.500000   0.500000   1.900000
  1.213490   0.041500   3.060640   1.000000   0.000000   0.000000   1.400000
 -1.163860  -0.479080   3.596480   1.000000   0.000000   0.000000   1.400000
 -0.661340   1.577130   2.219940   1.000000   0.000000   0.000000   1.400000
 -1.192430   3.372980   1.806630   1.000000   1.000000   0.000000   1.850000
 -0.104700   3.847120   2.608120   1.000000   0.000000   0.000000   1.400000
 -2.442870   3.062200   2.328900   1.000000   0.000000   0.000000   1.400000
 -0.724800   3.115960   0.482230   1.000000   0.000000   0.000000   1.400000
 -1.618000   5.038550   1.323910   1.000000   0.000000   0.000000   1.400000
 -2.714890   5.759340   1.752360   0.000000   1.000000   0.000000   1.850000
 -3.606070   5.528430   1.111910   1.000000   1.000000   1.000000   1.200000
 -2.473380   6.852790   1.661610   1.000000   1.000000   1.000000   1.200000
 -2.961620   5.520760   2.820030   1.000000   1.000000   1.000000   1.200000
  0.928970   5.274710   0.684160   0.000000   0.000000   1.000000   1.540000
  1.314840   4.518470   1.272400   1.000000   1.000000   1.000000   1.200000
  1.628670   5.707990   0.100270   1.000000   1.000000   1.000000   1.200000
  0.464440   5.935340   1.311770   1.000000   1.000000   1.000000   1.200000
  0.165230   4.841910   0.111410   1.000000   1.000000   1.000000   1.200000
  1.443920   2.411410   4.799120   0.000000   0.000000   1.000000   1.540000
  1.475360   0.636500   3.779190   1.000000   1.000000   1.000000   1.200000
  0.883430   3.045930   4.258390   1.000000   1.000000   1.000000   1.200000
  2.335400   2.822460   4.974060   1.000000   1.000000   1.000000   1.200000
  0.997210   2.233350   5.673790   1.000000   1.000000   1.000000   1.200000
 -3.670320   0.968650   3.727150   0.000000   0.000000   1.000000   1.540000
 -2.083180  -0.164960   3.699720   1.000000   1.000000   1.000000   1.200000
 -3.884100   1.230060   2.783990   1.000000   1.000000   1.000000   1.200000
 -3.309170   1.785090   4.181420   1.000000   1.000000   1.000000   1.200000
 -4.507400   0.680090   4.187320   1.000000   1.000000   1.000000   1.200000
29 bonds follow (x1 y1 z1 x2 y2 z2)
 -3.670320   0.968650   3.727150  -4.507400   0.680090   4.187320
 -3.670320   0.968650   3.727150  -3.309170   1.785090   4.181420
 -3.670320   0.968650   3.727150  -3.884100   1.230060   2.783990
 -1.163860  -0.479080   3.596480  -2.083180  -0.164960   3.699720
  1.443920   2.411410   4.799120   0.997210   2.233350   5.673790
  1.443920   2.411410   4.799120   2.335400   2.822460   4.974060
  1.443920   2.411410   4.799120   0.883430   3.045930   4.258390
  1.213490   0.041500   3.060640   1.475360   0.636500   3.779190
  0.928970   5.274710   0.684160   0.165230   4.841910   0.111410
  0.928970   5.274710   0.684160   0.464440   5.935340   1.311770
  0.928970   5.274710   0.684160   1.628670   5.707990   0.100270
  0.928970   5.274710   0.684160   1.314840   4.518470   1.272400
 -2.714890   5.759340   1.752360  -2.961620   5.520760   2.820030
 -2.714890   5.759340   1.752360  -2.473380   6.852790   1.661610
 -2.714890   5.759340   1.752360  -3.606070   5.528430   1.111910
 -1.618000   5.038550   1.323910  -2.714890   5.759340   1.752360
 -1.192430   3.372980   1.806630  -1.618000   5.038550   1.323910
 -1.192430   3.372980   1.806630  -0.724800   3.115960   0.482230
 -1.192430   3.372980   1.806630  -2.442870   3.062200   2.328900
 -1.192430   3.372980   1.806630  -0.104700   3.847120   2.608120
 -0.661340   1.577130   2.219940  -1.192430   3.372980   1.806630
 -0.252030   0.179510   2.503920  -0.661340   1.577130   2.219940
 -0.252030   0.179510   2.503920  -1.163860  -0.479080   3.596480
 -0.252030   0.179510   2.503920   1.213490   0.041500   3.060640
 -0.258340  -0.750480   1.222260  -0.252030   0.179510   2.503920
 -0.243860  -0.169780  -0.066140  -0.258340  -0.750480   1.222260
 -0.243860  -0.169780  -0.066140  -1.127270  -0.578700  -0.623920
 -0.243860  -0.169780  -0.066140  -0.300310   0.951520  -0.002520
 -0.243860  -0.169780  -0.066140   0.695100  -0.504620  -0.579900
