33 atoms follow (x y z r g b radiusScale)
 -0.539700  -0.119770  -0.014760   0.000000   1.000000   0.000000   1.850000
  0.309660  -0.285570  -0.729190   1.000000   1.000000   1.000000   1.200000
 -0.745220   0.977220   0.109170   1.000000   1.000000   1.000000   1.200000
 -1.445430  -0.656600  -0.403250   1.000000   1.000000   1.000000   1.200000
 -0.184630  -0.717090   1.212790   1.000000   0.000000   0.000000   1.400000
 -0.156040   0.172600   2.523530   0.500000   0.500000   0.500000   1.900000
  1.317980   0.009380   3.075600   1.000000   0.000000   0.000000   1.400000
 -1.097460  -0.618690   3.502550   1.000000   0.000000   0.000000   1.400000
 -0.583260   1.576680   2.306930   1.000000   0.000000   0.000000   1.400000
 -1.184720   3.431120   1.859630   1.000000   1.000000   0.000000   1.850000
 -0.102190   3.931950   2.616750   1.000000   0.000000   0.000000   1.400000
 -2.417360   3.160830   2.440840   1.000000   0.000000   0.000000   1.400000
 -0.786470   3.092040   0.536120   1.000000   0.000000   0.000000   1.400000
 -1.590840   5.084730   1.292470   1.000000   0.000000   0.000000   1.400000
 -2.514110   5.891580   1.931080   0.000000   1.000000   0.000000   1.850000
 -3.363460   5.287890   2.345460   1.000000   1.000000   1.000000   1.200000
 -2.915370   6.630540   1.187590   1.000000   1.000000   1.000000   1.200000
 -2.019660   6.453270   2.769050   1.000000   1.000000   1.000000   1.200000
  0.891450   5.154530   0.297140   0.000000   0.000000   1.000000   1.540000
  1.003540   5.090080   1.337120   1.000000   1.000000   1.000000   1.200000
  1.659450   5.634370  -0.145410   1.000000   1.000000   1.000000   1.200000
 -0.023140   5.619350   0.134240   1.000000   1.000000   1.000000   1.200000
  0.779160   4.189840  -0.047700   1.000000   1.000000   1.000000   1.200000
  1.082020   2.418450   4.969730   0.000000   0.000000   1.000000   1.540000
  1.553030   0.546780   3.839580   1.000000   1.000000   1.000000   1.200000
  0.840920   3.067330   4.241940   1.000000   1.000000   1.000000   1.200000
  1.854160   2.781680   5.487300   1.000000   1.000000   1.000000   1.200000
  0.303580   2.325260   5.588570   1.000000   1.000000   1.000000   1.200000
 -3.657200   0.780630   3.495570   0.000000   0.000000   1.000000   1.540000
 -2.025750  -0.331860   3.576750   1.000000   1.000000   1.000000   1.200000
 -3.911320   0.889540   2.534800   1.000000   1.000000   1.000000   1.200000
 -3.404220   1.686990   3.843040   1.000000   1.000000   1.000000   1.200000
 -4.445150   0.436090   4.002260   1.000000   1.000000   1.000000   1.200000
28 bonds follow (x1 y1 z1 x2 y2 z2)
 -3.657200   0.780630   3.495570  -4.445150   0.436090   4.002260
 -3.657200   0.780630   3.495570  -3.404220   1.686990   3.843040
 -3.657200   0.780630   3.495570  -3.911320   0.889540   2.534800
 -1.097460  -0.618690   3.502550  -2.025750  -0.331860   3.576750
  1.082020   2.418450   4.969730   0.303580   2.325260   5.588570
  1.082020   2.418450   4.969730   1.854160   2.781680   5.487300
  1.082020   2.418450   4.969730   0.840920   3.067330   4.241940
  1.317980   0.009380   3.075600   1.553030   0.546780   3.839580
  0.891450   5.154530   0.297140   0.779160   4.189840  -0.047700
  0.891450   5.154530   0.297140  -0.023140   5.619350   0.134240
  0.891450   5.154530   0.297140   1.659450   5.634370  -0.145410
  0.891450   5.154530   0.297140   1.003540   5.090080   1.337120
 -2.514110   5.891580   1.931080  -2.019660   6.453270   2.769050
 -2.514110   5.891580   1.931080  -2.915370   6.630540   1.187590
 -2.514110   5.891580   1.931080  -3.363460   5.287890   2.345460
 -1.590840   5.084730   1.292470  -2.514110   5.891580   1.931080
 -1.184720   3.431120   1.859630  -1.590840   5.084730   1.292470
 -1.184720   3.431120   1.859630  -0.786470   3.092040   0.536120
 -1.184720   3.431120   1.859630  -2.417360   3.160830   2.440840
 -1.184720   3.431120   1.859630  -0.102190   3.931950   2.616750
 -0.156040   0.172600   2.523530  -0.583260   1.576680   2.306930
 -0.156040   0.172600   2.523530  -1.097460  -0.618690   3.502550
 -0.156040   0.172600   2.523530   1.317980   0.009380   3.075600
 -0.184630  -0.717090   1.212790  -0.156040   0.172600   2.523530
 -0.539700  -0.119770  -0.014760  -0.184630  -0.717090   1.212790
 -0.539700  -0.119770  -0.014760  -1.445430  -0.656600  -0.403250
 -0.539700  -0.119770  -0.014760  -0.745220   0.977220   0.109170
 -0.539700  -0.119770  -0.014760   0.309660  -0.285570  -0.729190
