33 atoms follow (x y z r g b radiusScale)
 -0.535900  -0.231790  -0.026510   0.000000   1.000000   0.000000   1.850000
  0.274130  -0.486670  -0.758720   1.000000   1.000000   1.000000   1.200000
 -0.683750   0.880820   0.032870   1.000000   1.000000   1.000000   1.200000
 -1.479640  -0.752500  -0.338260   1.000000   1.000000   1.000000   1.200000
 -0.138360  -0.753330   1.223120   1.000000   0.000000   0.000000   1.400000
 -0.226580   0.148330   2.528640   0.500000   0.500000   0.500000   1.900000
  1.216530   0.073980   3.148040   1.000000   0.000000   0.000000   1.400000
 -1.141780  -0.580070   3.580410   1.000000   0.000000   0.000000   1.400000
 -0.626940   1.553160   2.272400   1.000000   0.000000   0.000000   1.400000
 -1.190700   3.411570   1.764140   1.000000   1.000000   0.000000   1.850000
 -0.120970   3.850150   2.596520   1.000000   0.000000   0.000000   1.400000
 -2.449710   3.107600   2.266370   1.000000   0.000000   0.000000   1.400000
 -0.744760   3.132690   0.447760   1.000000   0.000000   0.000000   1.400000
 -1.571460   5.093490   1.343830   1.000000   0.000000   0.000000   1.400000
 -2.593220   5.760590   1.996980   0.000000   1.000000   0.000000   1.850000
 -3.583990   5.300570   1.745930   1.000000   1.000000   1.000000   1.200000
 -2.579860   6.829740   1.659840   1.000000   1.000000   1.000000   1.200000
 -2.442120   5.719340   3.108260   1.000000   1.000000   1.000000   1.200000
  0.907690   5.339240   0.482130   0.000000   0.000000   1.000000   1.540000
  0.958380   4.973770   1.450560   1.000000   1.000000   1.000000   1.200000
  1.776920   5.764390   0.193700   1.000000   1.000000   1.000000   1.200000
  0.119610   6.000330   0.460350   1.000000   1.000000   1.000000   1.200000
  0.648370   4.528880  -0.125330   1.000000   1.000000   1.000000   1.200000
  1.259650   2.428300   4.919310   0.000000   0.000000   1.000000   1.540000
  1.406270   0.673620   3.885680   1.000000   1.000000   1.000000   1.200000
  0.909370   3.004920   4.174830   1.000000   1.000000   1.000000   1.200000
  2.112740   2.814340   5.262840   1.000000   1.000000   1.000000   1.200000
  0.593190   2.415600   5.662130   1.000000   1.000000   1.000000   1.200000
 -3.521180   0.898330   3.570770   0.000000   0.000000   1.000000   1.540000
 -2.060480  -0.276050   3.713660   1.000000   1.000000   1.000000   1.200000
 -3.615460   1.098760   2.592400   1.000000   1.000000   1.000000   1.200000
 -3.139620   1.724120   3.995090   1.000000   1.000000   1.000000   1.200000
 -4.429210   0.730720   3.949920   1.000000   1.000000   1.000000   1.200000
28 bonds follow (x1 y1 z1 x2 y2 z2)
 -3.521180   0.898330   3.570770  -4.429210   0.730720   3.949920
 -3.521180   0.898330   3.570770  -3.139620   1.724120   3.995090
 -3.521180   0.898330   3.570770  -3.615460   1.098760   2.592400
 -1.141780  -0.580070   3.580410  -2.060480  -0.276050   3.713660
  1.259650   2.428300   4.919310   0.593190   2.415600   5.662130
  1.259650   2.428300   4.919310   2.112740   2.814340   5.262840
  1.259650   2.428300   4.919310   0.909370   3.004920   4.174830
  1.216530   0.073980   3.148040   1.406270   0.673620   3.885680
  0.907690   5.339240   0.482130   0.648370   4.528880  -0.125330
  0.907690   5.339240   0.482130   0.119610   6.000330   0.460350
  0.907690   5.339240   0.482130   1.776920   5.764390   0.193700
  0.907690   5.339240   0.482130   0.958380   4.973770   1.450560
 -2.593220   5.760590   1.996980  -2.442120   5.719340   3.108260
 -2.593220   5.760590   1.996980  -2.579860   6.829740   1.659840
 -2.593220   5.760590   1.996980  -3.583990   5.300570   1.745930
 -1.571460   5.093490   1.343830  -2.593220   5.760590   1.996980
 -1.190700   3.411570   1.764140  -1.571460   5.093490   1.343830
 -1.190700   3.411570   1.764140  -0.744760   3.132690   0.447760
 -1.190700   3.411570   1.764140  -2.449710   3.107600   2.266370
 -1.190700   3.411570   1.764140  -0.120970   3.850150   2.596520
 -0.226580   0.148330   2.528640  -0.626940   1.553160   2.272400
 -0.226580   0.148330   2.528640  -1.141780  -0.580070   3.580410
 -0.226580   0.148330   2.528640   1.216530   0.073980   3.148040
 -0.138360  -0.753330   1.223120  -0.226580   0.148330   2.528640
 -0.535900  -0.231790  -0.026510  -0.138360  -0.753330   1.223120
 -0.535900  -0.231790  -0.026510  -1.479640  -0.752500  -0.338260
 -0.535900  -0.231790  -0.026510  -0.683750   0.880820   0.032870
 -0.535900  -0.231790  -0.026510   0.274130  -0.486670  -0.758720
