33 atoms follow (x y z r g b radiusScale)
 -0.048320   0.034430  -0.008720   0.000000   1.000000   0.000000   1.850000
  1.058120  -0.071860  -0.144710   1.000000   1.000000   1.000000   1.200000
 -0.347880   1.114960   0.072730   1.000000   1.000000   1.000000   1.200000
 -0.580120  -0.457370  -0.862610   1.000000   1.000000   1.000000   1.200000
 -0.430500  -0.666120   1.157120   1.000000   0.000000   0.000000   1.400000
 -0.317060   0.138310   2.523200   0.500000   0.500000   0.500000   1.900000
  1.186500  -0.051550   2.947190   1.000000   0.000000   0.000000   1.400000
 -1.191630  -0.669420   3.543960   1.000000   0.000000   0.000000   1.400000
 -0.643880   1.581430   2.407500   1.000000   0.000000   0.000000   1.400000
 -1.197530   3.436260   1.934650   1.000000   1.000000   0.000000   1.850000
 -0.118120   3.920190   2.718780   1.000000   0.000000   0.000000   1.400000
 -2.446280   3.116710   2.457140   1.000000   0.000000   0.000000   1.400000
 -0.748910   3.109040   0.628610   1.000000   0.000000   0.000000   1.400000
 -1.542910   5.091320   1.375510   1.000000   0.000000   0.000000   1.400000
 -2.805590   5.644680   1.296830   0.000000   1.000000   0.000000   1.850000
 -3.276470   5.387150   0.310640   1.000000   1.000000   1.000000   1.200000
 -2.709510   6.760040   1.376180   1.000000   1.000000   1.000000   1.200000
 -3.458320   5.266570   2.126710   1.000000   1.000000   1.000000   1.200000
  0.927010   5.303010   0.505390   0.000000   0.000000   1.000000   1.540000
  0.671940   5.409550   1.509920   1.000000   1.000000   1.000000   1.200000
  1.305000   6.153510   0.122740   1.000000   1.000000   1.000000   1.200000
  0.027990   5.035530   0.043390   1.000000   1.000000   1.000000   1.200000
  1.576520   4.515580   0.416340   1.000000   1.000000   1.000000   1.200000
  1.552090   2.294390   4.707390   0.000000   0.000000   1.000000   1.540000
  1.588770   0.642480   3.488200   1.000000   1.000000   1.000000   1.200000
  1.031560   2.885550   4.082680   1.000000   1.000000   1.000000   1.200000
  2.469180   2.670160   4.823180   1.000000   1.000000   1.000000   1.200000
  1.098960   2.285050   5.596600   1.000000   1.000000   1.000000   1.200000
 -3.599560   0.955790   3.755830   0.000000   0.000000   1.000000   1.540000
 -2.080150  -0.330490   3.756020   1.000000   1.000000   1.000000   1.200000
 -3.832180   1.165750   2.804320   1.000000   1.000000   1.000000   1.200000
 -3.162410   1.775860   4.134010   1.000000   1.000000   1.000000   1.200000
 -4.441780   0.776340   4.260630   1.000000   1.000000   1.000000   1.200000
28 bonds follow (x1 y1 z1 x2 y2 z2)
 -3.599560   0.955790   3.755830  -4.441780   0.776340   4.260630
 -3.599560   0.955790   3.755830  -3.162410   1.775860   4.134010
 -3.599560   0.955790   3.755830  -3.832180   1.165750   2.804320
 -1.191630  -0.669420   3.543960  -2.080150  -0.330490   3.756020
  1.552090   2.294390   4.707390   1.098960   2.285050   5.596600
  1.552090   2.294390   4.707390   2.469180   2.670160   4.823180
  1.552090   2.294390   4.707390   1.031560   2.885550   4.082680
  1.186500  -0.051550   2.947190   1.588770   0.642480   3.488200
  0.927010   5.303010   0.505390   1.576520   4.515580   0.416340
  0.927010   5.303010   0.505390   0.027990   5.035530   0.043390
  0.927010   5.303010   0.505390   1.305000   6.153510   0.122740
  0.927010   5.303010   0.505390   0.671940   5.409550   1.509920
 -2.805590   5.644680   1.296830  -3.458320   5.266570   2.126710
 -2.805590   5.644680   1.296830  -2.709510   6.760040   1.376180
 -2.805590   5.644680   1.296830  -3.276470   5.387150   0.310640
 -1.542910   5.091320   1.375510  -2.805590   5.644680   1.296830
 -1.197530   3.436260   1.934650  -1.542910   5.091320   1.375510
 -1.197530   3.436260   1.934650  -0.748910   3.109040   0.628610
 -1.197530   3.436260   1.934650  -2.446280   3.116710   2.457140
 -1.197530   3.436260   1.934650  -0.118120   3.920190   2.718780
 -0.317060   0.138310   2.523200  -0.643880   1.581430   2.407500
 -0.317060   0.138310   2.523200  -1.191630  -0.669420   3.543960
 -0.317060   0.138310   2.523200   1.186500  -0.051550   2.947190
 -0.430500  -0.666120   1.157120  -0.317060   0.138310   2.523200
 -0.048320   0.034430  -0.008720  -0.430500  -0.666120   1.157120
 -0.048320   0.034430  -0.008720  -0.580120  -0.457370  -0.862610
 -0.048320   0.034430  -0.008720  -0.347880   1.114960   0.072730
 -0.048320   0.034430  -0.008720   1.058120  -0.071860  -0.144710
