33 atoms follow (x y z r g b radiusScale)
 -0.562250  -0.174350   0.012990   0.000000   1.000000   0.000000   1.850000
  0.208760  -0.463810  -0.748430   1.000000   1.000000   1.000000   1.200000
 -0.643890   0.943720   0.087910   1.000000   1.000000   1.000000   1.200000
 -1.547010  -0.626070  -0.278030   1.000000   1.000000   1.000000   1.200000
 -0.160510  -0.750170   1.239020   1.000000   0.000000   0.000000   1.400000
 -0.183710   0.173370   2.525720   0.500000   0.500000   0.500000   1.900000
  1.264800   0.089210   3.151670   1.000000   0.000000   0.000000   1.400000
 -1.113560  -0.603970   3.526190   1.000000   0.000000   0.000000   1.400000
 -0.687890   1.538380   2.223670   1.000000   0.000000   0.000000   1.400000
 -1.178100   3.386270   1.795210   1.000000   1.000000   0.000000   1.850000
 -0.095820   3.833870   2.605690   1.000000   0.000000   0.000000   1.400000
 -2.423140   3.079030   2.307600   1.000000   0.000000   0.000000   1.400000
 -0.740320   3.124610   0.469720   1.000000   0.000000   0.000000   1.400000
 -1.579670   5.080720   1.309670   1.000000   0.000000   0.000000   1.400000
 -2.550760   5.806860   1.973540   0.000000   1.000000   0.000000   1.850000
 -3.557680   5.334910   1.830300   1.000000   1.000000   1.000000   1.200000
 -2.565180   6.849310   1.561210   1.000000   1.000000   1.000000   1.200000
 -2.322410   5.850070   3.072260   1.000000   1.000000   1.000000   1.200000
  0.871470   5.328220   0.454330   0.000000   0.000000   1.000000   1.540000
  0.902410   5.272400   1.486040   1.000000   1.000000   1.000000   1.200000
  1.631060   5.867840   0.071000   1.000000   1.000000   1.000000   1.200000
 -0.054370   5.724250   0.211540   1.000000   1.000000   1.000000   1.200000
  0.860780   4.350260   0.104620   1.000000   1.000000   1.000000   1.200000
  1.215500   2.406630   4.939510   0.000000   0.000000   1.000000   1.540000
  1.472330   0.708120   3.868400   1.000000   1.000000   1.000000   1.200000
  0.944050   3.016950   4.188810   1.000000   1.000000   1.000000   1.200000
  2.092710   2.709320   5.306580   1.000000   1.000000   1.000000   1.200000
  0.530530   2.462550   5.663430   1.000000   1.000000   1.000000   1.200000
 -3.597950   0.921590   3.549280   0.000000   0.000000   1.000000   1.540000
 -1.996140  -0.234890   3.713250   1.000000   1.000000   1.000000   1.200000
 -3.842680   1.069490   2.590700   1.000000   1.000000   1.000000   1.200000
 -3.310760   1.806980   3.920880   1.000000   1.000000   1.000000   1.200000
 -4.399400   0.597130   4.047400   1.000000   1.000000   1.000000   1.200000
28 bonds follow (x1 y1 z1 x2 y2 z2)
 -3.597950   0.921590   3.549280  -4.399400   0.597130   4.047400
 -3.597950   0.921590   3.549280  -3.310760   1.806980   3.920880
 -3.597950   0.921590   3.549280  -3.842680   1.069490   2.590700
 -1.113560  -0.603970   3.526190  -1.996140  -0.234890   3.713250
  1.215500   2.406630   4.939510   0.530530   2.462550   5.663430
  1.215500   2.406630   4.939510   2.092710   2.709320   5.306580
  1.215500   2.406630   4.939510   0.944050   3.016950   4.188810
  1.264800   0.089210   3.151670   1.472330   0.708120   3.868400
  0.871470   5.328220   0.454330   0.860780   4.350260   0.104620
  0.871470   5.328220   0.454330  -0.054370   5.724250   0.211540
  0.871470   5.328220   0.454330   1.631060   5.867840   0.071000
  0.871470   5.328220   0.454330   0.902410   5.272400   1.486040
 -2.550760   5.806860   1.973540  -2.322410   5.850070   3.072260
 -2.550760   5.806860   1.973540  -2.565180   6.849310   1.561210
 -2.550760   5.806860   1.973540  -3.557680   5.334910   1.830300
 -1.579670   5.080720   1.309670  -2.550760   5.806860   1.973540
 -1.178100   3.386270   1.795210  -1.579670   5.080720   1.309670
 -1.178100   3.386270   1.795210  -0.740320   3.124610   0.469720
 -1.178100   3.386270   1.795210  -2.423140   3.079030   2.307600
 -1.178100   3.386270   1.795210  -0.095820   3.833870   2.605690
 -0.183710   0.173370   2.525720  -0.687890   1.538380   2.223670
 -0.183710   0.173370   2.525720  -1.113560  -0.603970   3.526190
 -0.183710   0.173370   2.525720   1.264800   0.089210   3.151670
 -0.160510  -0.750170   1.239020  -0.183710   0.173370   2.525720
 -0.562250  -0.174350   0.012990  -0.160510  -0.750170   1.239020
 -0.562250  -0.174350   0.012990  -1.547010  -0.626070  -0.278030
 -0.562250  -0.174350   0.012990  -0.643890   0.943720   0.087910
 -0.562250  -0.174350   0.012990   0.208760  -0.463810  -0.748430
