33 atoms follow (x y z r g b radiusScale)
 -0.513490  -0.256740  -0.035990   0.000000   1.000000   0.000000   1.850000
  0.329750  -0.479120  -0.741110   1.000000   1.000000   1.000000   1.200000
 -0.703920   0.849550   0.021080   1.000000   1.000000   1.000000   1.200000
 -1.426430  -0.810850  -0.380030   1.000000   1.000000   1.000000   1.200000
 -0.144880  -0.762840   1.229280   1.000000   0.000000   0.000000   1.400000
 -0.236870   0.152260   2.529620   0.500000   0.500000   0.500000   1.900000
  1.199830   0.047790   3.152870   1.000000   0.000000   0.000000   1.400000
 -1.144280  -0.570400   3.583460   1.000000   0.000000   0.000000   1.400000
 -0.636900   1.558970   2.276510   1.000000   0.000000   0.000000   1.400000
 -1.189080   3.422090   1.761680   1.000000   1.000000   0.000000   1.850000
 -0.114670   3.869880   2.584500   1.000000   0.000000   0.000000   1.400000
 -2.450510   3.082520   2.229040   1.000000   0.000000   0.000000   1.400000
 -0.740490   3.132140   0.447040   1.000000   0.000000   0.000000   1.400000
 -1.576910   5.121630   1.357340   1.000000   0.000000   0.000000   1.400000
 -2.626550   5.761520   2.000380   0.000000   1.000000   0.000000   1.850000
 -3.606400   5.315110   1.688050   1.000000   1.000000   1.000000   1.200000
 -2.603210   6.846820   1.718840   1.000000   1.000000   1.000000   1.200000
 -2.520620   5.664210   3.113390   1.000000   1.000000   1.000000   1.200000
  0.916410   5.322590   0.508220   0.000000   0.000000   1.000000   1.540000
  1.037280   4.805340   1.413350   1.000000   1.000000   1.000000   1.200000
  1.794680   5.681190   0.171570   1.000000   1.000000   1.000000   1.200000
  0.225910   6.069060   0.687330   1.000000   1.000000   1.000000   1.200000
  0.477150   4.661460  -0.152430   1.000000   1.000000   1.000000   1.200000
  1.281320   2.439780   4.904100   0.000000   0.000000   1.000000   1.540000
  1.435790   0.691680   3.836540   1.000000   1.000000   1.000000   1.200000
  0.893410   3.003480   4.168850   1.000000   1.000000   1.000000   1.200000
  2.130770   2.854880   5.222270   1.000000   1.000000   1.000000   1.200000
  0.636720   2.410040   5.665650   1.000000   1.000000   1.000000   1.200000
 -3.500630   0.894830   3.583390   0.000000   0.000000   1.000000   1.540000
 -2.075770  -0.302070   3.702750   1.000000   1.000000   1.000000   1.200000
 -3.557010   1.159840   2.616380   1.000000   1.000000   1.000000   1.200000
 -3.071260   1.663310   4.065160   1.000000   1.000000   1.000000   1.200000
 -4.427960   0.780840   3.934240   1.000000   1.000000   1.000000   1.200000
28 bonds follow (x1 y1 z1 x2 y2 z2)
 -3.500630   0.894830   3.583390  -4.427960   0.780840   3.934240
 -3.500630   0.894830   3.583390  -3.071260   1.663310   4.065160
 -3.500630   0.894830   3.583390  -3.557010   1.159840   2.616380
 -1.144280  -0.570400   3.583460  -2.075770  -0.302070   3.702750
  1.281320   2.439780   4.904100   0.636720   2.410040   5.665650
  1.281320   2.439780   4.904100   2.130770   2.854880   5.222270
  1.281320   2.439780   4.904100   0.893410   3.003480   4.168850
  1.199830   0.047790   3.152870   1.435790   0.691680   3.836540
  0.916410   5.322590   0.508220   0.477150   4.661460  -0.152430
  0.916410   5.322590   0.508220   0.225910   6.069060   0.687330
  0.916410   5.322590   0.508220   1.794680   5.681190   0.171570
  0.916410   5.322590   0.508220   1.037280   4.805340   1.413350
 -2.626550   5.761520   2.000380  -2.520620   5.664210   3.113390
 -2.626550   5.761520   2.000380  -2.603210   6.846820   1.718840
 -2.626550   5.761520   2.000380  -3.606400   5.315110   1.688050
 -1.576910   5.121630   1.357340  -2.626550   5.761520   2.000380
 -1.189080   3.422090   1.761680  -1.576910   5.121630   1.357340
 -1.189080   3.422090   1.761680  -0.740490   3.132140   0.447040
 -1.189080   3.422090   1.761680  -2.450510   3.082520   2.229040
 -1.189080   3.422090   1.761680  -0.114670   3.869880   2.584500
 -0.236870   0.152260   2.529620  -0.636900   1.558970   2.276510
 -0.236870   0.152260   2.529620  -1.144280  -0.570400   3.583460
 -0.236870   0.152260   2.529620   1.199830   0.047790   3.152870
 -0.144880  -0.762840   1.229280  -0.236870   0.152260   2.529620
 -0.513490  -0.256740  -0.035990  -0.144880  -0.762840   1.229280
 -0.513490  -0.256740  -0.035990  -1.426430  -0.810850  -0.380030
 -0.513490  -0.256740  -0.035990  -0.703920   0.849550   0.021080
 -0.513490  -0.256740  -0.035990   0.329750  -0.479120  -0.741110
