33 atoms follow (x y z r g b radiusScale)
 -0.054460   0.021190   0.003740   0.000000   1.000000   0.000000   1.850000
  1.046080  -0.122770  -0.144880   1.000000   1.000000   1.000000   1.200000
 -0.317010   1.111030   0.096710   1.000000   1.000000   1.000000   1.200000
 -0.612450  -0.440950  -0.849730   1.000000   1.000000   1.000000   1.200000
 -0.446400  -0.677050   1.167340   1.000000   0.000000   0.000000   1.400000
 -0.302230   0.132720   2.527480   0.500000   0.500000   0.500000   1.900000
  1.199430  -0.053730   2.964970   1.000000   0.000000   0.000000   1.400000
 -1.175310  -0.689050   3.537410   1.000000   0.000000   0.000000   1.400000
 -0.678530   1.563940   2.413190   1.000000   0.000000   0.000000   1.400000
 -1.188610   3.438340   1.922000   1.000000   1.000000   0.000000   1.850000
 -0.137440   3.926790   2.735610   1.000000   0.000000   0.000000   1.400000
 -2.448240   3.129190   2.400600   1.000000   0.000000   0.000000   1.400000
 -0.747980   3.120290   0.611890   1.000000   0.000000   0.000000   1.400000
 -1.526760   5.124790   1.385460   1.000000   0.000000   0.000000   1.400000
 -2.800720   5.651640   1.344790   0.000000   1.000000   0.000000   1.850000
 -3.302870   5.379620   0.377840   1.000000   1.000000   1.000000   1.200000
 -2.730920   6.769820   1.414220   1.000000   1.000000   1.000000   1.200000
 -3.421540   5.267940   2.196530   1.000000   1.000000   1.000000   1.200000
  0.912910   5.304170   0.486320   0.000000   0.000000   1.000000   1.540000
  0.627830   5.448980   1.482340   1.000000   1.000000   1.000000   1.200000
  1.412970   6.099110   0.108980   1.000000   1.000000   1.000000   1.200000
  0.016990   5.116420  -0.018690   1.000000   1.000000   1.000000   1.200000
  1.471600   4.454270   0.442470   1.000000   1.000000   1.000000   1.200000
  1.543480   2.300740   4.704180   0.000000   0.000000   1.000000   1.540000
  1.582300   0.617860   3.549310   1.000000   1.000000   1.000000   1.200000
  1.015630   2.909430   4.103250   1.000000   1.000000   1.000000   1.200000
  2.454500   2.685230   4.837950   1.000000   1.000000   1.000000   1.200000
  1.088560   2.247420   5.591220   1.000000   1.000000   1.000000   1.200000
 -3.593580   0.952230   3.752300   0.000000   0.000000   1.000000   1.540000
 -2.069870  -0.362010   3.737760   1.000000   1.000000   1.000000   1.200000
 -3.842380   1.171770   2.807170   1.000000   1.000000   1.000000   1.200000
 -3.140350   1.764160   4.128030   1.000000   1.000000   1.000000   1.200000
 -4.426900   0.776470   4.273020   1.000000   1.000000   1.000000   1.200000
28 bonds follow (x1 y1 z1 x2 y2 z2)
 -3.593580   0.952230   3.752300  -4.426900   0.776470   4.273020
 -3.593580   0.952230   3.752300  -3.140350   1.764160   4.128030
 -3.593580   0.952230   3.752300  -3.842380   1.171770   2.807170
 -1.175310  -0.689050   3.537410  -2.069870  -0.362010   3.737760
  1.543480   2.300740   4.704180   1.088560   2.247420   5.591220
  1.543480   2.300740   4.704180   2.454500   2.685230   4.837950
  1.543480   2.300740   4.704180   1.015630   2.909430   4.103250
  1.199430  -0.053730   2.964970   1.582300   0.617860   3.549310
  0.912910   5.304170   0.486320   1.471600   4.454270   0.442470
  0.912910   5.304170   0.486320   0.016990   5.116420  -0.018690
  0.912910   5.304170   0.486320   1.412970   6.099110   0.108980
  0.912910   5.304170   0.486320   0.627830   5.448980   1.482340
 -2.800720   5.651640   1.344790  -3.421540   5.267940   2.196530
 -2.800720   5.651640   1.344790  -2.730920   6.769820   1.414220
 -2.800720   5.651640   1.344790  -3.302870   5.379620   0.377840
 -1.526760   5.124790   1.385460  -2.800720   5.651640   1.344790
 -1.188610   3.438340   1.922000  -1.526760   5.124790   1.385460
 -1.188610   3.438340   1.922000  -0.747980   3.120290   0.611890
 -1.188610   3.438340   1.922000  -2.448240   3.129190   2.400600
 -1.188610   3.438340   1.922000  -0.137440   3.926790   2.735610
 -0.302230   0.132720   2.527480  -0.678530   1.563940   2.413190
 -0.302230   0.132720   2.527480  -1.175310  -0.689050   3.537410
 -0.302230   0.132720   2.527480   1.199430  -0.053730   2.964970
 -0.446400  -0.677050   1.167340  -0.302230   0.132720   2.527480
 -0.054460   0.021190   0.003740  -0.446400  -0.677050   1.167340
 -0.054460   0.021190   0.003740  -0.612450  -0.440950  -0.849730
 -0.054460   0.021190   0.003740  -0.317010   1.111030   0.096710
 -0.054460   0.021190   0.003740   1.046080  -0.122770  -0.144880
