33 atoms follow (x y z r g b radiusScale)
  0.266010  -0.170430   0.073010   0.000000   1.000000   0.000000   1.850000
  1.365460  -0.287200   0.245310   1.000000   1.000000   1.000000   1.200000
 -0.030880   0.912800   0.043640   1.000000   1.000000   1.000000   1.200000
 -0.045680  -0.687640  -0.868150   1.000000   1.000000   1.000000   1.200000
 -0.416220  -0.809600   1.139840   1.000000   0.000000   0.000000   1.400000
 -0.281810  -0.009990   2.503520   0.500000   0.500000   0.500000   1.900000
  1.210640  -0.149790   2.950010   1.000000   0.000000   0.000000   1.400000
 -1.235870  -0.690640   3.527620   1.000000   0.000000   0.000000   1.400000
 -0.691620   1.438130   2.385930   1.000000   0.000000   0.000000   1.400000
 -1.144920   3.206080   2.159350   1.000000   1.000000   0.000000   1.850000
 -0.300020   3.742710   3.110710   1.000000   0.000000   0.000000   1.400000
 -2.453140   2.977520   2.481970   1.000000   0.000000   0.000000   1.400000
 -0.823920   3.299980   0.825390   1.000000   0.000000   0.000000   1.400000
 -2.331800   6.205740   1.489040   1.000000   0.000000   0.000000   1.400000
 -3.612220   6.154610   0.884650   0.000000   1.000000   0.000000   1.850000
 -3.704560   6.871100   0.027210   1.000000   1.000000   1.000000   1.200000
 -4.398400   6.371450   1.653590   1.000000   1.000000   1.000000   1.200000
 -3.702720   5.104190   0.494120   1.000000   1.000000   1.000000   1.200000
  2.250890   5.307840  -0.151630   0.000000   0.000000   1.000000   1.540000
  2.238650   6.011010   0.557320   1.000000   1.000000   1.000000   1.200000
 -2.144660   7.174280   1.743540   1.000000   1.000000   1.000000   1.200000
  2.215050   5.771060  -1.034880   1.000000   1.000000   1.000000   1.200000
  1.425740   4.745530  -0.060190   1.000000   1.000000   1.000000   1.200000
  1.825370   2.197750   4.493800   0.000000   0.000000   1.000000   1.540000
  1.614710   0.538530   3.519570   1.000000   1.000000   1.000000   1.200000
  1.547470   2.905550   3.838880   1.000000   1.000000   1.000000   1.200000
  2.775540   2.353040   4.759520   1.000000   1.000000   1.000000   1.200000
  1.248080   2.280370   5.305160   1.000000   1.000000   1.000000   1.200000
 -3.679430   0.830040   3.839480   0.000000   0.000000   1.000000   1.540000
 -2.110210  -0.270350   3.699990   1.000000   1.000000   1.000000   1.200000
 -3.786080   1.347660   2.987340   1.000000   1.000000   1.000000   1.200000
 -3.454620   1.478690   4.566090   1.000000   1.000000   1.000000   1.200000
 -4.540500   0.377450   4.063260   1.000000   1.000000   1.000000   1.200000
28 bonds follow (x1 y1 z1 x2 y2 z2)
 -3.679430   0.830040   3.839480  -4.540500   0.377450   4.063260
 -3.679430   0.830040   3.839480  -3.454620   1.478690   4.566090
 -3.679430   0.830040   3.839480  -3.786080   1.347660   2.987340
 -1.235870  -0.690640   3.527620  -2.110210  -0.270350   3.699990
  1.825370   2.197750   4.493800   1.248080   2.280370   5.305160
  1.825370   2.197750   4.493800   2.775540   2.353040   4.759520
  1.825370   2.197750   4.493800   1.547470   2.905550   3.838880
  1.210640  -0.149790   2.950010   1.614710   0.538530   3.519570
  2.250890   5.307840  -0.151630   1.425740   4.745530  -0.060190
  2.250890   5.307840  -0.151630   2.215050   5.771060  -1.034880
 -2.331800   6.205740   1.489040  -2.144660   7.174280   1.743540
  2.250890   5.307840  -0.151630   2.238650   6.011010   0.557320
 -3.612220   6.154610   0.884650  -3.702720   5.104190   0.494120
 -3.612220   6.154610   0.884650  -4.398400   6.371450   1.653590
 -3.612220   6.154610   0.884650  -3.704560   6.871100   0.027210
 -2.331800   6.205740   1.489040  -3.612220   6.154610   0.884650
 -1.144920   3.206080   2.159350  -0.823920   3.299980   0.825390
 -1.144920   3.206080   2.159350  -2.453140   2.977520   2.481970
 -1.144920   3.206080   2.159350  -0.300020   3.742710   3.110710
 -0.691620   1.438130   2.385930  -1.144920   3.206080   2.159350
 -0.281810  -0.009990   2.503520  -0.691620   1.438130   2.385930
 -0.281810  -0.009990   2.503520  -1.235870  -0.690640   3.527620
 -0.281810  -0.009990   2.503520   1.210640  -0.149790   2.950010
 -0.416220  -0.809600   1.139840  -0.281810  -0.009990   2.503520
  0.266010  -0.170430   0.073010  -0.416220  -0.809600   1.139840
  0.266010  -0.170430   0.073010  -0.045680  -0.687640  -0.868150
  0.266010  -0.170430   0.073010  -0.030880   0.912800   0.043640
  0.266010  -0.170430   0.073010   1.365460  -0.287200   0.245310
