33 atoms follow (x y z r g b radiusScale)
 -0.546580  -0.213260  -0.016010   0.000000   1.000000   0.000000   1.850000
  0.246720  -0.476750  -0.762820   1.000000   1.000000   1.000000   1.200000
 -0.669280   0.902320   0.056530   1.000000   1.000000   1.000000   1.200000
 -1.507080  -0.705660  -0.321370   1.000000   1.000000   1.000000   1.200000
 -0.143590  -0.754800   1.225500   1.000000   0.000000   0.000000   1.400000
 -0.212220   0.155030   2.533210   0.500000   0.500000   0.500000   1.900000
  1.226380   0.081880   3.147520   1.000000   0.000000   0.000000   1.400000
 -1.129400  -0.589080   3.561530   1.000000   0.000000   0.000000   1.400000
 -0.643160   1.547030   2.257790   1.000000   0.000000   0.000000   1.400000
 -1.186170   3.403230   1.772210   1.000000   1.000000   0.000000   1.850000
 -0.119830   3.838860   2.602580   1.000000   0.000000   0.000000   1.400000
 -2.442850   3.104080   2.283390   1.000000   0.000000   0.000000   1.400000
 -0.747270   3.132580   0.453720   1.000000   0.000000   0.000000   1.400000
 -1.571830   5.086510   1.330170   1.000000   0.000000   0.000000   1.400000
 -2.578560   5.770970   1.991540   0.000000   1.000000   0.000000   1.850000
 -3.575690   5.305890   1.776850   1.000000   1.000000   1.000000   1.200000
 -2.575800   6.832800   1.629860   1.000000   1.000000   1.000000   1.200000
 -2.399750   5.755180   3.099490   1.000000   1.000000   1.000000   1.200000
  0.901810   5.341700   0.467960   0.000000   0.000000   1.000000   1.540000
  0.940410   5.077360   1.479470   1.000000   1.000000   1.000000   1.200000
  1.735320   5.820330   0.167680   1.000000   1.000000   1.000000   1.200000
  0.050140   5.923150   0.355570   1.000000   1.000000   1.000000   1.200000
  0.721970   4.461230  -0.052710   1.000000   1.000000   1.000000   1.200000
  1.245510   2.420890   4.926510   0.000000   0.000000   1.000000   1.540000
  1.431350   0.670770   3.889320   1.000000   1.000000   1.000000   1.200000
  0.921080   3.005830   4.176900   1.000000   1.000000   1.000000   1.200000
  2.106190   2.783410   5.277230   1.000000   1.000000   1.000000   1.200000
  0.570920   2.432240   5.662070   1.000000   1.000000   1.000000   1.200000
 -3.543780   0.908480   3.561740   0.000000   0.000000   1.000000   1.540000
 -2.029780  -0.240820   3.715690   1.000000   1.000000   1.000000   1.200000
 -3.695310   1.092790   2.588320   1.000000   1.000000   1.000000   1.200000
 -3.204950   1.762320   3.965400   1.000000   1.000000   1.000000   1.200000
 -4.415560   0.670110   3.985550   1.000000   1.000000   1.000000   1.200000
28 bonds follow (x1 y1 z1 x2 y2 z2)
 -3.543780   0.908480   3.561740  -4.415560   0.670110   3.985550
 -3.543780   0.908480   3.561740  -3.204950   1.762320   3.965400
 -3.543780   0.908480   3.561740  -3.695310   1.092790   2.588320
 -1.129400  -0.589080   3.561530  -2.029780  -0.240820   3.715690
  1.245510   2.420890   4.926510   0.570920   2.432240   5.662070
  1.245510   2.420890   4.926510   2.106190   2.783410   5.277230
  1.245510   2.420890   4.926510   0.921080   3.005830   4.176900
  1.226380   0.081880   3.147520   1.431350   0.670770   3.889320
  0.901810   5.341700   0.467960   0.721970   4.461230  -0.052710
  0.901810   5.341700   0.467960   0.050140   5.923150   0.355570
  0.901810   5.341700   0.467960   1.735320   5.820330   0.167680
  0.901810   5.341700   0.467960   0.940410   5.077360   1.479470
 -2.578560   5.770970   1.991540  -2.399750   5.755180   3.099490
 -2.578560   5.770970   1.991540  -2.575800   6.832800   1.629860
 -2.578560   5.770970   1.991540  -3.575690   5.305890   1.776850
 -1.571830   5.086510   1.330170  -2.578560   5.770970   1.991540
 -1.186170   3.403230   1.772210  -1.571830   5.086510   1.330170
 -1.186170   3.403230   1.772210  -0.747270   3.132580   0.453720
 -1.186170   3.403230   1.772210  -2.442850   3.104080   2.283390
 -1.186170   3.403230   1.772210  -0.119830   3.838860   2.602580
 -0.212220   0.155030   2.533210  -0.643160   1.547030   2.257790
 -0.212220   0.155030   2.533210  -1.129400  -0.589080   3.561530
 -0.212220   0.155030   2.533210   1.226380   0.081880   3.147520
 -0.143590  -0.754800   1.225500  -0.212220   0.155030   2.533210
 -0.546580  -0.213260  -0.016010  -0.143590  -0.754800   1.225500
 -0.546580  -0.213260  -0.016010  -1.507080  -0.705660  -0.321370
 -0.546580  -0.213260  -0.016010  -0.669280   0.902320   0.056530
 -0.546580  -0.213260  -0.016010   0.246720  -0.476750  -0.762820
