33 atoms follow (x y z r g b radiusScale)
 -0.216280  -0.157090  -0.062860   0.000000   1.000000   0.000000   1.850000
  0.725750  -0.512950  -0.556250   1.000000   1.000000   1.000000   1.200000
 -0.246550   0.964470   0.008250   1.000000   1.000000   1.000000   1.200000
 -1.095770  -0.535380  -0.647510   1.000000   1.000000   1.000000   1.200000
 -0.283240  -0.742880   1.221300   1.000000   0.000000   0.000000   1.400000
 -0.247400   0.180790   2.513370   0.500000   0.500000   0.500000   1.900000
  1.218580   0.021750   3.056100   1.000000   0.000000   0.000000   1.400000
 -1.173380  -0.480810   3.586200   1.000000   0.000000   0.000000   1.400000
 -0.664140   1.574150   2.222340   1.000000   0.000000   0.000000   1.400000
 -1.194670   3.387410   1.807450   1.000000   1.000000   0.000000   1.850000
 -0.115240   3.819040   2.636870   1.000000   0.000000   0.000000   1.400000
 -2.445200   3.098770   2.342190   1.000000   0.000000   0.000000   1.400000
 -0.725810   3.101100   0.489620   1.000000   0.000000   0.000000   1.400000
 -1.620070   5.045280   1.309730   1.000000   0.000000   0.000000   1.400000
 -2.732570   5.748840   1.729370   0.000000   1.000000   0.000000   1.850000
 -3.607740   5.527320   1.064630   1.000000   1.000000   1.000000   1.200000
 -2.494300   6.845180   1.667370   1.000000   1.000000   1.000000   1.200000
 -3.002990   5.489750   2.786150   1.000000   1.000000   1.000000   1.200000
  0.926900   5.276280   0.675280   0.000000   0.000000   1.000000   1.540000
  1.236110   4.542060   1.338690   1.000000   1.000000   1.000000   1.200000
  1.692010   5.671780   0.145930   1.000000   1.000000   1.000000   1.200000
  0.424990   5.975010   1.225120   1.000000   1.000000   1.000000   1.200000
  0.212550   4.821610   0.059630   1.000000   1.000000   1.000000   1.200000
  1.455210   2.393540   4.794930   0.000000   0.000000   1.000000   1.540000
  1.533010   0.674940   3.700250   1.000000   1.000000   1.000000   1.200000
  0.898340   2.980030   4.198640   1.000000   1.000000   1.000000   1.200000
  2.342360   2.826760   4.938600   1.000000   1.000000   1.000000   1.200000
  1.000810   2.299160   5.678930   1.000000   1.000000   1.000000   1.200000
 -3.652400   0.960860   3.728700   0.000000   0.000000   1.000000   1.540000
 -2.084910  -0.142070   3.696080   1.000000   1.000000   1.000000   1.200000
 -3.869630   1.207640   2.782460   1.000000   1.000000   1.000000   1.200000
 -3.268850   1.778740   4.162650   1.000000   1.000000   1.000000   1.200000
 -4.491290   0.701290   4.202460   1.000000   1.000000   1.000000   1.200000
29 bonds follow (x1 y1 z1 x2 y2 z2)
 -3.652400   0.960860   3.728700  -4.491290   0.701290   4.202460
 -3.652400   0.960860   3.728700  -3.268850   1.778740   4.162650
 -3.652400   0.960860   3.728700  -3.869630   1.207640   2.782460
 -1.173380  -0.480810   3.586200  -2.084910  -0.142070   3.696080
  1.455210   2.393540   4.794930   1.000810   2.299160   5.678930
  1.455210   2.393540   4.794930   2.342360   2.826760   4.938600
  1.455210   2.393540   4.794930   0.898340   2.980030   4.198640
  1.218580   0.021750   3.056100   1.533010   0.674940   3.700250
  0.926900   5.276280   0.675280   0.212550   4.821610   0.059630
  0.926900   5.276280   0.675280   0.424990   5.975010   1.225120
  0.926900   5.276280   0.675280   1.692010   5.671780   0.145930
  0.926900   5.276280   0.675280   1.236110   4.542060   1.338690
 -2.732570   5.748840   1.729370  -3.002990   5.489750   2.786150
 -2.732570   5.748840   1.729370  -2.494300   6.845180   1.667370
 -2.732570   5.748840   1.729370  -3.607740   5.527320   1.064630
 -1.620070   5.045280   1.309730  -2.732570   5.748840   1.729370
 -1.194670   3.387410   1.807450  -1.620070   5.045280   1.309730
 -1.194670   3.387410   1.807450  -0.725810   3.101100   0.489620
 -1.194670   3.387410   1.807450  -2.445200   3.098770   2.342190
 -1.194670   3.387410   1.807450  -0.115240   3.819040   2.636870
 -0.664140   1.574150   2.222340  -1.194670   3.387410   1.807450
 -0.247400   0.180790   2.513370  -0.664140   1.574150   2.222340
 -0.247400   0.180790   2.513370  -1.173380  -0.480810   3.586200
 -0.247400   0.180790   2.513370   1.218580   0.021750   3.056100
 -0.283240  -0.742880   1.221300  -0.247400   0.180790   2.513370
 -0.216280  -0.157090  -0.062860  -0.283240  -0.742880   1.221300
 -0.216280  -0.157090  -0.062860  -1.095770  -0.535380  -0.647510
 -0.216280  -0.157090  -0.062860  -0.246550   0.964470   0.008250
 -0.216280  -0.157090  -0.062860   0.725750  -0.512950  -0.556250
