33 atoms follow (x y z r g b radiusScale)
 -0.036870   0.033820  -0.041230   0.000000   1.000000   0.000000   1.850000
  1.076790  -0.020280  -0.142180   1.000000   1.000000   1.000000   1.200000
 -0.392320   1.098900  -0.002650   1.000000   1.000000   1.000000   1.200000
 -0.518690  -0.518820  -0.887740   1.000000   1.000000   1.000000   1.200000
 -0.422700  -0.642620   1.138260   1.000000   0.000000   0.000000   1.400000
 -0.323150   0.147070   2.510800   0.500000   0.500000   0.500000   1.900000
  1.177050  -0.053350   2.934580   1.000000   0.000000   0.000000   1.400000
 -1.225400  -0.607980   3.544650   1.000000   0.000000   0.000000   1.400000
 -0.635500   1.598330   2.416120   1.000000   0.000000   0.000000   1.400000
 -1.171890   3.416660   1.954010   1.000000   1.000000   0.000000   1.850000
 -0.075010   3.926750   2.701240   1.000000   0.000000   0.000000   1.400000
 -2.402120   3.123170   2.517980   1.000000   0.000000   0.000000   1.400000
 -0.768450   3.107220   0.621890   1.000000   0.000000   0.000000   1.400000
 -1.607670   5.066320   1.385690   1.000000   0.000000   0.000000   1.400000
 -2.845870   5.650450   1.210050   0.000000   1.000000   0.000000   1.850000
 -3.244170   5.416160   0.186270   1.000000   1.000000   1.000000   1.200000
 -2.727690   6.763610   1.303780   1.000000   1.000000   1.000000   1.200000
 -3.576180   5.289810   1.980060   1.000000   1.000000   1.000000   1.200000
  0.930210   5.252950   0.562850   0.000000   0.000000   1.000000   1.540000
  0.742300   5.266550   1.587610   1.000000   1.000000   1.000000   1.200000
  1.070710   6.193970   0.212130   1.000000   1.000000   1.000000   1.200000
  0.071370   4.828280   0.136580   1.000000   1.000000   1.000000   1.200000
  1.726100   4.667320   0.369390   1.000000   1.000000   1.000000   1.200000
  1.568820   2.294780   4.701400   0.000000   0.000000   1.000000   1.540000
  1.538860   0.541060   3.607750   1.000000   1.000000   1.000000   1.200000
  1.051950   2.907550   4.095640   1.000000   1.000000   1.000000   1.200000
  2.488780   2.659590   4.827960   1.000000   1.000000   1.000000   1.200000
  1.116720   2.258520   5.590610   1.000000   1.000000   1.000000   1.200000
 -3.607100   0.942370   3.768200   0.000000   0.000000   1.000000   1.540000
 -2.113370  -0.250550   3.749760   1.000000   1.000000   1.000000   1.200000
 -3.803420   1.152610   2.808430   1.000000   1.000000   1.000000   1.200000
 -3.175330   1.759150   4.160650   1.000000   1.000000   1.000000   1.200000
 -4.468710   0.771970   4.242090   1.000000   1.000000   1.000000   1.200000
28 bonds follow (x1 y1 z1 x2 y2 z2)
 -3.607100   0.942370   3.768200  -4.468710   0.771970   4.242090
 -3.607100   0.942370   3.768200  -3.175330   1.759150   4.160650
 -3.607100   0.942370   3.768200  -3.803420   1.152610   2.808430
 -1.225400  -0.607980   3.544650  -2.113370  -0.250550   3.749760
  1.568820   2.294780   4.701400   1.116720   2.258520   5.590610
  1.568820   2.294780   4.701400   2.488780   2.659590   4.827960
  1.568820   2.294780   4.701400   1.051950   2.907550   4.095640
  1.177050  -0.053350   2.934580   1.538860   0.541060   3.607750
  0.930210   5.252950   0.562850   1.726100   4.667320   0.369390
  0.930210   5.252950   0.562850   0.071370   4.828280   0.136580
  0.930210   5.252950   0.562850   1.070710   6.193970   0.212130
  0.930210   5.252950   0.562850   0.742300   5.266550   1.587610
 -2.845870   5.650450   1.210050  -3.576180   5.289810   1.980060
 -2.845870   5.650450   1.210050  -2.727690   6.763610   1.303780
 -2.845870   5.650450   1.210050  -3.244170   5.416160   0.186270
 -1.607670   5.066320   1.385690  -2.845870   5.650450   1.210050
 -1.171890   3.416660   1.954010  -1.607670   5.066320   1.385690
 -1.171890   3.416660   1.954010  -0.768450   3.107220   0.621890
 -1.171890   3.416660   1.954010  -2.402120   3.123170   2.517980
 -1.171890   3.416660   1.954010  -0.075010   3.926750   2.701240
 -0.323150   0.147070   2.510800  -0.635500   1.598330   2.416120
 -0.323150   0.147070   2.510800  -1.225400  -0.607980   3.544650
 -0.323150   0.147070   2.510800   1.177050  -0.053350   2.934580
 -0.422700  -0.642620   1.138260  -0.323150   0.147070   2.510800
 -0.036870   0.033820  -0.041230  -0.422700  -0.642620   1.138260
 -0.036870   0.033820  -0.041230  -0.518690  -0.518820  -0.887740
 -0.036870   0.033820  -0.041230  -0.392320   1.098900  -0.002650
 -0.036870   0.033820  -0.041230   1.076790  -0.020280  -0.142180
