33 atoms follow (x y z r g b radiusScale)
 -0.266260  -0.150650  -0.055100   0.000000   1.000000   0.000000   1.850000
  0.662860  -0.458040  -0.602710   1.000000   1.000000   1.000000   1.200000
 -0.337440   0.967080   0.040910   1.000000   1.000000   1.000000   1.200000
 -1.159370  -0.554040  -0.601960   1.000000   1.000000   1.000000   1.200000
 -0.238210  -0.766540   1.216240   1.000000   0.000000   0.000000   1.400000
 -0.244580   0.156710   2.504350   0.500000   0.500000   0.500000   1.900000
  1.265440   0.121860   2.959420   1.000000   0.000000   0.000000   1.400000
 -1.053100  -0.608270   3.620330   1.000000   0.000000   0.000000   1.400000
 -0.665660   1.557800   2.268680   1.000000   0.000000   0.000000   1.400000
 -1.142740   3.409920   1.902390   1.000000   1.000000   0.000000   1.850000
  0.101390   3.773130   2.500150   1.000000   0.000000   0.000000   1.400000
 -2.301640   3.149930   2.613260   1.000000   0.000000   0.000000   1.400000
 -0.960590   3.112260   0.520420   1.000000   0.000000   0.000000   1.400000
 -1.477290   5.122610   1.540120   1.000000   0.000000   0.000000   1.400000
 -2.621290   5.828300   1.845370   0.000000   1.000000   0.000000   1.850000
 -3.055900   5.493690   2.822820   1.000000   1.000000   1.000000   1.200000
 -3.388640   5.690860   1.037350   1.000000   1.000000   1.000000   1.200000
 -2.355850   6.917840   1.909840   1.000000   1.000000   1.000000   1.200000
  0.832070   5.156150   0.288370   0.000000   0.000000   1.000000   1.540000
  1.156440   4.656010   1.148490   1.000000   1.000000   1.000000   1.200000
  1.602680   5.491960  -0.259350   1.000000   1.000000   1.000000   1.200000
  0.204590   5.920030   0.607180   1.000000   1.000000   1.000000   1.200000
  0.231010   4.484220  -0.233610   1.000000   1.000000   1.000000   1.200000
  0.985120   2.510390   4.943850   0.000000   0.000000   1.000000   1.540000
  1.521240   0.705310   3.679130   1.000000   1.000000   1.000000   1.200000
  1.317380   3.047500   4.163760   1.000000   1.000000   1.000000   1.200000
  1.416740   2.848430   5.778230   1.000000   1.000000   1.000000   1.200000
 -0.001110   2.662960   5.012680   1.000000   1.000000   1.000000   1.200000
 -3.684250   0.868200   3.378050   0.000000   0.000000   1.000000   1.540000
 -1.945630  -0.305270   3.834380   1.000000   1.000000   1.000000   1.200000
 -3.663480   1.366320   2.508200   1.000000   1.000000   1.000000   1.200000
 -3.446550   1.527250   4.094220   1.000000   1.000000   1.000000   1.200000
 -4.612490   0.538180   3.540540   1.000000   1.000000   1.000000   1.200000
29 bonds follow (x1 y1 z1 x2 y2 z2)
 -3.684250   0.868200   3.378050  -4.612490   0.538180   3.540540
 -3.684250   0.868200   3.378050  -3.446550   1.527250   4.094220
 -3.684250   0.868200   3.378050  -3.663480   1.366320   2.508200
 -1.053100  -0.608270   3.620330  -1.945630  -0.305270   3.834380
  0.985120   2.510390   4.943850  -0.001110   2.662960   5.012680
  0.985120   2.510390   4.943850   1.416740   2.848430   5.778230
  0.985120   2.510390   4.943850   1.317380   3.047500   4.163760
  1.265440   0.121860   2.959420   1.521240   0.705310   3.679130
  0.832070   5.156150   0.288370   0.231010   4.484220  -0.233610
  0.832070   5.156150   0.288370   0.204590   5.920030   0.607180
  0.832070   5.156150   0.288370   1.602680   5.491960  -0.259350
  0.832070   5.156150   0.288370   1.156440   4.656010   1.148490
 -2.621290   5.828300   1.845370  -2.355850   6.917840   1.909840
 -2.621290   5.828300   1.845370  -3.388640   5.690860   1.037350
 -2.621290   5.828300   1.845370  -3.055900   5.493690   2.822820
 -1.477290   5.122610   1.540120  -2.621290   5.828300   1.845370
 -1.142740   3.409920   1.902390  -1.477290   5.122610   1.540120
 -1.142740   3.409920   1.902390  -0.960590   3.112260   0.520420
 -1.142740   3.409920   1.902390  -2.301640   3.149930   2.613260
 -1.142740   3.409920   1.902390   0.101390   3.773130   2.500150
 -0.665660   1.557800   2.268680  -1.142740   3.409920   1.902390
 -0.244580   0.156710   2.504350  -0.665660   1.557800   2.268680
 -0.244580   0.156710   2.504350  -1.053100  -0.608270   3.620330
 -0.244580   0.156710   2.504350   1.265440   0.121860   2.959420
 -0.238210  -0.766540   1.216240  -0.244580   0.156710   2.504350
 -0.266260  -0.150650  -0.055100  -0.238210  -0.766540   1.216240
 -0.266260  -0.150650  -0.055100  -1.159370  -0.554040  -0.601960
 -0.266260  -0.150650  -0.055100  -0.337440   0.967080   0.040910
 -0.266260  -0.150650  -0.055100   0.662860  -0.458040  -0.602710
