33 atoms follow (x y z r g b radiusScale)
 -0.111420  -0.098620  -0.020580   0.000000   1.000000   0.000000   1.850000
  0.898890  -0.418540  -0.387290   1.000000   1.000000   1.000000   1.200000
 -0.173970   1.018100   0.095310   1.000000   1.000000   1.000000   1.200000
 -0.890450  -0.456030  -0.743960   1.000000   1.000000   1.000000   1.200000
 -0.366950  -0.743130   1.209870   1.000000   0.000000   0.000000   1.400000
 -0.299560   0.141750   2.528420   0.500000   0.500000   0.500000   1.900000
  1.194190  -0.000500   3.008870   1.000000   0.000000   0.000000   1.400000
 -1.165340  -0.627430   3.588070   1.000000   0.000000   0.000000   1.400000
 -0.665830   1.565780   2.334750   1.000000   0.000000   0.000000   1.400000
 -1.205190   3.432690   1.849980   1.000000   1.000000   0.000000   1.850000
 -0.150650   3.912280   2.679210   1.000000   0.000000   0.000000   1.400000
 -2.465790   3.074450   2.299160   1.000000   0.000000   0.000000   1.400000
 -0.750810   3.142070   0.540800   1.000000   0.000000   0.000000   1.400000
 -1.575200   5.111370   1.399000   1.000000   0.000000   0.000000   1.400000
 -2.790800   5.740210   1.594390   0.000000   1.000000   0.000000   1.850000
 -3.502790   5.471860   0.770000   1.000000   1.000000   1.000000   1.200000
 -2.614140   6.848550   1.581460   1.000000   1.000000   1.000000   1.200000
 -3.241080   5.446570   2.578330   1.000000   1.000000   1.000000   1.200000
  0.953920   5.290100   0.543530   0.000000   0.000000   1.000000   1.540000
  1.031070   5.112960   1.560200   1.000000   1.000000   1.000000   1.200000
  1.730570   5.819770   0.182280   1.000000   1.000000   1.000000   1.200000
  0.053880   5.772960   0.404900   1.000000   1.000000   1.000000   1.200000
  0.858040   4.361990   0.082280   1.000000   1.000000   1.000000   1.200000
  1.498380   2.336880   4.756210   0.000000   0.000000   1.000000   1.540000
  1.464240   0.537070   3.766580   1.000000   1.000000   1.000000   1.200000
  1.004360   2.981080   4.164250   1.000000   1.000000   1.000000   1.200000
  2.444810   2.634850   4.857220   1.000000   1.000000   1.000000   1.200000
  1.070080   2.320440   5.657240   1.000000   1.000000   1.000000   1.200000
 -3.530150   0.963890   3.703530   0.000000   0.000000   1.000000   1.540000
 -2.057190  -0.280410   3.787600   1.000000   1.000000   1.000000   1.200000
 -3.781650   1.103220   2.743910   1.000000   1.000000   1.000000   1.200000
 -3.142210   1.829480   4.030160   1.000000   1.000000   1.000000   1.200000
 -4.353060   0.755780   4.228120   1.000000   1.000000   1.000000   1.200000
28 bonds follow (x1 y1 z1 x2 y2 z2)
 -3.530150   0.963890   3.703530  -4.353060   0.755780   4.228120
 -3.530150   0.963890   3.703530  -3.142210   1.829480   4.030160
 -3.530150   0.963890   3.703530  -3.781650   1.103220   2.743910
 -1.165340  -0.627430   3.588070  -2.057190  -0.280410   3.787600
  1.498380   2.336880   4.756210   1.070080   2.320440   5.657240
  1.498380   2.336880   4.756210   2.444810   2.634850   4.857220
  1.498380   2.336880   4.756210   1.004360   2.981080   4.164250
  1.194190  -0.000500   3.008870   1.464240   0.537070   3.766580
  0.953920   5.290100   0.543530   0.858040   4.361990   0.082280
  0.953920   5.290100   0.543530   0.053880   5.772960   0.404900
  0.953920   5.290100   0.543530   1.730570   5.819770   0.182280
  0.953920   5.290100   0.543530   1.031070   5.112960   1.560200
 -2.790800   5.740210   1.594390  -3.241080   5.446570   2.578330
 -2.790800   5.740210   1.594390  -2.614140   6.848550   1.581460
 -2.790800   5.740210   1.594390  -3.502790   5.471860   0.770000
 -1.575200   5.111370   1.399000  -2.790800   5.740210   1.594390
 -1.205190   3.432690   1.849980  -1.575200   5.111370   1.399000
 -1.205190   3.432690   1.849980  -0.750810   3.142070   0.540800
 -1.205190   3.432690   1.849980  -2.465790   3.074450   2.299160
 -1.205190   3.432690   1.849980  -0.150650   3.912280   2.679210
 -0.299560   0.141750   2.528420  -0.665830   1.565780   2.334750
 -0.299560   0.141750   2.528420  -1.165340  -0.627430   3.588070
 -0.299560   0.141750   2.528420   1.194190  -0.000500   3.008870
 -0.366950  -0.743130   1.209870  -0.299560   0.141750   2.528420
 -0.111420  -0.098620  -0.020580  -0.366950  -0.743130   1.209870
 -0.111420  -0.098620  -0.020580  -0.890450  -0.456030  -0.743960
 -0.111420  -0.098620  -0.020580  -0.173970   1.018100   0.095310
 -0.111420  -0.098620  -0.020580   0.898890  -0.418540  -0.387290
