33 atoms follow (x y z r g b radiusScale)
 -0.328710  -0.089350  -0.069690   0.000000   1.000000   0.000000   1.850000
  0.612380  -0.347510  -0.623380   1.000000   1.000000   1.000000   1.200000
 -0.451750   1.021220   0.041220   1.000000   1.000000   1.000000   1.200000
 -1.203520  -0.527250  -0.618750   1.000000   1.000000   1.000000   1.200000
 -0.275910  -0.719270   1.195100   1.000000   0.000000   0.000000   1.400000
 -0.198750   0.161220   2.512490   0.500000   0.500000   0.500000   1.900000
  1.291720   0.030290   3.034170   1.000000   0.000000   0.000000   1.400000
 -1.015660  -0.604160   3.617140   1.000000   0.000000   0.000000   1.400000
 -0.679660   1.544390   2.298130   1.000000   0.000000   0.000000   1.400000
 -1.166830   3.420010   1.878630   1.000000   1.000000   0.000000   1.850000
  0.060050   3.803100   2.485730   1.000000   0.000000   0.000000   1.400000
 -2.332570   3.168350   2.580820   1.000000   0.000000   0.000000   1.400000
 -0.975010   3.098420   0.506100   1.000000   0.000000   0.000000   1.400000
 -1.496200   5.116390   1.453990   1.000000   0.000000   0.000000   1.400000
 -2.577260   5.881410   1.848410   0.000000   1.000000   0.000000   1.850000
 -3.058670   5.460010   2.768790   1.000000   1.000000   1.000000   1.200000
 -3.334400   5.921820   1.021120   1.000000   1.000000   1.000000   1.200000
 -2.215860   6.923270   2.060870   1.000000   1.000000   1.000000   1.200000
  0.869090   5.158590   0.297060   0.000000   0.000000   1.000000   1.540000
  1.331910   4.423450   0.851710   1.000000   1.000000   1.000000   1.200000
  1.510300   5.661420  -0.296360   1.000000   1.000000   1.000000   1.200000
  0.389130   5.775880   0.974760   1.000000   1.000000   1.000000   1.200000
  0.118090   4.696390  -0.235430   1.000000   1.000000   1.000000   1.200000
  1.007670   2.519730   5.010360   0.000000   0.000000   1.000000   1.540000
  1.472240   0.398580   3.902870   1.000000   1.000000   1.000000   1.200000
  1.192380   2.969100   4.131470   1.000000   1.000000   1.000000   1.200000
  1.620200   2.901080   5.700990   1.000000   1.000000   1.000000   1.200000
  0.066760   2.735570   5.270300   1.000000   1.000000   1.000000   1.200000
 -3.692970   0.770760   3.409480   0.000000   0.000000   1.000000   1.540000
 -1.976240  -0.520530   3.640860   1.000000   1.000000   1.000000   1.200000
 -3.571860   1.154260   2.490290   1.000000   1.000000   1.000000   1.200000
 -3.327930   1.451090   4.049840   1.000000   1.000000   1.000000   1.200000
 -4.672760   0.674600   3.579960   1.000000   1.000000   1.000000   1.200000
28 bonds follow (x1 y1 z1 x2 y2 z2)
 -3.692970   0.770760   3.409480  -4.672760   0.674600   3.579960
 -3.692970   0.770760   3.409480  -3.327930   1.451090   4.049840
 -3.692970   0.770760   3.409480  -3.571860   1.154260   2.490290
 -1.015660  -0.604160   3.617140  -1.976240  -0.520530   3.640860
  1.007670   2.519730   5.010360   0.066760   2.735570   5.270300
  1.007670   2.519730   5.010360   1.620200   2.901080   5.700990
  1.007670   2.519730   5.010360   1.192380   2.969100   4.131470
  1.291720   0.030290   3.034170   1.472240   0.398580   3.902870
  0.869090   5.158590   0.297060   0.118090   4.696390  -0.235430
  0.869090   5.158590   0.297060   0.389130   5.775880   0.974760
  0.869090   5.158590   0.297060   1.510300   5.661420  -0.296360
  0.869090   5.158590   0.297060   1.331910   4.423450   0.851710
 -2.577260   5.881410   1.848410  -2.215860   6.923270   2.060870
 -2.577260   5.881410   1.848410  -3.334400   5.921820   1.021120
 -2.577260   5.881410   1.848410  -3.058670   5.460010   2.768790
 -1.496200   5.116390   1.453990  -2.577260   5.881410   1.848410
 -1.166830   3.420010   1.878630  -1.496200   5.116390   1.453990
 -1.166830   3.420010   1.878630  -0.975010   3.098420   0.506100
 -1.166830   3.420010   1.878630  -2.332570   3.168350   2.580820
 -1.166830   3.420010   1.878630   0.060050   3.803100   2.485730
 -0.198750   0.161220   2.512490  -0.679660   1.544390   2.298130
 -0.198750   0.161220   2.512490  -1.015660  -0.604160   3.617140
 -0.198750   0.161220   2.512490   1.291720   0.030290   3.034170
 -0.275910  -0.719270   1.195100  -0.198750   0.161220   2.512490
 -0.328710  -0.089350  -0.069690  -0.275910  -0.719270   1.195100
 -0.328710  -0.089350  -0.069690  -1.203520  -0.527250  -0.618750
 -0.328710  -0.089350  -0.069690  -0.451750   1.021220   0.041220
 -0.328710  -0.089350  -0.069690   0.612380  -0.347510  -0.623380
