33 atoms follow (x y z r g b radiusScale)
 -0.538860  -0.118480  -0.014730   0.000000   1.000000   0.000000   1.850000
  0.312750  -0.279280  -0.727210   1.000000   1.000000   1.000000   1.200000
 -0.748700   0.977790   0.111430   1.000000   1.000000   1.000000   1.200000
 -1.441610  -0.657280  -0.407110   1.000000   1.000000   1.000000   1.200000
 -0.185700  -0.717480   1.212790   1.000000   0.000000   0.000000   1.400000
 -0.155550   0.172210   2.524440   0.500000   0.500000   0.500000   1.900000
  1.318430   0.006890   3.075280   1.000000   0.000000   0.000000   1.400000
 -1.098300  -0.618230   3.502210   1.000000   0.000000   0.000000   1.400000
 -0.582960   1.576090   2.306990   1.000000   0.000000   0.000000   1.400000
 -1.184580   3.432670   1.859230   1.000000   1.000000   0.000000   1.850000
 -0.101900   3.930560   2.617130   1.000000   0.000000   0.000000   1.400000
 -2.416870   3.164150   2.441020   1.000000   0.000000   0.000000   1.400000
 -0.786800   3.090850   0.536670   1.000000   0.000000   0.000000   1.400000
 -1.593130   5.085880   1.292570   1.000000   0.000000   0.000000   1.400000
 -2.515800   5.892730   1.931480   0.000000   1.000000   0.000000   1.850000
 -3.361740   5.289310   2.352390   1.000000   1.000000   1.000000   1.200000
 -2.922350   6.627170   1.186430   1.000000   1.000000   1.000000   1.200000
 -2.019210   6.459570   2.764600   1.000000   1.000000   1.000000   1.200000
  0.891630   5.152550   0.296770   0.000000   0.000000   1.000000   1.540000
  1.011350   5.079300   1.334300   1.000000   1.000000   1.000000   1.200000
  1.660120   5.627100  -0.147880   1.000000   1.000000   1.000000   1.200000
 -0.017990   5.624670   0.144060   1.000000   1.000000   1.000000   1.200000
  0.765950   4.186740  -0.055520   1.000000   1.000000   1.000000   1.200000
  1.080540   2.419210   4.970100   0.000000   0.000000   1.000000   1.540000
  1.555230   0.542490   3.839840   1.000000   1.000000   1.000000   1.200000
  0.842680   3.066360   4.239710   1.000000   1.000000   1.000000   1.200000
  1.855100   2.780420   5.485480   1.000000   1.000000   1.000000   1.200000
  0.302050   2.333290   5.589920   1.000000   1.000000   1.000000   1.200000
 -3.654160   0.778550   3.494410   0.000000   0.000000   1.000000   1.540000
 -2.026580  -0.328990   3.575670   1.000000   1.000000   1.000000   1.200000
 -3.904180   0.885540   2.532340   1.000000   1.000000   1.000000   1.200000
 -3.397590   1.684840   3.839690   1.000000   1.000000   1.000000   1.200000
 -4.446110   0.440330   3.999130   1.000000   1.000000   1.000000   1.200000
28 bonds follow (x1 y1 z1 x2 y2 z2)
 -3.654160   0.778550   3.494410  -4.446110   0.440330   3.999130
 -3.654160   0.778550   3.494410  -3.397590   1.684840   3.839690
 -3.654160   0.778550   3.494410  -3.904180   0.885540   2.532340
 -1.098300  -0.618230   3.502210  -2.026580  -0.328990   3.575670
  1.080540   2.419210   4.970100   0.302050   2.333290   5.589920
  1.080540   2.419210   4.970100   1.855100   2.780420   5.485480
  1.080540   2.419210   4.970100   0.842680   3.066360   4.239710
  1.318430   0.006890   3.075280   1.555230   0.542490   3.839840
  0.891630   5.152550   0.296770   0.765950   4.186740  -0.055520
  0.891630   5.152550   0.296770  -0.017990   5.624670   0.144060
  0.891630   5.152550   0.296770   1.660120   5.627100  -0.147880
  0.891630   5.152550   0.296770   1.011350   5.079300   1.334300
 -2.515800   5.892730   1.931480  -2.019210   6.459570   2.764600
 -2.515800   5.892730   1.931480  -2.922350   6.627170   1.186430
 -2.515800   5.892730   1.931480  -3.361740   5.289310   2.352390
 -1.593130   5.085880   1.292570  -2.515800   5.892730   1.931480
 -1.184580   3.432670   1.859230  -1.593130   5.085880   1.292570
 -1.184580   3.432670   1.859230  -0.786800   3.090850   0.536670
 -1.184580   3.432670   1.859230  -2.416870   3.164150   2.441020
 -1.184580   3.432670   1.859230  -0.101900   3.930560   2.617130
 -0.155550   0.172210   2.524440  -0.582960   1.576090   2.306990
 -0.155550   0.172210   2.524440  -1.098300  -0.618230   3.502210
 -0.155550   0.172210   2.524440   1.318430   0.006890   3.075280
 -0.185700  -0.717480   1.212790  -0.155550   0.172210   2.524440
 -0.538860  -0.118480  -0.014730  -0.185700  -0.717480   1.212790
 -0.538860  -0.118480  -0.014730  -1.441610  -0.657280  -0.407110
 -0.538860  -0.118480  -0.014730  -0.748700   0.977790   0.111430
 -0.538860  -0.118480  -0.014730   0.312750  -0.279280  -0.727210
