33 atoms follow (x y z r g b radiusScale)
 -0.000550   0.000230   0.000650   0.000000   1.000000   0.000000   1.850000
  1.118520  -0.000090  -0.000900   1.000000   1.000000   1.000000   1.200000
 -0.405300   1.049900   0.002670   1.000000   1.000000   1.000000   1.200000
 -0.387570  -0.576900  -0.876090   1.000000   1.000000   1.000000   1.200000
 -0.444800  -0.681600   1.155740   1.000000   0.000000   0.000000   1.400000
 -0.329830   0.130470   2.516230   0.500000   0.500000   0.500000   1.900000
  1.153910  -0.066780   2.993310   1.000000   0.000000   0.000000   1.400000
 -1.241250  -0.624390   3.540150   1.000000   0.000000   0.000000   1.400000
 -0.677960   1.567960   2.366970   1.000000   0.000000   0.000000   1.400000
 -1.160010   3.415320   1.972550   1.000000   1.000000   0.000000   1.850000
 -0.021920   3.845790   2.694340   1.000000   0.000000   0.000000   1.400000
 -2.398120   3.150920   2.532460   1.000000   0.000000   0.000000   1.400000
 -0.846260   3.164140   0.614300   1.000000   0.000000   0.000000   1.400000
 -1.563090   5.146870   1.591800   1.000000   0.000000   0.000000   1.400000
 -2.715100   5.602810   0.983600   0.000000   1.000000   0.000000   1.850000
 -2.726800   5.313640  -0.102100   1.000000   1.000000   1.000000   1.200000
 -2.739560   6.722530   1.060560   1.000000   1.000000   1.000000   1.200000
 -3.619460   5.175770   1.488800   1.000000   1.000000   1.000000   1.200000
  0.788860   5.415840   0.499290   0.000000   0.000000   1.000000   1.540000
  1.233520   5.116250   1.375190   1.000000   1.000000   1.000000   1.200000
 -0.199960   5.718190   0.766510   1.000000   1.000000   1.000000   1.200000
  0.680420   4.589680  -0.100890   1.000000   1.000000   1.000000   1.200000
  1.292020   6.161890   0.045370   1.000000   1.000000   1.000000   1.200000
  1.620810   2.232470   4.685840   0.000000   0.000000   1.000000   1.540000
  1.510940   0.570380   3.636040   1.000000   1.000000   1.000000   1.200000
  1.168110   2.889680   4.075260   1.000000   1.000000   1.000000   1.200000
  2.567060   2.513210   4.830420   1.000000   1.000000   1.000000   1.200000
  1.150600   2.226990   5.566090   1.000000   1.000000   1.000000   1.200000
 -3.597680   0.958720   3.767390   0.000000   0.000000   1.000000   1.540000
 -2.134420  -0.267090   3.722780   1.000000   1.000000   1.000000   1.200000
 -3.830860   1.194540   2.822250   1.000000   1.000000   1.000000   1.200000
 -3.166220   1.769900   4.170700   1.000000   1.000000   1.000000   1.200000
 -4.436480   0.752550   4.266970   1.000000   1.000000   1.000000   1.200000
29 bonds follow (x1 y1 z1 x2 y2 z2)
 -3.597680   0.958720   3.767390  -4.436480   0.752550   4.266970
 -3.597680   0.958720   3.767390  -3.166220   1.769900   4.170700
 -3.597680   0.958720   3.767390  -3.830860   1.194540   2.822250
 -1.241250  -0.624390   3.540150  -2.134420  -0.267090   3.722780
  1.620810   2.232470   4.685840   1.150600   2.226990   5.566090
  1.620810   2.232470   4.685840   2.567060   2.513210   4.830420
  1.620810   2.232470   4.685840   1.168110   2.889680   4.075260
  1.153910  -0.066780   2.993310   1.510940   0.570380   3.636040
  0.788860   5.415840   0.499290   1.292020   6.161890   0.045370
  0.788860   5.415840   0.499290   0.680420   4.589680  -0.100890
  0.788860   5.415840   0.499290  -0.199960   5.718190   0.766510
  0.788860   5.415840   0.499290   1.233520   5.116250   1.375190
 -2.715100   5.602810   0.983600  -3.619460   5.175770   1.488800
 -2.715100   5.602810   0.983600  -2.739560   6.722530   1.060560
 -2.715100   5.602810   0.983600  -2.726800   5.313640  -0.102100
 -1.563090   5.146870   1.591800  -2.715100   5.602810   0.983600
 -1.160010   3.415320   1.972550  -1.563090   5.146870   1.591800
 -1.160010   3.415320   1.972550  -0.846260   3.164140   0.614300
 -1.160010   3.415320   1.972550  -2.398120   3.150920   2.532460
 -1.160010   3.415320   1.972550  -0.021920   3.845790   2.694340
 -0.677960   1.567960   2.366970  -1.160010   3.415320   1.972550
 -0.329830   0.130470   2.516230  -0.677960   1.567960   2.366970
 -0.329830   0.130470   2.516230  -1.241250  -0.624390   3.540150
 -0.329830   0.130470   2.516230   1.153910  -0.066780   2.993310
 -0.444800  -0.681600   1.155740  -0.329830   0.130470   2.516230
 -0.000550   0.000230   0.000650  -0.444800  -0.681600   1.155740
 -0.000550   0.000230   0.000650  -0.387570  -0.576900  -0.876090
 -0.000550   0.000230   0.000650  -0.405300   1.049900   0.002670
 -0.000550   0.000230   0.000650   1.118520  -0.000090  -0.000900
