33 atoms follow (x y z r g b radiusScale)
  0.033760  -0.058090   0.034960   0.000000   1.000000   0.000000   1.850000
  1.151570  -0.016130   0.055750   1.000000   1.000000   1.000000   1.200000
 -0.410260   0.974220   0.043950   1.000000   1.000000   1.000000   1.200000
 -0.320910  -0.634090  -0.856000   1.000000   1.000000   1.000000   1.200000
 -0.405380  -0.771540   1.178080   1.000000   0.000000   0.000000   1.400000
 -0.311820   0.031580   2.538230   0.500000   0.500000   0.500000   1.900000
  1.161340  -0.123220   3.025930   1.000000   0.000000   0.000000   1.400000
 -1.241110  -0.699070   3.549460   1.000000   0.000000   0.000000   1.400000
 -0.713090   1.475950   2.372680   1.000000   0.000000   0.000000   1.400000
 -1.102990   3.221090   2.033220   1.000000   1.000000   0.000000   1.850000
 -0.100220   3.807260   2.780560   1.000000   0.000000   0.000000   1.400000
 -2.363250   3.127630   2.535570   1.000000   0.000000   0.000000   1.400000
 -0.939190   3.192140   0.667200   1.000000   0.000000   0.000000   1.400000
 -1.985840   5.748840   1.679960   1.000000   0.000000   0.000000   1.400000
 -3.105240   5.846350   0.837400   0.000000   1.000000   0.000000   1.850000
 -2.806960   5.644030  -0.225550   1.000000   1.000000   1.000000   1.200000
 -3.554490   6.869790   0.910060   1.000000   1.000000   1.000000   1.200000
 -3.869840   5.088990   1.167330   1.000000   1.000000   1.000000   1.200000
  1.527610   5.666750   0.127700   0.000000   0.000000   1.000000   1.540000
  1.396350   5.704030   1.119720   1.000000   1.000000   1.000000   1.200000
 -1.373480   6.324580   1.506650   1.000000   1.000000   1.000000   1.200000
  0.626500   5.536060  -0.289680   1.000000   1.000000   1.000000   1.200000
  2.068270   4.843740  -0.064340   1.000000   1.000000   1.000000   1.200000
  1.672580   2.164940   4.651250   0.000000   0.000000   1.000000   1.540000
  1.523470   0.504490   3.684590   1.000000   1.000000   1.000000   1.200000
  1.335000   2.896290   4.051760   1.000000   1.000000   1.000000   1.200000
  2.625070   2.350810   4.886800   1.000000   1.000000   1.000000   1.200000
  1.131680   2.159220   5.490990   1.000000   1.000000   1.000000   1.200000
 -3.555470   0.942640   3.760430   0.000000   0.000000   1.000000   1.540000
 -2.134320  -0.339870   3.744520   1.000000   1.000000   1.000000   1.200000
 -3.777930   1.165360   2.809700   1.000000   1.000000   1.000000   1.200000
 -3.150790   1.764080   4.169110   1.000000   1.000000   1.000000   1.200000
 -4.398300   0.718950   4.246350   1.000000   1.000000   1.000000   1.200000
28 bonds follow (x1 y1 z1 x2 y2 z2)
 -3.555470   0.942640   3.760430  -4.398300   0.718950   4.246350
 -3.555470   0.942640   3.760430  -3.150790   1.764080   4.169110
 -3.555470   0.942640   3.760430  -3.777930   1.165360   2.809700
 -1.241110  -0.699070   3.549460  -2.134320  -0.339870   3.744520
  1.672580   2.164940   4.651250   1.131680   2.159220   5.490990
  1.672580   2.164940   4.651250   2.625070   2.350810   4.886800
  1.672580   2.164940   4.651250   1.335000   2.896290   4.051760
  1.161340  -0.123220   3.025930   1.523470   0.504490   3.684590
  1.527610   5.666750   0.127700   2.068270   4.843740  -0.064340
  1.527610   5.666750   0.127700   0.626500   5.536060  -0.289680
 -1.985840   5.748840   1.679960  -1.373480   6.324580   1.506650
  1.527610   5.666750   0.127700   1.396350   5.704030   1.119720
 -3.105240   5.846350   0.837400  -3.869840   5.088990   1.167330
 -3.105240   5.846350   0.837400  -3.554490   6.869790   0.910060
 -3.105240   5.846350   0.837400  -2.806960   5.644030  -0.225550
 -1.985840   5.748840   1.679960  -3.105240   5.846350   0.837400
 -1.102990   3.221090   2.033220  -0.939190   3.192140   0.667200
 -1.102990   3.221090   2.033220  -2.363250   3.127630   2.535570
 -1.102990   3.221090   2.033220  -0.100220   3.807260   2.780560
 -0.713090   1.475950   2.372680  -1.102990   3.221090   2.033220
 -0.311820   0.031580   2.538230  -0.713090   1.475950   2.372680
 -0.311820   0.031580   2.538230  -1.241110  -0.699070   3.549460
 -0.311820   0.031580   2.538230   1.161340  -0.123220   3.025930
 -0.405380  -0.771540   1.178080  -0.311820   0.031580   2.538230
  0.033760  -0.058090   0.034960  -0.405380  -0.771540   1.178080
  0.033760  -0.058090   0.034960  -0.320910  -0.634090  -0.856000
  0.033760  -0.058090   0.034960  -0.410260   0.974220   0.043950
  0.033760  -0.058090   0.034960   1.151570  -0.016130   0.055750
