33 atoms follow (x y z r g b radiusScale)
 -0.179870  -0.134350  -0.045320   0.000000   1.000000   0.000000   1.850000
  0.774900  -0.503560  -0.504140   1.000000   1.000000   1.000000   1.200000
 -0.190130   0.985700   0.042640   1.000000   1.000000   1.000000   1.200000
 -1.040940  -0.481020  -0.675190   1.000000   1.000000   1.000000   1.200000
 -0.320280  -0.742290   1.221600   1.000000   0.000000   0.000000   1.400000
 -0.248670   0.167450   2.519730   0.500000   0.500000   0.500000   1.900000
  1.227150   0.008890   3.048420   1.000000   0.000000   0.000000   1.400000
 -1.188450  -0.499790   3.574290   1.000000   0.000000   0.000000   1.400000
 -0.662440   1.565410   2.245610   1.000000   0.000000   0.000000   1.400000
 -1.206910   3.399510   1.813760   1.000000   1.000000   0.000000   1.850000
 -0.138730   3.815500   2.664390   1.000000   0.000000   0.000000   1.400000
 -2.449900   3.122870   2.352960   1.000000   0.000000   0.000000   1.400000
 -0.738660   3.111320   0.507180   1.000000   0.000000   0.000000   1.400000
 -1.597020   5.074600   1.299870   1.000000   0.000000   0.000000   1.400000
 -2.749380   5.730600   1.693660   0.000000   1.000000   0.000000   1.850000
 -3.587130   5.497230   0.985360   1.000000   1.000000   1.000000   1.200000
 -2.552150   6.835640   1.676070   1.000000   1.000000   1.000000   1.200000
 -3.053390   5.424560   2.728840   1.000000   1.000000   1.000000   1.200000
  0.932570   5.283240   0.642290   0.000000   0.000000   1.000000   1.540000
  1.140830   4.620450   1.420930   1.000000   1.000000   1.000000   1.200000
  1.766270   5.690770   0.257550   1.000000   1.000000   1.000000   1.200000
  0.288900   5.998300   1.033630   1.000000   1.000000   1.000000   1.200000
  0.383330   4.750600  -0.059430   1.000000   1.000000   1.000000   1.200000
  1.469640   2.367710   4.789350   0.000000   0.000000   1.000000   1.540000
  1.580790   0.691720   3.636470   1.000000   1.000000   1.000000   1.200000
  0.931120   2.906530   4.134130   1.000000   1.000000   1.000000   1.200000
  2.370590   2.786280   4.885640   1.000000   1.000000   1.000000   1.200000
  1.012970   2.391560   5.676730   1.000000   1.000000   1.000000   1.200000
 -3.614870   0.952630   3.726860   0.000000   0.000000   1.000000   1.540000
 -2.086580  -0.134160   3.714490   1.000000   1.000000   1.000000   1.200000
 -3.815700   1.152370   2.765880   1.000000   1.000000   1.000000   1.200000
 -3.209470   1.782670   4.117640   1.000000   1.000000   1.000000   1.200000
 -4.467330   0.749590   4.203750   1.000000   1.000000   1.000000   1.200000
28 bonds follow (x1 y1 z1 x2 y2 z2)
 -3.614870   0.952630   3.726860  -4.467330   0.749590   4.203750
 -3.614870   0.952630   3.726860  -3.209470   1.782670   4.117640
 -3.614870   0.952630   3.726860  -3.815700   1.152370   2.765880
 -1.188450  -0.499790   3.574290  -2.086580  -0.134160   3.714490
  1.469640   2.367710   4.789350   1.012970   2.391560   5.676730
  1.469640   2.367710   4.789350   2.370590   2.786280   4.885640
  1.469640   2.367710   4.789350   0.931120   2.906530   4.134130
  1.227150   0.008890   3.048420   1.580790   0.691720   3.636470
  0.932570   5.283240   0.642290   0.383330   4.750600  -0.059430
  0.932570   5.283240   0.642290   0.288900   5.998300   1.033630
  0.932570   5.283240   0.642290   1.766270   5.690770   0.257550
  0.932570   5.283240   0.642290   1.140830   4.620450   1.420930
 -2.749380   5.730600   1.693660  -3.053390   5.424560   2.728840
 -2.749380   5.730600   1.693660  -2.552150   6.835640   1.676070
 -2.749380   5.730600   1.693660  -3.587130   5.497230   0.985360
 -1.597020   5.074600   1.299870  -2.749380   5.730600   1.693660
 -1.206910   3.399510   1.813760  -1.597020   5.074600   1.299870
 -1.206910   3.399510   1.813760  -0.738660   3.111320   0.507180
 -1.206910   3.399510   1.813760  -2.449900   3.122870   2.352960
 -1.206910   3.399510   1.813760  -0.138730   3.815500   2.664390
 -0.248670   0.167450   2.519730  -0.662440   1.565410   2.245610
 -0.248670   0.167450   2.519730  -1.188450  -0.499790   3.574290
 -0.248670   0.167450   2.519730   1.227150   0.008890   3.048420
 -0.320280  -0.742290   1.221600  -0.248670   0.167450   2.519730
 -0.179870  -0.134350  -0.045320  -0.320280  -0.742290   1.221600
 -0.179870  -0.134350  -0.045320  -1.040940  -0.481020  -0.675190
 -0.179870  -0.134350  -0.045320  -0.190130   0.985700   0.042640
 -0.179870  -0.134350  -0.045320   0.774900  -0.503560  -0.504140
