33 atoms follow (x y z r g b radiusScale)
 -0.219510  -0.248690  -0.070580   0.000000   1.000000   0.000000   1.850000
  0.812940  -0.396560  -0.484930   1.000000   1.000000   1.000000   1.200000
 -0.495860   0.839070  -0.036640   1.000000   1.000000   1.000000   1.200000
 -0.948220  -0.825980  -0.698520   1.000000   1.000000   1.000000   1.200000
 -0.270940  -0.809580   1.222170   1.000000   0.000000   0.000000   1.400000
 -0.241930   0.145340   2.487840   0.500000   0.500000   0.500000   1.900000
  1.256100   0.072830   2.989050   1.000000   0.000000   0.000000   1.400000
 -1.118220  -0.593950   3.566520   1.000000   0.000000   0.000000   1.400000
 -0.697010   1.535900   2.256390   1.000000   0.000000   0.000000   1.400000
 -1.123820   3.449970   1.930970   1.000000   1.000000   0.000000   1.850000
  0.120500   3.810590   2.525400   1.000000   0.000000   0.000000   1.400000
 -2.276390   3.198080   2.659930   1.000000   0.000000   0.000000   1.400000
 -0.936190   3.169460   0.548310   1.000000   0.000000   0.000000   1.400000
 -1.461050   5.163440   1.602270   1.000000   0.000000   0.000000   1.400000
 -2.698420   5.734580   1.828320   0.000000   1.000000   0.000000   1.850000
 -3.032610   5.552750   2.883130   1.000000   1.000000   1.000000   1.200000
 -3.460290   5.303090   1.126290   1.000000   1.000000   1.000000   1.200000
 -2.613110   6.838150   1.648890   1.000000   1.000000   1.000000   1.200000
  0.818110   5.171520   0.234760   0.000000   0.000000   1.000000   1.540000
  0.886790   5.155840   1.283210   1.000000   1.000000   1.000000   1.200000
  1.514470   5.770720  -0.181180   1.000000   1.000000   1.000000   1.200000
 -0.158130   5.483800   0.019810   1.000000   1.000000   1.000000   1.200000
  0.889460   4.203320  -0.080600   1.000000   1.000000   1.000000   1.200000
  0.958960   2.514600   4.880610   0.000000   0.000000   1.000000   1.540000
  1.478290   0.592820   3.766570   1.000000   1.000000   1.000000   1.200000
  1.526490   3.041620   4.244910   1.000000   1.000000   1.000000   1.200000
  1.246150   2.713760   5.815740   1.000000   1.000000   1.000000   1.200000
  0.015310   2.828140   4.758560   1.000000   1.000000   1.000000   1.200000
 -3.611960   0.893200   3.388260   0.000000   0.000000   1.000000   1.540000
 -2.034360  -0.296800   3.697970   1.000000   1.000000   1.000000   1.200000
 -3.594310   1.272900   2.460420   1.000000   1.000000   1.000000   1.200000
 -3.239110   1.602050   3.993540   1.000000   1.000000   1.000000   1.200000
 -4.561600   0.723050   3.645510   1.000000   1.000000   1.000000   1.200000
28 bonds follow (x1 y1 z1 x2 y2 z2)
 -3.611960   0.893200   3.388260  -4.561600   0.723050   3.645510
 -3.611960   0.893200   3.388260  -3.239110   1.602050   3.993540
 -3.611960   0.893200   3.388260  -3.594310   1.272900   2.460420
 -1.118220  -0.593950   3.566520  -2.034360  -0.296800   3.697970
  0.958960   2.514600   4.880610   0.015310   2.828140   4.758560
  0.958960   2.514600   4.880610   1.246150   2.713760   5.815740
  0.958960   2.514600   4.880610   1.526490   3.041620   4.244910
  1.256100   0.072830   2.989050   1.478290   0.592820   3.766570
  0.818110   5.171520   0.234760   0.889460   4.203320  -0.080600
  0.818110   5.171520   0.234760  -0.158130   5.483800   0.019810
  0.818110   5.171520   0.234760   1.514470   5.770720  -0.181180
  0.818110   5.171520   0.234760   0.886790   5.155840   1.283210
 -2.698420   5.734580   1.828320  -2.613110   6.838150   1.648890
 -2.698420   5.734580   1.828320  -3.460290   5.303090   1.126290
 -2.698420   5.734580   1.828320  -3.032610   5.552750   2.883130
 -1.461050   5.163440   1.602270  -2.698420   5.734580   1.828320
 -1.123820   3.449970   1.930970  -1.461050   5.163440   1.602270
 -1.123820   3.449970   1.930970  -0.936190   3.169460   0.548310
 -1.123820   3.449970   1.930970  -2.276390   3.198080   2.659930
 -1.123820   3.449970   1.930970   0.120500   3.810590   2.525400
 -0.241930   0.145340   2.487840  -0.697010   1.535900   2.256390
 -0.241930   0.145340   2.487840  -1.118220  -0.593950   3.566520
 -0.241930   0.145340   2.487840   1.256100   0.072830   2.989050
 -0.270940  -0.809580   1.222170  -0.241930   0.145340   2.487840
 -0.219510  -0.248690  -0.070580  -0.270940  -0.809580   1.222170
 -0.219510  -0.248690  -0.070580  -0.948220  -0.825980  -0.698520
 -0.219510  -0.248690  -0.070580  -0.495860   0.839070  -0.036640
 -0.219510  -0.248690  -0.070580   0.812940  -0.396560  -0.484930
