33 atoms follow (x y z r g b radiusScale)
  0.400720  -0.088680   0.117380   0.000000   1.000000   0.000000   1.850000
  1.462710  -0.196180   0.456420   1.000000   1.000000   1.000000   1.200000
  0.113640   0.991470   0.015060   1.000000   1.000000   1.000000   1.200000
  0.231380  -0.639960  -0.839990   1.000000   1.000000   1.000000   1.200000
 -0.440430  -0.686390   1.089500   1.000000   0.000000   0.000000   1.400000
 -0.310130  -0.008390   2.514800   0.500000   0.500000   0.500000   1.900000
  1.168850  -0.125150   2.969940   1.000000   0.000000   0.000000   1.400000
 -1.198370  -0.807550   3.517050   1.000000   0.000000   0.000000   1.400000
 -0.748310   1.436000   2.471040   1.000000   0.000000   0.000000   1.400000
 -1.168140   3.196490   2.212930   1.000000   1.000000   0.000000   1.850000
 -0.479050   3.703400   3.287290   1.000000   0.000000   0.000000   1.400000
 -2.527410   3.078830   2.268180   1.000000   0.000000   0.000000   1.400000
 -0.520380   3.306110   1.005640   1.000000   0.000000   0.000000   1.400000
 -2.523500   6.540050   1.396810   1.000000   0.000000   0.000000   1.400000
 -3.848600   6.258250   1.002910   0.000000   1.000000   0.000000   1.850000
 -4.405980   7.162420   0.676840   1.000000   1.000000   1.000000   1.200000
 -4.376990   5.767970   1.846290   1.000000   1.000000   1.000000   1.200000
 -3.712350   5.530310   0.154060   1.000000   1.000000   1.000000   1.200000
  2.427790   4.842930  -0.256900   0.000000   0.000000   1.000000   1.540000
  2.036430   5.393740   0.482290   1.000000   1.000000   1.000000   1.200000
 -2.601950   7.301680   2.157000   1.000000   1.000000   1.000000   1.200000
  2.049250   5.160950  -1.127020   1.000000   1.000000   1.000000   1.200000
  2.144420   3.895510  -0.118110   1.000000   1.000000   1.000000   1.200000
  1.892150   2.276920   4.288140   0.000000   0.000000   1.000000   1.540000
  1.554790   0.581890   3.538690   1.000000   1.000000   1.000000   1.200000
  1.568400   2.979530   3.648500   1.000000   1.000000   1.000000   1.200000
  2.855970   2.438660   4.492650   1.000000   1.000000   1.000000   1.200000
  1.363060   2.360870   5.132130   1.000000   1.000000   1.000000   1.200000
 -3.494370   0.716730   3.756360   0.000000   0.000000   1.000000   1.540000
 -2.117710  -0.506990   3.695730   1.000000   1.000000   1.000000   1.200000
 -3.489300   1.261790   2.912570   1.000000   1.000000   1.000000   1.200000
 -3.311770   1.330000   4.524340   1.000000   1.000000   1.000000   1.200000
 -4.398030   0.309610   3.874710   1.000000   1.000000   1.000000   1.200000
28 bonds follow (x1 y1 z1 x2 y2 z2)
 -3.494370   0.716730   3.756360  -4.398030   0.309610   3.874710
 -3.494370   0.716730   3.756360  -3.311770   1.330000   4.524340
 -3.494370   0.716730   3.756360  -3.489300   1.261790   2.912570
 -1.198370  -0.807550   3.517050  -2.117710  -0.506990   3.695730
  1.892150   2.276920   4.288140   1.363060   2.360870   5.132130
  1.892150   2.276920   4.288140   2.855970   2.438660   4.492650
  1.892150   2.276920   4.288140   1.568400   2.979530   3.648500
  1.168850  -0.125150   2.969940   1.554790   0.581890   3.538690
  2.427790   4.842930  -0.256900   2.144420   3.895510  -0.118110
  2.427790   4.842930  -0.256900   2.049250   5.160950  -1.127020
 -2.523500   6.540050   1.396810  -2.601950   7.301680   2.157000
  2.427790   4.842930  -0.256900   2.036430   5.393740   0.482290
 -3.848600   6.258250   1.002910  -3.712350   5.530310   0.154060
 -3.848600   6.258250   1.002910  -4.376990   5.767970   1.846290
 -3.848600   6.258250   1.002910  -4.405980   7.162420   0.676840
 -2.523500   6.540050   1.396810  -3.848600   6.258250   1.002910
 -1.168140   3.196490   2.212930  -0.520380   3.306110   1.005640
 -1.168140   3.196490   2.212930  -2.527410   3.078830   2.268180
 -1.168140   3.196490   2.212930  -0.479050   3.703400   3.287290
 -0.748310   1.436000   2.471040  -1.168140   3.196490   2.212930
 -0.310130  -0.008390   2.514800  -0.748310   1.436000   2.471040
 -0.310130  -0.008390   2.514800  -1.198370  -0.807550   3.517050
 -0.310130  -0.008390   2.514800   1.168850  -0.125150   2.969940
 -0.440430  -0.686390   1.089500  -0.310130  -0.008390   2.514800
  0.400720  -0.088680   0.117380  -0.440430  -0.686390   1.089500
  0.400720  -0.088680   0.117380   0.231380  -0.639960  -0.839990
  0.400720  -0.088680   0.117380   0.113640   0.991470   0.015060
  0.400720  -0.088680   0.117380   1.462710  -0.196180   0.456420
