33 atoms follow (x y z r g b radiusScale)
 -0.223420  -0.240650  -0.066010   0.000000   1.000000   0.000000   1.850000
  0.798070  -0.428170  -0.491400   1.000000   1.000000   1.000000   1.200000
 -0.458320   0.856660  -0.027990   1.000000   1.000000   1.000000   1.200000
 -0.979120  -0.786420  -0.690280   1.000000   1.000000   1.000000   1.200000
 -0.283850  -0.802020   1.225830   1.000000   0.000000   0.000000   1.400000
 -0.224690   0.142810   2.500970   0.500000   0.500000   0.500000   1.900000
  1.277940   0.098660   2.977470   1.000000   0.000000   0.000000   1.400000
 -1.127150  -0.581710   3.556450   1.000000   0.000000   0.000000   1.400000
 -0.709280   1.514480   2.241220   1.000000   0.000000   0.000000   1.400000
 -1.133130   3.448100   1.932700   1.000000   1.000000   0.000000   1.850000
  0.116560   3.781620   2.524590   1.000000   0.000000   0.000000   1.400000
 -2.292890   3.208830   2.657800   1.000000   0.000000   0.000000   1.400000
 -0.927510   3.151620   0.565170   1.000000   0.000000   0.000000   1.400000
 -1.448060   5.169930   1.592310   1.000000   0.000000   0.000000   1.400000
 -2.690220   5.731180   1.839670   0.000000   1.000000   0.000000   1.850000
 -3.032770   5.494340   2.880600   1.000000   1.000000   1.000000   1.200000
 -3.444680   5.336660   1.108720   1.000000   1.000000   1.000000   1.200000
 -2.604710   6.842280   1.718830   1.000000   1.000000   1.000000   1.200000
  0.825330   5.176750   0.232600   0.000000   0.000000   1.000000   1.540000
  0.932450   5.134510   1.276400   1.000000   1.000000   1.000000   1.200000
  1.530360   5.744490  -0.209780   1.000000   1.000000   1.000000   1.200000
 -0.142250   5.543080   0.071370   1.000000   1.000000   1.000000   1.200000
  0.823140   4.208290  -0.097050   1.000000   1.000000   1.000000   1.200000
  0.956840   2.515040   4.872100   0.000000   0.000000   1.000000   1.540000
  1.522630   0.649760   3.726970   1.000000   1.000000   1.000000   1.200000
  1.479600   3.084060   4.233550   1.000000   1.000000   1.000000   1.200000
  1.249700   2.716720   5.804830   1.000000   1.000000   1.000000   1.200000
 -0.005610   2.774730   4.773500   1.000000   1.000000   1.000000   1.200000
 -3.624290   0.891360   3.391730   0.000000   0.000000   1.000000   1.540000
 -2.031920  -0.250530   3.696230   1.000000   1.000000   1.000000   1.200000
 -3.512500   1.220000   2.450630   1.000000   1.000000   1.000000   1.200000
 -3.303950   1.629210   3.992210   1.000000   1.000000   1.000000   1.200000
 -4.597780   0.746550   3.560520   1.000000   1.000000   1.000000   1.200000
28 bonds follow (x1 y1 z1 x2 y2 z2)
 -3.624290   0.891360   3.391730  -4.597780   0.746550   3.560520
 -3.624290   0.891360   3.391730  -3.303950   1.629210   3.992210
 -3.624290   0.891360   3.391730  -3.512500   1.220000   2.450630
 -1.127150  -0.581710   3.556450  -2.031920  -0.250530   3.696230
  0.956840   2.515040   4.872100  -0.005610   2.774730   4.773500
  0.956840   2.515040   4.872100   1.249700   2.716720   5.804830
  0.956840   2.515040   4.872100   1.479600   3.084060   4.233550
  1.277940   0.098660   2.977470   1.522630   0.649760   3.726970
  0.825330   5.176750   0.232600   0.823140   4.208290  -0.097050
  0.825330   5.176750   0.232600  -0.142250   5.543080   0.071370
  0.825330   5.176750   0.232600   1.530360   5.744490  -0.209780
  0.825330   5.176750   0.232600   0.932450   5.134510   1.276400
 -2.690220   5.731180   1.839670  -2.604710   6.842280   1.718830
 -2.690220   5.731180   1.839670  -3.444680   5.336660   1.108720
 -2.690220   5.731180   1.839670  -3.032770   5.494340   2.880600
 -1.448060   5.169930   1.592310  -2.690220   5.731180   1.839670
 -1.133130   3.448100   1.932700  -1.448060   5.169930   1.592310
 -1.133130   3.448100   1.932700  -0.927510   3.151620   0.565170
 -1.133130   3.448100   1.932700  -2.292890   3.208830   2.657800
 -1.133130   3.448100   1.932700   0.116560   3.781620   2.524590
 -0.224690   0.142810   2.500970  -0.709280   1.514480   2.241220
 -0.224690   0.142810   2.500970  -1.127150  -0.581710   3.556450
 -0.224690   0.142810   2.500970   1.277940   0.098660   2.977470
 -0.283850  -0.802020   1.225830  -0.224690   0.142810   2.500970
 -0.223420  -0.240650  -0.066010  -0.283850  -0.802020   1.225830
 -0.223420  -0.240650  -0.066010  -0.979120  -0.786420  -0.690280
 -0.223420  -0.240650  -0.066010  -0.458320   0.856660  -0.027990
 -0.223420  -0.240650  -0.066010   0.798070  -0.428170  -0.491400
