33 atoms follow (x y z r g b radiusScale)
 -0.399650  -0.044760  -0.035220   0.000000   1.000000   0.000000   1.850000
  0.567050  -0.168010  -0.591510   1.000000   1.000000   1.000000   1.200000
 -0.653690   1.040670   0.099160   1.000000   1.000000   1.000000   1.200000
 -1.211860  -0.570990  -0.601960   1.000000   1.000000   1.000000   1.200000
 -0.279250  -0.702500   1.207910   1.000000   0.000000   0.000000   1.400000
 -0.179090   0.167510   2.526350   0.500000   0.500000   0.500000   1.900000
  1.293330  -0.045030   3.075380   1.000000   0.000000   0.000000   1.400000
 -1.002420  -0.655930   3.583370   1.000000   0.000000   0.000000   1.400000
 -0.643130   1.551500   2.288040   1.000000   0.000000   0.000000   1.400000
 -1.182140   3.443400   1.863440   1.000000   1.000000   0.000000   1.850000
  0.019720   3.824820   2.499290   1.000000   0.000000   0.000000   1.400000
 -2.367070   3.200010   2.538350   1.000000   0.000000   0.000000   1.400000
 -0.925680   3.097620   0.512620   1.000000   0.000000   0.000000   1.400000
 -1.537780   5.137720   1.377980   1.000000   0.000000   0.000000   1.400000
 -2.563820   5.921070   1.868280   0.000000   1.000000   0.000000   1.850000
 -3.107100   5.402440   2.701500   1.000000   1.000000   1.000000   1.200000
 -3.289000   6.147480   1.042070   1.000000   1.000000   1.000000   1.200000
 -2.137780   6.888110   2.249970   1.000000   1.000000   1.000000   1.200000
  0.866040   5.113960   0.313410   0.000000   0.000000   1.000000   1.540000
  1.427740   4.394200   0.790640   1.000000   1.000000   1.000000   1.200000
  1.418900   5.713380  -0.279280   1.000000   1.000000   1.000000   1.200000
  0.377790   5.651970   1.064210   1.000000   1.000000   1.000000   1.200000
  0.116750   4.623200  -0.217770   1.000000   1.000000   1.000000   1.200000
  1.029140   2.517790   5.017030   0.000000   0.000000   1.000000   1.540000
  1.417970   0.082160   4.017840   1.000000   1.000000   1.000000   1.200000
  0.969270   2.963450   4.119900   1.000000   1.000000   1.000000   1.200000
  1.700010   3.012020   5.568170   1.000000   1.000000   1.000000   1.200000
  0.140490   2.597690   5.467870   1.000000   1.000000   1.000000   1.200000
 -3.632770   0.739790   3.408330   0.000000   0.000000   1.000000   1.540000
 -1.953780  -0.502300   3.665650   1.000000   1.000000   1.000000   1.200000
 -3.684090   1.043940   2.455000   1.000000   1.000000   1.000000   1.200000
 -3.263530   1.509780   3.935420   1.000000   1.000000   1.000000   1.200000
 -4.558980   0.548070   3.729980   1.000000   1.000000   1.000000   1.200000
28 bonds follow (x1 y1 z1 x2 y2 z2)
 -3.632770   0.739790   3.408330  -4.558980   0.548070   3.729980
 -3.632770   0.739790   3.408330  -3.263530   1.509780   3.935420
 -3.632770   0.739790   3.408330  -3.684090   1.043940   2.455000
 -1.002420  -0.655930   3.583370  -1.953780  -0.502300   3.665650
  1.029140   2.517790   5.017030   0.140490   2.597690   5.467870
  1.029140   2.517790   5.017030   1.700010   3.012020   5.568170
  1.029140   2.517790   5.017030   0.969270   2.963450   4.119900
  1.293330  -0.045030   3.075380   1.417970   0.082160   4.017840
  0.866040   5.113960   0.313410   0.116750   4.623200  -0.217770
  0.866040   5.113960   0.313410   0.377790   5.651970   1.064210
  0.866040   5.113960   0.313410   1.418900   5.713380  -0.279280
  0.866040   5.113960   0.313410   1.427740   4.394200   0.790640
 -2.563820   5.921070   1.868280  -2.137780   6.888110   2.249970
 -2.563820   5.921070   1.868280  -3.289000   6.147480   1.042070
 -2.563820   5.921070   1.868280  -3.107100   5.402440   2.701500
 -1.537780   5.137720   1.377980  -2.563820   5.921070   1.868280
 -1.182140   3.443400   1.863440  -1.537780   5.137720   1.377980
 -1.182140   3.443400   1.863440  -0.925680   3.097620   0.512620
 -1.182140   3.443400   1.863440  -2.367070   3.200010   2.538350
 -1.182140   3.443400   1.863440   0.019720   3.824820   2.499290
 -0.179090   0.167510   2.526350  -0.643130   1.551500   2.288040
 -0.179090   0.167510   2.526350  -1.002420  -0.655930   3.583370
 -0.179090   0.167510   2.526350   1.293330  -0.045030   3.075380
 -0.279250  -0.702500   1.207910  -0.179090   0.167510   2.526350
 -0.399650  -0.044760  -0.035220  -0.279250  -0.702500   1.207910
 -0.399650  -0.044760  -0.035220  -1.211860  -0.570990  -0.601960
 -0.399650  -0.044760  -0.035220  -0.653690   1.040670   0.099160
 -0.399650  -0.044760  -0.035220   0.567050  -0.168010  -0.591510
