33 atoms follow (x y z r g b radiusScale)
 -0.460710  -0.250630  -0.005180   0.000000   1.000000   0.000000   1.850000
  0.452780  -0.408750  -0.636870   1.000000   1.000000   1.000000   1.200000
 -0.711300   0.843670   0.063120   1.000000   1.000000   1.000000   1.200000
 -1.312030  -0.827420  -0.453180   1.000000   1.000000   1.000000   1.200000
 -0.205740  -0.792870   1.270800   1.000000   0.000000   0.000000   1.400000
 -0.214360   0.172790   2.533160   0.500000   0.500000   0.500000   1.900000
  1.228080   0.023500   3.149190   1.000000   0.000000   0.000000   1.400000
 -1.134590  -0.601420   3.536740   1.000000   0.000000   0.000000   1.400000
 -0.674180   1.548290   2.227090   1.000000   0.000000   0.000000   1.400000
 -1.186920   3.426250   1.767010   1.000000   1.000000   0.000000   1.850000
 -0.115290   3.856070   2.592890   1.000000   0.000000   0.000000   1.400000
 -2.447430   3.050480   2.199300   1.000000   0.000000   0.000000   1.400000
 -0.710380   3.180440   0.444760   1.000000   0.000000   0.000000   1.400000
 -1.606070   5.113320   1.382740   1.000000   0.000000   0.000000   1.400000
 -2.670730   5.777760   1.964570   0.000000   1.000000   0.000000   1.850000
 -3.641080   5.405650   1.544100   1.000000   1.000000   1.000000   1.200000
 -2.562720   6.872600   1.742620   1.000000   1.000000   1.000000   1.200000
 -2.673600   5.624390   3.076440   1.000000   1.000000   1.000000   1.200000
  0.940050   5.292540   0.549310   0.000000   0.000000   1.000000   1.540000
  1.379310   4.643710   1.209810   1.000000   1.000000   1.000000   1.200000
  1.608090   5.781760  -0.024800   1.000000   1.000000   1.000000   1.200000
  0.340840   5.929380   1.103360   1.000000   1.000000   1.000000   1.200000
  0.279050   4.713620  -0.034530   1.000000   1.000000   1.000000   1.200000
  1.311310   2.460580   4.858510   0.000000   0.000000   1.000000   1.540000
  1.480460   0.646290   3.844590   1.000000   1.000000   1.000000   1.200000
  0.881220   3.076130   4.192430   1.000000   1.000000   1.000000   1.200000
  2.206460   2.822140   5.110040   1.000000   1.000000   1.000000   1.200000
  0.743760   2.416360   5.678350   1.000000   1.000000   1.000000   1.200000
 -3.557140   0.946930   3.623700   0.000000   0.000000   1.000000   1.540000
 -2.053910  -0.295930   3.644620   1.000000   1.000000   1.000000   1.200000
 -3.725040   1.283010   2.694080   1.000000   1.000000   1.000000   1.200000
 -3.236020   1.724870   4.164700   1.000000   1.000000   1.000000   1.200000
 -4.410270   0.606720   4.013660   1.000000   1.000000   1.000000   1.200000
28 bonds follow (x1 y1 z1 x2 y2 z2)
 -3.557140   0.946930   3.623700  -4.410270   0.606720   4.013660
 -3.557140   0.946930   3.623700  -3.236020   1.724870   4.164700
 -3.557140   0.946930   3.623700  -3.725040   1.283010   2.694080
 -1.134590  -0.601420   3.536740  -2.053910  -0.295930   3.644620
  1.311310   2.460580   4.858510   0.743760   2.416360   5.678350
  1.311310   2.460580   4.858510   2.206460   2.822140   5.110040
  1.311310   2.460580   4.858510   0.881220   3.076130   4.192430
  1.228080   0.023500   3.149190   1.480460   0.646290   3.844590
  0.940050   5.292540   0.549310   0.279050   4.713620  -0.034530
  0.940050   5.292540   0.549310   0.340840   5.929380   1.103360
  0.940050   5.292540   0.549310   1.608090   5.781760  -0.024800
  0.940050   5.292540   0.549310   1.379310   4.643710   1.209810
 -2.670730   5.777760   1.964570  -2.673600   5.624390   3.076440
 -2.670730   5.777760   1.964570  -2.562720   6.872600   1.742620
 -2.670730   5.777760   1.964570  -3.641080   5.405650   1.544100
 -1.606070   5.113320   1.382740  -2.670730   5.777760   1.964570
 -1.186920   3.426250   1.767010  -1.606070   5.113320   1.382740
 -1.186920   3.426250   1.767010  -0.710380   3.180440   0.444760
 -1.186920   3.426250   1.767010  -2.447430   3.050480   2.199300
 -1.186920   3.426250   1.767010  -0.115290   3.856070   2.592890
 -0.214360   0.172790   2.533160  -0.674180   1.548290   2.227090
 -0.214360   0.172790   2.533160  -1.134590  -0.601420   3.536740
 -0.214360   0.172790   2.533160   1.228080   0.023500   3.149190
 -0.205740  -0.792870   1.270800  -0.214360   0.172790   2.533160
 -0.460710  -0.250630  -0.005180  -0.205740  -0.792870   1.270800
 -0.460710  -0.250630  -0.005180  -1.312030  -0.827420  -0.453180
 -0.460710  -0.250630  -0.005180  -0.711300   0.843670   0.063120
 -0.460710  -0.250630  -0.005180   0.452780  -0.408750  -0.636870
