33 atoms follow (x y z r g b radiusScale)
 -0.005030   0.003210   0.002530   0.000000   1.000000   0.000000   1.850000
  1.113960  -0.006140  -0.013240   1.000000   1.000000   1.000000   1.200000
 -0.400050   1.056410   0.014120   1.000000   1.000000   1.000000   1.200000
 -0.406930  -0.563910  -0.874160   1.000000   1.000000   1.000000   1.200000
 -0.441020  -0.681410   1.157920   1.000000   0.000000   0.000000   1.400000
 -0.331870   0.142970   2.512890   0.500000   0.500000   0.500000   1.900000
  1.150360  -0.081700   2.987170   1.000000   0.000000   0.000000   1.400000
 -1.233010  -0.629270   3.534950   1.000000   0.000000   0.000000   1.400000
 -0.655540   1.582430   2.357370   1.000000   0.000000   0.000000   1.400000
 -1.171590   3.469290   1.958620   1.000000   1.000000   0.000000   1.850000
 -0.014070   3.890650   2.670500   1.000000   0.000000   0.000000   1.400000
 -2.377210   3.096300   2.524290   1.000000   0.000000   0.000000   1.400000
 -0.842310   3.219380   0.596100   1.000000   0.000000   0.000000   1.400000
 -1.582480   5.183030   1.606350   1.000000   0.000000   0.000000   1.400000
 -2.793700   5.523500   1.034030   0.000000   1.000000   0.000000   1.850000
 -2.807590   5.227180  -0.050080   1.000000   1.000000   1.000000   1.200000
 -2.926130   6.634460   1.107460   1.000000   1.000000   1.000000   1.200000
 -3.644100   5.016630   1.560870   1.000000   1.000000   1.000000   1.200000
  0.867650   5.303810   0.524580   0.000000   0.000000   1.000000   1.540000
  0.861660   5.082580   1.543660   1.000000   1.000000   1.000000   1.200000
  0.367350   6.185460   0.403380   1.000000   1.000000   1.000000   1.200000
  0.312520   4.556720   0.053410   1.000000   1.000000   1.000000   1.200000
  1.808300   5.343520   0.164620   1.000000   1.000000   1.000000   1.200000
  1.611820   2.246130   4.684820   0.000000   0.000000   1.000000   1.540000
  1.520700   0.543710   3.629530   1.000000   1.000000   1.000000   1.200000
  1.132050   2.875710   4.065930   1.000000   1.000000   1.000000   1.200000
  2.544880   2.570790   4.823610   1.000000   1.000000   1.000000   1.200000
  1.143360   2.235350   5.566120   1.000000   1.000000   1.000000   1.200000
 -3.613210   0.939430   3.781540   0.000000   0.000000   1.000000   1.540000
 -2.131820  -0.295270   3.719710   1.000000   1.000000   1.000000   1.200000
 -3.817770   1.181450   2.831080   1.000000   1.000000   1.000000   1.200000
 -3.159890   1.734790   4.191910   1.000000   1.000000   1.000000   1.200000
 -4.470590   0.770640   4.263520   1.000000   1.000000   1.000000   1.200000
28 bonds follow (x1 y1 z1 x2 y2 z2)
 -3.613210   0.939430   3.781540  -4.470590   0.770640   4.263520
 -3.613210   0.939430   3.781540  -3.159890   1.734790   4.191910
 -3.613210   0.939430   3.781540  -3.817770   1.181450   2.831080
 -1.233010  -0.629270   3.534950  -2.131820  -0.295270   3.719710
  1.611820   2.246130   4.684820   1.143360   2.235350   5.566120
  1.611820   2.246130   4.684820   2.544880   2.570790   4.823610
  1.611820   2.246130   4.684820   1.132050   2.875710   4.065930
  1.150360  -0.081700   2.987170   1.520700   0.543710   3.629530
  0.867650   5.303810   0.524580   1.808300   5.343520   0.164620
  0.867650   5.303810   0.524580   0.312520   4.556720   0.053410
  0.867650   5.303810   0.524580   0.367350   6.185460   0.403380
  0.867650   5.303810   0.524580   0.861660   5.082580   1.543660
 -2.793700   5.523500   1.034030  -3.644100   5.016630   1.560870
 -2.793700   5.523500   1.034030  -2.926130   6.634460   1.107460
 -2.793700   5.523500   1.034030  -2.807590   5.227180  -0.050080
 -1.582480   5.183030   1.606350  -2.793700   5.523500   1.034030
 -1.171590   3.469290   1.958620  -1.582480   5.183030   1.606350
 -1.171590   3.469290   1.958620  -0.842310   3.219380   0.596100
 -1.171590   3.469290   1.958620  -2.377210   3.096300   2.524290
 -1.171590   3.469290   1.958620  -0.014070   3.890650   2.670500
 -0.331870   0.142970   2.512890  -0.655540   1.582430   2.357370
 -0.331870   0.142970   2.512890  -1.233010  -0.629270   3.534950
 -0.331870   0.142970   2.512890   1.150360  -0.081700   2.987170
 -0.441020  -0.681410   1.157920  -0.331870   0.142970   2.512890
 -0.005030   0.003210   0.002530  -0.441020  -0.681410   1.157920
 -0.005030   0.003210   0.002530  -0.406930  -0.563910  -0.874160
 -0.005030   0.003210   0.002530  -0.400050   1.056410   0.014120
 -0.005030   0.003210   0.002530   1.113960  -0.006140  -0.013240
