33 atoms follow (x y z r g b radiusScale)
 -0.093920  -0.092260  -0.025840   0.000000   1.000000   0.000000   1.850000
  0.939060  -0.384380  -0.350030   1.000000   1.000000   1.000000   1.200000
 -0.197500   1.023050   0.072260   1.000000   1.000000   1.000000   1.200000
 -0.832850  -0.487090  -0.771130   1.000000   1.000000   1.000000   1.200000
 -0.378880  -0.724670   1.203230   1.000000   0.000000   0.000000   1.400000
 -0.312760   0.143550   2.532550   0.500000   0.500000   0.500000   1.900000
  1.175240  -0.021670   3.011040   1.000000   0.000000   0.000000   1.400000
 -1.145220  -0.664150   3.589440   1.000000   0.000000   0.000000   1.400000
 -0.683430   1.569660   2.363630   1.000000   0.000000   0.000000   1.400000
 -1.189730   3.442300   1.862340   1.000000   1.000000   0.000000   1.850000
 -0.134720   3.910150   2.687590   1.000000   0.000000   0.000000   1.400000
 -2.457140   3.075900   2.273270   1.000000   0.000000   0.000000   1.400000
 -0.719900   3.142330   0.554670   1.000000   0.000000   0.000000   1.400000
 -1.597540   5.136940   1.431330   1.000000   0.000000   0.000000   1.400000
 -2.822000   5.764830   1.555670   0.000000   1.000000   0.000000   1.850000
 -3.493440   5.486730   0.700660   1.000000   1.000000   1.000000   1.200000
 -2.652850   6.874810   1.538170   1.000000   1.000000   1.000000   1.200000
 -3.324830   5.482940   2.516820   1.000000   1.000000   1.000000   1.200000
  0.937790   5.273800   0.517980   0.000000   0.000000   1.000000   1.540000
  0.942960   5.306300   1.558480   1.000000   1.000000   1.000000   1.200000
  1.710100   5.774280   0.107190   1.000000   1.000000   1.000000   1.200000
  0.015070   5.651610   0.225970   1.000000   1.000000   1.000000   1.200000
  0.930460   4.269070   0.253300   1.000000   1.000000   1.000000   1.200000
  1.504830   2.320800   4.747000   0.000000   0.000000   1.000000   1.540000
  1.506580   0.604350   3.671510   1.000000   1.000000   1.000000   1.200000
  1.001470   2.918960   4.115460   1.000000   1.000000   1.000000   1.200000
  2.441720   2.652360   4.836260   1.000000   1.000000   1.000000   1.200000
  1.068790   2.354680   5.644100   1.000000   1.000000   1.000000   1.200000
 -3.521110   0.953710   3.705550   0.000000   0.000000   1.000000   1.540000
 -2.036430  -0.346070   3.817540   1.000000   1.000000   1.000000   1.200000
 -3.775460   1.112020   2.749320   1.000000   1.000000   1.000000   1.200000
 -3.082530   1.796120   4.029410   1.000000   1.000000   1.000000   1.200000
 -4.350950   0.797100   4.237660   1.000000   1.000000   1.000000   1.200000
28 bonds follow (x1 y1 z1 x2 y2 z2)
 -3.521110   0.953710   3.705550  -4.350950   0.797100   4.237660
 -3.521110   0.953710   3.705550  -3.082530   1.796120   4.029410
 -3.521110   0.953710   3.705550  -3.775460   1.112020   2.749320
 -1.145220  -0.664150   3.589440  -2.036430  -0.346070   3.817540
  1.504830   2.320800   4.747000   1.068790   2.354680   5.644100
  1.504830   2.320800   4.747000   2.441720   2.652360   4.836260
  1.504830   2.320800   4.747000   1.001470   2.918960   4.115460
  1.175240  -0.021670   3.011040   1.506580   0.604350   3.671510
  0.937790   5.273800   0.517980   0.930460   4.269070   0.253300
  0.937790   5.273800   0.517980   0.015070   5.651610   0.225970
  0.937790   5.273800   0.517980   1.710100   5.774280   0.107190
  0.937790   5.273800   0.517980   0.942960   5.306300   1.558480
 -2.822000   5.764830   1.555670  -3.324830   5.482940   2.516820
 -2.822000   5.764830   1.555670  -2.652850   6.874810   1.538170
 -2.822000   5.764830   1.555670  -3.493440   5.486730   0.700660
 -1.597540   5.136940   1.431330  -2.822000   5.764830   1.555670
 -1.189730   3.442300   1.862340  -1.597540   5.136940   1.431330
 -1.189730   3.442300   1.862340  -0.719900   3.142330   0.554670
 -1.189730   3.442300   1.862340  -2.457140   3.075900   2.273270
 -1.189730   3.442300   1.862340  -0.134720   3.910150   2.687590
 -0.312760   0.143550   2.532550  -0.683430   1.569660   2.363630
 -0.312760   0.143550   2.532550  -1.145220  -0.664150   3.589440
 -0.312760   0.143550   2.532550   1.175240  -0.021670   3.011040
 -0.378880  -0.724670   1.203230  -0.312760   0.143550   2.532550
 -0.093920  -0.092260  -0.025840  -0.378880  -0.724670   1.203230
 -0.093920  -0.092260  -0.025840  -0.832850  -0.487090  -0.771130
 -0.093920  -0.092260  -0.025840  -0.197500   1.023050   0.072260
 -0.093920  -0.092260  -0.025840   0.939060  -0.384380  -0.350030
