33 atoms follow (x y z r g b radiusScale)
 -0.271810  -0.145700  -0.061480   0.000000   1.000000   0.000000   1.850000
  0.655140  -0.456230  -0.611700   1.000000   1.000000   1.000000   1.200000
 -0.341440   0.971460   0.031400   1.000000   1.000000   1.000000   1.200000
 -1.167680  -0.551540  -0.601760   1.000000   1.000000   1.000000   1.200000
 -0.236920  -0.756250   1.212490   1.000000   0.000000   0.000000   1.400000
 -0.246050   0.156310   2.506860   0.500000   0.500000   0.500000   1.900000
  1.265370   0.117090   2.962850   1.000000   0.000000   0.000000   1.400000
 -1.048300  -0.610560   3.624700   1.000000   0.000000   0.000000   1.400000
 -0.660420   1.560200   2.272410   1.000000   0.000000   0.000000   1.400000
 -1.146820   3.406820   1.899440   1.000000   1.000000   0.000000   1.850000
  0.098440   3.777790   2.492450   1.000000   0.000000   0.000000   1.400000
 -2.305600   3.140570   2.612040   1.000000   0.000000   0.000000   1.400000
 -0.962940   3.106010   0.521140   1.000000   0.000000   0.000000   1.400000
 -1.477720   5.127320   1.531380   1.000000   0.000000   0.000000   1.400000
 -2.616630   5.838620   1.845020   0.000000   1.000000   0.000000   1.850000
 -3.054730   5.493440   2.817690   1.000000   1.000000   1.000000   1.200000
 -3.384510   5.717810   1.035000   1.000000   1.000000   1.000000   1.200000
 -2.345150   6.925300   1.924990   1.000000   1.000000   1.000000   1.200000
  0.838100   5.158740   0.289320   0.000000   0.000000   1.000000   1.540000
  1.161300   4.614370   1.115050   1.000000   1.000000   1.000000   1.200000
  1.611790   5.505800  -0.262620   1.000000   1.000000   1.000000   1.200000
  0.240160   5.910930   0.657030   1.000000   1.000000   1.000000   1.200000
  0.212860   4.531880  -0.241950   1.000000   1.000000   1.000000   1.200000
  0.988300   2.511650   4.953650   0.000000   0.000000   1.000000   1.540000
  1.511880   0.674680   3.705480   1.000000   1.000000   1.000000   1.200000
  1.312540   3.043190   4.166470   1.000000   1.000000   1.000000   1.200000
  1.441980   2.842080   5.779320   1.000000   1.000000   1.000000   1.200000
  0.006070   2.678010   5.042700   1.000000   1.000000   1.000000   1.200000
 -3.686620   0.858940   3.377960   0.000000   0.000000   1.000000   1.540000
 -1.936780  -0.309690   3.850190   1.000000   1.000000   1.000000   1.200000
 -3.667180   1.371510   2.516240   1.000000   1.000000   1.000000   1.200000
 -3.423110   1.500430   4.101080   1.000000   1.000000   1.000000   1.200000
 -4.621070   0.551120   3.549130   1.000000   1.000000   1.000000   1.200000
29 bonds follow (x1 y1 z1 x2 y2 z2)
 -3.686620   0.858940   3.377960  -4.621070   0.551120   3.549130
 -3.686620   0.858940   3.377960  -3.423110   1.500430   4.101080
 -3.686620   0.858940   3.377960  -3.667180   1.371510   2.516240
 -1.048300  -0.610560   3.624700  -1.936780  -0.309690   3.850190
  0.988300   2.511650   4.953650   0.006070   2.678010   5.042700
  0.988300   2.511650   4.953650   1.441980   2.842080   5.779320
  0.988300   2.511650   4.953650   1.312540   3.043190   4.166470
  1.265370   0.117090   2.962850   1.511880   0.674680   3.705480
  0.838100   5.158740   0.289320   0.212860   4.531880  -0.241950
  0.838100   5.158740   0.289320   0.240160   5.910930   0.657030
  0.838100   5.158740   0.289320   1.611790   5.505800  -0.262620
  0.838100   5.158740   0.289320   1.161300   4.614370   1.115050
 -2.616630   5.838620   1.845020  -2.345150   6.925300   1.924990
 -2.616630   5.838620   1.845020  -3.384510   5.717810   1.035000
 -2.616630   5.838620   1.845020  -3.054730   5.493440   2.817690
 -1.477720   5.127320   1.531380  -2.616630   5.838620   1.845020
 -1.146820   3.406820   1.899440  -1.477720   5.127320   1.531380
 -1.146820   3.406820   1.899440  -0.962940   3.106010   0.521140
 -1.146820   3.406820   1.899440  -2.305600   3.140570   2.612040
 -1.146820   3.406820   1.899440   0.098440   3.777790   2.492450
 -0.660420   1.560200   2.272410  -1.146820   3.406820   1.899440
 -0.246050   0.156310   2.506860  -0.660420   1.560200   2.272410
 -0.246050   0.156310   2.506860  -1.048300  -0.610560   3.624700
 -0.246050   0.156310   2.506860   1.265370   0.117090   2.962850
 -0.236920  -0.756250   1.212490  -0.246050   0.156310   2.506860
 -0.271810  -0.145700  -0.061480  -0.236920  -0.756250   1.212490
 -0.271810  -0.145700  -0.061480  -1.167680  -0.551540  -0.601760
 -0.271810  -0.145700  -0.061480  -0.341440   0.971460   0.031400
 -0.271810  -0.145700  -0.061480   0.655140  -0.456230  -0.611700
