33 atoms follow (x y z r g b radiusScale)
 -0.462470  -0.251570  -0.005560   0.000000   1.000000   0.000000   1.850000
  0.449410  -0.411740  -0.639010   1.000000   1.000000   1.000000   1.200000
 -0.712150   0.842900   0.061610   1.000000   1.000000   1.000000   1.200000
 -1.315240  -0.829050  -0.449980   1.000000   1.000000   1.000000   1.200000
 -0.204030  -0.791830   1.270450   1.000000   0.000000   0.000000   1.400000
 -0.215060   0.173060   2.532180   0.500000   0.500000   0.500000   1.900000
  1.227230   0.022050   3.150590   1.000000   0.000000   0.000000   1.400000
 -1.134150  -0.600800   3.537900   1.000000   0.000000   0.000000   1.400000
 -0.675950   1.548980   2.228680   1.000000   0.000000   0.000000   1.400000
 -1.186910   3.426910   1.767010   1.000000   1.000000   0.000000   1.850000
 -0.114810   3.857230   2.592350   1.000000   0.000000   0.000000   1.400000
 -2.445840   3.049180   2.198440   1.000000   0.000000   0.000000   1.400000
 -0.711720   3.178300   0.445340   1.000000   0.000000   0.000000   1.400000
 -1.605330   5.114860   1.381760   1.000000   0.000000   0.000000   1.400000
 -2.670220   5.777650   1.966600   0.000000   1.000000   0.000000   1.850000
 -3.640880   5.402840   1.549430   1.000000   1.000000   1.000000   1.200000
 -2.565400   6.872240   1.743660   1.000000   1.000000   1.000000   1.200000
 -2.668700   5.624500   3.078580   1.000000   1.000000   1.000000   1.200000
  0.939570   5.292980   0.548720   0.000000   0.000000   1.000000   1.540000
  1.369680   4.649040   1.215620   1.000000   1.000000   1.000000   1.200000
  1.613020   5.772110  -0.025860   1.000000   1.000000   1.000000   1.200000
  0.341120   5.939140   1.094250   1.000000   1.000000   1.000000   1.200000
  0.278060   4.711340  -0.037140   1.000000   1.000000   1.000000   1.200000
  1.310420   2.460160   4.860030   0.000000   0.000000   1.000000   1.540000
  1.481260   0.650170   3.840680   1.000000   1.000000   1.000000   1.200000
  0.880960   3.073310   4.191320   1.000000   1.000000   1.000000   1.200000
  2.203650   2.824740   5.114060   1.000000   1.000000   1.000000   1.200000
  0.740080   2.416020   5.677960   1.000000   1.000000   1.000000   1.200000
 -3.554110   0.945730   3.621420   0.000000   0.000000   1.000000   1.540000
 -2.053590  -0.296600   3.646030   1.000000   1.000000   1.000000   1.200000
 -3.722060   1.284850   2.692920   1.000000   1.000000   1.000000   1.200000
 -3.228240   1.720880   4.163610   1.000000   1.000000   1.000000   1.200000
 -4.408100   0.608620   4.012160   1.000000   1.000000   1.000000   1.200000
28 bonds follow (x1 y1 z1 x2 y2 z2)
 -3.554110   0.945730   3.621420  -4.408100   0.608620   4.012160
 -3.554110   0.945730   3.621420  -3.228240   1.720880   4.163610
 -3.554110   0.945730   3.621420  -3.722060   1.284850   2.692920
 -1.134150  -0.600800   3.537900  -2.053590  -0.296600   3.646030
  1.310420   2.460160   4.860030   0.740080   2.416020   5.677960
  1.310420   2.460160   4.860030   2.203650   2.824740   5.114060
  1.310420   2.460160   4.860030   0.880960   3.073310   4.191320
  1.227230   0.022050   3.150590   1.481260   0.650170   3.840680
  0.939570   5.292980   0.548720   0.278060   4.711340  -0.037140
  0.939570   5.292980   0.548720   0.341120   5.939140   1.094250
  0.939570   5.292980   0.548720   1.613020   5.772110  -0.025860
  0.939570   5.292980   0.548720   1.369680   4.649040   1.215620
 -2.670220   5.777650   1.966600  -2.668700   5.624500   3.078580
 -2.670220   5.777650   1.966600  -2.565400   6.872240   1.743660
 -2.670220   5.777650   1.966600  -3.640880   5.402840   1.549430
 -1.605330   5.114860   1.381760  -2.670220   5.777650   1.966600
 -1.186910   3.426910   1.767010  -1.605330   5.114860   1.381760
 -1.186910   3.426910   1.767010  -0.711720   3.178300   0.445340
 -1.186910   3.426910   1.767010  -2.445840   3.049180   2.198440
 -1.186910   3.426910   1.767010  -0.114810   3.857230   2.592350
 -0.215060   0.173060   2.532180  -0.675950   1.548980   2.228680
 -0.215060   0.173060   2.532180  -1.134150  -0.600800   3.537900
 -0.215060   0.173060   2.532180   1.227230   0.022050   3.150590
 -0.204030  -0.791830   1.270450  -0.215060   0.173060   2.532180
 -0.462470  -0.251570  -0.005560  -0.204030  -0.791830   1.270450
 -0.462470  -0.251570  -0.005560  -1.315240  -0.829050  -0.449980
 -0.462470  -0.251570  -0.005560  -0.712150   0.842900   0.061610
 -0.462470  -0.251570  -0.005560   0.449410  -0.411740  -0.639010
