33 atoms follow (x y z r g b radiusScale)
 -0.484830  -0.260940  -0.018260   0.000000   1.000000   0.000000   1.850000
  0.399940  -0.447510  -0.682230   1.000000   1.000000   1.000000   1.200000
 -0.715970   0.837190   0.039050   1.000000   1.000000   1.000000   1.200000
 -1.361300  -0.836900  -0.417040   1.000000   1.000000   1.000000   1.200000
 -0.177460  -0.778890   1.255940   1.000000   0.000000   0.000000   1.400000
 -0.225860   0.169840   2.526490   0.500000   0.500000   0.500000   1.900000
  1.209200   0.019300   3.160000   1.000000   0.000000   0.000000   1.400000
 -1.133630  -0.586290   3.558070   1.000000   0.000000   0.000000   1.400000
 -0.676970   1.555650   2.252400   1.000000   0.000000   0.000000   1.400000
 -1.185530   3.428510   1.763680   1.000000   1.000000   0.000000   1.850000
 -0.110820   3.869840   2.586380   1.000000   0.000000   0.000000   1.400000
 -2.437070   3.046220   2.198550   1.000000   0.000000   0.000000   1.400000
 -0.730900   3.150790   0.454600   1.000000   0.000000   0.000000   1.400000
 -1.594530   5.133950   1.369080   1.000000   0.000000   0.000000   1.400000
 -2.656470   5.772150   1.987330   0.000000   1.000000   0.000000   1.850000
 -3.631430   5.362950   1.614970   1.000000   1.000000   1.000000   1.200000
 -2.599590   6.866570   1.751710   1.000000   1.000000   1.000000   1.200000
 -2.606570   5.632640   3.100130   1.000000   1.000000   1.000000   1.200000
  0.930250   5.302840   0.534580   0.000000   0.000000   1.000000   1.540000
  1.228210   4.701120   1.318190   1.000000   1.000000   1.000000   1.200000
  1.708820   5.691640   0.028170   1.000000   1.000000   1.000000   1.200000
  0.315820   6.026570   0.937510   1.000000   1.000000   1.000000   1.200000
  0.311310   4.710910  -0.077000   1.000000   1.000000   1.000000   1.200000
  1.298910   2.451800   4.880680   0.000000   0.000000   1.000000   1.540000
  1.490590   0.685660   3.801150   1.000000   1.000000   1.000000   1.200000
  0.882390   3.032070   4.174910   1.000000   1.000000   1.000000   1.200000
  2.167310   2.854000   5.162980   1.000000   1.000000   1.000000   1.200000
  0.692380   2.418320   5.672880   1.000000   1.000000   1.000000   1.200000
 -3.519310   0.922950   3.598230   0.000000   0.000000   1.000000   1.540000
 -2.057920  -0.295850   3.669660   1.000000   1.000000   1.000000   1.200000
 -3.646910   1.268310   2.664870   1.000000   1.000000   1.000000   1.200000
 -3.126910   1.671730   4.135190   1.000000   1.000000   1.000000   1.200000
 -4.407060   0.679320   3.983280   1.000000   1.000000   1.000000   1.200000
28 bonds follow (x1 y1 z1 x2 y2 z2)
 -3.519310   0.922950   3.598230  -4.407060   0.679320   3.983280
 -3.519310   0.922950   3.598230  -3.126910   1.671730   4.135190
 -3.519310   0.922950   3.598230  -3.646910   1.268310   2.664870
 -1.133630  -0.586290   3.558070  -2.057920  -0.295850   3.669660
  1.298910   2.451800   4.880680   0.692380   2.418320   5.672880
  1.298910   2.451800   4.880680   2.167310   2.854000   5.162980
  1.298910   2.451800   4.880680   0.882390   3.032070   4.174910
  1.209200   0.019300   3.160000   1.490590   0.685660   3.801150
  0.930250   5.302840   0.534580   0.311310   4.710910  -0.077000
  0.930250   5.302840   0.534580   0.315820   6.026570   0.937510
  0.930250   5.302840   0.534580   1.708820   5.691640   0.028170
  0.930250   5.302840   0.534580   1.228210   4.701120   1.318190
 -2.656470   5.772150   1.987330  -2.606570   5.632640   3.100130
 -2.656470   5.772150   1.987330  -2.599590   6.866570   1.751710
 -2.656470   5.772150   1.987330  -3.631430   5.362950   1.614970
 -1.594530   5.133950   1.369080  -2.656470   5.772150   1.987330
 -1.185530   3.428510   1.763680  -1.594530   5.133950   1.369080
 -1.185530   3.428510   1.763680  -0.730900   3.150790   0.454600
 -1.185530   3.428510   1.763680  -2.437070   3.046220   2.198550
 -1.185530   3.428510   1.763680  -0.110820   3.869840   2.586380
 -0.225860   0.169840   2.526490  -0.676970   1.555650   2.252400
 -0.225860   0.169840   2.526490  -1.133630  -0.586290   3.558070
 -0.225860   0.169840   2.526490   1.209200   0.019300   3.160000
 -0.177460  -0.778890   1.255940  -0.225860   0.169840   2.526490
 -0.484830  -0.260940  -0.018260  -0.177460  -0.778890   1.255940
 -0.484830  -0.260940  -0.018260  -1.361300  -0.836900  -0.417040
 -0.484830  -0.260940  -0.018260  -0.715970   0.837190   0.039050
 -0.484830  -0.260940  -0.018260   0.399940  -0.447510  -0.682230
