33 atoms follow (x y z r g b radiusScale)
 -0.001030   0.000450   0.001200   0.000000   1.000000   0.000000   1.850000
  1.118080   0.000250  -0.001580   1.000000   1.000000   1.000000   1.200000
 -0.404930   1.050550   0.005220   1.000000   1.000000   1.000000   1.200000
 -0.388910  -0.575080  -0.876170   1.000000   1.000000   1.000000   1.200000
 -0.444090  -0.682770   1.155750   1.000000   0.000000   0.000000   1.400000
 -0.330500   0.131840   2.515980   0.500000   0.500000   0.500000   1.900000
  1.153860  -0.067970   2.992850   1.000000   0.000000   0.000000   1.400000
 -1.241120  -0.625540   3.540280   1.000000   0.000000   0.000000   1.400000
 -0.676740   1.568350   2.366800   1.000000   0.000000   0.000000   1.400000
 -1.166400   3.428000   1.969990   1.000000   1.000000   0.000000   1.850000
 -0.015600   3.850230   2.685390   1.000000   0.000000   0.000000   1.400000
 -2.399230   3.140780   2.535670   1.000000   0.000000   0.000000   1.400000
 -0.835870   3.170470   0.612420   1.000000   0.000000   0.000000   1.400000
 -1.582850   5.134110   1.609620   1.000000   0.000000   0.000000   1.400000
 -2.727930   5.595550   0.988050   0.000000   1.000000   0.000000   1.850000
 -2.723080   5.308390  -0.098410   1.000000   1.000000   1.000000   1.200000
 -2.738030   6.715590   1.067820   1.000000   1.000000   1.000000   1.200000
 -3.644830   5.178760   1.477630   1.000000   1.000000   1.000000   1.200000
  0.813550   5.411220   0.491270   0.000000   0.000000   1.000000   1.540000
  1.182300   5.091790   1.402450   1.000000   1.000000   1.000000   1.200000
 -0.132770   5.822960   0.700880   1.000000   1.000000   1.000000   1.200000
  0.635780   4.563340  -0.071990   1.000000   1.000000   1.000000   1.200000
  1.428780   6.063650   0.030040   1.000000   1.000000   1.000000   1.200000
  1.620770   2.232820   4.686170   0.000000   0.000000   1.000000   1.540000
  1.510460   0.568800   3.635560   1.000000   1.000000   1.000000   1.200000
  1.163730   2.884950   4.073200   1.000000   1.000000   1.000000   1.200000
  2.564740   2.520740   4.831160   1.000000   1.000000   1.000000   1.200000
  1.149520   2.225670   5.565830   1.000000   1.000000   1.000000   1.200000
 -3.598250   0.958000   3.767910   0.000000   0.000000   1.000000   1.540000
 -2.133540  -0.267540   3.723790   1.000000   1.000000   1.000000   1.200000
 -3.828360   1.193180   2.821860   1.000000   1.000000   1.000000   1.200000
 -3.163590   1.767860   4.170480   1.000000   1.000000   1.000000   1.200000
 -4.438940   0.756790   4.266300   1.000000   1.000000   1.000000   1.200000
28 bonds follow (x1 y1 z1 x2 y2 z2)
 -3.598250   0.958000   3.767910  -4.438940   0.756790   4.266300
 -3.598250   0.958000   3.767910  -3.163590   1.767860   4.170480
 -3.598250   0.958000   3.767910  -3.828360   1.193180   2.821860
 -1.241120  -0.625540   3.540280  -2.133540  -0.267540   3.723790
  1.620770   2.232820   4.686170   1.149520   2.225670   5.565830
  1.620770   2.232820   4.686170   2.564740   2.520740   4.831160
  1.620770   2.232820   4.686170   1.163730   2.884950   4.073200
  1.153860  -0.067970   2.992850   1.510460   0.568800   3.635560
  0.813550   5.411220   0.491270   1.428780   6.063650   0.030040
  0.813550   5.411220   0.491270   0.635780   4.563340  -0.071990
  0.813550   5.411220   0.491270  -0.132770   5.822960   0.700880
  0.813550   5.411220   0.491270   1.182300   5.091790   1.402450
 -2.727930   5.595550   0.988050  -3.644830   5.178760   1.477630
 -2.727930   5.595550   0.988050  -2.738030   6.715590   1.067820
 -2.727930   5.595550   0.988050  -2.723080   5.308390  -0.098410
 -1.582850   5.134110   1.609620  -2.727930   5.595550   0.988050
 -1.166400   3.428000   1.969990  -1.582850   5.134110   1.609620
 -1.166400   3.428000   1.969990  -0.835870   3.170470   0.612420
 -1.166400   3.428000   1.969990  -2.399230   3.140780   2.535670
 -1.166400   3.428000   1.969990  -0.015600   3.850230   2.685390
 -0.330500   0.131840   2.515980  -0.676740   1.568350   2.366800
 -0.330500   0.131840   2.515980  -1.241120  -0.625540   3.540280
 -0.330500   0.131840   2.515980   1.153860  -0.067970   2.992850
 -0.444090  -0.682770   1.155750  -0.330500   0.131840   2.515980
 -0.001030   0.000450   0.001200  -0.444090  -0.682770   1.155750
 -0.001030   0.000450   0.001200  -0.388910  -0.575080  -0.876170
 -0.001030   0.000450   0.001200  -0.404930   1.050550   0.005220
 -0.001030   0.000450   0.001200   1.118080   0.000250  -0.001580
