33 atoms follow (x y z r g b radiusScale)
 -0.019810   0.011130  -0.023600   0.000000   1.000000   0.000000   1.850000
  1.098770  -0.018200  -0.045620   1.000000   1.000000   1.000000   1.200000
 -0.397240   1.071350  -0.017760   1.000000   1.000000   1.000000   1.200000
 -0.436440  -0.558270  -0.891780   1.000000   1.000000   1.000000   1.200000
 -0.460020  -0.655190   1.141280   1.000000   0.000000   0.000000   1.400000
 -0.305810   0.160880   2.495820   0.500000   0.500000   0.500000   1.900000
  1.166000  -0.094730   2.989130   1.000000   0.000000   0.000000   1.400000
 -1.226210  -0.584310   3.517610   1.000000   0.000000   0.000000   1.400000
 -0.610870   1.606960   2.347740   1.000000   0.000000   0.000000   1.400000
 -1.207660   3.443510   1.969640   1.000000   1.000000   0.000000   1.850000
 -0.069480   3.895820   2.691470   1.000000   0.000000   0.000000   1.400000
 -2.434530   3.156480   2.563110   1.000000   0.000000   0.000000   1.400000
 -0.842260   3.155410   0.622540   1.000000   0.000000   0.000000   1.400000
 -1.540400   5.134980   1.471160   1.000000   0.000000   0.000000   1.400000
 -2.832120   5.486410   1.133100   0.000000   1.000000   0.000000   1.850000
 -3.033430   5.230500   0.057660   1.000000   1.000000   1.000000   1.200000
 -2.956740   6.592130   1.273280   1.000000   1.000000   1.000000   1.200000
 -3.579780   4.954160   1.779090   1.000000   1.000000   1.000000   1.200000
  0.986810   5.297160   0.531700   0.000000   0.000000   1.000000   1.540000
  0.844940   5.193280   1.565220   1.000000   1.000000   1.000000   1.200000
  0.818460   6.264950   0.258680   1.000000   1.000000   1.000000   1.200000
  0.247830   4.680440   0.109480   1.000000   1.000000   1.000000   1.200000
  1.907350   4.988880   0.263380   1.000000   1.000000   1.000000   1.200000
  1.592690   2.273030   4.692530   0.000000   0.000000   1.000000   1.540000
  1.540200   0.533260   3.625520   1.000000   1.000000   1.000000   1.200000
  1.091440   2.877070   4.064380   1.000000   1.000000   1.000000   1.200000
  2.520400   2.621340   4.809260   1.000000   1.000000   1.000000   1.200000
  1.137360   2.279650   5.580850   1.000000   1.000000   1.000000   1.200000
 -3.623400   0.928940   3.785290   0.000000   0.000000   1.000000   1.540000
 -2.126520  -0.239590   3.685660   1.000000   1.000000   1.000000   1.200000
 -3.875670   1.207890   2.857210   1.000000   1.000000   1.000000   1.200000
 -3.227220   1.732800   4.234980   1.000000   1.000000   1.000000   1.200000
 -4.444410   0.647570   4.277590   1.000000   1.000000   1.000000   1.200000
28 bonds follow (x1 y1 z1 x2 y2 z2)
 -3.623400   0.928940   3.785290  -4.444410   0.647570   4.277590
 -3.623400   0.928940   3.785290  -3.227220   1.732800   4.234980
 -3.623400   0.928940   3.785290  -3.875670   1.207890   2.857210
 -1.226210  -0.584310   3.517610  -2.126520  -0.239590   3.685660
  1.592690   2.273030   4.692530   1.137360   2.279650   5.580850
  1.592690   2.273030   4.692530   2.520400   2.621340   4.809260
  1.592690   2.273030   4.692530   1.091440   2.877070   4.064380
  1.166000  -0.094730   2.989130   1.540200   0.533260   3.625520
  0.986810   5.297160   0.531700   1.907350   4.988880   0.263380
  0.986810   5.297160   0.531700   0.247830   4.680440   0.109480
  0.986810   5.297160   0.531700   0.818460   6.264950   0.258680
  0.986810   5.297160   0.531700   0.844940   5.193280   1.565220
 -2.832120   5.486410   1.133100  -3.579780   4.954160   1.779090
 -2.832120   5.486410   1.133100  -2.956740   6.592130   1.273280
 -2.832120   5.486410   1.133100  -3.033430   5.230500   0.057660
 -1.540400   5.134980   1.471160  -2.832120   5.486410   1.133100
 -1.207660   3.443510   1.969640  -1.540400   5.134980   1.471160
 -1.207660   3.443510   1.969640  -0.842260   3.155410   0.622540
 -1.207660   3.443510   1.969640  -2.434530   3.156480   2.563110
 -1.207660   3.443510   1.969640  -0.069480   3.895820   2.691470
 -0.305810   0.160880   2.495820  -0.610870   1.606960   2.347740
 -0.305810   0.160880   2.495820  -1.226210  -0.584310   3.517610
 -0.305810   0.160880   2.495820   1.166000  -0.094730   2.989130
 -0.460020  -0.655190   1.141280  -0.305810   0.160880   2.495820
 -0.019810   0.011130  -0.023600  -0.460020  -0.655190   1.141280
 -0.019810   0.011130  -0.023600  -0.436440  -0.558270  -0.891780
 -0.019810   0.011130  -0.023600  -0.397240   1.071350  -0.017760
 -0.019810   0.011130  -0.023600   1.098770  -0.018200  -0.045620
