33 atoms follow (x y z r g b radiusScale)
 -0.339580  -0.197300  -0.047980   0.000000   1.000000   0.000000   1.850000
  0.606120  -0.414890  -0.610540   1.000000   1.000000   1.000000   1.200000
 -0.515590   0.910370   0.031930   1.000000   1.000000   1.000000   1.200000
 -1.195010  -0.698780  -0.572550   1.000000   1.000000   1.000000   1.200000
 -0.227980  -0.790460   1.230450   1.000000   0.000000   0.000000   1.400000
 -0.238600   0.151560   2.509240   0.500000   0.500000   0.500000   1.900000
  1.220540   0.093940   3.099010   1.000000   0.000000   0.000000   1.400000
 -1.165120  -0.517230   3.585630   1.000000   0.000000   0.000000   1.400000
 -0.628710   1.553080   2.220940   1.000000   0.000000   0.000000   1.400000
 -1.190600   3.391050   1.782760   1.000000   1.000000   0.000000   1.850000
 -0.127050   3.852460   2.618270   1.000000   0.000000   0.000000   1.400000
 -2.426190   3.003250   2.273290   1.000000   0.000000   0.000000   1.400000
 -0.752620   3.139260   0.459810   1.000000   0.000000   0.000000   1.400000
 -1.588530   5.087580   1.364050   1.000000   0.000000   0.000000   1.400000
 -2.685180   5.779880   1.835470   0.000000   1.000000   0.000000   1.850000
 -3.605490   5.482870   1.266980   1.000000   1.000000   1.000000   1.200000
 -2.502620   6.877980   1.692950   1.000000   1.000000   1.000000   1.200000
 -2.849880   5.572160   2.926180   1.000000   1.000000   1.000000   1.200000
  0.957470   5.302230   0.619910   0.000000   0.000000   1.000000   1.540000
  1.462930   4.531280   1.060070   1.000000   1.000000   1.000000   1.200000
  1.574710   6.025090   0.286020   1.000000   1.000000   1.000000   1.200000
  0.290690   5.666960   1.350630   1.000000   1.000000   1.000000   1.200000
  0.356650   4.901620  -0.135260   1.000000   1.000000   1.000000   1.200000
  1.385250   2.425480   4.828870   0.000000   0.000000   1.000000   1.540000
  1.482420   0.804710   3.706590   1.000000   1.000000   1.000000   1.200000
  0.896010   2.974590   4.144180   1.000000   1.000000   1.000000   1.200000
  2.307220   2.789840   4.941860   1.000000   1.000000   1.000000   1.200000
  0.906190   2.491840   5.701730   1.000000   1.000000   1.000000   1.200000
 -3.678770   0.955330   3.720450   0.000000   0.000000   1.000000   1.540000
 -2.038970  -0.131880   3.774320   1.000000   1.000000   1.000000   1.200000
 -3.724870   1.170360   2.741680   1.000000   1.000000   1.000000   1.200000
 -3.314780   1.769550   4.177300   1.000000   1.000000   1.000000   1.200000
 -4.603210   0.785310   4.056260   1.000000   1.000000   1.000000   1.200000
28 bonds follow (x1 y1 z1 x2 y2 z2)
 -3.678770   0.955330   3.720450  -4.603210   0.785310   4.056260
 -3.678770   0.955330   3.720450  -3.314780   1.769550   4.177300
 -3.678770   0.955330   3.720450  -3.724870   1.170360   2.741680
 -1.165120  -0.517230   3.585630  -2.038970  -0.131880   3.774320
  1.385250   2.425480   4.828870   0.906190   2.491840   5.701730
  1.385250   2.425480   4.828870   2.307220   2.789840   4.941860
  1.385250   2.425480   4.828870   0.896010   2.974590   4.144180
  1.220540   0.093940   3.099010   1.482420   0.804710   3.706590
  0.957470   5.302230   0.619910   0.356650   4.901620  -0.135260
  0.957470   5.302230   0.619910   0.290690   5.666960   1.350630
  0.957470   5.302230   0.619910   1.574710   6.025090   0.286020
  0.957470   5.302230   0.619910   1.462930   4.531280   1.060070
 -2.685180   5.779880   1.835470  -2.849880   5.572160   2.926180
 -2.685180   5.779880   1.835470  -2.502620   6.877980   1.692950
 -2.685180   5.779880   1.835470  -3.605490   5.482870   1.266980
 -1.588530   5.087580   1.364050  -2.685180   5.779880   1.835470
 -1.190600   3.391050   1.782760  -1.588530   5.087580   1.364050
 -1.190600   3.391050   1.782760  -0.752620   3.139260   0.459810
 -1.190600   3.391050   1.782760  -2.426190   3.003250   2.273290
 -1.190600   3.391050   1.782760  -0.127050   3.852460   2.618270
 -0.238600   0.151560   2.509240  -0.628710   1.553080   2.220940
 -0.238600   0.151560   2.509240  -1.165120  -0.517230   3.585630
 -0.238600   0.151560   2.509240   1.220540   0.093940   3.099010
 -0.227980  -0.790460   1.230450  -0.238600   0.151560   2.509240
 -0.339580  -0.197300  -0.047980  -0.227980  -0.790460   1.230450
 -0.339580  -0.197300  -0.047980  -1.195010  -0.698780  -0.572550
 -0.339580  -0.197300  -0.047980  -0.515590   0.910370   0.031930
 -0.339580  -0.197300  -0.047980   0.606120  -0.414890  -0.610540
