33 atoms follow (x y z r g b radiusScale)
 -0.290570  -0.129190  -0.077180   0.000000   1.000000   0.000000   1.850000
  0.634370  -0.434780  -0.632830   1.000000   1.000000   1.000000   1.200000
 -0.367610   0.987720   0.013820   1.000000   1.000000   1.000000   1.200000
 -1.186630  -0.543920  -0.609690   1.000000   1.000000   1.000000   1.200000
 -0.243760  -0.732020   1.200440   1.000000   0.000000   0.000000   1.400000
 -0.236470   0.157220   2.515420   0.500000   0.500000   0.500000   1.900000
  1.261310   0.095230   2.981670   1.000000   0.000000   0.000000   1.400000
 -1.031910  -0.610210   3.628860   1.000000   0.000000   0.000000   1.400000
 -0.655690   1.554440   2.285290   1.000000   0.000000   0.000000   1.400000
 -1.155070   3.402690   1.890190   1.000000   1.000000   0.000000   1.850000
  0.083060   3.790110   2.479870   1.000000   0.000000   0.000000   1.400000
 -2.318050   3.130890   2.605960   1.000000   0.000000   0.000000   1.400000
 -0.971790   3.093130   0.520960   1.000000   0.000000   0.000000   1.400000
 -1.480660   5.134880   1.503240   1.000000   0.000000   0.000000   1.400000
 -2.603680   5.864160   1.845240   0.000000   1.000000   0.000000   1.850000
 -3.052440   5.486270   2.801040   1.000000   1.000000   1.000000   1.200000
 -3.371390   5.796180   1.028890   1.000000   1.000000   1.000000   1.200000
 -2.308200   6.939780   1.974600   1.000000   1.000000   1.000000   1.200000
  0.858630   5.166890   0.289830   0.000000   0.000000   1.000000   1.540000
  1.216050   4.509200   1.006800   1.000000   1.000000   1.000000   1.200000
  1.595280   5.558670  -0.276100   1.000000   1.000000   1.000000   1.200000
  0.325020   5.884260   0.796760   1.000000   1.000000   1.000000   1.200000
  0.168210   4.635490  -0.273830   1.000000   1.000000   1.000000   1.200000
  0.996470   2.515280   4.980310   0.000000   0.000000   1.000000   1.540000
  1.517900   0.565730   3.777150   1.000000   1.000000   1.000000   1.200000
  1.288460   3.023750   4.165440   1.000000   1.000000   1.000000   1.200000
  1.516770   2.837620   5.769260   1.000000   1.000000   1.000000   1.200000
  0.029940   2.721280   5.132610   1.000000   1.000000   1.000000   1.200000
 -3.693310   0.825570   3.384540   0.000000   0.000000   1.000000   1.540000
 -1.940110  -0.347290   3.820470   1.000000   1.000000   1.000000   1.200000
 -3.640710   1.335080   2.521760   1.000000   1.000000   1.000000   1.200000
 -3.365130   1.444870   4.101380   1.000000   1.000000   1.000000   1.200000
 -4.650470   0.608860   3.570630   1.000000   1.000000   1.000000   1.200000
28 bonds follow (x1 y1 z1 x2 y2 z2)
 -3.693310   0.825570   3.384540  -4.650470   0.608860   3.570630
 -3.693310   0.825570   3.384540  -3.365130   1.444870   4.101380
 -3.693310   0.825570   3.384540  -3.640710   1.335080   2.521760
 -1.031910  -0.610210   3.628860  -1.940110  -0.347290   3.820470
  0.996470   2.515280   4.980310   0.029940   2.721280   5.132610
  0.996470   2.515280   4.980310   1.516770   2.837620   5.769260
  0.996470   2.515280   4.980310   1.288460   3.023750   4.165440
  1.261310   0.095230   2.981670   1.517900   0.565730   3.777150
  0.858630   5.166890   0.289830   0.168210   4.635490  -0.273830
  0.858630   5.166890   0.289830   0.325020   5.884260   0.796760
  0.858630   5.166890   0.289830   1.595280   5.558670  -0.276100
  0.858630   5.166890   0.289830   1.216050   4.509200   1.006800
 -2.603680   5.864160   1.845240  -2.308200   6.939780   1.974600
 -2.603680   5.864160   1.845240  -3.371390   5.796180   1.028890
 -2.603680   5.864160   1.845240  -3.052440   5.486270   2.801040
 -1.480660   5.134880   1.503240  -2.603680   5.864160   1.845240
 -1.155070   3.402690   1.890190  -1.480660   5.134880   1.503240
 -1.155070   3.402690   1.890190  -0.971790   3.093130   0.520960
 -1.155070   3.402690   1.890190  -2.318050   3.130890   2.605960
 -1.155070   3.402690   1.890190   0.083060   3.790110   2.479870
 -0.236470   0.157220   2.515420  -0.655690   1.554440   2.285290
 -0.236470   0.157220   2.515420  -1.031910  -0.610210   3.628860
 -0.236470   0.157220   2.515420   1.261310   0.095230   2.981670
 -0.243760  -0.732020   1.200440  -0.236470   0.157220   2.515420
 -0.290570  -0.129190  -0.077180  -0.243760  -0.732020   1.200440
 -0.290570  -0.129190  -0.077180  -1.186630  -0.543920  -0.609690
 -0.290570  -0.129190  -0.077180  -0.367610   0.987720   0.013820
 -0.290570  -0.129190  -0.077180   0.634370  -0.434780  -0.632830
