33 atoms follow (x y z r g b radiusScale)
 -0.534470  -0.233920  -0.027540   0.000000   1.000000   0.000000   1.850000
  0.277690  -0.487380  -0.757830   1.000000   1.000000   1.000000   1.200000
 -0.685490   0.878670   0.030370   1.000000   1.000000   1.000000   1.200000
 -1.476000  -0.757910  -0.340460   1.000000   1.000000   1.000000   1.200000
 -0.138080  -0.753330   1.223160   1.000000   0.000000   0.000000   1.400000
 -0.228080   0.147840   2.528050   0.500000   0.500000   0.500000   1.900000
  1.215620   0.072630   3.148310   1.000000   0.000000   0.000000   1.400000
 -1.143080  -0.579040   3.582150   1.000000   0.000000   0.000000   1.400000
 -0.625920   1.553930   2.273680   1.000000   0.000000   0.000000   1.400000
 -1.191130   3.412470   1.763600   1.000000   1.000000   0.000000   1.850000
 -0.120710   3.851730   2.595640   1.000000   0.000000   0.000000   1.400000
 -2.450170   3.107200   2.263970   1.000000   0.000000   0.000000   1.400000
 -0.744330   3.132540   0.447090   1.000000   0.000000   0.000000   1.400000
 -1.571650   5.094990   1.345320   1.000000   0.000000   0.000000   1.400000
 -2.595070   5.759700   1.997400   0.000000   1.000000   0.000000   1.850000
 -3.585390   5.300730   1.742170   1.000000   1.000000   1.000000   1.200000
 -2.580950   6.830260   1.663750   1.000000   1.000000   1.000000   1.200000
 -2.447500   5.715290   3.109140   1.000000   1.000000   1.000000   1.200000
  0.908470   5.338520   0.483720   0.000000   0.000000   1.000000   1.540000
  0.960730   4.959590   1.449200   1.000000   1.000000   1.000000   1.200000
  1.779990   5.757080   0.195800   1.000000   1.000000   1.000000   1.200000
  0.125780   6.009950   0.474920   1.000000   1.000000   1.000000   1.200000
  0.638240   4.537770  -0.130700   1.000000   1.000000   1.000000   1.200000
  1.261300   2.429150   4.918380   0.000000   0.000000   1.000000   1.540000
  1.404740   0.674910   3.884020   1.000000   1.000000   1.000000   1.200000
  0.908170   3.004760   4.174550   1.000000   1.000000   1.000000   1.200000
  2.113640   2.817970   5.260670   1.000000   1.000000   1.000000   1.200000
  0.596040   2.414120   5.662240   1.000000   1.000000   1.000000   1.200000
 -3.518810   0.897300   3.571840   0.000000   0.000000   1.000000   1.540000
 -2.063470  -0.280460   3.713840   1.000000   1.000000   1.000000   1.200000
 -3.607130   1.100350   2.593350   1.000000   1.000000   1.000000   1.200000
 -3.132210   1.719140   3.999260   1.000000   1.000000   1.000000   1.200000
 -4.430140   0.737530   3.946290   1.000000   1.000000   1.000000   1.200000
28 bonds follow (x1 y1 z1 x2 y2 z2)
 -3.518810   0.897300   3.571840  -4.430140   0.737530   3.946290
 -3.518810   0.897300   3.571840  -3.132210   1.719140   3.999260
 -3.518810   0.897300   3.571840  -3.607130   1.100350   2.593350
 -1.143080  -0.579040   3.582150  -2.063470  -0.280460   3.713840
  1.261300   2.429150   4.918380   0.596040   2.414120   5.662240
  1.261300   2.429150   4.918380   2.113640   2.817970   5.260670
  1.261300   2.429150   4.918380   0.908170   3.004760   4.174550
  1.215620   0.072630   3.148310   1.404740   0.674910   3.884020
  0.908470   5.338520   0.483720   0.638240   4.537770  -0.130700
  0.908470   5.338520   0.483720   0.125780   6.009950   0.474920
  0.908470   5.338520   0.483720   1.779990   5.757080   0.195800
  0.908470   5.338520   0.483720   0.960730   4.959590   1.449200
 -2.595070   5.759700   1.997400  -2.447500   5.715290   3.109140
 -2.595070   5.759700   1.997400  -2.580950   6.830260   1.663750
 -2.595070   5.759700   1.997400  -3.585390   5.300730   1.742170
 -1.571650   5.094990   1.345320  -2.595070   5.759700   1.997400
 -1.191130   3.412470   1.763600  -1.571650   5.094990   1.345320
 -1.191130   3.412470   1.763600  -0.744330   3.132540   0.447090
 -1.191130   3.412470   1.763600  -2.450170   3.107200   2.263970
 -1.191130   3.412470   1.763600  -0.120710   3.851730   2.595640
 -0.228080   0.147840   2.528050  -0.625920   1.553930   2.273680
 -0.228080   0.147840   2.528050  -1.143080  -0.579040   3.582150
 -0.228080   0.147840   2.528050   1.215620   0.072630   3.148310
 -0.138080  -0.753330   1.223160  -0.228080   0.147840   2.528050
 -0.534470  -0.233920  -0.027540  -0.138080  -0.753330   1.223160
 -0.534470  -0.233920  -0.027540  -1.476000  -0.757910  -0.340460
 -0.534470  -0.233920  -0.027540  -0.685490   0.878670   0.030370
 -0.534470  -0.233920  -0.027540   0.277690  -0.487380  -0.757830
