33 atoms follow (x y z r g b radiusScale)
 -0.005290   0.003410   0.001900   0.000000   1.000000   0.000000   1.850000
  1.113700  -0.006920  -0.014560   1.000000   1.000000   1.000000   1.200000
 -0.399600   1.056930   0.013310   1.000000   1.000000   1.000000   1.200000
 -0.408040  -0.563570  -0.874500   1.000000   1.000000   1.000000   1.200000
 -0.441300  -0.680570   1.157610   1.000000   0.000000   0.000000   1.400000
 -0.331640   0.143750   2.512710   0.500000   0.500000   0.500000   1.900000
  1.150680  -0.082520   2.986870   1.000000   0.000000   0.000000   1.400000
 -1.232580  -0.629070   3.534680   1.000000   0.000000   0.000000   1.400000
 -0.652260   1.583470   2.355980   1.000000   0.000000   0.000000   1.400000
 -1.170920   3.471800   1.957890   1.000000   1.000000   0.000000   1.850000
 -0.016910   3.890100   2.676830   1.000000   0.000000   0.000000   1.400000
 -2.376160   3.098510   2.522150   1.000000   0.000000   0.000000   1.400000
 -0.849260   3.217470   0.594700   1.000000   0.000000   0.000000   1.400000
 -1.578730   5.184250   1.602060   1.000000   0.000000   0.000000   1.400000
 -2.796900   5.517530   1.038220   0.000000   1.000000   0.000000   1.850000
 -2.814750   5.222230  -0.046010   1.000000   1.000000   1.000000   1.200000
 -2.935140   6.627620   1.114450   1.000000   1.000000   1.000000   1.200000
 -3.640000   5.004190   1.570310   1.000000   1.000000   1.000000   1.200000
  0.872100   5.301880   0.525380   0.000000   0.000000   1.000000   1.540000
  0.854860   5.088270   1.545520   1.000000   1.000000   1.000000   1.200000
  0.395930   6.185700   0.394870   1.000000   1.000000   1.000000   1.200000
  0.306010   4.562590   0.055760   1.000000   1.000000   1.000000   1.200000
  1.818720   5.315840   0.172570   1.000000   1.000000   1.000000   1.200000
  1.610640   2.247750   4.684400   0.000000   0.000000   1.000000   1.540000
  1.520560   0.541920   3.630200   1.000000   1.000000   1.000000   1.200000
  1.130520   2.878040   4.066620   1.000000   1.000000   1.000000   1.200000
  2.544120   2.571530   4.822330   1.000000   1.000000   1.000000   1.200000
  1.143280   2.236670   5.566270   1.000000   1.000000   1.000000   1.200000
 -3.614540   0.937810   3.782730   0.000000   0.000000   1.000000   1.540000
 -2.132240  -0.296810   3.717900   1.000000   1.000000   1.000000   1.200000
 -3.818550   1.181260   2.832510   1.000000   1.000000   1.000000   1.200000
 -3.161690   1.732660   4.194510   1.000000   1.000000   1.000000   1.200000
 -4.472160   0.768000   4.263950   1.000000   1.000000   1.000000   1.200000
28 bonds follow (x1 y1 z1 x2 y2 z2)
 -3.614540   0.937810   3.782730  -4.472160   0.768000   4.263950
 -3.614540   0.937810   3.782730  -3.161690   1.732660   4.194510
 -3.614540   0.937810   3.782730  -3.818550   1.181260   2.832510
 -1.232580  -0.629070   3.534680  -2.132240  -0.296810   3.717900
  1.610640   2.247750   4.684400   1.143280   2.236670   5.566270
  1.610640   2.247750   4.684400   2.544120   2.571530   4.822330
  1.610640   2.247750   4.684400   1.130520   2.878040   4.066620
  1.150680  -0.082520   2.986870   1.520560   0.541920   3.630200
  0.872100   5.301880   0.525380   1.818720   5.315840   0.172570
  0.872100   5.301880   0.525380   0.306010   4.562590   0.055760
  0.872100   5.301880   0.525380   0.395930   6.185700   0.394870
  0.872100   5.301880   0.525380   0.854860   5.088270   1.545520
 -2.796900   5.517530   1.038220  -3.640000   5.004190   1.570310
 -2.796900   5.517530   1.038220  -2.935140   6.627620   1.114450
 -2.796900   5.517530   1.038220  -2.814750   5.222230  -0.046010
 -1.578730   5.184250   1.602060  -2.796900   5.517530   1.038220
 -1.170920   3.471800   1.957890  -1.578730   5.184250   1.602060
 -1.170920   3.471800   1.957890  -0.849260   3.217470   0.594700
 -1.170920   3.471800   1.957890  -2.376160   3.098510   2.522150
 -1.170920   3.471800   1.957890  -0.016910   3.890100   2.676830
 -0.331640   0.143750   2.512710  -0.652260   1.583470   2.355980
 -0.331640   0.143750   2.512710  -1.232580  -0.629070   3.534680
 -0.331640   0.143750   2.512710   1.150680  -0.082520   2.986870
 -0.441300  -0.680570   1.157610  -0.331640   0.143750   2.512710
 -0.005290   0.003410   0.001900  -0.441300  -0.680570   1.157610
 -0.005290   0.003410   0.001900  -0.408040  -0.563570  -0.874500
 -0.005290   0.003410   0.001900  -0.399600   1.056930   0.013310
 -0.005290   0.003410   0.001900   1.113700  -0.006920  -0.014560
