33 atoms follow (x y z r g b radiusScale)
  0.279910  -0.169540   0.078610   0.000000   1.000000   0.000000   1.850000
  1.377130  -0.294440   0.258540   1.000000   1.000000   1.000000   1.200000
 -0.005940   0.917250   0.046070   1.000000   1.000000   1.000000   1.200000
 -0.027950  -0.683250  -0.865130   1.000000   1.000000   1.000000   1.200000
 -0.415830  -0.799080   1.141200   1.000000   0.000000   0.000000   1.400000
 -0.274990  -0.004010   2.507420   0.500000   0.500000   0.500000   1.900000
  1.211390  -0.155250   2.948370   1.000000   0.000000   0.000000   1.400000
 -1.230300  -0.702540   3.522460   1.000000   0.000000   0.000000   1.400000
 -0.704620   1.437570   2.397210   1.000000   0.000000   0.000000   1.400000
 -1.147220   3.197640   2.164660   1.000000   1.000000   0.000000   1.850000
 -0.320000   3.741600   3.123900   1.000000   0.000000   0.000000   1.400000
 -2.463630   2.997900   2.464820   1.000000   0.000000   0.000000   1.400000
 -0.804490   3.314030   0.840620   1.000000   0.000000   0.000000   1.400000
 -2.345590   6.234300   1.477020   1.000000   0.000000   0.000000   1.400000
 -3.633570   6.174250   0.894010   0.000000   1.000000   0.000000   1.850000
 -3.767690   6.922820   0.075520   1.000000   1.000000   1.000000   1.200000
 -4.417900   6.311360   1.691260   1.000000   1.000000   1.000000   1.200000
 -3.670950   5.128350   0.498850   1.000000   1.000000   1.000000   1.200000
  2.278820   5.276650  -0.164960   0.000000   0.000000   1.000000   1.540000
  2.210850   5.964980   0.554850   1.000000   1.000000   1.000000   1.200000
 -2.283460   7.090990   1.731140   1.000000   1.000000   1.000000   1.200000
  2.242600   5.729390  -1.053870   1.000000   1.000000   1.000000   1.200000
  1.496400   4.652320  -0.084080   1.000000   1.000000   1.000000   1.200000
  1.827950   2.190020   4.470260   0.000000   0.000000   1.000000   1.540000
  1.610550   0.547720   3.507520   1.000000   1.000000   1.000000   1.200000
  1.538210   2.885710   3.806750   1.000000   1.000000   1.000000   1.200000
  2.774940   2.368810   4.733250   1.000000   1.000000   1.000000   1.200000
  1.249510   2.276170   5.280800   1.000000   1.000000   1.000000   1.200000
 -3.675050   0.816410   3.841070   0.000000   0.000000   1.000000   1.540000
 -2.107740  -0.303780   3.720300   1.000000   1.000000   1.000000   1.200000
 -3.738260   1.317100   2.974430   1.000000   1.000000   1.000000   1.200000
 -3.449770   1.472760   4.560260   1.000000   1.000000   1.000000   1.200000
 -4.557320   0.397700   4.047670   1.000000   1.000000   1.000000   1.200000
28 bonds follow (x1 y1 z1 x2 y2 z2)
 -3.675050   0.816410   3.841070  -4.557320   0.397700   4.047670
 -3.675050   0.816410   3.841070  -3.449770   1.472760   4.560260
 -3.675050   0.816410   3.841070  -3.738260   1.317100   2.974430
 -1.230300  -0.702540   3.522460  -2.107740  -0.303780   3.720300
  1.827950   2.190020   4.470260   1.249510   2.276170   5.280800
  1.827950   2.190020   4.470260   2.774940   2.368810   4.733250
  1.827950   2.190020   4.470260   1.538210   2.885710   3.806750
  1.211390  -0.155250   2.948370   1.610550   0.547720   3.507520
  2.278820   5.276650  -0.164960   1.496400   4.652320  -0.084080
  2.278820   5.276650  -0.164960   2.242600   5.729390  -1.053870
 -2.345590   6.234300   1.477020  -2.283460   7.090990   1.731140
  2.278820   5.276650  -0.164960   2.210850   5.964980   0.554850
 -3.633570   6.174250   0.894010  -3.670950   5.128350   0.498850
 -3.633570   6.174250   0.894010  -4.417900   6.311360   1.691260
 -3.633570   6.174250   0.894010  -3.767690   6.922820   0.075520
 -2.345590   6.234300   1.477020  -3.633570   6.174250   0.894010
 -1.147220   3.197640   2.164660  -0.804490   3.314030   0.840620
 -1.147220   3.197640   2.164660  -2.463630   2.997900   2.464820
 -1.147220   3.197640   2.164660  -0.320000   3.741600   3.123900
 -0.704620   1.437570   2.397210  -1.147220   3.197640   2.164660
 -0.274990  -0.004010   2.507420  -0.704620   1.437570   2.397210
 -0.274990  -0.004010   2.507420  -1.230300  -0.702540   3.522460
 -0.274990  -0.004010   2.507420   1.211390  -0.155250   2.948370
 -0.415830  -0.799080   1.141200  -0.274990  -0.004010   2.507420
  0.279910  -0.169540   0.078610  -0.415830  -0.799080   1.141200
  0.279910  -0.169540   0.078610  -0.027950  -0.683250  -0.865130
  0.279910  -0.169540   0.078610  -0.005940   0.917250   0.046070
  0.279910  -0.169540   0.078610   1.377130  -0.294440   0.258540
