33 atoms follow (x y z r g b radiusScale)
  0.369960  -0.137050   0.094570   0.000000   1.000000   0.000000   1.850000
  1.443130  -0.241690   0.395450   1.000000   1.000000   1.000000   1.200000
  0.086140   0.941210  -0.038090   1.000000   1.000000   1.000000   1.200000
  0.158780  -0.722580  -0.834700   1.000000   1.000000   1.000000   1.200000
 -0.435020  -0.691750   1.116530   1.000000   0.000000   0.000000   1.400000
 -0.297560   0.020080   2.520760   0.500000   0.500000   0.500000   1.900000
  1.166750  -0.142280   2.998650   1.000000   0.000000   0.000000   1.400000
 -1.181350  -0.777820   3.525420   1.000000   0.000000   0.000000   1.400000
 -0.742710   1.458070   2.440300   1.000000   0.000000   0.000000   1.400000
 -1.156260   3.204170   2.195610   1.000000   1.000000   0.000000   1.850000
 -0.447730   3.686600   3.279740   1.000000   0.000000   0.000000   1.400000
 -2.510090   3.093590   2.330240   1.000000   0.000000   0.000000   1.400000
 -0.637600   3.288470   0.922270   1.000000   0.000000   0.000000   1.400000
 -2.470510   6.461810   1.409490   1.000000   0.000000   0.000000   1.400000
 -3.781220   6.226900   0.965490   0.000000   1.000000   0.000000   1.850000
 -4.197740   7.122480   0.428730   1.000000   1.000000   1.000000   1.200000
 -4.446680   5.979380   1.841940   1.000000   1.000000   1.000000   1.200000
 -3.747320   5.340940   0.280970   1.000000   1.000000   1.000000   1.200000
  2.412650   5.001140  -0.235980   0.000000   0.000000   1.000000   1.540000
  2.029390   5.564460   0.496060   1.000000   1.000000   1.000000   1.200000
 -2.450380   7.029880   2.081440   1.000000   1.000000   1.000000   1.200000
  2.114610   5.370460  -1.117190   1.000000   1.000000   1.000000   1.200000
  2.050840   4.072630  -0.138690   1.000000   1.000000   1.000000   1.200000
  1.844420   2.193350   4.308150   0.000000   0.000000   1.000000   1.540000
  1.589170   0.588700   3.514840   1.000000   1.000000   1.000000   1.200000
  1.534460   2.907180   3.673430   1.000000   1.000000   1.000000   1.200000
  2.810290   2.335710   4.517180   1.000000   1.000000   1.000000   1.200000
  1.312650   2.276520   5.150240   1.000000   1.000000   1.000000   1.200000
 -3.522270   0.722570   3.776620   0.000000   0.000000   1.000000   1.540000
 -2.079850  -0.438830   3.736990   1.000000   1.000000   1.000000   1.200000
 -3.695350   1.278230   2.959430   1.000000   1.000000   1.000000   1.200000
 -3.314740   1.338060   4.535720   1.000000   1.000000   1.000000   1.200000
 -4.333380   0.185820   4.000420   1.000000   1.000000   1.000000   1.200000
28 bonds follow (x1 y1 z1 x2 y2 z2)
 -3.522270   0.722570   3.776620  -4.333380   0.185820   4.000420
 -3.522270   0.722570   3.776620  -3.314740   1.338060   4.535720
 -3.522270   0.722570   3.776620  -3.695350   1.278230   2.959430
 -1.181350  -0.777820   3.525420  -2.079850  -0.438830   3.736990
  1.844420   2.193350   4.308150   1.312650   2.276520   5.150240
  1.844420   2.193350   4.308150   2.810290   2.335710   4.517180
  1.844420   2.193350   4.308150   1.534460   2.907180   3.673430
  1.166750  -0.142280   2.998650   1.589170   0.588700   3.514840
  2.412650   5.001140  -0.235980   2.050840   4.072630  -0.138690
  2.412650   5.001140  -0.235980   2.114610   5.370460  -1.117190
 -2.470510   6.461810   1.409490  -2.450380   7.029880   2.081440
  2.412650   5.001140  -0.235980   2.029390   5.564460   0.496060
 -3.781220   6.226900   0.965490  -3.747320   5.340940   0.280970
 -3.781220   6.226900   0.965490  -4.446680   5.979380   1.841940
 -3.781220   6.226900   0.965490  -4.197740   7.122480   0.428730
 -2.470510   6.461810   1.409490  -3.781220   6.226900   0.965490
 -1.156260   3.204170   2.195610  -0.637600   3.288470   0.922270
 -1.156260   3.204170   2.195610  -2.510090   3.093590   2.330240
 -1.156260   3.204170   2.195610  -0.447730   3.686600   3.279740
 -0.742710   1.458070   2.440300  -1.156260   3.204170   2.195610
 -0.297560   0.020080   2.520760  -0.742710   1.458070   2.440300
 -0.297560   0.020080   2.520760  -1.181350  -0.777820   3.525420
 -0.297560   0.020080   2.520760   1.166750  -0.142280   2.998650
 -0.435020  -0.691750   1.116530  -0.297560   0.020080   2.520760
  0.369960  -0.137050   0.094570  -0.435020  -0.691750   1.116530
  0.369960  -0.137050   0.094570   0.158780  -0.722580  -0.834700
  0.369960  -0.137050   0.094570   0.086140   0.941210  -0.038090
  0.369960  -0.137050   0.094570   1.443130  -0.241690   0.395450
