33 atoms follow (x y z r g b radiusScale)
 -0.572060  -0.167860  -0.046890   0.000000   1.000000   0.000000   1.850000
  0.154470  -0.514940  -0.826630   1.000000   1.000000   1.000000   1.200000
 -0.603410   0.954180   0.003220   1.000000   1.000000   1.000000   1.200000
 -1.583880  -0.591810  -0.281450   1.000000   1.000000   1.000000   1.200000
 -0.131630  -0.704910   1.184010   1.000000   0.000000   0.000000   1.400000
 -0.190860   0.170600   2.510590   0.500000   0.500000   0.500000   1.900000
  1.255980   0.138630   3.098870   1.000000   0.000000   0.000000   1.400000
 -1.099030  -0.574200   3.546690   1.000000   0.000000   0.000000   1.400000
 -0.602820   1.581010   2.311250   1.000000   0.000000   0.000000   1.400000
 -1.150940   3.382000   1.828310   1.000000   1.000000   0.000000   1.850000
 -0.062840   3.884320   2.597950   1.000000   0.000000   0.000000   1.400000
 -2.386540   3.054840   2.370880   1.000000   0.000000   0.000000   1.400000
 -0.737540   3.083680   0.500430   1.000000   0.000000   0.000000   1.400000
 -1.608430   5.053320   1.326680   1.000000   0.000000   0.000000   1.400000
 -2.508010   5.913030   1.928990   0.000000   1.000000   0.000000   1.850000
 -3.519420   5.438690   2.015890   1.000000   1.000000   1.000000   1.200000
 -2.583960   6.838330   1.295950   1.000000   1.000000   1.000000   1.200000
 -2.149330   6.204780   2.952410   1.000000   1.000000   1.000000   1.200000
  0.830580   5.235110   0.393490   0.000000   0.000000   1.000000   1.540000
  0.664550   5.350420   1.422050   1.000000   1.000000   1.000000   1.200000
  1.565050   5.833940   0.053250   1.000000   1.000000   1.000000   1.200000
 -0.082660   5.428790  -0.053510   1.000000   1.000000   1.000000   1.200000
  1.017070   4.239730   0.240820   1.000000   1.000000   1.000000   1.200000
  1.151600   2.386840   4.968440   0.000000   0.000000   1.000000   1.540000
  1.473370   0.794260   3.782900   1.000000   1.000000   1.000000   1.200000
  0.909340   3.027580   4.232840   1.000000   1.000000   1.000000   1.200000
  1.951710   2.730790   5.455140   1.000000   1.000000   1.000000   1.200000
  0.388820   2.327560   5.609600   1.000000   1.000000   1.000000   1.200000
 -3.721220   0.815930   3.556510   0.000000   0.000000   1.000000   1.540000
 -2.025210  -0.319160   3.660410   1.000000   1.000000   1.000000   1.200000
 -3.889030   0.974210   2.581630   1.000000   1.000000   1.000000   1.200000
 -3.144750   1.575680   3.874730   1.000000   1.000000   1.000000   1.200000
 -4.596130   0.873440   4.035440   1.000000   1.000000   1.000000   1.200000
29 bonds follow (x1 y1 z1 x2 y2 z2)
 -3.721220   0.815930   3.556510  -4.596130   0.873440   4.035440
 -3.721220   0.815930   3.556510  -3.144750   1.575680   3.874730
 -3.721220   0.815930   3.556510  -3.889030   0.974210   2.581630
 -1.099030  -0.574200   3.546690  -2.025210  -0.319160   3.660410
  1.151600   2.386840   4.968440   0.388820   2.327560   5.609600
  1.151600   2.386840   4.968440   1.951710   2.730790   5.455140
  1.151600   2.386840   4.968440   0.909340   3.027580   4.232840
  1.255980   0.138630   3.098870   1.473370   0.794260   3.782900
  0.830580   5.235110   0.393490   1.017070   4.239730   0.240820
  0.830580   5.235110   0.393490  -0.082660   5.428790  -0.053510
  0.830580   5.235110   0.393490   1.565050   5.833940   0.053250
  0.830580   5.235110   0.393490   0.664550   5.350420   1.422050
 -2.508010   5.913030   1.928990  -2.149330   6.204780   2.952410
 -2.508010   5.913030   1.928990  -2.583960   6.838330   1.295950
 -2.508010   5.913030   1.928990  -3.519420   5.438690   2.015890
 -1.608430   5.053320   1.326680  -2.508010   5.913030   1.928990
 -1.150940   3.382000   1.828310  -1.608430   5.053320   1.326680
 -1.150940   3.382000   1.828310  -0.737540   3.083680   0.500430
 -1.150940   3.382000   1.828310  -2.386540   3.054840   2.370880
 -1.150940   3.382000   1.828310  -0.062840   3.884320   2.597950
 -0.602820   1.581010   2.311250  -1.150940   3.382000   1.828310
 -0.190860   0.170600   2.510590  -0.602820   1.581010   2.311250
 -0.190860   0.170600   2.510590  -1.099030  -0.574200   3.546690
 -0.190860   0.170600   2.510590   1.255980   0.138630   3.098870
 -0.131630  -0.704910   1.184010  -0.190860   0.170600   2.510590
 -0.572060  -0.167860  -0.046890  -0.131630  -0.704910   1.184010
 -0.572060  -0.167860  -0.046890  -1.583880  -0.591810  -0.281450
 -0.572060  -0.167860  -0.046890  -0.603410   0.954180   0.003220
 -0.572060  -0.167860  -0.046890   0.154470  -0.514940  -0.826630
