33 atoms follow (x y z r g b radiusScale)
 -0.211510  -0.154450  -0.061460   0.000000   1.000000   0.000000   1.850000
  0.731660  -0.513130  -0.550740   1.000000   1.000000   1.000000   1.200000
 -0.237900   0.967060   0.011700   1.000000   1.000000   1.000000   1.200000
 -1.089350  -0.527810  -0.651450   1.000000   1.000000   1.000000   1.200000
 -0.288110  -0.742210   1.221140   1.000000   0.000000   0.000000   1.400000
 -0.246700   0.180130   2.514820   0.500000   0.500000   0.500000   1.900000
  1.219170   0.019370   3.055600   1.000000   0.000000   0.000000   1.400000
 -1.175330  -0.481780   3.584050   1.000000   0.000000   0.000000   1.400000
 -0.664300   1.572830   2.224020   1.000000   0.000000   0.000000   1.400000
 -1.195770   3.389800   1.807740   1.000000   1.000000   0.000000   1.850000
 -0.118070   3.815380   2.641990   1.000000   0.000000   0.000000   1.400000
 -2.445020   3.104080   2.344060   1.000000   0.000000   0.000000   1.400000
 -0.727020   3.099940   0.491500   1.000000   0.000000   0.000000   1.400000
 -1.618470   5.047580   1.307360   1.000000   0.000000   0.000000   1.400000
 -2.736000   5.747110   1.725310   0.000000   1.000000   0.000000   1.850000
 -3.606870   5.525090   1.055560   1.000000   1.000000   1.000000   1.200000
 -2.500560   6.844250   1.669170   1.000000   1.000000   1.000000   1.200000
 -3.009640   5.482310   2.779370   1.000000   1.000000   1.000000   1.200000
  0.927140   5.277480   0.671780   0.000000   0.000000   1.000000   1.540000
  1.223150   4.544150   1.349580   1.000000   1.000000   1.000000   1.200000
  1.704310   5.666500   0.157750   1.000000   1.000000   1.000000   1.200000
  0.408570   5.981430   1.206460   1.000000   1.000000   1.000000   1.200000
  0.233310   4.818730   0.049680   1.000000   1.000000   1.000000   1.200000
  1.457020   2.389990   4.794350   0.000000   0.000000   1.000000   1.540000
  1.547670   0.679430   3.684830   1.000000   1.000000   1.000000   1.200000
  0.901960   2.966810   4.187120   1.000000   1.000000   1.000000   1.200000
  2.344680   2.824740   4.930690   1.000000   1.000000   1.000000   1.200000
  1.001150   2.314290   5.679420   1.000000   1.000000   1.000000   1.200000
 -3.648390   0.959330   3.728800   0.000000   0.000000   1.000000   1.540000
 -2.084460  -0.138370   3.698200   1.000000   1.000000   1.000000   1.200000
 -3.864090   1.201710   2.781050   1.000000   1.000000   1.000000   1.200000
 -3.260340   1.777620   4.158170   1.000000   1.000000   1.000000   1.200000
 -4.488920   0.707440   4.203740   1.000000   1.000000   1.000000   1.200000
29 bonds follow (x1 y1 z1 x2 y2 z2)
 -3.648390   0.959330   3.728800  -4.488920   0.707440   4.203740
 -3.648390   0.959330   3.728800  -3.260340   1.777620   4.158170
 -3.648390   0.959330   3.728800  -3.864090   1.201710   2.781050
 -1.175330  -0.481780   3.584050  -2.084460  -0.138370   3.698200
  1.457020   2.389990   4.794350   1.001150   2.314290   5.679420
  1.457020   2.389990   4.794350   2.344680   2.824740   4.930690
  1.457020   2.389990   4.794350   0.901960   2.966810   4.187120
  1.219170   0.019370   3.055600   1.547670   0.679430   3.684830
  0.927140   5.277480   0.671780   0.233310   4.818730   0.049680
  0.927140   5.277480   0.671780   0.408570   5.981430   1.206460
  0.927140   5.277480   0.671780   1.704310   5.666500   0.157750
  0.927140   5.277480   0.671780   1.223150   4.544150   1.349580
 -2.736000   5.747110   1.725310  -3.009640   5.482310   2.779370
 -2.736000   5.747110   1.725310  -2.500560   6.844250   1.669170
 -2.736000   5.747110   1.725310  -3.606870   5.525090   1.055560
 -1.618470   5.047580   1.307360  -2.736000   5.747110   1.725310
 -1.195770   3.389800   1.807740  -1.618470   5.047580   1.307360
 -1.195770   3.389800   1.807740  -0.727020   3.099940   0.491500
 -1.195770   3.389800   1.807740  -2.445020   3.104080   2.344060
 -1.195770   3.389800   1.807740  -0.118070   3.815380   2.641990
 -0.664300   1.572830   2.224020  -1.195770   3.389800   1.807740
 -0.246700   0.180130   2.514820  -0.664300   1.572830   2.224020
 -0.246700   0.180130   2.514820  -1.175330  -0.481780   3.584050
 -0.246700   0.180130   2.514820   1.219170   0.019370   3.055600
 -0.288110  -0.742210   1.221140  -0.246700   0.180130   2.514820
 -0.211510  -0.154450  -0.061460  -0.288110  -0.742210   1.221140
 -0.211510  -0.154450  -0.061460  -1.089350  -0.527810  -0.651450
 -0.211510  -0.154450  -0.061460  -0.237900   0.967060   0.011700
 -0.211510  -0.154450  -0.061460   0.731660  -0.513130  -0.550740
