33 atoms follow (x y z r g b radiusScale)
 -0.248290  -0.172990  -0.038570   0.000000   1.000000   0.000000   1.850000
  0.702870  -0.453070  -0.561930   1.000000   1.000000   1.000000   1.200000
 -0.342560   0.943430   0.066550   1.000000   1.000000   1.000000   1.200000
 -1.116110  -0.578160  -0.621870   1.000000   1.000000   1.000000   1.200000
 -0.257490  -0.800910   1.228050   1.000000   0.000000   0.000000   1.400000
 -0.227990   0.152590   2.503070   0.500000   0.500000   0.500000   1.900000
  1.273140   0.130230   2.958250   1.000000   0.000000   0.000000   1.400000
 -1.072790  -0.586560   3.588710   1.000000   0.000000   0.000000   1.400000
 -0.697290   1.536860   2.252140   1.000000   0.000000   0.000000   1.400000
 -1.126240   3.418490   1.912460   1.000000   1.000000   0.000000   1.850000
  0.108760   3.756310   2.535720   1.000000   0.000000   0.000000   1.400000
 -2.297050   3.198120   2.622340   1.000000   0.000000   0.000000   1.400000
 -0.952250   3.134610   0.527430   1.000000   0.000000   0.000000   1.400000
 -1.470310   5.122560   1.563550   1.000000   0.000000   0.000000   1.400000
 -2.646970   5.787950   1.848890   0.000000   1.000000   0.000000   1.850000
 -3.058070   5.477930   2.844270   1.000000   1.000000   1.000000   1.200000
 -3.412200   5.580140   1.054640   1.000000   1.000000   1.000000   1.200000
 -2.424680   6.888810   1.863110   1.000000   1.000000   1.000000   1.200000
  0.817530   5.154680   0.275870   0.000000   0.000000   1.000000   1.540000
  1.121020   4.865180   1.219550   1.000000   1.000000   1.000000   1.200000
  1.585160   5.506820  -0.281970   1.000000   1.000000   1.000000   1.200000
  0.072920   5.847070   0.409810   1.000000   1.000000   1.000000   1.200000
  0.357730   4.320710  -0.162060   1.000000   1.000000   1.000000   1.200000
  0.971730   2.507240   4.904750   0.000000   0.000000   1.000000   1.540000
  1.572040   0.785730   3.595350   1.000000   1.000000   1.000000   1.200000
  1.336070   3.064520   4.153540   1.000000   1.000000   1.000000   1.200000
  1.323580   2.866660   5.767440   1.000000   1.000000   1.000000   1.200000
 -0.023030   2.621060   4.901210   1.000000   1.000000   1.000000   1.200000
 -3.672330   0.891240   3.387120   0.000000   0.000000   1.000000   1.540000
 -1.999040  -0.317320   3.699900   1.000000   1.000000   1.000000   1.200000
 -3.581110   1.283560   2.468910   1.000000   1.000000   1.000000   1.200000
 -3.517900   1.638340   4.036480   1.000000   1.000000   1.000000   1.200000
 -4.603950   0.550720   3.501710   1.000000   1.000000   1.000000   1.200000
28 bonds follow (x1 y1 z1 x2 y2 z2)
 -3.672330   0.891240   3.387120  -4.603950   0.550720   3.501710
 -3.672330   0.891240   3.387120  -3.517900   1.638340   4.036480
 -3.672330   0.891240   3.387120  -3.581110   1.283560   2.468910
 -1.072790  -0.586560   3.588710  -1.999040  -0.317320   3.699900
  0.971730   2.507240   4.904750  -0.023030   2.621060   4.901210
  0.971730   2.507240   4.904750   1.323580   2.866660   5.767440
  0.971730   2.507240   4.904750   1.336070   3.064520   4.153540
  1.273140   0.130230   2.958250   1.572040   0.785730   3.595350
  0.817530   5.154680   0.275870   0.357730   4.320710  -0.162060
  0.817530   5.154680   0.275870   0.072920   5.847070   0.409810
  0.817530   5.154680   0.275870   1.585160   5.506820  -0.281970
  0.817530   5.154680   0.275870   1.121020   4.865180   1.219550
 -2.646970   5.787950   1.848890  -2.424680   6.888810   1.863110
 -2.646970   5.787950   1.848890  -3.412200   5.580140   1.054640
 -2.646970   5.787950   1.848890  -3.058070   5.477930   2.844270
 -1.470310   5.122560   1.563550  -2.646970   5.787950   1.848890
 -1.126240   3.418490   1.912460  -1.470310   5.122560   1.563550
 -1.126240   3.418490   1.912460  -0.952250   3.134610   0.527430
 -1.126240   3.418490   1.912460  -2.297050   3.198120   2.622340
 -1.126240   3.418490   1.912460   0.108760   3.756310   2.535720
 -0.227990   0.152590   2.503070  -0.697290   1.536860   2.252140
 -0.227990   0.152590   2.503070  -1.072790  -0.586560   3.588710
 -0.227990   0.152590   2.503070   1.273140   0.130230   2.958250
 -0.257490  -0.800910   1.228050  -0.227990   0.152590   2.503070
 -0.248290  -0.172990  -0.038570  -0.257490  -0.800910   1.228050
 -0.248290  -0.172990  -0.038570  -1.116110  -0.578160  -0.621870
 -0.248290  -0.172990  -0.038570  -0.342560   0.943430   0.066550
 -0.248290  -0.172990  -0.038570   0.702870  -0.453070  -0.561930
