33 atoms follow (x y z r g b radiusScale)
 -0.322520  -0.095930  -0.072940   0.000000   1.000000   0.000000   1.850000
  0.615130  -0.365040  -0.626540   1.000000   1.000000   1.000000   1.200000
 -0.436610   1.016880   0.032320   1.000000   1.000000   1.000000   1.200000
 -1.201990  -0.530480  -0.617360   1.000000   1.000000   1.000000   1.200000
 -0.270820  -0.718970   1.194950   1.000000   0.000000   0.000000   1.400000
 -0.204440   0.159850   2.512410   0.500000   0.500000   0.500000   1.900000
  1.286930   0.040720   3.026230   1.000000   0.000000   0.000000   1.400000
 -1.017980  -0.604930   3.621580   1.000000   0.000000   0.000000   1.400000
 -0.676380   1.546710   2.297590   1.000000   0.000000   0.000000   1.400000
 -1.165520   3.416470   1.881020   1.000000   1.000000   0.000000   1.850000
  0.061780   3.801700   2.483960   1.000000   0.000000   0.000000   1.400000
 -2.328410   3.160950   2.584240   1.000000   0.000000   0.000000   1.400000
 -0.976700   3.095810   0.507590   1.000000   0.000000   0.000000   1.400000
 -1.493530   5.119400   1.461970   1.000000   0.000000   0.000000   1.400000
 -2.580880   5.879710   1.847710   0.000000   1.000000   0.000000   1.850000
 -3.057230   5.465670   2.773620   1.000000   1.000000   1.000000   1.200000
 -3.340190   5.903550   1.021540   1.000000   1.000000   1.000000   1.200000
 -2.229350   6.927630   2.046430   1.000000   1.000000   1.000000   1.200000
  0.870460   5.161960   0.294480   0.000000   0.000000   1.000000   1.540000
  1.313790   4.430300   0.871070   1.000000   1.000000   1.000000   1.200000
  1.527610   5.651390  -0.297150   1.000000   1.000000   1.000000   1.200000
  0.385290   5.797130   0.958890   1.000000   1.000000   1.000000   1.200000
  0.123210   4.694370  -0.248020   1.000000   1.000000   1.000000   1.200000
  1.005980   2.519330   5.007290   0.000000   0.000000   1.000000   1.540000
  1.478640   0.426230   3.884800   1.000000   1.000000   1.000000   1.200000
  1.211660   2.976450   4.137400   1.000000   1.000000   1.000000   1.200000
  1.607740   2.886410   5.714840   1.000000   1.000000   1.000000   1.200000
  0.061610   2.739420   5.250560   1.000000   1.000000   1.000000   1.200000
 -3.694590   0.777710   3.405850   0.000000   0.000000   1.000000   1.540000
 -1.975540  -0.494250   3.667630   1.000000   1.000000   1.000000   1.200000
 -3.578720   1.182860   2.495140   1.000000   1.000000   1.000000   1.200000
 -3.331030   1.445210   4.060320   1.000000   1.000000   1.000000   1.200000
 -4.673000   0.671910   3.578420   1.000000   1.000000   1.000000   1.200000
28 bonds follow (x1 y1 z1 x2 y2 z2)
 -3.694590   0.777710   3.405850  -4.673000   0.671910   3.578420
 -3.694590   0.777710   3.405850  -3.331030   1.445210   4.060320
 -3.694590   0.777710   3.405850  -3.578720   1.182860   2.495140
 -1.017980  -0.604930   3.621580  -1.975540  -0.494250   3.667630
  1.005980   2.519330   5.007290   0.061610   2.739420   5.250560
  1.005980   2.519330   5.007290   1.607740   2.886410   5.714840
  1.005980   2.519330   5.007290   1.211660   2.976450   4.137400
  1.286930   0.040720   3.026230   1.478640   0.426230   3.884800
  0.870460   5.161960   0.294480   0.123210   4.694370  -0.248020
  0.870460   5.161960   0.294480   0.385290   5.797130   0.958890
  0.870460   5.161960   0.294480   1.527610   5.651390  -0.297150
  0.870460   5.161960   0.294480   1.313790   4.430300   0.871070
 -2.580880   5.879710   1.847710  -2.229350   6.927630   2.046430
 -2.580880   5.879710   1.847710  -3.340190   5.903550   1.021540
 -2.580880   5.879710   1.847710  -3.057230   5.465670   2.773620
 -1.493530   5.119400   1.461970  -2.580880   5.879710   1.847710
 -1.165520   3.416470   1.881020  -1.493530   5.119400   1.461970
 -1.165520   3.416470   1.881020  -0.976700   3.095810   0.507590
 -1.165520   3.416470   1.881020  -2.328410   3.160950   2.584240
 -1.165520   3.416470   1.881020   0.061780   3.801700   2.483960
 -0.204440   0.159850   2.512410  -0.676380   1.546710   2.297590
 -0.204440   0.159850   2.512410  -1.017980  -0.604930   3.621580
 -0.204440   0.159850   2.512410   1.286930   0.040720   3.026230
 -0.270820  -0.718970   1.194950  -0.204440   0.159850   2.512410
 -0.322520  -0.095930  -0.072940  -0.270820  -0.718970   1.194950
 -0.322520  -0.095930  -0.072940  -1.201990  -0.530480  -0.617360
 -0.322520  -0.095930  -0.072940  -0.436610   1.016880   0.032320
 -0.322520  -0.095930  -0.072940   0.615130  -0.365040  -0.626540
