33 atoms follow (x y z r g b radiusScale)
 -0.218580  -0.249880  -0.071600   0.000000   1.000000   0.000000   1.850000
  0.815450  -0.384760  -0.484590   1.000000   1.000000   1.000000   1.200000
 -0.506590   0.836150  -0.035200   1.000000   1.000000   1.000000   1.200000
 -0.939940  -0.832700  -0.702380   1.000000   1.000000   1.000000   1.200000
 -0.266520  -0.812760   1.220330   1.000000   0.000000   0.000000   1.400000
 -0.247380   0.146410   2.485380   0.500000   0.500000   0.500000   1.900000
  1.246660   0.064180   2.992810   1.000000   0.000000   0.000000   1.400000
 -1.112960  -0.597360   3.568850   1.000000   0.000000   0.000000   1.400000
 -0.692320   1.543130   2.260000   1.000000   0.000000   0.000000   1.400000
 -1.118870   3.449080   1.930020   1.000000   1.000000   0.000000   1.850000
  0.121590   3.818770   2.526060   1.000000   0.000000   0.000000   1.400000
 -2.271530   3.195330   2.659860   1.000000   0.000000   0.000000   1.400000
 -0.939870   3.175290   0.543540   1.000000   0.000000   0.000000   1.400000
 -1.466470   5.162700   1.603720   1.000000   0.000000   0.000000   1.400000
 -2.701700   5.737230   1.824520   0.000000   1.000000   0.000000   1.850000
 -3.032900   5.573160   2.883250   1.000000   1.000000   1.000000   1.200000
 -3.467680   5.296740   1.131950   1.000000   1.000000   1.000000   1.200000
 -2.616090   6.838840   1.626990   1.000000   1.000000   1.000000   1.200000
  0.814560   5.169910   0.236750   0.000000   0.000000   1.000000   1.540000
  0.871810   5.159210   1.281760   1.000000   1.000000   1.000000   1.200000
  1.507700   5.774860  -0.180180   1.000000   1.000000   1.000000   1.200000
 -0.149390   5.467260   0.017700   1.000000   1.000000   1.000000   1.200000
  0.904290   4.195960  -0.075610   1.000000   1.000000   1.000000   1.200000
  0.960150   2.513860   4.884130   0.000000   0.000000   1.000000   1.540000
  1.470750   0.575420   3.775450   1.000000   1.000000   1.000000   1.200000
  1.538340   3.024440   4.244870   1.000000   1.000000   1.000000   1.200000
  1.244510   2.722570   5.818120   1.000000   1.000000   1.000000   1.200000
  0.021440   2.838390   4.751840   1.000000   1.000000   1.000000   1.200000
 -3.608900   0.893760   3.388060   0.000000   0.000000   1.000000   1.540000
 -2.034610  -0.316030   3.688440   1.000000   1.000000   1.000000   1.200000
 -3.621830   1.286010   2.465560   1.000000   1.000000   1.000000   1.200000
 -3.224100   1.597420   3.991950   1.000000   1.000000   1.000000   1.200000
 -4.548880   0.710950   3.670930   1.000000   1.000000   1.000000   1.200000
28 bonds follow (x1 y1 z1 x2 y2 z2)
 -3.608900   0.893760   3.388060  -4.548880   0.710950   3.670930
 -3.608900   0.893760   3.388060  -3.224100   1.597420   3.991950
 -3.608900   0.893760   3.388060  -3.621830   1.286010   2.465560
 -1.112960  -0.597360   3.568850  -2.034610  -0.316030   3.688440
  0.960150   2.513860   4.884130   0.021440   2.838390   4.751840
  0.960150   2.513860   4.884130   1.244510   2.722570   5.818120
  0.960150   2.513860   4.884130   1.538340   3.024440   4.244870
  1.246660   0.064180   2.992810   1.470750   0.575420   3.775450
  0.814560   5.169910   0.236750   0.904290   4.195960  -0.075610
  0.814560   5.169910   0.236750  -0.149390   5.467260   0.017700
  0.814560   5.169910   0.236750   1.507700   5.774860  -0.180180
  0.814560   5.169910   0.236750   0.871810   5.159210   1.281760
 -2.701700   5.737230   1.824520  -2.616090   6.838840   1.626990
 -2.701700   5.737230   1.824520  -3.467680   5.296740   1.131950
 -2.701700   5.737230   1.824520  -3.032900   5.573160   2.883250
 -1.466470   5.162700   1.603720  -2.701700   5.737230   1.824520
 -1.118870   3.449080   1.930020  -1.466470   5.162700   1.603720
 -1.118870   3.449080   1.930020  -0.939870   3.175290   0.543540
 -1.118870   3.449080   1.930020  -2.271530   3.195330   2.659860
 -1.118870   3.449080   1.930020   0.121590   3.818770   2.526060
 -0.247380   0.146410   2.485380  -0.692320   1.543130   2.260000
 -0.247380   0.146410   2.485380  -1.112960  -0.597360   3.568850
 -0.247380   0.146410   2.485380   1.246660   0.064180   2.992810
 -0.266520  -0.812760   1.220330  -0.247380   0.146410   2.485380
 -0.218580  -0.249880  -0.071600  -0.266520  -0.812760   1.220330
 -0.218580  -0.249880  -0.071600  -0.939940  -0.832700  -0.702380
 -0.218580  -0.249880  -0.071600  -0.506590   0.836150  -0.035200
 -0.218580  -0.249880  -0.071600   0.815450  -0.384760  -0.484590
