33 atoms follow (x y z r g b radiusScale)
 -0.040650   0.036730  -0.031620   0.000000   1.000000   0.000000   1.850000
  1.070730  -0.031630  -0.148260   1.000000   1.000000   1.000000   1.200000
 -0.379910   1.106430   0.023900   1.000000   1.000000   1.000000   1.200000
 -0.540780  -0.497960  -0.879000   1.000000   1.000000   1.000000   1.200000
 -0.419740  -0.649960   1.144440   1.000000   0.000000   0.000000   1.400000
 -0.325690   0.143490   2.516610   0.500000   0.500000   0.500000   1.900000
  1.177670  -0.050290   2.932830   1.000000   0.000000   0.000000   1.400000
 -1.215310  -0.634220   3.549690   1.000000   0.000000   0.000000   1.400000
 -0.625840   1.595160   2.411500   1.000000   0.000000   0.000000   1.400000
 -1.187210   3.423180   1.949600   1.000000   1.000000   0.000000   1.850000
 -0.088070   3.921410   2.702920   1.000000   0.000000   0.000000   1.400000
 -2.424330   3.119210   2.501860   1.000000   0.000000   0.000000   1.400000
 -0.754680   3.109020   0.627150   1.000000   0.000000   0.000000   1.400000
 -1.583470   5.068890   1.376770   1.000000   0.000000   0.000000   1.400000
 -2.828120   5.649110   1.240460   0.000000   1.000000   0.000000   1.850000
 -3.259740   5.411920   0.231310   1.000000   1.000000   1.000000   1.200000
 -2.708730   6.762200   1.327980   1.000000   1.000000   1.000000   1.200000
 -3.531550   5.288020   2.035020   1.000000   1.000000   1.000000   1.200000
  0.930860   5.274190   0.541430   0.000000   0.000000   1.000000   1.540000
  0.717290   5.321370   1.564340   1.000000   1.000000   1.000000   1.200000
  1.155340   6.190430   0.169920   1.000000   1.000000   1.000000   1.200000
  0.044570   4.901290   0.114820   1.000000   1.000000   1.000000   1.200000
  1.669640   4.607040   0.385910   1.000000   1.000000   1.000000   1.200000
  1.562640   2.294140   4.704900   0.000000   0.000000   1.000000   1.540000
  1.555210   0.594080   3.549480   1.000000   1.000000   1.000000   1.200000
  1.045160   2.895390   4.087860   1.000000   1.000000   1.000000   1.200000
  2.482640   2.661390   4.823990   1.000000   1.000000   1.000000   1.200000
  1.111070   2.274990   5.594800   1.000000   1.000000   1.000000   1.200000
 -3.604230   0.949140   3.763370   0.000000   0.000000   1.000000   1.540000
 -2.103610  -0.288200   3.761200   1.000000   1.000000   1.000000   1.200000
 -3.807600   1.151590   2.803410   1.000000   1.000000   1.000000   1.200000
 -3.170480   1.769400   4.146030   1.000000   1.000000   1.000000   1.200000
 -4.463020   0.783680   4.244320   1.000000   1.000000   1.000000   1.200000
28 bonds follow (x1 y1 z1 x2 y2 z2)
 -3.604230   0.949140   3.763370  -4.463020   0.783680   4.244320
 -3.604230   0.949140   3.763370  -3.170480   1.769400   4.146030
 -3.604230   0.949140   3.763370  -3.807600   1.151590   2.803410
 -1.215310  -0.634220   3.549690  -2.103610  -0.288200   3.761200
  1.562640   2.294140   4.704900   1.111070   2.274990   5.594800
  1.562640   2.294140   4.704900   2.482640   2.661390   4.823990
  1.562640   2.294140   4.704900   1.045160   2.895390   4.087860
  1.177670  -0.050290   2.932830   1.555210   0.594080   3.549480
  0.930860   5.274190   0.541430   1.669640   4.607040   0.385910
  0.930860   5.274190   0.541430   0.044570   4.901290   0.114820
  0.930860   5.274190   0.541430   1.155340   6.190430   0.169920
  0.930860   5.274190   0.541430   0.717290   5.321370   1.564340
 -2.828120   5.649110   1.240460  -3.531550   5.288020   2.035020
 -2.828120   5.649110   1.240460  -2.708730   6.762200   1.327980
 -2.828120   5.649110   1.240460  -3.259740   5.411920   0.231310
 -1.583470   5.068890   1.376770  -2.828120   5.649110   1.240460
 -1.187210   3.423180   1.949600  -1.583470   5.068890   1.376770
 -1.187210   3.423180   1.949600  -0.754680   3.109020   0.627150
 -1.187210   3.423180   1.949600  -2.424330   3.119210   2.501860
 -1.187210   3.423180   1.949600  -0.088070   3.921410   2.702920
 -0.325690   0.143490   2.516610  -0.625840   1.595160   2.411500
 -0.325690   0.143490   2.516610  -1.215310  -0.634220   3.549690
 -0.325690   0.143490   2.516610   1.177670  -0.050290   2.932830
 -0.419740  -0.649960   1.144440  -0.325690   0.143490   2.516610
 -0.040650   0.036730  -0.031620  -0.419740  -0.649960   1.144440
 -0.040650   0.036730  -0.031620  -0.540780  -0.497960  -0.879000
 -0.040650   0.036730  -0.031620  -0.379910   1.106430   0.023900
 -0.040650   0.036730  -0.031620   1.070730  -0.031630  -0.148260
