33 atoms follow (x y z r g b radiusScale)
 -0.117580  -0.100690  -0.020560   0.000000   1.000000   0.000000   1.850000
  0.885950  -0.428160  -0.399370   1.000000   1.000000   1.000000   1.200000
 -0.169250   1.016170   0.099260   1.000000   1.000000   1.000000   1.200000
 -0.907390  -0.448490  -0.736700   1.000000   1.000000   1.000000   1.200000
 -0.363850  -0.747650   1.210990   1.000000   0.000000   0.000000   1.400000
 -0.293320   0.141630   2.527710   0.500000   0.500000   0.500000   1.900000
  1.199640   0.005180   3.010290   1.000000   0.000000   0.000000   1.400000
 -1.171950  -0.613020   3.586610   1.000000   0.000000   0.000000   1.400000
 -0.660990   1.563820   2.325760   1.000000   0.000000   0.000000   1.400000
 -1.210300   3.428880   1.846690   1.000000   1.000000   0.000000   1.850000
 -0.153240   3.907870   2.675130   1.000000   0.000000   0.000000   1.400000
 -2.468940   3.078050   2.309430   1.000000   0.000000   0.000000   1.400000
 -0.753910   3.144070   0.535790   1.000000   0.000000   0.000000   1.400000
 -1.569200   5.106620   1.385370   1.000000   0.000000   0.000000   1.400000
 -2.780300   5.732120   1.605660   0.000000   1.000000   0.000000   1.850000
 -3.506960   5.466710   0.792830   1.000000   1.000000   1.000000   1.200000
 -2.608560   6.841510   1.596660   1.000000   1.000000   1.000000   1.200000
 -3.213700   5.432100   2.595490   1.000000   1.000000   1.000000   1.200000
  0.953730   5.291700   0.553280   0.000000   0.000000   1.000000   1.540000
  1.051510   5.040250   1.560770   1.000000   1.000000   1.000000   1.200000
  1.739480   5.823750   0.209900   1.000000   1.000000   1.000000   1.200000
  0.055010   5.810810   0.468840   1.000000   1.000000   1.000000   1.200000
  0.824590   4.403510   0.038430   1.000000   1.000000   1.000000   1.200000
  1.496010   2.341240   4.759400   0.000000   0.000000   1.000000   1.540000
  1.470390   0.524830   3.779190   1.000000   1.000000   1.000000   1.200000
  1.001380   2.989220   4.172240   1.000000   1.000000   1.000000   1.200000
  2.442600   2.637880   4.862190   1.000000   1.000000   1.000000   1.200000
  1.068000   2.317430   5.660370   1.000000   1.000000   1.000000   1.200000
 -3.535650   0.964930   3.705030   0.000000   0.000000   1.000000   1.540000
 -2.066310  -0.263500   3.773450   1.000000   1.000000   1.000000   1.200000
 -3.780560   1.099810   2.743110   1.000000   1.000000   1.000000   1.200000
 -3.156850   1.834050   4.032840   1.000000   1.000000   1.000000   1.200000
 -4.360800   0.750820   4.223520   1.000000   1.000000   1.000000   1.200000
28 bonds follow (x1 y1 z1 x2 y2 z2)
 -3.535650   0.964930   3.705030  -4.360800   0.750820   4.223520
 -3.535650   0.964930   3.705030  -3.156850   1.834050   4.032840
 -3.535650   0.964930   3.705030  -3.780560   1.099810   2.743110
 -1.171950  -0.613020   3.586610  -2.066310  -0.263500   3.773450
  1.496010   2.341240   4.759400   1.068000   2.317430   5.660370
  1.496010   2.341240   4.759400   2.442600   2.637880   4.862190
  1.496010   2.341240   4.759400   1.001380   2.989220   4.172240
  1.199640   0.005180   3.010290   1.470390   0.524830   3.779190
  0.953730   5.291700   0.553280   0.824590   4.403510   0.038430
  0.953730   5.291700   0.553280   0.055010   5.810810   0.468840
  0.953730   5.291700   0.553280   1.739480   5.823750   0.209900
  0.953730   5.291700   0.553280   1.051510   5.040250   1.560770
 -2.780300   5.732120   1.605660  -3.213700   5.432100   2.595490
 -2.780300   5.732120   1.605660  -2.608560   6.841510   1.596660
 -2.780300   5.732120   1.605660  -3.506960   5.466710   0.792830
 -1.569200   5.106620   1.385370  -2.780300   5.732120   1.605660
 -1.210300   3.428880   1.846690  -1.569200   5.106620   1.385370
 -1.210300   3.428880   1.846690  -0.753910   3.144070   0.535790
 -1.210300   3.428880   1.846690  -2.468940   3.078050   2.309430
 -1.210300   3.428880   1.846690  -0.153240   3.907870   2.675130
 -0.293320   0.141630   2.527710  -0.660990   1.563820   2.325760
 -0.293320   0.141630   2.527710  -1.171950  -0.613020   3.586610
 -0.293320   0.141630   2.527710   1.199640   0.005180   3.010290
 -0.363850  -0.747650   1.210990  -0.293320   0.141630   2.527710
 -0.117580  -0.100690  -0.020560  -0.363850  -0.747650   1.210990
 -0.117580  -0.100690  -0.020560  -0.907390  -0.448490  -0.736700
 -0.117580  -0.100690  -0.020560  -0.169250   1.016170   0.099260
 -0.117580  -0.100690  -0.020560   0.885950  -0.428160  -0.399370
