33 atoms follow (x y z r g b radiusScale)
 -0.264840  -0.177670  -0.066050   0.000000   1.000000   0.000000   1.850000
  0.673860  -0.487450  -0.595840   1.000000   1.000000   1.000000   1.200000
 -0.345790   0.941940   0.001680   1.000000   1.000000   1.000000   1.200000
 -1.146500  -0.606130  -0.611390   1.000000   1.000000   1.000000   1.200000
 -0.244430  -0.761080   1.221540   1.000000   0.000000   0.000000   1.400000
 -0.252730   0.175420   2.501230   0.500000   0.500000   0.500000   1.900000
  1.206010   0.058790   3.065680   1.000000   0.000000   0.000000   1.400000
 -1.157870  -0.480780   3.598640   1.000000   0.000000   0.000000   1.400000
 -0.658030   1.573510   2.222540   1.000000   0.000000   0.000000   1.400000
 -1.191090   3.368280   1.805300   1.000000   1.000000   0.000000   1.850000
 -0.106030   3.864840   2.593800   1.000000   0.000000   0.000000   1.400000
 -2.438440   3.032460   2.317330   1.000000   0.000000   0.000000   1.400000
 -0.731130   3.126740   0.477970   1.000000   0.000000   0.000000   1.400000
 -1.611360   5.041950   1.335190   1.000000   0.000000   0.000000   1.400000
 -2.702220   5.764510   1.769040   0.000000   1.000000   0.000000   1.850000
 -3.603770   5.523230   1.147170   1.000000   1.000000   1.000000   1.200000
 -2.468490   6.858440   1.664120   1.000000   1.000000   1.000000   1.200000
 -2.932460   5.539970   2.843430   1.000000   1.000000   1.000000   1.200000
  0.936000   5.280120   0.678590   0.000000   0.000000   1.000000   1.540000
  1.352990   4.503470   1.219570   1.000000   1.000000   1.000000   1.200000
  1.607860   5.769290   0.103460   1.000000   1.000000   1.000000   1.200000
  0.464100   5.888100   1.355560   1.000000   1.000000   1.000000   1.200000
  0.177090   4.851740   0.111860   1.000000   1.000000   1.000000   1.200000
  1.433580   2.419970   4.804420   0.000000   0.000000   1.000000   1.540000
  1.464830   0.627990   3.804350   1.000000   1.000000   1.000000   1.200000
  0.881160   3.069710   4.273800   1.000000   1.000000   1.000000   1.200000
  2.331980   2.813820   4.982410   1.000000   1.000000   1.000000   1.200000
  0.986010   2.231750   5.676240   1.000000   1.000000   1.000000   1.200000
 -3.678870   0.971010   3.725530   0.000000   0.000000   1.000000   1.540000
 -2.073370  -0.164710   3.717040   1.000000   1.000000   1.000000   1.200000
 -3.871940   1.234510   2.778280   1.000000   1.000000   1.000000   1.200000
 -3.324290   1.785350   4.188310   1.000000   1.000000   1.000000   1.200000
 -4.526840   0.686250   4.167850   1.000000   1.000000   1.000000   1.200000
29 bonds follow (x1 y1 z1 x2 y2 z2)
 -3.678870   0.971010   3.725530  -4.526840   0.686250   4.167850
 -3.678870   0.971010   3.725530  -3.324290   1.785350   4.188310
 -3.678870   0.971010   3.725530  -3.871940   1.234510   2.778280
 -1.157870  -0.480780   3.598640  -2.073370  -0.164710   3.717040
  1.433580   2.419970   4.804420   0.986010   2.231750   5.676240
  1.433580   2.419970   4.804420   2.331980   2.813820   4.982410
  1.433580   2.419970   4.804420   0.881160   3.069710   4.273800
  1.206010   0.058790   3.065680   1.464830   0.627990   3.804350
  0.936000   5.280120   0.678590   0.177090   4.851740   0.111860
  0.936000   5.280120   0.678590   0.464100   5.888100   1.355560
  0.936000   5.280120   0.678590   1.607860   5.769290   0.103460
  0.936000   5.280120   0.678590   1.352990   4.503470   1.219570
 -2.702220   5.764510   1.769040  -2.932460   5.539970   2.843430
 -2.702220   5.764510   1.769040  -2.468490   6.858440   1.664120
 -2.702220   5.764510   1.769040  -3.603770   5.523230   1.147170
 -1.611360   5.041950   1.335190  -2.702220   5.764510   1.769040
 -1.191090   3.368280   1.805300  -1.611360   5.041950   1.335190
 -1.191090   3.368280   1.805300  -0.731130   3.126740   0.477970
 -1.191090   3.368280   1.805300  -2.438440   3.032460   2.317330
 -1.191090   3.368280   1.805300  -0.106030   3.864840   2.593800
 -0.658030   1.573510   2.222540  -1.191090   3.368280   1.805300
 -0.252730   0.175420   2.501230  -0.658030   1.573510   2.222540
 -0.252730   0.175420   2.501230  -1.157870  -0.480780   3.598640
 -0.252730   0.175420   2.501230   1.206010   0.058790   3.065680
 -0.244430  -0.761080   1.221540  -0.252730   0.175420   2.501230
 -0.264840  -0.177670  -0.066050  -0.244430  -0.761080   1.221540
 -0.264840  -0.177670  -0.066050  -1.146500  -0.606130  -0.611390
 -0.264840  -0.177670  -0.066050  -0.345790   0.941940   0.001680
 -0.264840  -0.177670  -0.066050   0.673860  -0.487450  -0.595840
