33 atoms follow (x y z r g b radiusScale)
 -0.304860  -0.114790  -0.078740   0.000000   1.000000   0.000000   1.850000
  0.624460  -0.409010  -0.634210   1.000000   1.000000   1.000000   1.200000
 -0.396260   0.999810   0.015860   1.000000   1.000000   1.000000   1.200000
 -1.195490  -0.538970  -0.613730   1.000000   1.000000   1.000000   1.200000
 -0.255280  -0.722430   1.195680   1.000000   0.000000   0.000000   1.400000
 -0.221690   0.158000   2.515050   0.500000   0.500000   0.500000   1.900000
  1.268540   0.072160   3.001190   1.000000   0.000000   0.000000   1.400000
 -1.024400  -0.607970   3.628510   1.000000   0.000000   0.000000   1.400000
 -0.663560   1.550390   2.292820   1.000000   0.000000   0.000000   1.400000
 -1.160240   3.406960   1.886290   1.000000   1.000000   0.000000   1.850000
  0.071040   3.796270   2.479730   1.000000   0.000000   0.000000   1.400000
 -2.321770   3.140700   2.596350   1.000000   0.000000   0.000000   1.400000
 -0.976480   3.091180   0.514810   1.000000   0.000000   0.000000   1.400000
 -1.487110   5.130980   1.484660   1.000000   0.000000   0.000000   1.400000
 -2.591600   5.872670   1.845720   0.000000   1.000000   0.000000   1.850000
 -3.053870   5.478440   2.788070   1.000000   1.000000   1.000000   1.200000
 -3.357510   5.847800   1.025170   1.000000   1.000000   1.000000   1.200000
 -2.273350   6.937560   2.006660   1.000000   1.000000   1.000000   1.200000
  0.868190   5.167740   0.288670   0.000000   0.000000   1.000000   1.540000
  1.261210   4.462670   0.938840   1.000000   1.000000   1.000000   1.200000
  1.576380   5.604800  -0.285340   1.000000   1.000000   1.000000   1.200000
  0.354720   5.843770   0.883070   1.000000   1.000000   1.000000   1.200000
  0.145300   4.682540  -0.254890   1.000000   1.000000   1.000000   1.200000
  1.001050   2.517560   4.994910   0.000000   0.000000   1.000000   1.540000
  1.509300   0.498500   3.826120   1.000000   1.000000   1.000000   1.200000
  1.259320   3.002030   4.154570   1.000000   1.000000   1.000000   1.200000
  1.563090   2.851800   5.749580   1.000000   1.000000   1.000000   1.200000
  0.045510   2.737970   5.189530   1.000000   1.000000   1.000000   1.200000
 -3.695800   0.801890   3.393850   0.000000   0.000000   1.000000   1.540000
 -1.960030  -0.407890   3.755290   1.000000   1.000000   1.000000   1.200000
 -3.609740   1.270830   2.510760   1.000000   1.000000   1.000000   1.200000
 -3.343640   1.434680   4.087470   1.000000   1.000000   1.000000   1.200000
 -4.665720   0.647040   3.576500   1.000000   1.000000   1.000000   1.200000
28 bonds follow (x1 y1 z1 x2 y2 z2)
 -3.695800   0.801890   3.393850  -4.665720   0.647040   3.576500
 -3.695800   0.801890   3.393850  -3.343640   1.434680   4.087470
 -3.695800   0.801890   3.393850  -3.609740   1.270830   2.510760
 -1.024400  -0.607970   3.628510  -1.960030  -0.407890   3.755290
  1.001050   2.517560   4.994910   0.045510   2.737970   5.189530
  1.001050   2.517560   4.994910   1.563090   2.851800   5.749580
  1.001050   2.517560   4.994910   1.259320   3.002030   4.154570
  1.268540   0.072160   3.001190   1.509300   0.498500   3.826120
  0.868190   5.167740   0.288670   0.145300   4.682540  -0.254890
  0.868190   5.167740   0.288670   0.354720   5.843770   0.883070
  0.868190   5.167740   0.288670   1.576380   5.604800  -0.285340
  0.868190   5.167740   0.288670   1.261210   4.462670   0.938840
 -2.591600   5.872670   1.845720  -2.273350   6.937560   2.006660
 -2.591600   5.872670   1.845720  -3.357510   5.847800   1.025170
 -2.591600   5.872670   1.845720  -3.053870   5.478440   2.788070
 -1.487110   5.130980   1.484660  -2.591600   5.872670   1.845720
 -1.160240   3.406960   1.886290  -1.487110   5.130980   1.484660
 -1.160240   3.406960   1.886290  -0.976480   3.091180   0.514810
 -1.160240   3.406960   1.886290  -2.321770   3.140700   2.596350
 -1.160240   3.406960   1.886290   0.071040   3.796270   2.479730
 -0.221690   0.158000   2.515050  -0.663560   1.550390   2.292820
 -0.221690   0.158000   2.515050  -1.024400  -0.607970   3.628510
 -0.221690   0.158000   2.515050   1.268540   0.072160   3.001190
 -0.255280  -0.722430   1.195680  -0.221690   0.158000   2.515050
 -0.304860  -0.114790  -0.078740  -0.255280  -0.722430   1.195680
 -0.304860  -0.114790  -0.078740  -1.195490  -0.538970  -0.613730
 -0.304860  -0.114790  -0.078740  -0.396260   0.999810   0.015860
 -0.304860  -0.114790  -0.078740   0.624460  -0.409010  -0.634210
