33 atoms follow (x y z r g b radiusScale)
 -0.529460  -0.107310  -0.017600   0.000000   1.000000   0.000000   1.850000
  0.344980  -0.221400  -0.711230   1.000000   1.000000   1.000000   1.200000
 -0.780120   0.977050   0.128410   1.000000   1.000000   1.000000   1.200000
 -1.403510  -0.665020  -0.446090   1.000000   1.000000   1.000000   1.200000
 -0.193920  -0.720150   1.209100   1.000000   0.000000   0.000000   1.400000
 -0.153340   0.168310   2.532520   0.500000   0.500000   0.500000   1.900000
  1.314200  -0.015210   3.072680   1.000000   0.000000   0.000000   1.400000
 -1.105160  -0.609230   3.502460   1.000000   0.000000   0.000000   1.400000
 -0.581590   1.569250   2.313400   1.000000   0.000000   0.000000   1.400000
 -1.186360   3.452630   1.855370   1.000000   1.000000   0.000000   1.850000
 -0.089200   3.918350   2.618220   1.000000   0.000000   0.000000   1.400000
 -2.407900   3.181080   2.440430   1.000000   0.000000   0.000000   1.400000
 -0.794110   3.078300   0.541890   1.000000   0.000000   0.000000   1.400000
 -1.612540   5.094630   1.293880   1.000000   0.000000   0.000000   1.400000
 -2.532890   5.908070   1.934130   0.000000   1.000000   0.000000   1.850000
 -3.343460   5.302280   2.416440   1.000000   1.000000   1.000000   1.200000
 -2.987780   6.594830   1.172250   1.000000   1.000000   1.000000   1.200000
 -2.015560   6.524110   2.717970   1.000000   1.000000   1.000000   1.200000
  0.889700   5.126990   0.295820   0.000000   0.000000   1.000000   1.540000
  1.081300   4.960160   1.312320   1.000000   1.000000   1.000000   1.200000
  1.663720   5.570170  -0.171830   1.000000   1.000000   1.000000   1.200000
  0.028370   5.703790   0.254890   1.000000   1.000000   1.000000   1.200000
  0.653430   4.212010  -0.121420   1.000000   1.000000   1.000000   1.200000
  1.066710   2.425880   4.976290   0.000000   0.000000   1.000000   1.540000
  1.585550   0.506420   3.832840   1.000000   1.000000   1.000000   1.200000
  0.863880   3.040350   4.208480   1.000000   1.000000   1.000000   1.200000
  1.863760   2.772240   5.467300   1.000000   1.000000   1.000000   1.200000
  0.287350   2.427070   5.601040   1.000000   1.000000   1.000000   1.200000
 -3.621150   0.757210   3.480180   0.000000   0.000000   1.000000   1.540000
 -2.027510  -0.302240   3.598420   1.000000   1.000000   1.000000   1.200000
 -3.833860   0.852200   2.507690   1.000000   1.000000   1.000000   1.200000
 -3.301630   1.651950   3.805130   1.000000   1.000000   1.000000   1.200000
 -4.453880   0.504890   3.969090   1.000000   1.000000   1.000000   1.200000
28 bonds follow (x1 y1 z1 x2 y2 z2)
 -3.621150   0.757210   3.480180  -4.453880   0.504890   3.969090
 -3.621150   0.757210   3.480180  -3.301630   1.651950   3.805130
 -3.621150   0.757210   3.480180  -3.833860   0.852200   2.507690
 -1.105160  -0.609230   3.502460  -2.027510  -0.302240   3.598420
  1.066710   2.425880   4.976290   0.287350   2.427070   5.601040
  1.066710   2.425880   4.976290   1.863760   2.772240   5.467300
  1.066710   2.425880   4.976290   0.863880   3.040350   4.208480
  1.314200  -0.015210   3.072680   1.585550   0.506420   3.832840
  0.889700   5.126990   0.295820   0.653430   4.212010  -0.121420
  0.889700   5.126990   0.295820   0.028370   5.703790   0.254890
  0.889700   5.126990   0.295820   1.663720   5.570170  -0.171830
  0.889700   5.126990   0.295820   1.081300   4.960160   1.312320
 -2.532890   5.908070   1.934130  -2.015560   6.524110   2.717970
 -2.532890   5.908070   1.934130  -2.987780   6.594830   1.172250
 -2.532890   5.908070   1.934130  -3.343460   5.302280   2.416440
 -1.612540   5.094630   1.293880  -2.532890   5.908070   1.934130
 -1.186360   3.452630   1.855370  -1.612540   5.094630   1.293880
 -1.186360   3.452630   1.855370  -0.794110   3.078300   0.541890
 -1.186360   3.452630   1.855370  -2.407900   3.181080   2.440430
 -1.186360   3.452630   1.855370  -0.089200   3.918350   2.618220
 -0.153340   0.168310   2.532520  -0.581590   1.569250   2.313400
 -0.153340   0.168310   2.532520  -1.105160  -0.609230   3.502460
 -0.153340   0.168310   2.532520   1.314200  -0.015210   3.072680
 -0.193920  -0.720150   1.209100  -0.153340   0.168310   2.532520
 -0.529460  -0.107310  -0.017600  -0.193920  -0.720150   1.209100
 -0.529460  -0.107310  -0.017600  -1.403510  -0.665020  -0.446090
 -0.529460  -0.107310  -0.017600  -0.780120   0.977050   0.128410
 -0.529460  -0.107310  -0.017600   0.344980  -0.221400  -0.711230
