33 atoms follow (x y z r g b radiusScale)
 -0.017920   0.010000  -0.021100   0.000000   1.000000   0.000000   1.850000
  1.100700  -0.017500  -0.041850   1.000000   1.000000   1.000000   1.200000
 -0.396750   1.069430  -0.015150   1.000000   1.000000   1.000000   1.200000
 -0.433090  -0.560050  -0.889600   1.000000   1.000000   1.000000   1.200000
 -0.458510  -0.657440   1.143190   1.000000   0.000000   0.000000   1.400000
 -0.308930   0.159040   2.497920   0.500000   0.500000   0.500000   1.900000
  1.163800  -0.094560   2.989170   1.000000   0.000000   0.000000   1.400000
 -1.226220  -0.591220   3.519770   1.000000   0.000000   0.000000   1.400000
 -0.603850   1.606730   2.343040   1.000000   0.000000   0.000000   1.400000
 -1.205870   3.446490   1.969820   1.000000   1.000000   0.000000   1.850000
 -0.069620   3.891970   2.697900   1.000000   0.000000   0.000000   1.400000
 -2.436130   3.161270   2.556900   1.000000   0.000000   0.000000   1.400000
 -0.854510   3.164940   0.617730   1.000000   0.000000   0.000000   1.400000
 -1.535040   5.141580   1.480770   1.000000   0.000000   0.000000   1.400000
 -2.828280   5.474350   1.128380   0.000000   1.000000   0.000000   1.850000
 -3.013590   5.217310   0.050430   1.000000   1.000000   1.000000   1.200000
 -2.972450   6.577130   1.268790   1.000000   1.000000   1.000000   1.200000
 -3.576800   4.930810   1.763910   1.000000   1.000000   1.000000   1.200000
  0.986370   5.303050   0.526250   0.000000   0.000000   1.000000   1.540000
  0.846830   5.196570   1.554280   1.000000   1.000000   1.000000   1.200000
  0.793260   6.257760   0.263180   1.000000   1.000000   1.000000   1.200000
  0.257850   4.678740   0.104940   1.000000   1.000000   1.000000   1.200000
  1.918910   5.013850   0.250930   1.000000   1.000000   1.000000   1.200000
  1.593590   2.271610   4.691060   0.000000   0.000000   1.000000   1.540000
  1.537700   0.534290   3.624990   1.000000   1.000000   1.000000   1.200000
  1.095590   2.880420   4.064980   1.000000   1.000000   1.000000   1.200000
  2.523510   2.613640   4.808280   1.000000   1.000000   1.000000   1.200000
  1.138940   2.277480   5.579650   1.000000   1.000000   1.000000   1.200000
 -3.624660   0.927680   3.786970   0.000000   0.000000   1.000000   1.540000
 -2.128120  -0.253010   3.688220   1.000000   1.000000   1.000000   1.200000
 -3.871810   1.205510   2.857100   1.000000   1.000000   1.000000   1.200000
 -3.223110   1.729920   4.234840   1.000000   1.000000   1.000000   1.200000
 -4.450180   0.656700   4.277620   1.000000   1.000000   1.000000   1.200000
28 bonds follow (x1 y1 z1 x2 y2 z2)
 -3.624660   0.927680   3.786970  -4.450180   0.656700   4.277620
 -3.624660   0.927680   3.786970  -3.223110   1.729920   4.234840
 -3.624660   0.927680   3.786970  -3.871810   1.205510   2.857100
 -1.226220  -0.591220   3.519770  -2.128120  -0.253010   3.688220
  1.593590   2.271610   4.691060   1.138940   2.277480   5.579650
  1.593590   2.271610   4.691060   2.523510   2.613640   4.808280
  1.593590   2.271610   4.691060   1.095590   2.880420   4.064980
  1.163800  -0.094560   2.989170   1.537700   0.534290   3.624990
  0.986370   5.303050   0.526250   1.918910   5.013850   0.250930
  0.986370   5.303050   0.526250   0.257850   4.678740   0.104940
  0.986370   5.303050   0.526250   0.793260   6.257760   0.263180
  0.986370   5.303050   0.526250   0.846830   5.196570   1.554280
 -2.828280   5.474350   1.128380  -3.576800   4.930810   1.763910
 -2.828280   5.474350   1.128380  -2.972450   6.577130   1.268790
 -2.828280   5.474350   1.128380  -3.013590   5.217310   0.050430
 -1.535040   5.141580   1.480770  -2.828280   5.474350   1.128380
 -1.205870   3.446490   1.969820  -1.535040   5.141580   1.480770
 -1.205870   3.446490   1.969820  -0.854510   3.164940   0.617730
 -1.205870   3.446490   1.969820  -2.436130   3.161270   2.556900
 -1.205870   3.446490   1.969820  -0.069620   3.891970   2.697900
 -0.308930   0.159040   2.497920  -0.603850   1.606730   2.343040
 -0.308930   0.159040   2.497920  -1.226220  -0.591220   3.519770
 -0.308930   0.159040   2.497920   1.163800  -0.094560   2.989170
 -0.458510  -0.657440   1.143190  -0.308930   0.159040   2.497920
 -0.017920   0.010000  -0.021100  -0.458510  -0.657440   1.143190
 -0.017920   0.010000  -0.021100  -0.433090  -0.560050  -0.889600
 -0.017920   0.010000  -0.021100  -0.396750   1.069430  -0.015150
 -0.017920   0.010000  -0.021100   1.100700  -0.017500  -0.041850
