33 atoms follow (x y z r g b radiusScale)
 -0.334930  -0.083080  -0.065960   0.000000   1.000000   0.000000   1.850000
  0.608770  -0.328960  -0.619550   1.000000   1.000000   1.000000   1.200000
 -0.467960   1.027420   0.051280   1.000000   1.000000   1.000000   1.200000
 -1.204450  -0.524130  -0.619940   1.000000   1.000000   1.000000   1.200000
 -0.280680  -0.719870   1.195390   1.000000   0.000000   0.000000   1.400000
 -0.192980   0.162780   2.513220   0.500000   0.500000   0.500000   1.900000
  1.294610   0.020350   3.041490   1.000000   0.000000   0.000000   1.400000
 -1.013150  -0.603890   3.611890   1.000000   0.000000   0.000000   1.400000
 -0.681960   1.541740   2.298040   1.000000   0.000000   0.000000   1.400000
 -1.168040   3.423410   1.876180   1.000000   1.000000   0.000000   1.850000
  0.058800   3.804260   2.487390   1.000000   0.000000   0.000000   1.400000
 -2.337460   3.175590   2.577660   1.000000   0.000000   0.000000   1.400000
 -0.972330   3.101160   0.505150   1.000000   0.000000   0.000000   1.400000
 -1.499320   5.114700   1.445840   1.000000   0.000000   0.000000   1.400000
 -2.573480   5.882800   1.849150   0.000000   1.000000   0.000000   1.850000
 -3.060150   5.453730   2.763490   1.000000   1.000000   1.000000   1.200000
 -3.329080   5.940210   1.020890   1.000000   1.000000   1.000000   1.200000
 -2.203530   6.919380   2.075870   1.000000   1.000000   1.000000   1.200000
  0.868590   5.155140   0.300270   0.000000   0.000000   1.000000   1.540000
  1.348830   4.418290   0.836960   1.000000   1.000000   1.000000   1.200000
  1.493840   5.670360  -0.294280   1.000000   1.000000   1.000000   1.200000
  0.387680   5.757900   0.994810   1.000000   1.000000   1.000000   1.200000
  0.093530   4.683810  -0.235490   1.000000   1.000000   1.000000   1.200000
  1.009390   2.520090   5.012870   0.000000   0.000000   1.000000   1.540000
  1.470370   0.368190   3.919650   1.000000   1.000000   1.000000   1.200000
  1.171880   2.962430   4.126110   1.000000   1.000000   1.000000   1.200000
  1.631420   2.916520   5.686490   1.000000   1.000000   1.000000   1.200000
  0.071800   2.729400   5.289950   1.000000   1.000000   1.000000   1.200000
 -3.690720   0.764470   3.412670   0.000000   0.000000   1.000000   1.540000
 -1.976210  -0.543210   3.617760   1.000000   1.000000   1.000000   1.200000
 -3.567570   1.127630   2.485760   1.000000   1.000000   1.000000   1.200000
 -3.324800   1.457190   4.039140   1.000000   1.000000   1.000000   1.200000
 -4.671170   0.674520   3.582760   1.000000   1.000000   1.000000   1.200000
28 bonds follow (x1 y1 z1 x2 y2 z2)
 -3.690720   0.764470   3.412670  -4.671170   0.674520   3.582760
 -3.690720   0.764470   3.412670  -3.324800   1.457190   4.039140
 -3.690720   0.764470   3.412670  -3.567570   1.127630   2.485760
 -1.013150  -0.603890   3.611890  -1.976210  -0.543210   3.617760
  1.009390   2.520090   5.012870   0.071800   2.729400   5.289950
  1.009390   2.520090   5.012870   1.631420   2.916520   5.686490
  1.009390   2.520090   5.012870   1.171880   2.962430   4.126110
  1.294610   0.020350   3.041490   1.470370   0.368190   3.919650
  0.868590   5.155140   0.300270   0.093530   4.683810  -0.235490
  0.868590   5.155140   0.300270   0.387680   5.757900   0.994810
  0.868590   5.155140   0.300270   1.493840   5.670360  -0.294280
  0.868590   5.155140   0.300270   1.348830   4.418290   0.836960
 -2.573480   5.882800   1.849150  -2.203530   6.919380   2.075870
 -2.573480   5.882800   1.849150  -3.329080   5.940210   1.020890
 -2.573480   5.882800   1.849150  -3.060150   5.453730   2.763490
 -1.499320   5.114700   1.445840  -2.573480   5.882800   1.849150
 -1.168040   3.423410   1.876180  -1.499320   5.114700   1.445840
 -1.168040   3.423410   1.876180  -0.972330   3.101160   0.505150
 -1.168040   3.423410   1.876180  -2.337460   3.175590   2.577660
 -1.168040   3.423410   1.876180   0.058800   3.804260   2.487390
 -0.192980   0.162780   2.513220  -0.681960   1.541740   2.298040
 -0.192980   0.162780   2.513220  -1.013150  -0.603890   3.611890
 -0.192980   0.162780   2.513220   1.294610   0.020350   3.041490
 -0.280680  -0.719870   1.195390  -0.192980   0.162780   2.513220
 -0.334930  -0.083080  -0.065960  -0.280680  -0.719870   1.195390
 -0.334930  -0.083080  -0.065960  -1.204450  -0.524130  -0.619940
 -0.334930  -0.083080  -0.065960  -0.467960   1.027420   0.051280
 -0.334930  -0.083080  -0.065960   0.608770  -0.328960  -0.619550
