33 atoms follow (x y z r g b radiusScale)
 -0.062750  -0.025190  -0.011660   0.000000   1.000000   0.000000   1.850000
  1.025500  -0.218050  -0.195340   1.000000   1.000000   1.000000   1.200000
 -0.278180   1.075740   0.067930   1.000000   1.000000   1.000000   1.200000
 -0.664730  -0.484210  -0.837150   1.000000   1.000000   1.000000   1.200000
 -0.448950  -0.681130   1.176730   1.000000   0.000000   0.000000   1.400000
 -0.295200   0.126860   2.537120   0.500000   0.500000   0.500000   1.900000
  1.204090  -0.045330   2.991870   1.000000   0.000000   0.000000   1.400000
 -1.158160  -0.703190   3.553470   1.000000   0.000000   0.000000   1.400000
 -0.705110   1.545140   2.425510   1.000000   0.000000   0.000000   1.400000
 -1.180520   3.460640   1.892210   1.000000   1.000000   0.000000   1.850000
 -0.123740   3.909650   2.722660   1.000000   0.000000   0.000000   1.400000
 -2.458770   3.144460   2.316060   1.000000   0.000000   0.000000   1.400000
 -0.692190   3.162920   0.590490   1.000000   0.000000   0.000000   1.400000
 -1.548130   5.143510   1.423210   1.000000   0.000000   0.000000   1.400000
 -2.813480   5.695610   1.420300   0.000000   1.000000   0.000000   1.850000
 -3.359090   5.409040   0.482140   1.000000   1.000000   1.000000   1.200000
 -2.710420   6.812830   1.456050   1.000000   1.000000   1.000000   1.200000
 -3.406360   5.348790   2.306040   1.000000   1.000000   1.000000   1.200000
  0.870270   5.262760   0.487780   0.000000   0.000000   1.000000   1.540000
  0.619780   5.473630   1.478980   1.000000   1.000000   1.000000   1.200000
  1.508950   5.937340   0.101320   1.000000   1.000000   1.000000   1.200000
 -0.034930   5.223760  -0.027470   1.000000   1.000000   1.000000   1.200000
  1.248940   4.318900   0.469890   1.000000   1.000000   1.000000   1.200000
  1.528420   2.313740   4.699730   0.000000   0.000000   1.000000   1.540000
  1.522600   0.521260   3.710080   1.000000   1.000000   1.000000   1.200000
  0.986950   2.949290   4.141840   1.000000   1.000000   1.000000   1.200000
  2.431340   2.704960   4.862460   1.000000   1.000000   1.000000   1.200000
  1.075550   2.182640   5.579710   1.000000   1.000000   1.000000   1.200000
 -3.568630   0.935310   3.746830   0.000000   0.000000   1.000000   1.540000
 -2.078740  -0.428810   3.699450   1.000000   1.000000   1.000000   1.200000
 -3.797090   1.135670   2.791870   1.000000   1.000000   1.000000   1.200000
 -3.068760   1.732310   4.094940   1.000000   1.000000   1.000000   1.200000
 -4.416450   0.837330   4.264920   1.000000   1.000000   1.000000   1.200000
28 bonds follow (x1 y1 z1 x2 y2 z2)
 -3.568630   0.935310   3.746830  -4.416450   0.837330   4.264920
 -3.568630   0.935310   3.746830  -3.068760   1.732310   4.094940
 -3.568630   0.935310   3.746830  -3.797090   1.135670   2.791870
 -1.158160  -0.703190   3.553470  -2.078740  -0.428810   3.699450
  1.528420   2.313740   4.699730   1.075550   2.182640   5.579710
  1.528420   2.313740   4.699730   2.431340   2.704960   4.862460
  1.528420   2.313740   4.699730   0.986950   2.949290   4.141840
  1.204090  -0.045330   2.991870   1.522600   0.521260   3.710080
  0.870270   5.262760   0.487780   1.248940   4.318900   0.469890
  0.870270   5.262760   0.487780  -0.034930   5.223760  -0.027470
  0.870270   5.262760   0.487780   1.508950   5.937340   0.101320
  0.870270   5.262760   0.487780   0.619780   5.473630   1.478980
 -2.813480   5.695610   1.420300  -3.406360   5.348790   2.306040
 -2.813480   5.695610   1.420300  -2.710420   6.812830   1.456050
 -2.813480   5.695610   1.420300  -3.359090   5.409040   0.482140
 -1.548130   5.143510   1.423210  -2.813480   5.695610   1.420300
 -1.180520   3.460640   1.892210  -1.548130   5.143510   1.423210
 -1.180520   3.460640   1.892210  -0.692190   3.162920   0.590490
 -1.180520   3.460640   1.892210  -2.458770   3.144460   2.316060
 -1.180520   3.460640   1.892210  -0.123740   3.909650   2.722660
 -0.295200   0.126860   2.537120  -0.705110   1.545140   2.425510
 -0.295200   0.126860   2.537120  -1.158160  -0.703190   3.553470
 -0.295200   0.126860   2.537120   1.204090  -0.045330   2.991870
 -0.448950  -0.681130   1.176730  -0.295200   0.126860   2.537120
 -0.062750  -0.025190  -0.011660  -0.448950  -0.681130   1.176730
 -0.062750  -0.025190  -0.011660  -0.664730  -0.484210  -0.837150
 -0.062750  -0.025190  -0.011660  -0.278180   1.075740   0.067930
 -0.062750  -0.025190  -0.011660   1.025500  -0.218050  -0.195340
