33 atoms follow (x y z r g b radiusScale)
 -0.272830  -0.180410  -0.065610   0.000000   1.000000   0.000000   1.850000
  0.665820  -0.478930  -0.601550   1.000000   1.000000   1.000000   1.200000
 -0.364000   0.938590   0.004910   1.000000   1.000000   1.000000   1.200000
 -1.153120  -0.615290  -0.608180   1.000000   1.000000   1.000000   1.200000
 -0.240350  -0.765670   1.221260   1.000000   0.000000   0.000000   1.400000
 -0.252220   0.173390   2.501440   0.500000   0.500000   0.500000   1.900000
  1.203910   0.064480   3.067960   1.000000   0.000000   0.000000   1.400000
 -1.156190  -0.482380   3.598350   1.000000   0.000000   0.000000   1.400000
 -0.656620   1.571630   2.223500   1.000000   0.000000   0.000000   1.400000
 -1.190240   3.368810   1.804280   1.000000   1.000000   0.000000   1.850000
 -0.108330   3.868930   2.591280   1.000000   0.000000   0.000000   1.400000
 -2.436650   3.022050   2.312840   1.000000   0.000000   0.000000   1.400000
 -0.734670   3.129210   0.476130   1.000000   0.000000   0.000000   1.400000
 -1.608880   5.045070   1.339470   1.000000   0.000000   0.000000   1.400000
 -2.697820   5.765770   1.775500   0.000000   1.000000   0.000000   1.850000
 -3.603210   5.520660   1.160140   1.000000   1.000000   1.000000   1.200000
 -2.467250   6.860010   1.665060   1.000000   1.000000   1.000000   1.200000
 -2.922510   5.546280   2.852880   1.000000   1.000000   1.000000   1.200000
  0.940130   5.282710   0.674310   0.000000   0.000000   1.000000   1.540000
  1.367580   4.505590   1.199240   1.000000   1.000000   1.000000   1.200000
  1.602560   5.797080   0.118090   1.000000   1.000000   1.000000   1.200000
  0.457870   5.870650   1.368330   1.000000   1.000000   1.000000   1.200000
  0.181700   4.857470   0.091330   1.000000   1.000000   1.000000   1.200000
  1.429200   2.421920   4.806870   0.000000   0.000000   1.000000   1.540000
  1.461000   0.637640   3.804740   1.000000   1.000000   1.000000   1.200000
  0.881790   3.070810   4.270100   1.000000   1.000000   1.000000   1.200000
  2.330150   2.811220   4.982300   1.000000   1.000000   1.000000   1.200000
  0.979680   2.244880   5.680100   1.000000   1.000000   1.000000   1.200000
 -3.681100   0.970780   3.724980   0.000000   0.000000   1.000000   1.540000
 -2.068300  -0.158630   3.724760   1.000000   1.000000   1.000000   1.200000
 -3.861950   1.233580   2.774940   1.000000   1.000000   1.000000   1.200000
 -3.326340   1.784310   4.189140   1.000000   1.000000   1.000000   1.200000
 -4.536140   0.693690   4.158640   1.000000   1.000000   1.000000   1.200000
29 bonds follow (x1 y1 z1 x2 y2 z2)
 -3.681100   0.970780   3.724980  -4.536140   0.693690   4.158640
 -3.681100   0.970780   3.724980  -3.326340   1.784310   4.189140
 -3.681100   0.970780   3.724980  -3.861950   1.233580   2.774940
 -1.156190  -0.482380   3.598350  -2.068300  -0.158630   3.724760
  1.429200   2.421920   4.806870   0.979680   2.244880   5.680100
  1.429200   2.421920   4.806870   2.330150   2.811220   4.982300
  1.429200   2.421920   4.806870   0.881790   3.070810   4.270100
  1.203910   0.064480   3.067960   1.461000   0.637640   3.804740
  0.940130   5.282710   0.674310   0.181700   4.857470   0.091330
  0.940130   5.282710   0.674310   0.457870   5.870650   1.368330
  0.940130   5.282710   0.674310   1.602560   5.797080   0.118090
  0.940130   5.282710   0.674310   1.367580   4.505590   1.199240
 -2.697820   5.765770   1.775500  -2.922510   5.546280   2.852880
 -2.697820   5.765770   1.775500  -2.467250   6.860010   1.665060
 -2.697820   5.765770   1.775500  -3.603210   5.520660   1.160140
 -1.608880   5.045070   1.339470  -2.697820   5.765770   1.775500
 -1.190240   3.368810   1.804280  -1.608880   5.045070   1.339470
 -1.190240   3.368810   1.804280  -0.734670   3.129210   0.476130
 -1.190240   3.368810   1.804280  -2.436650   3.022050   2.312840
 -1.190240   3.368810   1.804280  -0.108330   3.868930   2.591280
 -0.656620   1.571630   2.223500  -1.190240   3.368810   1.804280
 -0.252220   0.173390   2.501440  -0.656620   1.571630   2.223500
 -0.252220   0.173390   2.501440  -1.156190  -0.482380   3.598350
 -0.252220   0.173390   2.501440   1.203910   0.064480   3.067960
 -0.240350  -0.765670   1.221260  -0.252220   0.173390   2.501440
 -0.272830  -0.180410  -0.065610  -0.240350  -0.765670   1.221260
 -0.272830  -0.180410  -0.065610  -1.153120  -0.615290  -0.608180
 -0.272830  -0.180410  -0.065610  -0.364000   0.938590   0.004910
 -0.272830  -0.180410  -0.065610   0.665820  -0.478930  -0.601550
