33 atoms follow (x y z r g b radiusScale)
 -0.333970  -0.195870  -0.049850   0.000000   1.000000   0.000000   1.850000
  0.611230  -0.420250  -0.610440   1.000000   1.000000   1.000000   1.200000
 -0.503120   0.913500   0.029510   1.000000   1.000000   1.000000   1.200000
 -1.191860  -0.692070  -0.575360   1.000000   1.000000   1.000000   1.200000
 -0.227960  -0.789100   1.229020   1.000000   0.000000   0.000000   1.400000
 -0.240600   0.153180   2.507130   0.500000   0.500000   0.500000   1.900000
  1.219250   0.092130   3.096850   1.000000   0.000000   0.000000   1.400000
 -1.164000  -0.513250   3.588100   1.000000   0.000000   0.000000   1.400000
 -0.632420   1.555110   2.221920   1.000000   0.000000   0.000000   1.400000
 -1.190470   3.389580   1.784730   1.000000   1.000000   0.000000   1.850000
 -0.125630   3.855950   2.615880   1.000000   0.000000   0.000000   1.400000
 -2.425530   2.999600   2.276610   1.000000   0.000000   0.000000   1.400000
 -0.753210   3.137230   0.460810   1.000000   0.000000   0.000000   1.400000
 -1.589300   5.083200   1.362400   1.000000   0.000000   0.000000   1.400000
 -2.685800   5.779190   1.830420   0.000000   1.000000   0.000000   1.850000
 -3.604690   5.486660   1.257600   1.000000   1.000000   1.000000   1.200000
 -2.498120   6.876940   1.689570   1.000000   1.000000   1.000000   1.200000
 -2.855730   5.571060   2.919990   1.000000   1.000000   1.000000   1.200000
  0.957410   5.302500   0.624400   0.000000   0.000000   1.000000   1.540000
  1.456440   4.522720   1.067420   1.000000   1.000000   1.000000   1.200000
  1.580630   6.008600   0.272160   1.000000   1.000000   1.000000   1.200000
  0.306700   5.680870   1.356690   1.000000   1.000000   1.000000   1.200000
  0.344850   4.901710  -0.111950   1.000000   1.000000   1.000000   1.200000
  1.389280   2.424940   4.827520   0.000000   0.000000   1.000000   1.540000
  1.474690   0.799490   3.711780   1.000000   1.000000   1.000000   1.200000
  0.895410   2.982410   4.152920   1.000000   1.000000   1.000000   1.200000
  2.309490   2.792450   4.944260   1.000000   1.000000   1.000000   1.200000
  0.912190   2.472770   5.702730   1.000000   1.000000   1.000000   1.200000
 -3.680350   0.956800   3.721140   0.000000   0.000000   1.000000   1.540000
 -2.039170  -0.127940   3.773720   1.000000   1.000000   1.000000   1.200000
 -3.736280   1.177180   2.744090   1.000000   1.000000   1.000000   1.200000
 -3.315180   1.769720   4.179310   1.000000   1.000000   1.000000   1.200000
 -4.600540   0.780290   4.065180   1.000000   1.000000   1.000000   1.200000
28 bonds follow (x1 y1 z1 x2 y2 z2)
 -3.680350   0.956800   3.721140  -4.600540   0.780290   4.065180
 -3.680350   0.956800   3.721140  -3.315180   1.769720   4.179310
 -3.680350   0.956800   3.721140  -3.736280   1.177180   2.744090
 -1.164000  -0.513250   3.588100  -2.039170  -0.127940   3.773720
  1.389280   2.424940   4.827520   0.912190   2.472770   5.702730
  1.389280   2.424940   4.827520   2.309490   2.792450   4.944260
  1.389280   2.424940   4.827520   0.895410   2.982410   4.152920
  1.219250   0.092130   3.096850   1.474690   0.799490   3.711780
  0.957410   5.302500   0.624400   0.344850   4.901710  -0.111950
  0.957410   5.302500   0.624400   0.306700   5.680870   1.356690
  0.957410   5.302500   0.624400   1.580630   6.008600   0.272160
  0.957410   5.302500   0.624400   1.456440   4.522720   1.067420
 -2.685800   5.779190   1.830420  -2.855730   5.571060   2.919990
 -2.685800   5.779190   1.830420  -2.498120   6.876940   1.689570
 -2.685800   5.779190   1.830420  -3.604690   5.486660   1.257600
 -1.589300   5.083200   1.362400  -2.685800   5.779190   1.830420
 -1.190470   3.389580   1.784730  -1.589300   5.083200   1.362400
 -1.190470   3.389580   1.784730  -0.753210   3.137230   0.460810
 -1.190470   3.389580   1.784730  -2.425530   2.999600   2.276610
 -1.190470   3.389580   1.784730  -0.125630   3.855950   2.615880
 -0.240600   0.153180   2.507130  -0.632420   1.555110   2.221920
 -0.240600   0.153180   2.507130  -1.164000  -0.513250   3.588100
 -0.240600   0.153180   2.507130   1.219250   0.092130   3.096850
 -0.227960  -0.789100   1.229020  -0.240600   0.153180   2.507130
 -0.333970  -0.195870  -0.049850  -0.227960  -0.789100   1.229020
 -0.333970  -0.195870  -0.049850  -1.191860  -0.692070  -0.575360
 -0.333970  -0.195870  -0.049850  -0.503120   0.913500   0.029510
 -0.333970  -0.195870  -0.049850   0.611230  -0.420250  -0.610440
