33 atoms follow (x y z r g b radiusScale)
 -0.501990  -0.261860  -0.032110   0.000000   1.000000   0.000000   1.850000
  0.357220  -0.466980  -0.722730   1.000000   1.000000   1.000000   1.200000
 -0.710440   0.840990   0.027030   1.000000   1.000000   1.000000   1.200000
 -1.400380  -0.824480  -0.399220   1.000000   1.000000   1.000000   1.200000
 -0.156050  -0.770510   1.237880   1.000000   0.000000   0.000000   1.400000
 -0.233720   0.160200   2.530860   0.500000   0.500000   0.500000   1.900000
  1.196890   0.034070   3.156010   1.000000   0.000000   0.000000   1.400000
 -1.138180  -0.573550   3.573530   1.000000   0.000000   0.000000   1.400000
 -0.654380   1.557580   2.269110   1.000000   0.000000   0.000000   1.400000
 -1.185540   3.425320   1.761610   1.000000   1.000000   0.000000   1.850000
 -0.112170   3.873000   2.583220   1.000000   0.000000   0.000000   1.400000
 -2.446000   3.063970   2.213780   1.000000   0.000000   0.000000   1.400000
 -0.739050   3.136630   0.452540   1.000000   0.000000   0.000000   1.400000
 -1.584130   5.132720   1.361590   1.000000   0.000000   0.000000   1.400000
 -2.640190   5.766200   1.997050   0.000000   1.000000   0.000000   1.850000
 -3.615730   5.329700   1.658320   1.000000   1.000000   1.000000   1.200000
 -2.608440   6.856440   1.739560   1.000000   1.000000   1.000000   1.200000
 -2.556110   5.646460   3.110170   1.000000   1.000000   1.000000   1.200000
  0.921330   5.314790   0.521840   0.000000   0.000000   1.000000   1.540000
  1.104390   4.755420   1.372270   1.000000   1.000000   1.000000   1.200000
  1.772520   5.663990   0.111130   1.000000   1.000000   1.000000   1.200000
  0.269940   6.065310   0.796640   1.000000   1.000000   1.000000   1.200000
  0.403750   4.685910  -0.139820   1.000000   1.000000   1.000000   1.200000
  1.289200   2.444630   4.895390   0.000000   0.000000   1.000000   1.540000
  1.467920   0.692640   3.810750   1.000000   1.000000   1.000000   1.200000
  0.888130   3.009540   4.168160   1.000000   1.000000   1.000000   1.200000
  2.143680   2.861020   5.198440   1.000000   1.000000   1.000000   1.200000
  0.658490   2.414670   5.668530   1.000000   1.000000   1.000000   1.200000
 -3.503400   0.903440   3.588230   0.000000   0.000000   1.000000   1.540000
 -2.067030  -0.295140   3.687480   1.000000   1.000000   1.000000   1.200000
 -3.579760   1.209270   2.634790   1.000000   1.000000   1.000000   1.200000
 -3.077400   1.655340   4.097030   1.000000   1.000000   1.000000   1.200000
 -4.420480   0.753680   3.952140   1.000000   1.000000   1.000000   1.200000
28 bonds follow (x1 y1 z1 x2 y2 z2)
 -3.503400   0.903440   3.588230  -4.420480   0.753680   3.952140
 -3.503400   0.903440   3.588230  -3.077400   1.655340   4.097030
 -3.503400   0.903440   3.588230  -3.579760   1.209270   2.634790
 -1.138180  -0.573550   3.573530  -2.067030  -0.295140   3.687480
  1.289200   2.444630   4.895390   0.658490   2.414670   5.668530
  1.289200   2.444630   4.895390   2.143680   2.861020   5.198440
  1.289200   2.444630   4.895390   0.888130   3.009540   4.168160
  1.196890   0.034070   3.156010   1.467920   0.692640   3.810750
  0.921330   5.314790   0.521840   0.403750   4.685910  -0.139820
  0.921330   5.314790   0.521840   0.269940   6.065310   0.796640
  0.921330   5.314790   0.521840   1.772520   5.663990   0.111130
  0.921330   5.314790   0.521840   1.104390   4.755420   1.372270
 -2.640190   5.766200   1.997050  -2.556110   5.646460   3.110170
 -2.640190   5.766200   1.997050  -2.608440   6.856440   1.739560
 -2.640190   5.766200   1.997050  -3.615730   5.329700   1.658320
 -1.584130   5.132720   1.361590  -2.640190   5.766200   1.997050
 -1.185540   3.425320   1.761610  -1.584130   5.132720   1.361590
 -1.185540   3.425320   1.761610  -0.739050   3.136630   0.452540
 -1.185540   3.425320   1.761610  -2.446000   3.063970   2.213780
 -1.185540   3.425320   1.761610  -0.112170   3.873000   2.583220
 -0.233720   0.160200   2.530860  -0.654380   1.557580   2.269110
 -0.233720   0.160200   2.530860  -1.138180  -0.573550   3.573530
 -0.233720   0.160200   2.530860   1.196890   0.034070   3.156010
 -0.156050  -0.770510   1.237880  -0.233720   0.160200   2.530860
 -0.501990  -0.261860  -0.032110  -0.156050  -0.770510   1.237880
 -0.501990  -0.261860  -0.032110  -1.400380  -0.824480  -0.399220
 -0.501990  -0.261860  -0.032110  -0.710440   0.840990   0.027030
 -0.501990  -0.261860  -0.032110   0.357220  -0.466980  -0.722730
