33 atoms follow (x y z r g b radiusScale)
 -0.474380  -0.085190  -0.053810   0.000000   1.000000   0.000000   1.850000
  0.458050  -0.102770  -0.677310   1.000000   1.000000   1.000000   1.200000
 -0.827110   0.969650   0.103820   1.000000   1.000000   1.000000   1.200000
 -1.259720  -0.700760  -0.565490   1.000000   1.000000   1.000000   1.200000
 -0.194170  -0.708380   1.182000   1.000000   0.000000   0.000000   1.400000
 -0.203340   0.149760   2.526750   0.500000   0.500000   0.500000   1.900000
  1.260730  -0.056290   3.063060   1.000000   0.000000   0.000000   1.400000
 -1.056650  -0.627210   3.590660   1.000000   0.000000   0.000000   1.400000
 -0.585770   1.571280   2.382720   1.000000   0.000000   0.000000   1.400000
 -1.192990   3.458040   1.864730   1.000000   1.000000   0.000000   1.850000
 -0.044570   3.957690   2.530610   1.000000   0.000000   0.000000   1.400000
 -2.382220   3.108400   2.471320   1.000000   0.000000   0.000000   1.400000
 -0.893820   3.109910   0.526910   1.000000   0.000000   0.000000   1.400000
 -1.596310   5.121320   1.340800   1.000000   0.000000   0.000000   1.400000
 -2.549440   5.944210   1.902340   0.000000   1.000000   0.000000   1.850000
 -3.232260   5.369620   2.582400   1.000000   1.000000   1.000000   1.200000
 -3.155630   6.412260   1.081460   1.000000   1.000000   1.000000   1.200000
 -2.046150   6.760180   2.489350   1.000000   1.000000   1.000000   1.200000
  0.904640   5.091700   0.299450   0.000000   0.000000   1.000000   1.540000
  1.265440   4.473850   1.041910   1.000000   1.000000   1.000000   1.200000
  1.637820   5.568040  -0.197320   1.000000   1.000000   1.000000   1.200000
  0.253630   5.754960   0.775510   1.000000   1.000000   1.000000   1.200000
  0.318970   4.505010  -0.324850   1.000000   1.000000   1.000000   1.200000
  1.043860   2.461370   5.018520   0.000000   0.000000   1.000000   1.540000
  1.482030   0.313550   3.919640   1.000000   1.000000   1.000000   1.200000
  0.938260   2.921930   4.131650   1.000000   1.000000   1.000000   1.200000
  1.835520   2.850280   5.487210   1.000000   1.000000   1.000000   1.200000
  0.231140   2.654560   5.566740   1.000000   1.000000   1.000000   1.200000
 -3.523310   0.759380   3.398400   0.000000   0.000000   1.000000   1.540000
 -1.997430  -0.400230   3.695690   1.000000   1.000000   1.000000   1.200000
 -3.786520   0.881270   2.441690   1.000000   1.000000   1.000000   1.200000
 -3.155650   1.635310   3.725020   1.000000   1.000000   1.000000   1.200000
 -4.337060   0.533690   3.930440   1.000000   1.000000   1.000000   1.200000
28 bonds follow (x1 y1 z1 x2 y2 z2)
 -3.523310   0.759380   3.398400  -4.337060   0.533690   3.930440
 -3.523310   0.759380   3.398400  -3.155650   1.635310   3.725020
 -3.523310   0.759380   3.398400  -3.786520   0.881270   2.441690
 -1.056650  -0.627210   3.590660  -1.997430  -0.400230   3.695690
  1.043860   2.461370   5.018520   0.231140   2.654560   5.566740
  1.043860   2.461370   5.018520   1.835520   2.850280   5.487210
  1.043860   2.461370   5.018520   0.938260   2.921930   4.131650
  1.260730  -0.056290   3.063060   1.482030   0.313550   3.919640
  0.904640   5.091700   0.299450   0.318970   4.505010  -0.324850
  0.904640   5.091700   0.299450   0.253630   5.754960   0.775510
  0.904640   5.091700   0.299450   1.637820   5.568040  -0.197320
  0.904640   5.091700   0.299450   1.265440   4.473850   1.041910
 -2.549440   5.944210   1.902340  -2.046150   6.760180   2.489350
 -2.549440   5.944210   1.902340  -3.155630   6.412260   1.081460
 -2.549440   5.944210   1.902340  -3.232260   5.369620   2.582400
 -1.596310   5.121320   1.340800  -2.549440   5.944210   1.902340
 -1.192990   3.458040   1.864730  -1.596310   5.121320   1.340800
 -1.192990   3.458040   1.864730  -0.893820   3.109910   0.526910
 -1.192990   3.458040   1.864730  -2.382220   3.108400   2.471320
 -1.192990   3.458040   1.864730  -0.044570   3.957690   2.530610
 -0.203340   0.149760   2.526750  -0.585770   1.571280   2.382720
 -0.203340   0.149760   2.526750  -1.056650  -0.627210   3.590660
 -0.203340   0.149760   2.526750   1.260730  -0.056290   3.063060
 -0.194170  -0.708380   1.182000  -0.203340   0.149760   2.526750
 -0.474380  -0.085190  -0.053810  -0.194170  -0.708380   1.182000
 -0.474380  -0.085190  -0.053810  -1.259720  -0.700760  -0.565490
 -0.474380  -0.085190  -0.053810  -0.827110   0.969650   0.103820
 -0.474380  -0.085190  -0.053810   0.458050  -0.102770  -0.677310
