33 atoms follow (x y z r g b radiusScale)
 -0.000030   0.000010   0.000040   0.000000   1.000000   0.000000   1.850000
  1.118960   0.000000  -0.000030   1.000000   1.000000   1.000000   1.200000
 -0.405260   1.049290   0.000130   1.000000   1.000000   1.000000   1.200000
 -0.386650  -0.578410  -0.876020   1.000000   1.000000   1.000000   1.200000
 -0.445610  -0.680400   1.156090   1.000000   0.000000   0.000000   1.400000
 -0.328720   0.128990   2.516260   0.500000   0.500000   0.500000   1.900000
  1.153410  -0.065850   2.993750   1.000000   0.000000   0.000000   1.400000
 -1.241200  -0.623210   3.539840   1.000000   0.000000   0.000000   1.400000
 -0.679940   1.569020   2.367090   1.000000   0.000000   0.000000   1.400000
 -1.149840   3.396010   1.976080   1.000000   1.000000   0.000000   1.850000
 -0.031340   3.843150   2.702170   1.000000   0.000000   0.000000   1.400000
 -2.396720   3.161710   2.528400   1.000000   0.000000   0.000000   1.400000
 -0.859030   3.160740   0.617510   1.000000   0.000000   0.000000   1.400000
 -1.529240   5.170640   1.566520   1.000000   0.000000   0.000000   1.400000
 -2.705510   5.612720   0.975610   0.000000   1.000000   0.000000   1.850000
 -2.735120   5.314960  -0.105600   1.000000   1.000000   1.000000   1.200000
 -2.751250   6.729910   1.053830   1.000000   1.000000   1.000000   1.200000
 -3.578630   5.160550   1.513300   1.000000   1.000000   1.000000   1.200000
  0.754940   5.418580   0.512220   0.000000   0.000000   1.000000   1.540000
  1.275830   5.147650   1.344000   1.000000   1.000000   1.000000   1.200000
 -0.326670   5.572890   0.875840   1.000000   1.000000   1.000000   1.200000
  0.713700   4.625810  -0.125450   1.000000   1.000000   1.000000   1.200000
  1.148300   6.231360   0.074510   1.000000   1.000000   1.000000   1.200000
  1.620760   2.232110   4.685580   0.000000   0.000000   1.000000   1.540000
  1.513660   0.571760   3.635210   1.000000   1.000000   1.000000   1.200000
  1.172980   2.894290   4.076980   1.000000   1.000000   1.000000   1.200000
  2.569220   2.506350   4.829280   1.000000   1.000000   1.000000   1.200000
  1.151740   2.229660   5.566580   1.000000   1.000000   1.000000   1.200000
 -3.597450   0.959230   3.767100   0.000000   0.000000   1.000000   1.540000
 -2.135550  -0.268510   3.722710   1.000000   1.000000   1.000000   1.200000
 -3.833080   1.195350   2.822710   1.000000   1.000000   1.000000   1.200000
 -3.168490   1.771040   4.171540   1.000000   1.000000   1.000000   1.200000
 -4.434550   0.748460   4.267710   1.000000   1.000000   1.000000   1.200000
29 bonds follow (x1 y1 z1 x2 y2 z2)
 -3.597450   0.959230   3.767100  -4.434550   0.748460   4.267710
 -3.597450   0.959230   3.767100  -3.168490   1.771040   4.171540
 -3.597450   0.959230   3.767100  -3.833080   1.195350   2.822710
 -1.241200  -0.623210   3.539840  -2.135550  -0.268510   3.722710
  1.620760   2.232110   4.685580   1.151740   2.229660   5.566580
  1.620760   2.232110   4.685580   2.569220   2.506350   4.829280
  1.620760   2.232110   4.685580   1.172980   2.894290   4.076980
  1.153410  -0.065850   2.993750   1.513660   0.571760   3.635210
  0.754940   5.418580   0.512220   1.148300   6.231360   0.074510
  0.754940   5.418580   0.512220   0.713700   4.625810  -0.125450
  0.754940   5.418580   0.512220  -0.326670   5.572890   0.875840
  0.754940   5.418580   0.512220   1.275830   5.147650   1.344000
 -2.705510   5.612720   0.975610  -3.578630   5.160550   1.513300
 -2.705510   5.612720   0.975610  -2.751250   6.729910   1.053830
 -2.705510   5.612720   0.975610  -2.735120   5.314960  -0.105600
 -1.529240   5.170640   1.566520  -2.705510   5.612720   0.975610
 -1.149840   3.396010   1.976080  -1.529240   5.170640   1.566520
 -1.149840   3.396010   1.976080  -0.859030   3.160740   0.617510
 -1.149840   3.396010   1.976080  -2.396720   3.161710   2.528400
 -1.149840   3.396010   1.976080  -0.031340   3.843150   2.702170
 -0.679940   1.569020   2.367090  -1.149840   3.396010   1.976080
 -0.328720   0.128990   2.516260  -0.679940   1.569020   2.367090
 -0.328720   0.128990   2.516260  -1.241200  -0.623210   3.539840
 -0.328720   0.128990   2.516260   1.153410  -0.065850   2.993750
 -0.445610  -0.680400   1.156090  -0.328720   0.128990   2.516260
 -0.000030   0.000010   0.000040  -0.445610  -0.680400   1.156090
 -0.000030   0.000010   0.000040  -0.386650  -0.578410  -0.876020
 -0.000030   0.000010   0.000040  -0.405260   1.049290   0.000130
 -0.000030   0.000010   0.000040   1.118960   0.000000  -0.000030
