33 atoms follow (x y z r g b radiusScale)
  0.022120  -0.032890   0.028150   0.000000   1.000000   0.000000   1.850000
  1.140430  -0.016460   0.050790   1.000000   1.000000   1.000000   1.200000
 -0.402810   1.006850   0.040170   1.000000   1.000000   1.000000   1.200000
 -0.344000  -0.596620  -0.866320   1.000000   1.000000   1.000000   1.200000
 -0.430080  -0.747430   1.164130   1.000000   0.000000   0.000000   1.400000
 -0.303840   0.033090   2.527860   0.500000   0.500000   0.500000   1.900000
  1.165380  -0.095530   3.027500   1.000000   0.000000   0.000000   1.400000
 -1.245720  -0.665200   3.548040   1.000000   0.000000   0.000000   1.400000
 -0.704600   1.480100   2.382710   1.000000   0.000000   0.000000   1.400000
 -1.114480   3.211510   2.036670   1.000000   1.000000   0.000000   1.850000
 -0.081970   3.791470   2.729950   1.000000   0.000000   0.000000   1.400000
 -2.399070   3.140640   2.547060   1.000000   0.000000   0.000000   1.400000
 -0.899170   3.166540   0.677330   1.000000   0.000000   0.000000   1.400000
 -1.913760   5.648170   1.683100   1.000000   0.000000   0.000000   1.400000
 -3.049140   5.818450   0.841300   0.000000   1.000000   0.000000   1.850000
 -2.799610   5.512410  -0.205600   1.000000   1.000000   1.000000   1.200000
 -3.422070   6.870590   0.860550   1.000000   1.000000   1.000000   1.200000
 -3.788270   5.115530   1.294880   1.000000   1.000000   1.000000   1.200000
  1.407760   5.663840   0.181260   0.000000   0.000000   1.000000   1.540000
  1.343460   5.541660   1.173970   1.000000   1.000000   1.000000   1.200000
 -1.258150   6.462050   1.410860   1.000000   1.000000   1.000000   1.200000
  0.548480   5.346430  -0.223600   1.000000   1.000000   1.000000   1.200000
  2.154010   5.103790  -0.172030   1.000000   1.000000   1.000000   1.200000
  1.659220   2.180740   4.667880   0.000000   0.000000   1.000000   1.540000
  1.538550   0.604220   3.607940   1.000000   1.000000   1.000000   1.200000
  1.303890   2.899530   4.061770   1.000000   1.000000   1.000000   1.200000
  2.616520   2.372840   4.876420   1.000000   1.000000   1.000000   1.200000
  1.138870   2.188860   5.520000   1.000000   1.000000   1.000000   1.200000
 -3.556410   0.972830   3.746990   0.000000   0.000000   1.000000   1.540000
 -2.120890  -0.258450   3.739600   1.000000   1.000000   1.000000   1.200000
 -3.819480   1.186790   2.804450   1.000000   1.000000   1.000000   1.200000
 -3.173040   1.811980   4.141760   1.000000   1.000000   1.000000   1.200000
 -4.373760   0.717960   4.260290   1.000000   1.000000   1.000000   1.200000
28 bonds follow (x1 y1 z1 x2 y2 z2)
 -3.556410   0.972830   3.746990  -4.373760   0.717960   4.260290
 -3.556410   0.972830   3.746990  -3.173040   1.811980   4.141760
 -3.556410   0.972830   3.746990  -3.819480   1.186790   2.804450
 -1.245720  -0.665200   3.548040  -2.120890  -0.258450   3.739600
  1.659220   2.180740   4.667880   1.138870   2.188860   5.520000
  1.659220   2.180740   4.667880   2.616520   2.372840   4.876420
  1.659220   2.180740   4.667880   1.303890   2.899530   4.061770
  1.165380  -0.095530   3.027500   1.538550   0.604220   3.607940
  1.407760   5.663840   0.181260   2.154010   5.103790  -0.172030
  1.407760   5.663840   0.181260   0.548480   5.346430  -0.223600
 -1.913760   5.648170   1.683100  -1.258150   6.462050   1.410860
  1.407760   5.663840   0.181260   1.343460   5.541660   1.173970
 -3.049140   5.818450   0.841300  -3.788270   5.115530   1.294880
 -3.049140   5.818450   0.841300  -3.422070   6.870590   0.860550
 -3.049140   5.818450   0.841300  -2.799610   5.512410  -0.205600
 -1.913760   5.648170   1.683100  -3.049140   5.818450   0.841300
 -1.114480   3.211510   2.036670  -0.899170   3.166540   0.677330
 -1.114480   3.211510   2.036670  -2.399070   3.140640   2.547060
 -1.114480   3.211510   2.036670  -0.081970   3.791470   2.729950
 -0.704600   1.480100   2.382710  -1.114480   3.211510   2.036670
 -0.303840   0.033090   2.527860  -0.704600   1.480100   2.382710
 -0.303840   0.033090   2.527860  -1.245720  -0.665200   3.548040
 -0.303840   0.033090   2.527860   1.165380  -0.095530   3.027500
 -0.430080  -0.747430   1.164130  -0.303840   0.033090   2.527860
  0.022120  -0.032890   0.028150  -0.430080  -0.747430   1.164130
  0.022120  -0.032890   0.028150  -0.344000  -0.596620  -0.866320
  0.022120  -0.032890   0.028150  -0.402810   1.006850   0.040170
  0.022120  -0.032890   0.028150   1.140430  -0.016460   0.050790
