33 atoms follow (x y z r g b radiusScale)
 -0.136100  -0.108460  -0.024710   0.000000   1.000000   0.000000   1.850000
  0.849070  -0.452810  -0.435320   1.000000   1.000000   1.000000   1.200000
 -0.163070   1.009020   0.096410   1.000000   1.000000   1.000000   1.200000
 -0.953000  -0.439150  -0.718130   1.000000   1.000000   1.000000   1.200000
 -0.354350  -0.753820   1.214050   1.000000   0.000000   0.000000   1.400000
 -0.273960   0.145100   2.527140   0.500000   0.500000   0.500000   1.900000
  1.213640   0.011250   3.018390   1.000000   0.000000   0.000000   1.400000
 -1.186250  -0.569940   3.580270   1.000000   0.000000   0.000000   1.400000
 -0.654560   1.560610   2.299030   1.000000   0.000000   0.000000   1.400000
 -1.216720   3.416760   1.837970   1.000000   1.000000   0.000000   1.850000
 -0.156300   3.881820   2.665420   1.000000   0.000000   0.000000   1.400000
 -2.474020   3.094760   2.336280   1.000000   0.000000   0.000000   1.400000
 -0.752860   3.145220   0.522870   1.000000   0.000000   0.000000   1.400000
 -1.562270   5.100590   1.344680   1.000000   0.000000   0.000000   1.400000
 -2.760240   5.718910   1.635770   0.000000   1.000000   0.000000   1.850000
 -3.526130   5.458890   0.857570   1.000000   1.000000   1.000000   1.200000
 -2.601660   6.829590   1.637890   1.000000   1.000000   1.000000   1.200000
 -3.140740   5.396070   2.640990   1.000000   1.000000   1.000000   1.200000
  0.946450   5.290020   0.583710   0.000000   0.000000   1.000000   1.540000
  1.078400   4.862960   1.527710   1.000000   1.000000   1.000000   1.200000
  1.754220   5.812710   0.283270   1.000000   1.000000   1.000000   1.200000
  0.103730   5.899300   0.663610   1.000000   1.000000   1.000000   1.200000
  0.692980   4.519630  -0.058390   1.000000   1.000000   1.000000   1.200000
  1.488500   2.350150   4.770120   0.000000   0.000000   1.000000   1.540000
  1.496070   0.558740   3.765060   1.000000   1.000000   1.000000   1.200000
  0.983270   2.973470   4.165060   1.000000   1.000000   1.000000   1.200000
  2.426730   2.673830   4.870490   1.000000   1.000000   1.000000   1.200000
  1.055920   2.340860   5.669330   1.000000   1.000000   1.000000   1.200000
 -3.556980   0.962280   3.712540   0.000000   0.000000   1.000000   1.540000
 -2.086220  -0.214660   3.738390   1.000000   1.000000   1.000000   1.200000
 -3.777360   1.097870   2.744740   1.000000   1.000000   1.000000   1.200000
 -3.180780   1.828860   4.049940   1.000000   1.000000   1.000000   1.200000
 -4.396030   0.753320   4.210300   1.000000   1.000000   1.000000   1.200000
28 bonds follow (x1 y1 z1 x2 y2 z2)
 -3.556980   0.962280   3.712540  -4.396030   0.753320   4.210300
 -3.556980   0.962280   3.712540  -3.180780   1.828860   4.049940
 -3.556980   0.962280   3.712540  -3.777360   1.097870   2.744740
 -1.186250  -0.569940   3.580270  -2.086220  -0.214660   3.738390
  1.488500   2.350150   4.770120   1.055920   2.340860   5.669330
  1.488500   2.350150   4.770120   2.426730   2.673830   4.870490
  1.488500   2.350150   4.770120   0.983270   2.973470   4.165060
  1.213640   0.011250   3.018390   1.496070   0.558740   3.765060
  0.946450   5.290020   0.583710   0.692980   4.519630  -0.058390
  0.946450   5.290020   0.583710   0.103730   5.899300   0.663610
  0.946450   5.290020   0.583710   1.754220   5.812710   0.283270
  0.946450   5.290020   0.583710   1.078400   4.862960   1.527710
 -2.760240   5.718910   1.635770  -3.140740   5.396070   2.640990
 -2.760240   5.718910   1.635770  -2.601660   6.829590   1.637890
 -2.760240   5.718910   1.635770  -3.526130   5.458890   0.857570
 -1.562270   5.100590   1.344680  -2.760240   5.718910   1.635770
 -1.216720   3.416760   1.837970  -1.562270   5.100590   1.344680
 -1.216720   3.416760   1.837970  -0.752860   3.145220   0.522870
 -1.216720   3.416760   1.837970  -2.474020   3.094760   2.336280
 -1.216720   3.416760   1.837970  -0.156300   3.881820   2.665420
 -0.273960   0.145100   2.527140  -0.654560   1.560610   2.299030
 -0.273960   0.145100   2.527140  -1.186250  -0.569940   3.580270
 -0.273960   0.145100   2.527140   1.213640   0.011250   3.018390
 -0.354350  -0.753820   1.214050  -0.273960   0.145100   2.527140
 -0.136100  -0.108460  -0.024710  -0.354350  -0.753820   1.214050
 -0.136100  -0.108460  -0.024710  -0.953000  -0.439150  -0.718130
 -0.136100  -0.108460  -0.024710  -0.163070   1.009020   0.096410
 -0.136100  -0.108460  -0.024710   0.849070  -0.452810  -0.435320
