33 atoms follow (x y z r g b radiusScale)
 -0.051260   0.029840  -0.001250   0.000000   1.000000   0.000000   1.850000
  1.052460  -0.094410  -0.143110   1.000000   1.000000   1.000000   1.200000
 -0.333530   1.114490   0.087520   1.000000   1.000000   1.000000   1.200000
 -0.595560  -0.446220  -0.856050   1.000000   1.000000   1.000000   1.200000
 -0.438050  -0.672010   1.162120   1.000000   0.000000   0.000000   1.400000
 -0.310340   0.135900   2.525200   0.500000   0.500000   0.500000   1.900000
  1.192300  -0.052850   2.955560   1.000000   0.000000   0.000000   1.400000
 -1.183090  -0.679570   3.540000   1.000000   0.000000   0.000000   1.400000
 -0.659620   1.573440   2.409180   1.000000   0.000000   0.000000   1.400000
 -1.194730   3.437730   1.929040   1.000000   1.000000   0.000000   1.850000
 -0.129210   3.923280   2.727210   1.000000   0.000000   0.000000   1.400000
 -2.447750   3.121160   2.431920   1.000000   0.000000   0.000000   1.400000
 -0.749670   3.112350   0.622240   1.000000   0.000000   0.000000   1.400000
 -1.532010   5.106450   1.378980   1.000000   0.000000   0.000000   1.400000
 -2.802350   5.646550   1.319210   0.000000   1.000000   0.000000   1.850000
 -3.288110   5.381530   0.342480   1.000000   1.000000   1.000000   1.200000
 -2.720250   6.762590   1.394890   1.000000   1.000000   1.000000   1.200000
 -3.437820   5.263410   2.160210   1.000000   1.000000   1.000000   1.200000
  0.923500   5.306070   0.494200   0.000000   0.000000   1.000000   1.540000
  0.646830   5.430500   1.495720   1.000000   1.000000   1.000000   1.200000
  1.356010   6.134410   0.113920   1.000000   1.000000   1.000000   1.200000
  0.021590   5.076350   0.014440   1.000000   1.000000   1.000000   1.200000
  1.519320   4.493630   0.431790   1.000000   1.000000   1.000000   1.200000
  1.548060   2.296560   4.706480   0.000000   0.000000   1.000000   1.540000
  1.592740   0.638150   3.502270   1.000000   1.000000   1.000000   1.200000
  1.024600   2.892730   4.089150   1.000000   1.000000   1.000000   1.200000
  2.462650   2.676530   4.828290   1.000000   1.000000   1.000000   1.200000
  1.093860   2.273220   5.595010   1.000000   1.000000   1.000000   1.200000
 -3.597260   0.955180   3.753850   0.000000   0.000000   1.000000   1.540000
 -2.073000  -0.344430   3.748820   1.000000   1.000000   1.000000   1.200000
 -3.840040   1.170850   2.806240   1.000000   1.000000   1.000000   1.200000
 -3.154590   1.772220   4.131580   1.000000   1.000000   1.000000   1.200000
 -4.433820   0.773750   4.267340   1.000000   1.000000   1.000000   1.200000
28 bonds follow (x1 y1 z1 x2 y2 z2)
 -3.597260   0.955180   3.753850  -4.433820   0.773750   4.267340
 -3.597260   0.955180   3.753850  -3.154590   1.772220   4.131580
 -3.597260   0.955180   3.753850  -3.840040   1.170850   2.806240
 -1.183090  -0.679570   3.540000  -2.073000  -0.344430   3.748820
  1.548060   2.296560   4.706480   1.093860   2.273220   5.595010
  1.548060   2.296560   4.706480   2.462650   2.676530   4.828290
  1.548060   2.296560   4.706480   1.024600   2.892730   4.089150
  1.192300  -0.052850   2.955560   1.592740   0.638150   3.502270
  0.923500   5.306070   0.494200   1.519320   4.493630   0.431790
  0.923500   5.306070   0.494200   0.021590   5.076350   0.014440
  0.923500   5.306070   0.494200   1.356010   6.134410   0.113920
  0.923500   5.306070   0.494200   0.646830   5.430500   1.495720
 -2.802350   5.646550   1.319210  -3.437820   5.263410   2.160210
 -2.802350   5.646550   1.319210  -2.720250   6.762590   1.394890
 -2.802350   5.646550   1.319210  -3.288110   5.381530   0.342480
 -1.532010   5.106450   1.378980  -2.802350   5.646550   1.319210
 -1.194730   3.437730   1.929040  -1.532010   5.106450   1.378980
 -1.194730   3.437730   1.929040  -0.749670   3.112350   0.622240
 -1.194730   3.437730   1.929040  -2.447750   3.121160   2.431920
 -1.194730   3.437730   1.929040  -0.129210   3.923280   2.727210
 -0.310340   0.135900   2.525200  -0.659620   1.573440   2.409180
 -0.310340   0.135900   2.525200  -1.183090  -0.679570   3.540000
 -0.310340   0.135900   2.525200   1.192300  -0.052850   2.955560
 -0.438050  -0.672010   1.162120  -0.310340   0.135900   2.525200
 -0.051260   0.029840  -0.001250  -0.438050  -0.672010   1.162120
 -0.051260   0.029840  -0.001250  -0.595560  -0.446220  -0.856050
 -0.051260   0.029840  -0.001250  -0.333530   1.114490   0.087520
 -0.051260   0.029840  -0.001250   1.052460  -0.094410  -0.143110
