33 atoms follow (x y z r g b radiusScale)
  0.345420  -0.162450   0.059710   0.000000   1.000000   0.000000   1.850000
  1.433490  -0.274630   0.294890   1.000000   1.000000   1.000000   1.200000
  0.065190   0.915270  -0.071170   1.000000   1.000000   1.000000   1.200000
  0.070910  -0.762960  -0.843850   1.000000   1.000000   1.000000   1.200000
 -0.402770  -0.700220   1.133480   1.000000   0.000000   0.000000   1.400000
 -0.300510   0.013510   2.539460   0.500000   0.500000   0.500000   1.900000
  1.189380  -0.143380   2.972090   1.000000   0.000000   0.000000   1.400000
 -1.204320  -0.772250   3.541540   1.000000   0.000000   0.000000   1.400000
 -0.678950   1.467180   2.405720   1.000000   0.000000   0.000000   1.400000
 -1.173620   3.214510   2.176250   1.000000   1.000000   0.000000   1.850000
 -0.397170   3.675270   3.207140   1.000000   0.000000   0.000000   1.400000
 -2.531480   3.082420   2.403170   1.000000   0.000000   0.000000   1.400000
 -0.670230   3.292920   0.906080   1.000000   0.000000   0.000000   1.400000
 -2.418970   6.386120   1.417750   1.000000   0.000000   0.000000   1.400000
 -3.739120   6.200050   0.948280   0.000000   1.000000   0.000000   1.850000
 -3.994650   7.070000   0.282190   1.000000   1.000000   1.000000   1.200000
 -4.481180   6.138040   1.776490   1.000000   1.000000   1.000000   1.200000
 -3.729880   5.250160   0.342300   1.000000   1.000000   1.000000   1.200000
  2.380200   5.108800  -0.214140   0.000000   0.000000   1.000000   1.540000
  2.064990   5.725010   0.508040   1.000000   1.000000   1.000000   1.200000
 -2.414190   7.044220   2.067260   1.000000   1.000000   1.000000   1.200000
  2.189550   5.530130  -1.102110   1.000000   1.000000   1.000000   1.200000
  1.874630   4.248310  -0.145940   1.000000   1.000000   1.000000   1.200000
  1.821510   2.167340   4.350210   0.000000   0.000000   1.000000   1.540000
  1.611100   0.576290   3.500260   1.000000   1.000000   1.000000   1.200000
  1.520000   2.876910   3.706490   1.000000   1.000000   1.000000   1.200000
  2.787580   2.301380   4.562410   1.000000   1.000000   1.000000   1.200000
  1.287070   2.256720   5.189070   1.000000   1.000000   1.000000   1.200000
 -3.584870   0.743970   3.816680   0.000000   0.000000   1.000000   1.540000
 -2.113200  -0.449520   3.724990   1.000000   1.000000   1.000000   1.200000
 -3.651090   1.228570   2.939340   1.000000   1.000000   1.000000   1.200000
 -3.404830   1.425930   4.525500   1.000000   1.000000   1.000000   1.200000
 -4.458780   0.301380   4.011290   1.000000   1.000000   1.000000   1.200000
28 bonds follow (x1 y1 z1 x2 y2 z2)
 -3.584870   0.743970   3.816680  -4.458780   0.301380   4.011290
 -3.584870   0.743970   3.816680  -3.404830   1.425930   4.525500
 -3.584870   0.743970   3.816680  -3.651090   1.228570   2.939340
 -1.204320  -0.772250   3.541540  -2.113200  -0.449520   3.724990
  1.821510   2.167340   4.350210   1.287070   2.256720   5.189070
  1.821510   2.167340   4.350210   2.787580   2.301380   4.562410
  1.821510   2.167340   4.350210   1.520000   2.876910   3.706490
  1.189380  -0.143380   2.972090   1.611100   0.576290   3.500260
  2.380200   5.108800  -0.214140   1.874630   4.248310  -0.145940
  2.380200   5.108800  -0.214140   2.189550   5.530130  -1.102110
 -2.418970   6.386120   1.417750  -2.414190   7.044220   2.067260
  2.380200   5.108800  -0.214140   2.064990   5.725010   0.508040
 -3.739120   6.200050   0.948280  -3.729880   5.250160   0.342300
 -3.739120   6.200050   0.948280  -4.481180   6.138040   1.776490
 -3.739120   6.200050   0.948280  -3.994650   7.070000   0.282190
 -2.418970   6.386120   1.417750  -3.739120   6.200050   0.948280
 -1.173620   3.214510   2.176250  -0.670230   3.292920   0.906080
 -1.173620   3.214510   2.176250  -2.531480   3.082420   2.403170
 -1.173620   3.214510   2.176250  -0.397170   3.675270   3.207140
 -0.678950   1.467180   2.405720  -1.173620   3.214510   2.176250
 -0.300510   0.013510   2.539460  -0.678950   1.467180   2.405720
 -0.300510   0.013510   2.539460  -1.204320  -0.772250   3.541540
 -0.300510   0.013510   2.539460   1.189380  -0.143380   2.972090
 -0.402770  -0.700220   1.133480  -0.300510   0.013510   2.539460
  0.345420  -0.162450   0.059710  -0.402770  -0.700220   1.133480
  0.345420  -0.162450   0.059710   0.070910  -0.762960  -0.843850
  0.345420  -0.162450   0.059710   0.065190   0.915270  -0.071170
  0.345420  -0.162450   0.059710   1.433490  -0.274630   0.294890
