33 atoms follow (x y z r g b radiusScale)
  0.114350  -0.176290   0.030320   0.000000   1.000000   0.000000   1.850000
  1.223310  -0.112310   0.169150   1.000000   1.000000   1.000000   1.200000
 -0.338840   0.844230  -0.083350   1.000000   1.000000   1.000000   1.200000
 -0.136580  -0.825980  -0.844840   1.000000   1.000000   1.000000   1.200000
 -0.439740  -0.799570   1.172650   1.000000   0.000000   0.000000   1.400000
 -0.280310   0.023160   2.516060   0.500000   0.500000   0.500000   1.900000
  1.156180  -0.159830   3.090560   1.000000   0.000000   0.000000   1.400000
 -1.253430  -0.657500   3.517370   1.000000   0.000000   0.000000   1.400000
 -0.667590   1.470150   2.329350   1.000000   0.000000   0.000000   1.400000
 -1.121870   3.225440   2.085050   1.000000   1.000000   0.000000   1.850000
 -0.151430   3.754490   2.903150   1.000000   0.000000   0.000000   1.400000
 -2.406340   3.068270   2.556700   1.000000   0.000000   0.000000   1.400000
 -0.911010   3.271800   0.729400   1.000000   0.000000   0.000000   1.400000
 -2.183170   5.963170   1.602960   1.000000   0.000000   0.000000   1.400000
 -3.358340   6.015510   0.822410   0.000000   1.000000   0.000000   1.850000
 -3.108870   6.206580  -0.254670   1.000000   1.000000   1.000000   1.200000
 -4.031290   6.824520   1.198420   1.000000   1.000000   1.000000   1.200000
 -3.867740   5.018360   0.902040   1.000000   1.000000   1.000000   1.200000
  1.935490   5.556790  -0.027080   0.000000   0.000000   1.000000   1.540000
  1.944040   6.155160   0.770900   1.000000   1.000000   1.000000   1.200000
 -1.755860   6.924100   1.711220   1.000000   1.000000   1.000000   1.200000
  1.378700   5.987080  -0.734120   1.000000   1.000000   1.000000   1.200000
  1.527080   4.681810   0.215200   1.000000   1.000000   1.000000   1.200000
  1.723150   2.147040   4.575830   0.000000   0.000000   1.000000   1.540000
  1.465760   0.474720   3.776680   1.000000   1.000000   1.000000   1.200000
  1.427170   2.878830   3.954800   1.000000   1.000000   1.000000   1.200000
  2.685760   2.279030   4.804590   1.000000   1.000000   1.000000   1.200000
  1.183650   2.200050   5.414650   1.000000   1.000000   1.000000   1.200000
 -3.576840   0.803770   3.824220   0.000000   0.000000   1.000000   1.540000
 -2.158150  -0.289390   3.662970   1.000000   1.000000   1.000000   1.200000
 -3.829070   1.192820   2.936240   1.000000   1.000000   1.000000   1.200000
 -3.290130   1.559240   4.414470   1.000000   1.000000   1.000000   1.200000
 -4.364700   0.344080   4.228210   1.000000   1.000000   1.000000   1.200000
28 bonds follow (x1 y1 z1 x2 y2 z2)
 -3.576840   0.803770   3.824220  -4.364700   0.344080   4.228210
 -3.576840   0.803770   3.824220  -3.290130   1.559240   4.414470
 -3.576840   0.803770   3.824220  -3.829070   1.192820   2.936240
 -1.253430  -0.657500   3.517370  -2.158150  -0.289390   3.662970
  1.723150   2.147040   4.575830   1.183650   2.200050   5.414650
  1.723150   2.147040   4.575830   2.685760   2.279030   4.804590
  1.723150   2.147040   4.575830   1.427170   2.878830   3.954800
  1.156180  -0.159830   3.090560   1.465760   0.474720   3.776680
  1.935490   5.556790  -0.027080   1.527080   4.681810   0.215200
  1.935490   5.556790  -0.027080   1.378700   5.987080  -0.734120
 -2.183170   5.963170   1.602960  -1.755860   6.924100   1.711220
  1.935490   5.556790  -0.027080   1.944040   6.155160   0.770900
 -3.358340   6.015510   0.822410  -3.867740   5.018360   0.902040
 -3.358340   6.015510   0.822410  -4.031290   6.824520   1.198420
 -3.358340   6.015510   0.822410  -3.108870   6.206580  -0.254670
 -2.183170   5.963170   1.602960  -3.358340   6.015510   0.822410
 -1.121870   3.225440   2.085050  -0.911010   3.271800   0.729400
 -1.121870   3.225440   2.085050  -2.406340   3.068270   2.556700
 -1.121870   3.225440   2.085050  -0.151430   3.754490   2.903150
 -0.667590   1.470150   2.329350  -1.121870   3.225440   2.085050
 -0.280310   0.023160   2.516060  -0.667590   1.470150   2.329350
 -0.280310   0.023160   2.516060  -1.253430  -0.657500   3.517370
 -0.280310   0.023160   2.516060   1.156180  -0.159830   3.090560
 -0.439740  -0.799570   1.172650  -0.280310   0.023160   2.516060
  0.114350  -0.176290   0.030320  -0.439740  -0.799570   1.172650
  0.114350  -0.176290   0.030320  -0.136580  -0.825980  -0.844840
  0.114350  -0.176290   0.030320  -0.338840   0.844230  -0.083350
  0.114350  -0.176290   0.030320   1.223310  -0.112310   0.169150
