33 atoms follow (x y z r g b radiusScale)
 -0.403190  -0.218430  -0.018160   0.000000   1.000000   0.000000   1.850000
  0.542060  -0.376140  -0.601610   1.000000   1.000000   1.000000   1.200000
 -0.643320   0.876070   0.059820   1.000000   1.000000   1.000000   1.200000
 -1.235910  -0.775850  -0.522100   1.000000   1.000000   1.000000   1.200000
 -0.229050  -0.797120   1.258100   1.000000   0.000000   0.000000   1.400000
 -0.218140   0.148410   2.532580   0.500000   0.500000   0.500000   1.900000
  1.245610   0.081680   3.114550   1.000000   0.000000   0.000000   1.400000
 -1.167800  -0.578830   3.552250   1.000000   0.000000   0.000000   1.400000
 -0.607550   1.543050   2.206830   1.000000   0.000000   0.000000   1.400000
 -1.189440   3.396160   1.770040   1.000000   1.000000   0.000000   1.850000
 -0.137240   3.827920   2.610110   1.000000   0.000000   0.000000   1.400000
 -2.452810   3.068980   2.235290   1.000000   0.000000   0.000000   1.400000
 -0.719250   3.187180   0.451950   1.000000   0.000000   0.000000   1.400000
 -1.596290   5.106280   1.382760   1.000000   0.000000   0.000000   1.400000
 -2.682360   5.783500   1.898760   0.000000   1.000000   0.000000   1.850000
 -3.624370   5.450260   1.389510   1.000000   1.000000   1.000000   1.200000
 -2.535900   6.881940   1.723410   1.000000   1.000000   1.000000   1.200000
 -2.782800   5.597050   3.000690   1.000000   1.000000   1.000000   1.200000
  0.951380   5.295640   0.573870   0.000000   0.000000   1.000000   1.540000
  1.491280   4.577580   1.057280   1.000000   1.000000   1.000000   1.200000
  1.531100   6.048130   0.235530   1.000000   1.000000   1.000000   1.200000
  0.238650   5.641400   1.263550   1.000000   1.000000   1.000000   1.200000
  0.408980   4.835190  -0.176750   1.000000   1.000000   1.000000   1.200000
  1.342840   2.448310   4.835530   0.000000   0.000000   1.000000   1.540000
  1.458350   0.710920   3.822960   1.000000   1.000000   1.000000   1.200000
  0.895610   3.025140   4.146080   1.000000   1.000000   1.000000   1.200000
  2.272580   2.777570   4.986270   1.000000   1.000000   1.000000   1.200000
  0.838520   2.513750   5.694180   1.000000   1.000000   1.000000   1.200000
 -3.639170   0.950180   3.693920   0.000000   0.000000   1.000000   1.540000
 -2.065190  -0.233040   3.704550   1.000000   1.000000   1.000000   1.200000
 -3.676900   1.161800   2.713810   1.000000   1.000000   1.000000   1.200000
 -3.333620   1.784440   4.156700   1.000000   1.000000   1.000000   1.200000
 -4.559900   0.726270   4.008750   1.000000   1.000000   1.000000   1.200000
28 bonds follow (x1 y1 z1 x2 y2 z2)
 -3.639170   0.950180   3.693920  -4.559900   0.726270   4.008750
 -3.639170   0.950180   3.693920  -3.333620   1.784440   4.156700
 -3.639170   0.950180   3.693920  -3.676900   1.161800   2.713810
 -1.167800  -0.578830   3.552250  -2.065190  -0.233040   3.704550
  1.342840   2.448310   4.835530   0.838520   2.513750   5.694180
  1.342840   2.448310   4.835530   2.272580   2.777570   4.986270
  1.342840   2.448310   4.835530   0.895610   3.025140   4.146080
  1.245610   0.081680   3.114550   1.458350   0.710920   3.822960
  0.951380   5.295640   0.573870   0.408980   4.835190  -0.176750
  0.951380   5.295640   0.573870   0.238650   5.641400   1.263550
  0.951380   5.295640   0.573870   1.531100   6.048130   0.235530
  0.951380   5.295640   0.573870   1.491280   4.577580   1.057280
 -2.682360   5.783500   1.898760  -2.782800   5.597050   3.000690
 -2.682360   5.783500   1.898760  -2.535900   6.881940   1.723410
 -2.682360   5.783500   1.898760  -3.624370   5.450260   1.389510
 -1.596290   5.106280   1.382760  -2.682360   5.783500   1.898760
 -1.189440   3.396160   1.770040  -1.596290   5.106280   1.382760
 -1.189440   3.396160   1.770040  -0.719250   3.187180   0.451950
 -1.189440   3.396160   1.770040  -2.452810   3.068980   2.235290
 -1.189440   3.396160   1.770040  -0.137240   3.827920   2.610110
 -0.218140   0.148410   2.532580  -0.607550   1.543050   2.206830
 -0.218140   0.148410   2.532580  -1.167800  -0.578830   3.552250
 -0.218140   0.148410   2.532580   1.245610   0.081680   3.114550
 -0.229050  -0.797120   1.258100  -0.218140   0.148410   2.532580
 -0.403190  -0.218430  -0.018160  -0.229050  -0.797120   1.258100
 -0.403190  -0.218430  -0.018160  -1.235910  -0.775850  -0.522100
 -0.403190  -0.218430  -0.018160  -0.643320   0.876070   0.059820
 -0.403190  -0.218430  -0.018160   0.542060  -0.376140  -0.601610
