33 atoms follow (x y z r g b radiusScale)
  0.382790  -0.116530   0.111570   0.000000   1.000000   0.000000   1.850000
  1.447300  -0.221600   0.443400   1.000000   1.000000   1.000000   1.200000
  0.097770   0.963160  -0.007290   1.000000   1.000000   1.000000   1.200000
  0.205660  -0.684700  -0.834600   1.000000   1.000000   1.000000   1.200000
 -0.448160  -0.695230   1.104040   1.000000   0.000000   0.000000   1.400000
 -0.306440   0.011190   2.512510   0.500000   0.500000   0.500000   1.900000
  1.171270  -0.135930   2.997560   1.000000   0.000000   0.000000   1.400000
 -1.177830  -0.781490   3.515870   1.000000   0.000000   0.000000   1.400000
 -0.759260   1.452040   2.458830   1.000000   0.000000   0.000000   1.400000
 -1.149580   3.191940   2.207100   1.000000   1.000000   0.000000   1.850000
 -0.465400   3.699280   3.287030   1.000000   0.000000   0.000000   1.400000
 -2.523770   3.093780   2.296510   1.000000   0.000000   0.000000   1.400000
 -0.599180   3.299440   0.953280   1.000000   0.000000   0.000000   1.400000
 -2.483700   6.499390   1.402330   1.000000   0.000000   0.000000   1.400000
 -3.819350   6.235510   0.991880   0.000000   1.000000   0.000000   1.850000
 -4.240010   7.168360   0.521010   1.000000   1.000000   1.000000   1.200000
 -4.474180   5.893720   1.836210   1.000000   1.000000   1.000000   1.200000
 -3.705300   5.440120   0.211070   1.000000   1.000000   1.000000   1.200000
  2.424100   4.936510  -0.245470   0.000000   0.000000   1.000000   1.540000
  2.020040   5.489160   0.481900   1.000000   1.000000   1.000000   1.200000
 -2.576170   7.079870   2.038120   1.000000   1.000000   1.000000   1.200000
  2.074170   5.280400  -1.116490   1.000000   1.000000   1.000000   1.200000
  2.107930   3.991810  -0.136890   1.000000   1.000000   1.000000   1.200000
  1.866430   2.226200   4.293620   0.000000   0.000000   1.000000   1.540000
  1.568560   0.548210   3.584400   1.000000   1.000000   1.000000   1.200000
  1.549430   2.949870   3.675250   1.000000   1.000000   1.000000   1.200000
  2.827480   2.379740   4.516550   1.000000   1.000000   1.000000   1.200000
  1.325930   2.278380   5.133030   1.000000   1.000000   1.000000   1.200000
 -3.498820   0.714970   3.763490   0.000000   0.000000   1.000000   1.540000
 -2.088390  -0.446630   3.702250   1.000000   1.000000   1.000000   1.200000
 -3.629970   1.281390   2.944760   1.000000   1.000000   1.000000   1.200000
 -3.297700   1.321610   4.532060   1.000000   1.000000   1.000000   1.200000
 -4.337080   0.209510   3.961030   1.000000   1.000000   1.000000   1.200000
28 bonds follow (x1 y1 z1 x2 y2 z2)
 -3.498820   0.714970   3.763490  -4.337080   0.209510   3.961030
 -3.498820   0.714970   3.763490  -3.297700   1.321610   4.532060
 -3.498820   0.714970   3.763490  -3.629970   1.281390   2.944760
 -1.177830  -0.781490   3.515870  -2.088390  -0.446630   3.702250
  1.866430   2.226200   4.293620   1.325930   2.278380   5.133030
  1.866430   2.226200   4.293620   2.827480   2.379740   4.516550
  1.866430   2.226200   4.293620   1.549430   2.949870   3.675250
  1.171270  -0.135930   2.997560   1.568560   0.548210   3.584400
  2.424100   4.936510  -0.245470   2.107930   3.991810  -0.136890
  2.424100   4.936510  -0.245470   2.074170   5.280400  -1.116490
 -2.483700   6.499390   1.402330  -2.576170   7.079870   2.038120
  2.424100   4.936510  -0.245470   2.020040   5.489160   0.481900
 -3.819350   6.235510   0.991880  -3.705300   5.440120   0.211070
 -3.819350   6.235510   0.991880  -4.474180   5.893720   1.836210
 -3.819350   6.235510   0.991880  -4.240010   7.168360   0.521010
 -2.483700   6.499390   1.402330  -3.819350   6.235510   0.991880
 -1.149580   3.191940   2.207100  -0.599180   3.299440   0.953280
 -1.149580   3.191940   2.207100  -2.523770   3.093780   2.296510
 -1.149580   3.191940   2.207100  -0.465400   3.699280   3.287030
 -0.759260   1.452040   2.458830  -1.149580   3.191940   2.207100
 -0.306440   0.011190   2.512510  -0.759260   1.452040   2.458830
 -0.306440   0.011190   2.512510  -1.177830  -0.781490   3.515870
 -0.306440   0.011190   2.512510   1.171270  -0.135930   2.997560
 -0.448160  -0.695230   1.104040  -0.306440   0.011190   2.512510
  0.382790  -0.116530   0.111570  -0.448160  -0.695230   1.104040
  0.382790  -0.116530   0.111570   0.205660  -0.684700  -0.834600
  0.382790  -0.116530   0.111570   0.097770   0.963160  -0.007290
  0.382790  -0.116530   0.111570   1.447300  -0.221600   0.443400
