33 atoms follow (x y z r g b radiusScale)
  0.273010  -0.169700   0.076720   0.000000   1.000000   0.000000   1.850000
  1.371570  -0.291170   0.252300   1.000000   1.000000   1.000000   1.200000
 -0.017740   0.915270   0.047950   1.000000   1.000000   1.000000   1.200000
 -0.036420  -0.682660  -0.866920   1.000000   1.000000   1.000000   1.200000
 -0.416940  -0.806030   1.140160   1.000000   0.000000   0.000000   1.400000
 -0.276830  -0.007050   2.504920   0.500000   0.500000   0.500000   1.900000
  1.211160  -0.153160   2.949070   1.000000   0.000000   0.000000   1.400000
 -1.233420  -0.696220   3.524740   1.000000   0.000000   0.000000   1.400000
 -0.700780   1.437290   2.392600   1.000000   0.000000   0.000000   1.400000
 -1.146610   3.202120   2.162130   1.000000   1.000000   0.000000   1.850000
 -0.309300   3.743440   3.119100   1.000000   0.000000   0.000000   1.400000
 -2.455880   2.986470   2.472460   1.000000   0.000000   0.000000   1.400000
 -0.815560   3.307320   0.831700   1.000000   0.000000   0.000000   1.400000
 -2.337020   6.213110   1.483540   1.000000   0.000000   0.000000   1.400000
 -3.626140   6.169450   0.888120   0.000000   1.000000   0.000000   1.850000
 -3.745530   6.889490   0.048800   1.000000   1.000000   1.000000   1.200000
 -4.393890   6.338840   1.674500   1.000000   1.000000   1.000000   1.200000
 -3.662110   5.115250   0.503240   1.000000   1.000000   1.000000   1.200000
  2.265090   5.291730  -0.158060   0.000000   0.000000   1.000000   1.540000
  2.225150   5.992260   0.554390   1.000000   1.000000   1.000000   1.200000
 -2.232510   7.194380   1.735550   1.000000   1.000000   1.000000   1.200000
  2.228180   5.753440  -1.044610   1.000000   1.000000   1.000000   1.200000
  1.462170   4.703220  -0.075160   1.000000   1.000000   1.000000   1.200000
  1.827030   2.193940   4.482530   0.000000   0.000000   1.000000   1.540000
  1.611850   0.545590   3.510810   1.000000   1.000000   1.000000   1.200000
  1.542220   2.895180   3.821630   1.000000   1.000000   1.000000   1.200000
  2.775030   2.362300   4.747290   1.000000   1.000000   1.000000   1.200000
  1.249030   2.279760   5.293010   1.000000   1.000000   1.000000   1.200000
 -3.678020   0.823900   3.840190   0.000000   0.000000   1.000000   1.540000
 -2.106750  -0.286580   3.711560   1.000000   1.000000   1.000000   1.200000
 -3.764140   1.334790   2.981190   1.000000   1.000000   1.000000   1.200000
 -3.451860   1.474650   4.564140   1.000000   1.000000   1.000000   1.200000
 -4.548770   0.387080   4.055800   1.000000   1.000000   1.000000   1.200000
28 bonds follow (x1 y1 z1 x2 y2 z2)
 -3.678020   0.823900   3.840190  -4.548770   0.387080   4.055800
 -3.678020   0.823900   3.840190  -3.451860   1.474650   4.564140
 -3.678020   0.823900   3.840190  -3.764140   1.334790   2.981190
 -1.233420  -0.696220   3.524740  -2.106750  -0.286580   3.711560
  1.827030   2.193940   4.482530   1.249030   2.279760   5.293010
  1.827030   2.193940   4.482530   2.775030   2.362300   4.747290
  1.827030   2.193940   4.482530   1.542220   2.895180   3.821630
  1.211160  -0.153160   2.949070   1.611850   0.545590   3.510810
  2.265090   5.291730  -0.158060   1.462170   4.703220  -0.075160
  2.265090   5.291730  -0.158060   2.228180   5.753440  -1.044610
 -2.337020   6.213110   1.483540  -2.232510   7.194380   1.735550
  2.265090   5.291730  -0.158060   2.225150   5.992260   0.554390
 -3.626140   6.169450   0.888120  -3.662110   5.115250   0.503240
 -3.626140   6.169450   0.888120  -4.393890   6.338840   1.674500
 -3.626140   6.169450   0.888120  -3.745530   6.889490   0.048800
 -2.337020   6.213110   1.483540  -3.626140   6.169450   0.888120
 -1.146610   3.202120   2.162130  -0.815560   3.307320   0.831700
 -1.146610   3.202120   2.162130  -2.455880   2.986470   2.472460
 -1.146610   3.202120   2.162130  -0.309300   3.743440   3.119100
 -0.700780   1.437290   2.392600  -1.146610   3.202120   2.162130
 -0.276830  -0.007050   2.504920  -0.700780   1.437290   2.392600
 -0.276830  -0.007050   2.504920  -1.233420  -0.696220   3.524740
 -0.276830  -0.007050   2.504920   1.211160  -0.153160   2.949070
 -0.416940  -0.806030   1.140160  -0.276830  -0.007050   2.504920
  0.273010  -0.169700   0.076720  -0.416940  -0.806030   1.140160
  0.273010  -0.169700   0.076720  -0.036420  -0.682660  -0.866920
  0.273010  -0.169700   0.076720  -0.017740   0.915270   0.047950
  0.273010  -0.169700   0.076720   1.371570  -0.291170   0.252300
