33 atoms follow (x y z r g b radiusScale)
  0.185480  -0.191690   0.012340   0.000000   1.000000   0.000000   1.850000
  1.295240  -0.192650   0.154950   1.000000   1.000000   1.000000   1.200000
 -0.204930   0.852380  -0.111910   1.000000   1.000000   1.000000   1.200000
 -0.102510  -0.840120  -0.853090   1.000000   1.000000   1.000000   1.200000
 -0.413800  -0.775270   1.154700   1.000000   0.000000   0.000000   1.400000
 -0.306240   0.013430   2.513830   0.500000   0.500000   0.500000   1.900000
  1.159720  -0.139000   3.015410   1.000000   0.000000   0.000000   1.400000
 -1.271640  -0.640270   3.537230   1.000000   0.000000   0.000000   1.400000
 -0.606210   1.472100   2.304600   1.000000   0.000000   0.000000   1.400000
 -1.124430   3.178700   2.121270   1.000000   1.000000   0.000000   1.850000
 -0.229770   3.728610   3.002580   1.000000   0.000000   0.000000   1.400000
 -2.430880   3.026130   2.565530   1.000000   0.000000   0.000000   1.400000
 -0.872100   3.253910   0.774670   1.000000   0.000000   0.000000   1.400000
 -2.245620   6.069440   1.546900   1.000000   0.000000   0.000000   1.400000
 -3.477440   6.094320   0.847650   0.000000   1.000000   0.000000   1.850000
 -3.313680   6.535770  -0.169390   1.000000   1.000000   1.000000   1.200000
 -4.253310   6.666960   1.403070   1.000000   1.000000   1.000000   1.200000
 -3.761640   5.001500   0.766980   1.000000   1.000000   1.000000   1.200000
  2.085390   5.460080  -0.084040   0.000000   0.000000   1.000000   1.540000
  2.224740   6.128030   0.643830   1.000000   1.000000   1.000000   1.200000
 -2.078760   6.910330   1.682420   1.000000   1.000000   1.000000   1.200000
  1.886240   5.936100  -0.939170   1.000000   1.000000   1.000000   1.200000
  1.316130   4.860810   0.152670   1.000000   1.000000   1.000000   1.200000
  1.777120   2.185280   4.567820   0.000000   0.000000   1.000000   1.540000
  1.573500   0.592420   3.521780   1.000000   1.000000   1.000000   1.200000
  1.493160   2.882310   3.903100   1.000000   1.000000   1.000000   1.200000
  2.737640   2.329640   4.800360   1.000000   1.000000   1.000000   1.200000
  1.227300   2.294830   5.394310   1.000000   1.000000   1.000000   1.200000
 -3.636160   0.802610   3.849510   0.000000   0.000000   1.000000   1.540000
 -2.164620  -0.260100   3.724580   1.000000   1.000000   1.000000   1.200000
 -3.738510   1.215050   2.940890   1.000000   1.000000   1.000000   1.200000
 -3.382160   1.534160   4.483360   1.000000   1.000000   1.000000   1.200000
 -4.507220   0.407490   4.134100   1.000000   1.000000   1.000000   1.200000
28 bonds follow (x1 y1 z1 x2 y2 z2)
 -3.636160   0.802610   3.849510  -4.507220   0.407490   4.134100
 -3.636160   0.802610   3.849510  -3.382160   1.534160   4.483360
 -3.636160   0.802610   3.849510  -3.738510   1.215050   2.940890
 -1.271640  -0.640270   3.537230  -2.164620  -0.260100   3.724580
  1.777120   2.185280   4.567820   1.227300   2.294830   5.394310
  1.777120   2.185280   4.567820   2.737640   2.329640   4.800360
  1.777120   2.185280   4.567820   1.493160   2.882310   3.903100
  1.159720  -0.139000   3.015410   1.573500   0.592420   3.521780
  2.085390   5.460080  -0.084040   1.316130   4.860810   0.152670
  2.085390   5.460080  -0.084040   1.886240   5.936100  -0.939170
 -2.245620   6.069440   1.546900  -2.078760   6.910330   1.682420
  2.085390   5.460080  -0.084040   2.224740   6.128030   0.643830
 -3.477440   6.094320   0.847650  -3.761640   5.001500   0.766980
 -3.477440   6.094320   0.847650  -4.253310   6.666960   1.403070
 -3.477440   6.094320   0.847650  -3.313680   6.535770  -0.169390
 -2.245620   6.069440   1.546900  -3.477440   6.094320   0.847650
 -1.124430   3.178700   2.121270  -0.872100   3.253910   0.774670
 -1.124430   3.178700   2.121270  -2.430880   3.026130   2.565530
 -1.124430   3.178700   2.121270  -0.229770   3.728610   3.002580
 -0.606210   1.472100   2.304600  -1.124430   3.178700   2.121270
 -0.306240   0.013430   2.513830  -0.606210   1.472100   2.304600
 -0.306240   0.013430   2.513830  -1.271640  -0.640270   3.537230
 -0.306240   0.013430   2.513830   1.159720  -0.139000   3.015410
 -0.413800  -0.775270   1.154700  -0.306240   0.013430   2.513830
  0.185480  -0.191690   0.012340  -0.413800  -0.775270   1.154700
  0.185480  -0.191690   0.012340  -0.102510  -0.840120  -0.853090
  0.185480  -0.191690   0.012340  -0.204930   0.852380  -0.111910
  0.185480  -0.191690   0.012340   1.295240  -0.192650   0.154950
