33 atoms follow (x y z r g b radiusScale)
 -0.572890  -0.167180  -0.044950   0.000000   1.000000   0.000000   1.850000
  0.152960  -0.515270  -0.825470   1.000000   1.000000   1.000000   1.200000
 -0.602450   0.954090   0.005340   1.000000   1.000000   1.000000   1.200000
 -1.585620  -0.589820  -0.278730   1.000000   1.000000   1.000000   1.200000
 -0.132330  -0.705850   1.185320   1.000000   0.000000   0.000000   1.400000
 -0.190080   0.169980   2.511310   0.500000   0.500000   0.500000   1.900000
  1.258630   0.139950   3.100070   1.000000   0.000000   0.000000   1.400000
 -1.101620  -0.574460   3.546970   1.000000   0.000000   0.000000   1.400000
 -0.605170   1.579530   2.306570   1.000000   0.000000   0.000000   1.400000
 -1.150630   3.380330   1.826100   1.000000   1.000000   0.000000   1.850000
 -0.062460   3.881530   2.596040   1.000000   0.000000   0.000000   1.400000
 -2.389340   3.059160   2.368530   1.000000   0.000000   0.000000   1.400000
 -0.732670   3.085140   0.498370   1.000000   0.000000   0.000000   1.400000
 -1.610630   5.050680   1.329760   1.000000   0.000000   0.000000   1.400000
 -2.508940   5.911500   1.929970   0.000000   1.000000   0.000000   1.850000
 -3.524490   5.443410   2.006050   1.000000   1.000000   1.000000   1.200000
 -2.573820   6.840800   1.301290   1.000000   1.000000   1.000000   1.200000
 -2.157010   6.195630   2.958010   1.000000   1.000000   1.000000   1.200000
  0.828950   5.237800   0.397460   0.000000   0.000000   1.000000   1.540000
  0.667060   5.356130   1.431080   1.000000   1.000000   1.000000   1.200000
  1.562870   5.832500   0.052820   1.000000   1.000000   1.000000   1.200000
 -0.089130   5.428760  -0.049000   1.000000   1.000000   1.000000   1.200000
  1.010890   4.241430   0.247560   1.000000   1.000000   1.000000   1.200000
  1.153710   2.387700   4.967450   0.000000   0.000000   1.000000   1.540000
  1.465670   0.788720   3.794430   1.000000   1.000000   1.000000   1.200000
  0.913930   3.035650   4.237360   1.000000   1.000000   1.000000   1.200000
  1.961410   2.718390   5.450730   1.000000   1.000000   1.000000   1.200000
  0.394780   2.332310   5.613420   1.000000   1.000000   1.000000   1.200000
 -3.719190   0.819330   3.558290   0.000000   0.000000   1.000000   1.540000
 -2.030640  -0.325010   3.651530   1.000000   1.000000   1.000000   1.200000
 -3.882550   0.969350   2.581360   1.000000   1.000000   1.000000   1.200000
 -3.145020   1.582250   3.873080   1.000000   1.000000   1.000000   1.200000
 -4.596660   0.879410   4.032200   1.000000   1.000000   1.000000   1.200000
29 bonds follow (x1 y1 z1 x2 y2 z2)
 -3.719190   0.819330   3.558290  -4.596660   0.879410   4.032200
 -3.719190   0.819330   3.558290  -3.145020   1.582250   3.873080
 -3.719190   0.819330   3.558290  -3.882550   0.969350   2.581360
 -1.101620  -0.574460   3.546970  -2.030640  -0.325010   3.651530
  1.153710   2.387700   4.967450   0.394780   2.332310   5.613420
  1.153710   2.387700   4.967450   1.961410   2.718390   5.450730
  1.153710   2.387700   4.967450   0.913930   3.035650   4.237360
  1.258630   0.139950   3.100070   1.465670   0.788720   3.794430
  0.828950   5.237800   0.397460   1.010890   4.241430   0.247560
  0.828950   5.237800   0.397460  -0.089130   5.428760  -0.049000
  0.828950   5.237800   0.397460   1.562870   5.832500   0.052820
  0.828950   5.237800   0.397460   0.667060   5.356130   1.431080
 -2.508940   5.911500   1.929970  -2.157010   6.195630   2.958010
 -2.508940   5.911500   1.929970  -2.573820   6.840800   1.301290
 -2.508940   5.911500   1.929970  -3.524490   5.443410   2.006050
 -1.610630   5.050680   1.329760  -2.508940   5.911500   1.929970
 -1.150630   3.380330   1.826100  -1.610630   5.050680   1.329760
 -1.150630   3.380330   1.826100  -0.732670   3.085140   0.498370
 -1.150630   3.380330   1.826100  -2.389340   3.059160   2.368530
 -1.150630   3.380330   1.826100  -0.062460   3.881530   2.596040
 -0.605170   1.579530   2.306570  -1.150630   3.380330   1.826100
 -0.190080   0.169980   2.511310  -0.605170   1.579530   2.306570
 -0.190080   0.169980   2.511310  -1.101620  -0.574460   3.546970
 -0.190080   0.169980   2.511310   1.258630   0.139950   3.100070
 -0.132330  -0.705850   1.185320  -0.190080   0.169980   2.511310
 -0.572890  -0.167180  -0.044950  -0.132330  -0.705850   1.185320
 -0.572890  -0.167180  -0.044950  -1.585620  -0.589820  -0.278730
 -0.572890  -0.167180  -0.044950  -0.602450   0.954090   0.005340
 -0.572890  -0.167180  -0.044950   0.152960  -0.515270  -0.825470
