33 atoms follow (x y z r g b radiusScale)
 -0.000500   0.000210   0.000590   0.000000   1.000000   0.000000   1.850000
  1.118570  -0.000150  -0.000820   1.000000   1.000000   1.000000   1.200000
 -0.405360   1.049820   0.002390   1.000000   1.000000   1.000000   1.200000
 -0.387430  -0.577100  -0.876080   1.000000   1.000000   1.000000   1.200000
 -0.444880  -0.681470   1.155750   1.000000   0.000000   0.000000   1.400000
 -0.329750   0.130320   2.516250   0.500000   0.500000   0.500000   1.900000
  1.153890  -0.066670   2.993350   1.000000   0.000000   0.000000   1.400000
 -1.241250  -0.624250   3.540120   1.000000   0.000000   0.000000   1.400000
 -0.678120   1.567970   2.366990   1.000000   0.000000   0.000000   1.400000
 -1.159160   3.413580   1.972890   1.000000   1.000000   0.000000   1.850000
 -0.022730   3.845400   2.695270   1.000000   0.000000   0.000000   1.400000
 -2.397940   3.152060   2.532040   1.000000   0.000000   0.000000   1.400000
 -0.847510   3.163590   0.614550   1.000000   0.000000   0.000000   1.400000
 -1.560360   5.148930   1.589340   1.000000   0.000000   0.000000   1.400000
 -2.713520   5.603630   0.983090   0.000000   1.000000   0.000000   1.850000
 -2.727640   5.314100  -0.102450   1.000000   1.000000   1.000000   1.200000
 -2.740490   6.723260   1.059650   1.000000   1.000000   1.000000   1.200000
 -3.615890   5.174870   1.490600   1.000000   1.000000   1.000000   1.200000
  0.785740   5.415890   0.500560   0.000000   0.000000   1.000000   1.540000
  1.239440   5.119280   1.371490   1.000000   1.000000   1.000000   1.200000
 -0.211000   5.708200   0.774430   1.000000   1.000000   1.000000   1.200000
  0.685290   4.593230  -0.103970   1.000000   1.000000   1.000000   1.200000
  1.274040   6.172340   0.048340   1.000000   1.000000   1.000000   1.200000
  1.620810   2.232430   4.685800   0.000000   0.000000   1.000000   1.540000
  1.511100   0.570530   3.636030   1.000000   1.000000   1.000000   1.200000
  1.168580   2.890190   4.075490   1.000000   1.000000   1.000000   1.200000
  2.567310   2.512400   4.830340   1.000000   1.000000   1.000000   1.200000
  1.150710   2.227210   5.566130   1.000000   1.000000   1.000000   1.200000
 -3.597630   0.958780   3.767350   0.000000   0.000000   1.000000   1.540000
 -2.134520  -0.267120   3.722690   1.000000   1.000000   1.000000   1.200000
 -3.831120   1.194700   2.822310   1.000000   1.000000   1.000000   1.200000
 -3.166500   1.770090   4.170730   1.000000   1.000000   1.000000   1.200000
 -4.436260   0.752110   4.267050   1.000000   1.000000   1.000000   1.200000
29 bonds follow (x1 y1 z1 x2 y2 z2)
 -3.597630   0.958780   3.767350  -4.436260   0.752110   4.267050
 -3.597630   0.958780   3.767350  -3.166500   1.770090   4.170730
 -3.597630   0.958780   3.767350  -3.831120   1.194700   2.822310
 -1.241250  -0.624250   3.540120  -2.134520  -0.267120   3.722690
  1.620810   2.232430   4.685800   1.150710   2.227210   5.566130
  1.620810   2.232430   4.685800   2.567310   2.512400   4.830340
  1.620810   2.232430   4.685800   1.168580   2.890190   4.075490
  1.153890  -0.066670   2.993350   1.511100   0.570530   3.636030
  0.785740   5.415890   0.500560   1.274040   6.172340   0.048340
  0.785740   5.415890   0.500560   0.685290   4.593230  -0.103970
  0.785740   5.415890   0.500560  -0.211000   5.708200   0.774430
  0.785740   5.415890   0.500560   1.239440   5.119280   1.371490
 -2.713520   5.603630   0.983090  -3.615890   5.174870   1.490600
 -2.713520   5.603630   0.983090  -2.740490   6.723260   1.059650
 -2.713520   5.603630   0.983090  -2.727640   5.314100  -0.102450
 -1.560360   5.148930   1.589340  -2.713520   5.603630   0.983090
 -1.159160   3.413580   1.972890  -1.560360   5.148930   1.589340
 -1.159160   3.413580   1.972890  -0.847510   3.163590   0.614550
 -1.159160   3.413580   1.972890  -2.397940   3.152060   2.532040
 -1.159160   3.413580   1.972890  -0.022730   3.845400   2.695270
 -0.678120   1.567970   2.366990  -1.159160   3.413580   1.972890
 -0.329750   0.130320   2.516250  -0.678120   1.567970   2.366990
 -0.329750   0.130320   2.516250  -1.241250  -0.624250   3.540120
 -0.329750   0.130320   2.516250   1.153890  -0.066670   2.993350
 -0.444880  -0.681470   1.155750  -0.329750   0.130320   2.516250
 -0.000500   0.000210   0.000590  -0.444880  -0.681470   1.155750
 -0.000500   0.000210   0.000590  -0.387430  -0.577100  -0.876080
 -0.000500   0.000210   0.000590  -0.405360   1.049820   0.002390
 -0.000500   0.000210   0.000590   1.118570  -0.000150  -0.000820
