33 atoms follow (x y z r g b radiusScale)
 -0.505360  -0.260850  -0.033910   0.000000   1.000000   0.000000   1.850000
  0.349270  -0.470610  -0.729120   1.000000   1.000000   1.000000   1.200000
 -0.708580   0.842160   0.025180   1.000000   1.000000   1.000000   1.200000
 -1.408090  -0.821050  -0.394380   1.000000   1.000000   1.000000   1.200000
 -0.152400  -0.768450   1.234930   1.000000   0.000000   0.000000   1.400000
 -0.234930   0.157840   2.531000   0.500000   0.500000   0.500000   1.900000
  1.196710   0.037890   3.155000   1.000000   0.000000   0.000000   1.400000
 -1.139810  -0.572020   3.576560   1.000000   0.000000   0.000000   1.400000
 -0.649100   1.558040   2.271690   1.000000   0.000000   0.000000   1.400000
 -1.186340   3.424480   1.761600   1.000000   1.000000   0.000000   1.850000
 -0.112810   3.872590   2.583180   1.000000   0.000000   0.000000   1.400000
 -2.447670   3.069090   2.217850   1.000000   0.000000   0.000000   1.400000
 -0.739670   3.134890   0.450980   1.000000   0.000000   0.000000   1.400000
 -1.581780   5.130140   1.360250   1.000000   0.000000   0.000000   1.400000
 -2.636700   5.765010   1.998440   0.000000   1.000000   0.000000   1.850000
 -3.612760   5.324720   1.666880   1.000000   1.000000   1.000000   1.200000
 -2.607780   6.853430   1.734580   1.000000   1.000000   1.000000   1.200000
 -2.545890   5.650700   3.111230   1.000000   1.000000   1.000000   1.200000
  0.919210   5.317200   0.518160   0.000000   0.000000   1.000000   1.540000
  1.084580   4.767170   1.387640   1.000000   1.000000   1.000000   1.200000
  1.782810   5.666550   0.128580   1.000000   1.000000   1.000000   1.200000
  0.261560   6.064960   0.764540   1.000000   1.000000   1.000000   1.200000
  0.425620   4.682410  -0.146020   1.000000   1.000000   1.000000   1.200000
  1.287070   2.443250   4.898010   0.000000   0.000000   1.000000   1.540000
  1.459360   0.692810   3.817020   1.000000   1.000000   1.000000   1.200000
  0.889380   3.006970   4.167930   1.000000   1.000000   1.000000   1.200000
  2.139650   2.860120   5.205510   1.000000   1.000000   1.000000   1.200000
  0.652140   2.413340   5.667650   1.000000   1.000000   1.000000   1.200000
 -3.501830   0.900370   3.586770   0.000000   0.000000   1.000000   1.540000
 -2.069890  -0.296810   3.691840   1.000000   1.000000   1.000000   1.200000
 -3.570480   1.194900   2.629100   1.000000   1.000000   1.000000   1.200000
 -3.073040   1.655890   4.088310   1.000000   1.000000   1.000000   1.200000
 -4.422900   0.764620   3.946140   1.000000   1.000000   1.000000   1.200000
28 bonds follow (x1 y1 z1 x2 y2 z2)
 -3.501830   0.900370   3.586770  -4.422900   0.764620   3.946140
 -3.501830   0.900370   3.586770  -3.073040   1.655890   4.088310
 -3.501830   0.900370   3.586770  -3.570480   1.194900   2.629100
 -1.139810  -0.572020   3.576560  -2.069890  -0.296810   3.691840
  1.287070   2.443250   4.898010   0.652140   2.413340   5.667650
  1.287070   2.443250   4.898010   2.139650   2.860120   5.205510
  1.287070   2.443250   4.898010   0.889380   3.006970   4.167930
  1.196710   0.037890   3.155000   1.459360   0.692810   3.817020
  0.919210   5.317200   0.518160   0.425620   4.682410  -0.146020
  0.919210   5.317200   0.518160   0.261560   6.064960   0.764540
  0.919210   5.317200   0.518160   1.782810   5.666550   0.128580
  0.919210   5.317200   0.518160   1.084580   4.767170   1.387640
 -2.636700   5.765010   1.998440  -2.545890   5.650700   3.111230
 -2.636700   5.765010   1.998440  -2.607780   6.853430   1.734580
 -2.636700   5.765010   1.998440  -3.612760   5.324720   1.666880
 -1.581780   5.130140   1.360250  -2.636700   5.765010   1.998440
 -1.186340   3.424480   1.761600  -1.581780   5.130140   1.360250
 -1.186340   3.424480   1.761600  -0.739670   3.134890   0.450980
 -1.186340   3.424480   1.761600  -2.447670   3.069090   2.217850
 -1.186340   3.424480   1.761600  -0.112810   3.872590   2.583180
 -0.234930   0.157840   2.531000  -0.649100   1.558040   2.271690
 -0.234930   0.157840   2.531000  -1.139810  -0.572020   3.576560
 -0.234930   0.157840   2.531000   1.196710   0.037890   3.155000
 -0.152400  -0.768450   1.234930  -0.234930   0.157840   2.531000
 -0.505360  -0.260850  -0.033910  -0.152400  -0.768450   1.234930
 -0.505360  -0.260850  -0.033910  -1.408090  -0.821050  -0.394380
 -0.505360  -0.260850  -0.033910  -0.708580   0.842160   0.025180
 -0.505360  -0.260850  -0.033910   0.349270  -0.470610  -0.729120
