33 atoms follow (x y z r g b radiusScale)
 -0.367130  -0.205550  -0.038320   0.000000   1.000000   0.000000   1.850000
  0.579570  -0.390130  -0.610450   1.000000   1.000000   1.000000   1.200000
 -0.575040   0.896240   0.046920   1.000000   1.000000   1.000000   1.200000
 -1.211280  -0.730560  -0.557490   1.000000   1.000000   1.000000   1.200000
 -0.228930  -0.796090   1.239360   1.000000   0.000000   0.000000   1.400000
 -0.228080   0.146650   2.523470   0.500000   0.500000   0.500000   1.900000
  1.226780   0.096810   3.105220   1.000000   0.000000   0.000000   1.400000
 -1.167990  -0.540440   3.570140   1.000000   0.000000   0.000000   1.400000
 -0.611470   1.544500   2.214300   1.000000   0.000000   0.000000   1.400000
 -1.188530   3.395160   1.775780   1.000000   1.000000   0.000000   1.850000
 -0.135960   3.835710   2.620300   1.000000   0.000000   0.000000   1.400000
 -2.436250   3.030200   2.257390   1.000000   0.000000   0.000000   1.400000
 -0.743270   3.155990   0.456200   1.000000   0.000000   0.000000   1.400000
 -1.586130   5.103500   1.371100   1.000000   0.000000   0.000000   1.400000
 -2.685410   5.783490   1.862590   0.000000   1.000000   0.000000   1.850000
 -3.610990   5.466200   1.314450   1.000000   1.000000   1.000000   1.200000
 -2.522050   6.882550   1.706780   1.000000   1.000000   1.000000   1.200000
 -2.821840   5.578650   2.957390   1.000000   1.000000   1.000000   1.200000
  0.954290   5.301680   0.598550   0.000000   0.000000   1.000000   1.540000
  1.484110   4.547110   1.037560   1.000000   1.000000   1.000000   1.200000
  1.539710   6.071010   0.315340   1.000000   1.000000   1.000000   1.200000
  0.231310   5.604650   1.308310   1.000000   1.000000   1.000000   1.200000
  0.419880   4.885440  -0.192900   1.000000   1.000000   1.000000   1.200000
  1.365810   2.431610   4.833390   0.000000   0.000000   1.000000   1.540000
  1.494300   0.796560   3.722100   1.000000   1.000000   1.000000   1.200000
  0.898220   2.965400   4.122310   1.000000   1.000000   1.000000   1.200000
  2.294180   2.781220   4.943120   1.000000   1.000000   1.000000   1.200000
  0.877940   2.547450   5.696110   1.000000   1.000000   1.000000   1.200000
 -3.666980   0.949990   3.714210   0.000000   0.000000   1.000000   1.540000
 -2.045320  -0.162250   3.757600   1.000000   1.000000   1.000000   1.200000
 -3.682170   1.146250   2.730290   1.000000   1.000000   1.000000   1.200000
 -3.319140   1.773980   4.166320   1.000000   1.000000   1.000000   1.200000
 -4.603290   0.788780   4.020640   1.000000   1.000000   1.000000   1.200000
28 bonds follow (x1 y1 z1 x2 y2 z2)
 -3.666980   0.949990   3.714210  -4.603290   0.788780   4.020640
 -3.666980   0.949990   3.714210  -3.319140   1.773980   4.166320
 -3.666980   0.949990   3.714210  -3.682170   1.146250   2.730290
 -1.167990  -0.540440   3.570140  -2.045320  -0.162250   3.757600
  1.365810   2.431610   4.833390   0.877940   2.547450   5.696110
  1.365810   2.431610   4.833390   2.294180   2.781220   4.943120
  1.365810   2.431610   4.833390   0.898220   2.965400   4.122310
  1.226780   0.096810   3.105220   1.494300   0.796560   3.722100
  0.954290   5.301680   0.598550   0.419880   4.885440  -0.192900
  0.954290   5.301680   0.598550   0.231310   5.604650   1.308310
  0.954290   5.301680   0.598550   1.539710   6.071010   0.315340
  0.954290   5.301680   0.598550   1.484110   4.547110   1.037560
 -2.685410   5.783490   1.862590  -2.821840   5.578650   2.957390
 -2.685410   5.783490   1.862590  -2.522050   6.882550   1.706780
 -2.685410   5.783490   1.862590  -3.610990   5.466200   1.314450
 -1.586130   5.103500   1.371100  -2.685410   5.783490   1.862590
 -1.188530   3.395160   1.775780  -1.586130   5.103500   1.371100
 -1.188530   3.395160   1.775780  -0.743270   3.155990   0.456200
 -1.188530   3.395160   1.775780  -2.436250   3.030200   2.257390
 -1.188530   3.395160   1.775780  -0.135960   3.835710   2.620300
 -0.228080   0.146650   2.523470  -0.611470   1.544500   2.214300
 -0.228080   0.146650   2.523470  -1.167990  -0.540440   3.570140
 -0.228080   0.146650   2.523470   1.226780   0.096810   3.105220
 -0.228930  -0.796090   1.239360  -0.228080   0.146650   2.523470
 -0.367130  -0.205550  -0.038320  -0.228930  -0.796090   1.239360
 -0.367130  -0.205550  -0.038320  -1.211280  -0.730560  -0.557490
 -0.367130  -0.205550  -0.038320  -0.575040   0.896240   0.046920
 -0.367130  -0.205550  -0.038320   0.579570  -0.390130  -0.610450
