33 atoms follow (x y z r g b radiusScale)
 -0.009620   0.005920  -0.009170   0.000000   1.000000   0.000000   1.850000
  1.109200  -0.013920  -0.028990   1.000000   1.000000   1.000000   1.200000
 -0.396230   1.062440  -0.001040   1.000000   1.000000   1.000000   1.200000
 -0.419140  -0.562930  -0.881260   1.000000   1.000000   1.000000   1.200000
 -0.448370  -0.669060   1.150980   1.000000   0.000000   0.000000   1.400000
 -0.324090   0.151150   2.508310   0.500000   0.500000   0.500000   1.900000
  1.156590  -0.089680   2.986170   1.000000   0.000000   0.000000   1.400000
 -1.229460  -0.619340   3.530760   1.000000   0.000000   0.000000   1.400000
 -0.609430   1.596160   2.340440   1.000000   0.000000   0.000000   1.400000
 -1.180450   3.478390   1.959290   1.000000   1.000000   0.000000   1.850000
 -0.050960   3.879160   2.729060   1.000000   0.000000   0.000000   1.400000
 -2.402940   3.144750   2.521720   1.000000   0.000000   0.000000   1.400000
 -0.897920   3.188470   0.590560   1.000000   0.000000   0.000000   1.400000
 -1.542590   5.164730   1.543290   1.000000   0.000000   0.000000   1.400000
 -2.816290   5.463370   1.089570   0.000000   1.000000   0.000000   1.850000
 -2.909430   5.192390   0.003620   1.000000   1.000000   1.000000   1.200000
 -2.985740   6.564830   1.209450   1.000000   1.000000   1.000000   1.200000
 -3.595840   4.907940   1.674060   1.000000   1.000000   1.000000   1.200000
  0.945760   5.308350   0.518030   0.000000   0.000000   1.000000   1.540000
  0.844200   5.158910   1.544570   1.000000   1.000000   1.000000   1.200000
  0.637170   6.245070   0.300510   1.000000   1.000000   1.000000   1.200000
  0.284250   4.630120   0.076640   1.000000   1.000000   1.000000   1.200000
  1.898770   5.141520   0.215810   1.000000   1.000000   1.000000   1.200000
  1.598870   2.263940   4.683310   0.000000   0.000000   1.000000   1.540000
  1.521270   0.531470   3.634770   1.000000   1.000000   1.000000   1.200000
  1.115070   2.897040   4.072380   1.000000   1.000000   1.000000   1.200000
  2.536480   2.580200   4.809820   1.000000   1.000000   1.000000   1.200000
  1.143040   2.255540   5.571130   1.000000   1.000000   1.000000   1.200000
 -3.625210   0.925900   3.790790   0.000000   0.000000   1.000000   1.540000
 -2.135090  -0.297200   3.700470   1.000000   1.000000   1.000000   1.200000
 -3.841070   1.188440   2.848370   1.000000   1.000000   1.000000   1.200000
 -3.191910   1.721250   4.221510   1.000000   1.000000   1.000000   1.200000
 -4.474090   0.716970   4.272070   1.000000   1.000000   1.000000   1.200000
28 bonds follow (x1 y1 z1 x2 y2 z2)
 -3.625210   0.925900   3.790790  -4.474090   0.716970   4.272070
 -3.625210   0.925900   3.790790  -3.191910   1.721250   4.221510
 -3.625210   0.925900   3.790790  -3.841070   1.188440   2.848370
 -1.229460  -0.619340   3.530760  -2.135090  -0.297200   3.700470
  1.598870   2.263940   4.683310   1.143040   2.255540   5.571130
  1.598870   2.263940   4.683310   2.536480   2.580200   4.809820
  1.598870   2.263940   4.683310   1.115070   2.897040   4.072380
  1.156590  -0.089680   2.986170   1.521270   0.531470   3.634770
  0.945760   5.308350   0.518030   1.898770   5.141520   0.215810
  0.945760   5.308350   0.518030   0.284250   4.630120   0.076640
  0.945760   5.308350   0.518030   0.637170   6.245070   0.300510
  0.945760   5.308350   0.518030   0.844200   5.158910   1.544570
 -2.816290   5.463370   1.089570  -3.595840   4.907940   1.674060
 -2.816290   5.463370   1.089570  -2.985740   6.564830   1.209450
 -2.816290   5.463370   1.089570  -2.909430   5.192390   0.003620
 -1.542590   5.164730   1.543290  -2.816290   5.463370   1.089570
 -1.180450   3.478390   1.959290  -1.542590   5.164730   1.543290
 -1.180450   3.478390   1.959290  -0.897920   3.188470   0.590560
 -1.180450   3.478390   1.959290  -2.402940   3.144750   2.521720
 -1.180450   3.478390   1.959290  -0.050960   3.879160   2.729060
 -0.324090   0.151150   2.508310  -0.609430   1.596160   2.340440
 -0.324090   0.151150   2.508310  -1.229460  -0.619340   3.530760
 -0.324090   0.151150   2.508310   1.156590  -0.089680   2.986170
 -0.448370  -0.669060   1.150980  -0.324090   0.151150   2.508310
 -0.009620   0.005920  -0.009170  -0.448370  -0.669060   1.150980
 -0.009620   0.005920  -0.009170  -0.419140  -0.562930  -0.881260
 -0.009620   0.005920  -0.009170  -0.396230   1.062440  -0.001040
 -0.009620   0.005920  -0.009170   1.109200  -0.013920  -0.028990
