33 atoms follow (x y z r g b radiusScale)
 -0.130820  -0.105950  -0.023070   0.000000   1.000000   0.000000   1.850000
  0.859170  -0.446050  -0.425400   1.000000   1.000000   1.000000   1.200000
 -0.163660   1.011240   0.099070   1.000000   1.000000   1.000000   1.200000
 -0.940660  -0.439610  -0.723570   1.000000   1.000000   1.000000   1.200000
 -0.357260  -0.753300   1.213070   1.000000   0.000000   0.000000   1.400000
 -0.279210   0.143590   2.527280   0.500000   0.500000   0.500000   1.900000
  1.209750   0.011110   3.015580   1.000000   0.000000   0.000000   1.400000
 -1.183110  -0.581820   3.582190   1.000000   0.000000   0.000000   1.400000
 -0.655140   1.560850   2.306660   1.000000   0.000000   0.000000   1.400000
 -1.216230   3.420150   1.840540   1.000000   1.000000   0.000000   1.850000
 -0.156020   3.890710   2.667460   1.000000   0.000000   0.000000   1.400000
 -2.473610   3.089520   2.329650   1.000000   0.000000   0.000000   1.400000
 -0.754040   3.146010   0.525940   1.000000   0.000000   0.000000   1.400000
 -1.562880   5.101920   1.355720   1.000000   0.000000   0.000000   1.400000
 -2.763530   5.720790   1.627510   0.000000   1.000000   0.000000   1.850000
 -3.519430   5.459340   0.839850   1.000000   1.000000   1.000000   1.200000
 -2.603840   6.831270   1.627000   1.000000   1.000000   1.000000   1.200000
 -3.159550   5.403480   2.628760   1.000000   1.000000   1.000000   1.200000
  0.948910   5.291490   0.575740   0.000000   0.000000   1.000000   1.540000
  1.068660   4.911820   1.531640   1.000000   1.000000   1.000000   1.200000
  1.749030   5.822680   0.267100   1.000000   1.000000   1.000000   1.200000
  0.095280   5.870070   0.611850   1.000000   1.000000   1.000000   1.200000
  0.729960   4.480780  -0.039750   1.000000   1.000000   1.000000   1.200000
  1.490680   2.348130   4.766970   0.000000   0.000000   1.000000   1.540000
  1.490210   0.539240   3.775730   1.000000   1.000000   1.000000   1.200000
  0.989500   2.983030   4.170740   1.000000   1.000000   1.000000   1.200000
  2.432470   2.660390   4.868780   1.000000   1.000000   1.000000   1.200000
  1.060080   2.330280   5.666910   1.000000   1.000000   1.000000   1.200000
 -3.550320   0.963710   3.710160   0.000000   0.000000   1.000000   1.540000
 -2.082600  -0.228730   3.746820   1.000000   1.000000   1.000000   1.200000
 -3.777780   1.096540   2.743620   1.000000   1.000000   1.000000   1.200000
 -3.176540   1.832710   4.044040   1.000000   1.000000   1.000000   1.200000
 -4.385030   0.751080   4.213690   1.000000   1.000000   1.000000   1.200000
28 bonds follow (x1 y1 z1 x2 y2 z2)
 -3.550320   0.963710   3.710160  -4.385030   0.751080   4.213690
 -3.550320   0.963710   3.710160  -3.176540   1.832710   4.044040
 -3.550320   0.963710   3.710160  -3.777780   1.096540   2.743620
 -1.183110  -0.581820   3.582190  -2.082600  -0.228730   3.746820
  1.490680   2.348130   4.766970   1.060080   2.330280   5.666910
  1.490680   2.348130   4.766970   2.432470   2.660390   4.868780
  1.490680   2.348130   4.766970   0.989500   2.983030   4.170740
  1.209750   0.011110   3.015580   1.490210   0.539240   3.775730
  0.948910   5.291490   0.575740   0.729960   4.480780  -0.039750
  0.948910   5.291490   0.575740   0.095280   5.870070   0.611850
  0.948910   5.291490   0.575740   1.749030   5.822680   0.267100
  0.948910   5.291490   0.575740   1.068660   4.911820   1.531640
 -2.763530   5.720790   1.627510  -3.159550   5.403480   2.628760
 -2.763530   5.720790   1.627510  -2.603840   6.831270   1.627000
 -2.763530   5.720790   1.627510  -3.519430   5.459340   0.839850
 -1.562880   5.101920   1.355720  -2.763530   5.720790   1.627510
 -1.216230   3.420150   1.840540  -1.562880   5.101920   1.355720
 -1.216230   3.420150   1.840540  -0.754040   3.146010   0.525940
 -1.216230   3.420150   1.840540  -2.473610   3.089520   2.329650
 -1.216230   3.420150   1.840540  -0.156020   3.890710   2.667460
 -0.279210   0.143590   2.527280  -0.655140   1.560850   2.306660
 -0.279210   0.143590   2.527280  -1.183110  -0.581820   3.582190
 -0.279210   0.143590   2.527280   1.209750   0.011110   3.015580
 -0.357260  -0.753300   1.213070  -0.279210   0.143590   2.527280
 -0.130820  -0.105950  -0.023070  -0.357260  -0.753300   1.213070
 -0.130820  -0.105950  -0.023070  -0.940660  -0.439610  -0.723570
 -0.130820  -0.105950  -0.023070  -0.163660   1.011240   0.099070
 -0.130820  -0.105950  -0.023070   0.859170  -0.446050  -0.425400
