33 atoms follow (x y z r g b radiusScale)
 -0.434250  -0.234490  -0.005810   0.000000   1.000000   0.000000   1.850000
  0.499620  -0.380550  -0.610260   1.000000   1.000000   1.000000   1.200000
 -0.688890   0.857300   0.071600   1.000000   1.000000   1.000000   1.200000
 -1.270150  -0.805760  -0.488320   1.000000   1.000000   1.000000   1.200000
 -0.223130  -0.799180   1.270100   1.000000   0.000000   0.000000   1.400000
 -0.211090   0.161050   2.537660   0.500000   0.500000   0.500000   1.900000
  1.242050   0.053610   3.129930   1.000000   0.000000   0.000000   1.400000
 -1.151700  -0.601480   3.536400   1.000000   0.000000   0.000000   1.400000
 -0.636730   1.543690   2.210780   1.000000   0.000000   0.000000   1.400000
 -1.190300   3.408890   1.765860   1.000000   1.000000   0.000000   1.850000
 -0.123740   3.839830   2.602120   1.000000   0.000000   0.000000   1.400000
 -2.460560   3.072660   2.215640   1.000000   0.000000   0.000000   1.400000
 -0.703000   3.199820   0.445040   1.000000   0.000000   0.000000   1.400000
 -1.605880   5.099860   1.388700   1.000000   0.000000   0.000000   1.400000
 -2.680000   5.781230   1.934820   0.000000   1.000000   0.000000   1.850000
 -3.639720   5.439530   1.467880   1.000000   1.000000   1.000000   1.200000
 -2.535470   6.875220   1.727790   1.000000   1.000000   1.000000   1.200000
 -2.734880   5.617850   3.042700   1.000000   1.000000   1.000000   1.200000
  0.946990   5.291540   0.559070   0.000000   0.000000   1.000000   1.540000
  1.466740   4.598590   1.122150   1.000000   1.000000   1.000000   1.200000
  1.555970   5.926430   0.065740   1.000000   1.000000   1.000000   1.200000
  0.308130   5.781100   1.210210   1.000000   1.000000   1.000000   1.200000
  0.334120   4.760380  -0.087600   1.000000   1.000000   1.000000   1.200000
  1.325070   2.460580   4.841590   0.000000   0.000000   1.000000   1.540000
  1.472030   0.623210   3.876890   1.000000   1.000000   1.000000   1.200000
  0.888450   3.085960   4.189080   1.000000   1.000000   1.000000   1.200000
  2.243470   2.789970   5.050060   1.000000   1.000000   1.000000   1.200000
  0.793860   2.444360   5.686470   1.000000   1.000000   1.000000   1.200000
 -3.600460   0.953830   3.659950   0.000000   0.000000   1.000000   1.540000
 -2.065600  -0.283980   3.654250   1.000000   1.000000   1.000000   1.200000
 -3.718560   1.227760   2.702280   1.000000   1.000000   1.000000   1.200000
 -3.317950   1.771350   4.163620   1.000000   1.000000   1.000000   1.200000
 -4.475070   0.635720   4.020760   1.000000   1.000000   1.000000   1.200000
28 bonds follow (x1 y1 z1 x2 y2 z2)
 -3.600460   0.953830   3.659950  -4.475070   0.635720   4.020760
 -3.600460   0.953830   3.659950  -3.317950   1.771350   4.163620
 -3.600460   0.953830   3.659950  -3.718560   1.227760   2.702280
 -1.151700  -0.601480   3.536400  -2.065600  -0.283980   3.654250
  1.325070   2.460580   4.841590   0.793860   2.444360   5.686470
  1.325070   2.460580   4.841590   2.243470   2.789970   5.050060
  1.325070   2.460580   4.841590   0.888450   3.085960   4.189080
  1.242050   0.053610   3.129930   1.472030   0.623210   3.876890
  0.946990   5.291540   0.559070   0.334120   4.760380  -0.087600
  0.946990   5.291540   0.559070   0.308130   5.781100   1.210210
  0.946990   5.291540   0.559070   1.555970   5.926430   0.065740
  0.946990   5.291540   0.559070   1.466740   4.598590   1.122150
 -2.680000   5.781230   1.934820  -2.734880   5.617850   3.042700
 -2.680000   5.781230   1.934820  -2.535470   6.875220   1.727790
 -2.680000   5.781230   1.934820  -3.639720   5.439530   1.467880
 -1.605880   5.099860   1.388700  -2.680000   5.781230   1.934820
 -1.190300   3.408890   1.765860  -1.605880   5.099860   1.388700
 -1.190300   3.408890   1.765860  -0.703000   3.199820   0.445040
 -1.190300   3.408890   1.765860  -2.460560   3.072660   2.215640
 -1.190300   3.408890   1.765860  -0.123740   3.839830   2.602120
 -0.211090   0.161050   2.537660  -0.636730   1.543690   2.210780
 -0.211090   0.161050   2.537660  -1.151700  -0.601480   3.536400
 -0.211090   0.161050   2.537660   1.242050   0.053610   3.129930
 -0.223130  -0.799180   1.270100  -0.211090   0.161050   2.537660
 -0.434250  -0.234490  -0.005810  -0.223130  -0.799180   1.270100
 -0.434250  -0.234490  -0.005810  -1.270150  -0.805760  -0.488320
 -0.434250  -0.234490  -0.005810  -0.688890   0.857300   0.071600
 -0.434250  -0.234490  -0.005810   0.499620  -0.380550  -0.610260
