33 atoms follow (x y z r g b radiusScale)
 -0.009310   0.005780  -0.008590   0.000000   1.000000   0.000000   1.850000
  1.109520  -0.013630  -0.028340   1.000000   1.000000   1.000000   1.200000
 -0.396250   1.062120  -0.000180   1.000000   1.000000   1.000000   1.200000
 -0.418580  -0.562960  -0.880860   1.000000   1.000000   1.000000   1.200000
 -0.447900  -0.669660   1.151340   1.000000   0.000000   0.000000   1.400000
 -0.324690   0.150810   2.508690   0.500000   0.500000   0.500000   1.900000
  1.156300  -0.089370   2.986070   1.000000   0.000000   0.000000   1.400000
 -1.229630  -0.620230   3.531110   1.000000   0.000000   0.000000   1.400000
 -0.611230   1.595480   2.340990   1.000000   0.000000   0.000000   1.400000
 -1.179340   3.479470   1.958770   1.000000   1.000000   0.000000   1.850000
 -0.049380   3.879190   2.728750   1.000000   0.000000   0.000000   1.400000
 -2.400340   3.142470   2.520520   1.000000   0.000000   0.000000   1.400000
 -0.897890   3.189440   0.589890   1.000000   0.000000   0.000000   1.400000
 -1.544090   5.165980   1.546590   1.000000   0.000000   0.000000   1.400000
 -2.815590   5.465000   1.087070   0.000000   1.000000   0.000000   1.850000
 -2.904810   5.192690   0.001130   1.000000   1.000000   1.000000   1.200000
 -2.985240   6.566520   1.204860   1.000000   1.000000   1.000000   1.200000
 -3.597470   4.910290   1.669230   1.000000   1.000000   1.000000   1.200000
  0.942430   5.307650   0.518420   0.000000   0.000000   1.000000   1.540000
  0.842800   5.155860   1.544600   1.000000   1.000000   1.000000   1.200000
  0.627350   6.242700   0.304120   1.000000   1.000000   1.000000   1.200000
  0.284160   4.627400   0.075670   1.000000   1.000000   1.000000   1.200000
  1.894800   5.148580   0.214570   1.000000   1.000000   1.000000   1.200000
  1.599290   2.263360   4.683110   0.000000   0.000000   1.000000   1.540000
  1.520820   0.531500   3.635040   1.000000   1.000000   1.000000   1.200000
  1.115930   2.897030   4.072450   1.000000   1.000000   1.000000   1.200000
  2.536940   2.579250   4.810180   1.000000   1.000000   1.000000   1.200000
  1.143090   2.254380   5.570740   1.000000   1.000000   1.000000   1.200000
 -3.624940   0.926160   3.790680   0.000000   0.000000   1.000000   1.540000
 -2.135170  -0.298220   3.701170   1.000000   1.000000   1.000000   1.200000
 -3.839520   1.187620   2.847660   1.000000   1.000000   1.000000   1.200000
 -3.190160   1.721200   4.220470   1.000000   1.000000   1.000000   1.200000
 -4.474680   0.719970   4.271650   1.000000   1.000000   1.000000   1.200000
28 bonds follow (x1 y1 z1 x2 y2 z2)
 -3.624940   0.926160   3.790680  -4.474680   0.719970   4.271650
 -3.624940   0.926160   3.790680  -3.190160   1.721200   4.220470
 -3.624940   0.926160   3.790680  -3.839520   1.187620   2.847660
 -1.229630  -0.620230   3.531110  -2.135170  -0.298220   3.701170
  1.599290   2.263360   4.683110   1.143090   2.254380   5.570740
  1.599290   2.263360   4.683110   2.536940   2.579250   4.810180
  1.599290   2.263360   4.683110   1.115930   2.897030   4.072450
  1.156300  -0.089370   2.986070   1.520820   0.531500   3.635040
  0.942430   5.307650   0.518420   1.894800   5.148580   0.214570
  0.942430   5.307650   0.518420   0.284160   4.627400   0.075670
  0.942430   5.307650   0.518420   0.627350   6.242700   0.304120
  0.942430   5.307650   0.518420   0.842800   5.155860   1.544600
 -2.815590   5.465000   1.087070  -3.597470   4.910290   1.669230
 -2.815590   5.465000   1.087070  -2.985240   6.566520   1.204860
 -2.815590   5.465000   1.087070  -2.904810   5.192690   0.001130
 -1.544090   5.165980   1.546590  -2.815590   5.465000   1.087070
 -1.179340   3.479470   1.958770  -1.544090   5.165980   1.546590
 -1.179340   3.479470   1.958770  -0.897890   3.189440   0.589890
 -1.179340   3.479470   1.958770  -2.400340   3.142470   2.520520
 -1.179340   3.479470   1.958770  -0.049380   3.879190   2.728750
 -0.324690   0.150810   2.508690  -0.611230   1.595480   2.340990
 -0.324690   0.150810   2.508690  -1.229630  -0.620230   3.531110
 -0.324690   0.150810   2.508690   1.156300  -0.089370   2.986070
 -0.447900  -0.669660   1.151340  -0.324690   0.150810   2.508690
 -0.009310   0.005780  -0.008590  -0.447900  -0.669660   1.151340
 -0.009310   0.005780  -0.008590  -0.418580  -0.562960  -0.880860
 -0.009310   0.005780  -0.008590  -0.396250   1.062120  -0.000180
 -0.009310   0.005780  -0.008590   1.109520  -0.013630  -0.028340
