33 atoms follow (x y z r g b radiusScale)
 -0.273250  -0.144510  -0.063130   0.000000   1.000000   0.000000   1.850000
  0.653060  -0.455240  -0.613830   1.000000   1.000000   1.000000   1.200000
 -0.342820   0.973240   0.029180   1.000000   1.000000   1.000000   1.200000
 -1.169490  -0.550850  -0.602040   1.000000   1.000000   1.000000   1.200000
 -0.236880  -0.753810   1.211510   1.000000   0.000000   0.000000   1.400000
 -0.246080   0.156240   2.507650   0.500000   0.500000   0.500000   1.900000
  1.265150   0.115740   2.963920   1.000000   0.000000   0.000000   1.400000
 -1.046970  -0.610870   3.625470   1.000000   0.000000   0.000000   1.400000
 -0.659340   1.560390   2.273390   1.000000   0.000000   0.000000   1.400000
 -1.147700   3.406100   1.898620   1.000000   1.000000   0.000000   1.850000
  0.097530   3.778930   2.490770   1.000000   0.000000   0.000000   1.400000
 -2.306730   3.138630   2.611760   1.000000   0.000000   0.000000   1.400000
 -0.963600   3.104550   0.521390   1.000000   0.000000   0.000000   1.400000
 -1.477730   5.128410   1.529080   1.000000   0.000000   0.000000   1.400000
 -2.615660   5.841190   1.845000   0.000000   1.000000   0.000000   1.850000
 -3.054450   5.493150   2.816460   1.000000   1.000000   1.000000   1.200000
 -3.383670   5.724430   1.034350   1.000000   1.000000   1.000000   1.200000
 -2.342460   6.927310   1.929020   1.000000   1.000000   1.000000   1.200000
  0.840060   5.159790   0.289720   0.000000   0.000000   1.000000   1.540000
  1.162960   4.604990   1.105950   1.000000   1.000000   1.000000   1.200000
  1.610630   5.509010  -0.262740   1.000000   1.000000   1.000000   1.200000
  0.249960   5.908150   0.669360   1.000000   1.000000   1.000000   1.200000
  0.205750   4.538950  -0.248470   1.000000   1.000000   1.000000   1.200000
  0.989060   2.511960   4.956040   0.000000   0.000000   1.000000   1.540000
  1.510770   0.666310   3.711910   1.000000   1.000000   1.000000   1.200000
  1.311210   3.042080   4.166950   1.000000   1.000000   1.000000   1.200000
  1.448290   2.840770   5.779280   1.000000   1.000000   1.000000   1.200000
  0.007980   2.681880   5.050280   1.000000   1.000000   1.000000   1.200000
 -3.687210   0.856440   3.378120   0.000000   0.000000   1.000000   1.540000
 -1.935290  -0.311160   3.852030   1.000000   1.000000   1.000000   1.200000
 -3.666950   1.371510   2.517860   1.000000   1.000000   1.000000   1.200000
 -3.417390   1.494240   4.102260   1.000000   1.000000   1.000000   1.200000
 -4.623450   0.555080   3.551210   1.000000   1.000000   1.000000   1.200000
29 bonds follow (x1 y1 z1 x2 y2 z2)
 -3.687210   0.856440   3.378120  -4.623450   0.555080   3.551210
 -3.687210   0.856440   3.378120  -3.417390   1.494240   4.102260
 -3.687210   0.856440   3.378120  -3.666950   1.371510   2.517860
 -1.046970  -0.610870   3.625470  -1.935290  -0.311160   3.852030
  0.989060   2.511960   4.956040   0.007980   2.681880   5.050280
  0.989060   2.511960   4.956040   1.448290   2.840770   5.779280
  0.989060   2.511960   4.956040   1.311210   3.042080   4.166950
  1.265150   0.115740   2.963920   1.510770   0.666310   3.711910
  0.840060   5.159790   0.289720   0.205750   4.538950  -0.248470
  0.840060   5.159790   0.289720   0.249960   5.908150   0.669360
  0.840060   5.159790   0.289720   1.610630   5.509010  -0.262740
  0.840060   5.159790   0.289720   1.162960   4.604990   1.105950
 -2.615660   5.841190   1.845000  -2.342460   6.927310   1.929020
 -2.615660   5.841190   1.845000  -3.383670   5.724430   1.034350
 -2.615660   5.841190   1.845000  -3.054450   5.493150   2.816460
 -1.477730   5.128410   1.529080  -2.615660   5.841190   1.845000
 -1.147700   3.406100   1.898620  -1.477730   5.128410   1.529080
 -1.147700   3.406100   1.898620  -0.963600   3.104550   0.521390
 -1.147700   3.406100   1.898620  -2.306730   3.138630   2.611760
 -1.147700   3.406100   1.898620   0.097530   3.778930   2.490770
 -0.659340   1.560390   2.273390  -1.147700   3.406100   1.898620
 -0.246080   0.156240   2.507650  -0.659340   1.560390   2.273390
 -0.246080   0.156240   2.507650  -1.046970  -0.610870   3.625470
 -0.246080   0.156240   2.507650   1.265150   0.115740   2.963920
 -0.236880  -0.753810   1.211510  -0.246080   0.156240   2.507650
 -0.273250  -0.144510  -0.063130  -0.236880  -0.753810   1.211510
 -0.273250  -0.144510  -0.063130  -1.169490  -0.550850  -0.602040
 -0.273250  -0.144510  -0.063130  -0.342820   0.973240   0.029180
 -0.273250  -0.144510  -0.063130   0.653060  -0.455240  -0.613830
