33 atoms follow (x y z r g b radiusScale)
  0.419140  -0.051860   0.105570   0.000000   1.000000   0.000000   1.850000
  1.489320  -0.179180   0.406220   1.000000   1.000000   1.000000   1.200000
  0.143490   1.032800   0.031260   1.000000   1.000000   1.000000   1.200000
  0.206070  -0.590130  -0.851630   1.000000   1.000000   1.000000   1.200000
 -0.398480  -0.663650   1.089170   1.000000   0.000000   0.000000   1.400000
 -0.323780  -0.021900   2.532960   0.500000   0.500000   0.500000   1.900000
  1.188250  -0.108170   2.935330   1.000000   0.000000   0.000000   1.400000
 -1.213820  -0.863390   3.497560   1.000000   0.000000   0.000000   1.400000
 -0.740640   1.430790   2.469690   1.000000   0.000000   0.000000   1.400000
 -1.146580   3.199510   2.213760   1.000000   1.000000   0.000000   1.850000
 -0.525820   3.698170   3.332600   1.000000   0.000000   0.000000   1.400000
 -2.517140   3.046160   2.239370   1.000000   0.000000   0.000000   1.400000
 -0.445830   3.298640   1.033510   1.000000   0.000000   0.000000   1.400000
 -2.575810   6.618830   1.397470   1.000000   0.000000   0.000000   1.400000
 -3.883130   6.269680   1.028030   0.000000   1.000000   0.000000   1.850000
 -4.521960   7.171450   0.868400   1.000000   1.000000   1.000000   1.200000
 -4.333030   5.624600   1.818250   1.000000   1.000000   1.000000   1.200000
 -3.787970   5.671680   0.083100   1.000000   1.000000   1.000000   1.200000
  2.419070   4.706180  -0.264710   0.000000   0.000000   1.000000   1.540000
  2.071050   5.300120   0.466030   1.000000   1.000000   1.000000   1.200000
 -2.609370   7.329900   2.164290   1.000000   1.000000   1.000000   1.200000
  2.006700   5.014520  -1.126440   1.000000   1.000000   1.000000   1.200000
  2.079340   3.782120  -0.083560   1.000000   1.000000   1.000000   1.200000
  1.909540   2.335960   4.279780   0.000000   0.000000   1.000000   1.540000
  1.627970   0.656500   3.360010   1.000000   1.000000   1.000000   1.200000
  1.566560   2.982240   3.592560   1.000000   1.000000   1.000000   1.200000
  2.882110   2.507280   4.428980   1.000000   1.000000   1.000000   1.200000
  1.416020   2.506890   5.131720   1.000000   1.000000   1.000000   1.200000
 -3.541910   0.747980   3.747960   0.000000   0.000000   1.000000   1.540000
 -2.101200  -0.508490   3.730710   1.000000   1.000000   1.000000   1.200000
 -3.490770   1.306410   2.914620   1.000000   1.000000   1.000000   1.200000
 -3.376270   1.343100   4.533850   1.000000   1.000000   1.000000   1.200000
 -4.461730   0.367220   3.822800   1.000000   1.000000   1.000000   1.200000
28 bonds follow (x1 y1 z1 x2 y2 z2)
 -3.541910   0.747980   3.747960  -4.461730   0.367220   3.822800
 -3.541910   0.747980   3.747960  -3.376270   1.343100   4.533850
 -3.541910   0.747980   3.747960  -3.490770   1.306410   2.914620
 -1.213820  -0.863390   3.497560  -2.101200  -0.508490   3.730710
  1.909540   2.335960   4.279780   1.416020   2.506890   5.131720
  1.909540   2.335960   4.279780   2.882110   2.507280   4.428980
  1.909540   2.335960   4.279780   1.566560   2.982240   3.592560
  1.188250  -0.108170   2.935330   1.627970   0.656500   3.360010
  2.419070   4.706180  -0.264710   2.079340   3.782120  -0.083560
  2.419070   4.706180  -0.264710   2.006700   5.014520  -1.126440
 -2.575810   6.618830   1.397470  -2.609370   7.329900   2.164290
  2.419070   4.706180  -0.264710   2.071050   5.300120   0.466030
 -3.883130   6.269680   1.028030  -3.787970   5.671680   0.083100
 -3.883130   6.269680   1.028030  -4.333030   5.624600   1.818250
 -3.883130   6.269680   1.028030  -4.521960   7.171450   0.868400
 -2.575810   6.618830   1.397470  -3.883130   6.269680   1.028030
 -1.146580   3.199510   2.213760  -0.445830   3.298640   1.033510
 -1.146580   3.199510   2.213760  -2.517140   3.046160   2.239370
 -1.146580   3.199510   2.213760  -0.525820   3.698170   3.332600
 -0.740640   1.430790   2.469690  -1.146580   3.199510   2.213760
 -0.323780  -0.021900   2.532960  -0.740640   1.430790   2.469690
 -0.323780  -0.021900   2.532960  -1.213820  -0.863390   3.497560
 -0.323780  -0.021900   2.532960   1.188250  -0.108170   2.935330
 -0.398480  -0.663650   1.089170  -0.323780  -0.021900   2.532960
  0.419140  -0.051860   0.105570  -0.398480  -0.663650   1.089170
  0.419140  -0.051860   0.105570   0.206070  -0.590130  -0.851630
  0.419140  -0.051860   0.105570   0.143490   1.032800   0.031260
  0.419140  -0.051860   0.105570   1.489320  -0.179180   0.406220
