33 atoms follow (x y z r g b radiusScale)
 -0.530140  -0.239880  -0.030360   0.000000   1.000000   0.000000   1.850000
  0.288810  -0.488510  -0.755300   1.000000   1.000000   1.000000   1.200000
 -0.690270   0.871320   0.024220   1.000000   1.000000   1.000000   1.200000
 -1.465310  -0.773030  -0.347590   1.000000   1.000000   1.000000   1.200000
 -0.137810  -0.753860   1.223600   1.000000   0.000000   0.000000   1.400000
 -0.231940   0.146980   2.526810   0.500000   0.500000   0.500000   1.900000
  1.212790   0.068150   3.149260   1.000000   0.000000   0.000000   1.400000
 -1.146050  -0.576170   3.586100   1.000000   0.000000   0.000000   1.400000
 -0.624390   1.556030   2.276630   1.000000   0.000000   0.000000   1.400000
 -1.192000   3.415000   1.762520   1.000000   1.000000   0.000000   1.850000
 -0.119670   3.856410   2.592900   1.000000   0.000000   0.000000   1.400000
 -2.451150   3.104790   2.256510   1.000000   0.000000   0.000000   1.400000
 -0.743070   3.132020   0.445420   1.000000   0.000000   0.000000   1.400000
 -1.572350   5.100090   1.349220   1.000000   0.000000   0.000000   1.400000
 -2.600970   5.757880   1.998500   0.000000   1.000000   0.000000   1.850000
 -3.589990   5.302250   1.731030   1.000000   1.000000   1.000000   1.200000
 -2.585070   6.832530   1.675790   1.000000   1.000000   1.000000   1.200000
 -2.463680   5.703540   3.111100   1.000000   1.000000   1.000000   1.200000
  0.910510   5.335750   0.487640   0.000000   0.000000   1.000000   1.540000
  0.969380   4.916190   1.451670   1.000000   1.000000   1.000000   1.200000
  1.787320   5.736960   0.200560   1.000000   1.000000   1.000000   1.200000
  0.146500   6.031720   0.519260   1.000000   1.000000   1.000000   1.200000
  0.606010   4.571860  -0.137040   1.000000   1.000000   1.000000   1.200000
  1.266080   2.431620   4.915550   0.000000   0.000000   1.000000   1.540000
  1.403210   0.679150   3.877180   1.000000   1.000000   1.000000   1.200000
  0.904860   3.004180   4.173580   1.000000   1.000000   1.000000   1.200000
  2.116530   2.828330   5.253590   1.000000   1.000000   1.000000   1.200000
  0.604600   2.410660   5.662680   1.000000   1.000000   1.000000   1.200000
 -3.512440   0.894750   3.574830   0.000000   0.000000   1.000000   1.540000
 -2.071480  -0.291740   3.714300   1.000000   1.000000   1.000000   1.200000
 -3.585460   1.107070   2.596770   1.000000   1.000000   1.000000   1.200000
 -3.111890   1.704510   4.012370   1.000000   1.000000   1.000000   1.200000
 -4.431900   0.755840   3.937330   1.000000   1.000000   1.000000   1.200000
28 bonds follow (x1 y1 z1 x2 y2 z2)
 -3.512440   0.894750   3.574830  -4.431900   0.755840   3.937330
 -3.512440   0.894750   3.574830  -3.111890   1.704510   4.012370
 -3.512440   0.894750   3.574830  -3.585460   1.107070   2.596770
 -1.146050  -0.576170   3.586100  -2.071480  -0.291740   3.714300
  1.266080   2.431620   4.915550   0.604600   2.410660   5.662680
  1.266080   2.431620   4.915550   2.116530   2.828330   5.253590
  1.266080   2.431620   4.915550   0.904860   3.004180   4.173580
  1.212790   0.068150   3.149260   1.403210   0.679150   3.877180
  0.910510   5.335750   0.487640   0.606010   4.571860  -0.137040
  0.910510   5.335750   0.487640   0.146500   6.031720   0.519260
  0.910510   5.335750   0.487640   1.787320   5.736960   0.200560
  0.910510   5.335750   0.487640   0.969380   4.916190   1.451670
 -2.600970   5.757880   1.998500  -2.463680   5.703540   3.111100
 -2.600970   5.757880   1.998500  -2.585070   6.832530   1.675790
 -2.600970   5.757880   1.998500  -3.589990   5.302250   1.731030
 -1.572350   5.100090   1.349220  -2.600970   5.757880   1.998500
 -1.192000   3.415000   1.762520  -1.572350   5.100090   1.349220
 -1.192000   3.415000   1.762520  -0.743070   3.132020   0.445420
 -1.192000   3.415000   1.762520  -2.451150   3.104790   2.256510
 -1.192000   3.415000   1.762520  -0.119670   3.856410   2.592900
 -0.231940   0.146980   2.526810  -0.624390   1.556030   2.276630
 -0.231940   0.146980   2.526810  -1.146050  -0.576170   3.586100
 -0.231940   0.146980   2.526810   1.212790   0.068150   3.149260
 -0.137810  -0.753860   1.223600  -0.231940   0.146980   2.526810
 -0.530140  -0.239880  -0.030360  -0.137810  -0.753860   1.223600
 -0.530140  -0.239880  -0.030360  -1.465310  -0.773030  -0.347590
 -0.530140  -0.239880  -0.030360  -0.690270   0.871320   0.024220
 -0.530140  -0.239880  -0.030360   0.288810  -0.488510  -0.755300
