33 atoms follow (x y z r g b radiusScale)
 -0.145260  -0.113320  -0.028060   0.000000   1.000000   0.000000   1.850000
  0.831900  -0.464790  -0.451070   1.000000   1.000000   1.000000   1.200000
 -0.164280   1.005130   0.089160   1.000000   1.000000   1.000000   1.200000
 -0.973910  -0.442540  -0.708180   1.000000   1.000000   1.000000   1.200000
 -0.348640  -0.752690   1.216070   1.000000   0.000000   0.000000   1.400000
 -0.265970   0.148530   2.526340   0.500000   0.500000   0.500000   1.900000
  1.220130   0.009770   3.024280   1.000000   0.000000   0.000000   1.400000
 -1.189950  -0.550770   3.577240   1.000000   0.000000   0.000000   1.400000
 -0.655280   1.561260   2.286030   1.000000   0.000000   0.000000   1.400000
 -1.215920   3.411340   1.832810   1.000000   1.000000   0.000000   1.850000
 -0.155430   3.865220   2.663780   1.000000   0.000000   0.000000   1.400000
 -2.472180   3.103880   2.345280   1.000000   0.000000   0.000000   1.400000
 -0.750360   3.141370   0.518980   1.000000   0.000000   0.000000   1.400000
 -1.564190   5.097890   1.327840   1.000000   0.000000   0.000000   1.400000
 -2.757340   5.718200   1.649510   0.000000   1.000000   0.000000   1.850000
 -3.539800   5.462470   0.887520   1.000000   1.000000   1.000000   1.200000
 -2.595970   6.828060   1.654340   1.000000   1.000000   1.000000   1.200000
 -3.113850   5.391090   2.661710   1.000000   1.000000   1.000000   1.200000
  0.941130   5.289230   0.598900   0.000000   0.000000   1.000000   1.540000
  1.092420   4.793700   1.501490   1.000000   1.000000   1.000000   1.200000
  1.766230   5.782050   0.298950   1.000000   1.000000   1.000000   1.200000
  0.140500   5.925270   0.746970   1.000000   1.000000   1.000000   1.200000
  0.626870   4.579340  -0.085790   1.000000   1.000000   1.000000   1.200000
  1.484690   2.353160   4.775460   0.000000   0.000000   1.000000   1.540000
  1.505460   0.601750   3.737340   1.000000   1.000000   1.000000   1.200000
  0.971240   2.952060   4.152410   1.000000   1.000000   1.000000   1.200000
  2.415230   2.699900   4.872490   1.000000   1.000000   1.000000   1.200000
  1.047230   2.362040   5.672510   1.000000   1.000000   1.000000   1.200000
 -3.569170   0.959250   3.716660   0.000000   0.000000   1.000000   1.540000
 -2.090130  -0.190220   3.727520   1.000000   1.000000   1.000000   1.200000
 -3.779030   1.103750   2.747660   1.000000   1.000000   1.000000   1.200000
 -3.185420   1.819460   4.062140   1.000000   1.000000   1.000000   1.200000
 -4.415100   0.757660   4.205650   1.000000   1.000000   1.000000   1.200000
28 bonds follow (x1 y1 z1 x2 y2 z2)
 -3.569170   0.959250   3.716660  -4.415100   0.757660   4.205650
 -3.569170   0.959250   3.716660  -3.185420   1.819460   4.062140
 -3.569170   0.959250   3.716660  -3.779030   1.103750   2.747660
 -1.189950  -0.550770   3.577240  -2.090130  -0.190220   3.727520
  1.484690   2.353160   4.775460   1.047230   2.362040   5.672510
  1.484690   2.353160   4.775460   2.415230   2.699900   4.872490
  1.484690   2.353160   4.775460   0.971240   2.952060   4.152410
  1.220130   0.009770   3.024280   1.505460   0.601750   3.737340
  0.941130   5.289230   0.598900   0.626870   4.579340  -0.085790
  0.941130   5.289230   0.598900   0.140500   5.925270   0.746970
  0.941130   5.289230   0.598900   1.766230   5.782050   0.298950
  0.941130   5.289230   0.598900   1.092420   4.793700   1.501490
 -2.757340   5.718200   1.649510  -3.113850   5.391090   2.661710
 -2.757340   5.718200   1.649510  -2.595970   6.828060   1.654340
 -2.757340   5.718200   1.649510  -3.539800   5.462470   0.887520
 -1.564190   5.097890   1.327840  -2.757340   5.718200   1.649510
 -1.215920   3.411340   1.832810  -1.564190   5.097890   1.327840
 -1.215920   3.411340   1.832810  -0.750360   3.141370   0.518980
 -1.215920   3.411340   1.832810  -2.472180   3.103880   2.345280
 -1.215920   3.411340   1.832810  -0.155430   3.865220   2.663780
 -0.265970   0.148530   2.526340  -0.655280   1.561260   2.286030
 -0.265970   0.148530   2.526340  -1.189950  -0.550770   3.577240
 -0.265970   0.148530   2.526340   1.220130   0.009770   3.024280
 -0.348640  -0.752690   1.216070  -0.265970   0.148530   2.526340
 -0.145260  -0.113320  -0.028060  -0.348640  -0.752690   1.216070
 -0.145260  -0.113320  -0.028060  -0.973910  -0.442540  -0.708180
 -0.145260  -0.113320  -0.028060  -0.164280   1.005130   0.089160
 -0.145260  -0.113320  -0.028060   0.831900  -0.464790  -0.451070
