33 atoms follow (x y z r g b radiusScale)
 -0.141540  -0.111300  -0.026640   0.000000   1.000000   0.000000   1.850000
  0.838730  -0.459850  -0.444880   1.000000   1.000000   1.000000   1.200000
 -0.163450   1.006980   0.092510   1.000000   1.000000   1.000000   1.200000
 -0.965440  -0.440550  -0.712230   1.000000   1.000000   1.000000   1.200000
 -0.351060  -0.753430   1.215210   1.000000   0.000000   0.000000   1.400000
 -0.269020   0.147020   2.526780   0.500000   0.500000   0.500000   1.900000
  1.217580   0.010540   3.021740   1.000000   0.000000   0.000000   1.400000
 -1.188710  -0.558300   3.578390   1.000000   0.000000   0.000000   1.400000
 -0.654780   1.560870   2.291250   1.000000   0.000000   0.000000   1.400000
 -1.216440   3.413450   1.835020   1.000000   1.000000   0.000000   1.850000
 -0.156010   3.872040   2.664160   1.000000   0.000000   0.000000   1.400000
 -2.473320   3.100230   2.342030   1.000000   0.000000   0.000000   1.400000
 -0.751410   3.143300   0.520360   1.000000   0.000000   0.000000   1.400000
 -1.562900   5.099070   1.334250   1.000000   0.000000   0.000000   1.400000
 -2.758290   5.718180   1.644050   0.000000   1.000000   0.000000   1.850000
 -3.533900   5.460390   0.875570   1.000000   1.000000   1.000000   1.200000
 -2.598590   6.828510   1.648110   1.000000   1.000000   1.000000   1.200000
 -3.123760   5.391970   2.653180   1.000000   1.000000   1.000000   1.200000
  0.943400   5.289250   0.592310   0.000000   0.000000   1.000000   1.540000
  1.088140   4.818640   1.516730   1.000000   1.000000   1.000000   1.200000
  1.759360   5.794730   0.295080   1.000000   1.000000   1.000000   1.200000
  0.122070   5.918610   0.713580   1.000000   1.000000   1.000000   1.200000
  0.654810   4.558980  -0.073820   1.000000   1.000000   1.000000   1.200000
  1.486240   2.351980   4.773320   0.000000   0.000000   1.000000   1.540000
  1.501420   0.583610   3.749750   1.000000   1.000000   1.000000   1.200000
  0.976260   2.961140   4.157750   1.000000   1.000000   1.000000   1.200000
  2.420080   2.689080   4.871820   1.000000   1.000000   1.000000   1.200000
  1.050980   2.353330   5.671420   1.000000   1.000000   1.000000   1.200000
 -3.564150   0.960530   3.715020   0.000000   0.000000   1.000000   1.540000
 -2.088830  -0.200040   3.731340   1.000000   1.000000   1.000000   1.200000
 -3.777910   1.100870   2.746330   1.000000   1.000000   1.000000   1.200000
 -3.183800   1.823590   4.056870   1.000000   1.000000   1.000000   1.200000
 -4.407460   0.755940   4.207330   1.000000   1.000000   1.000000   1.200000
28 bonds follow (x1 y1 z1 x2 y2 z2)
 -3.564150   0.960530   3.715020  -4.407460   0.755940   4.207330
 -3.564150   0.960530   3.715020  -3.183800   1.823590   4.056870
 -3.564150   0.960530   3.715020  -3.777910   1.100870   2.746330
 -1.188710  -0.558300   3.578390  -2.088830  -0.200040   3.731340
  1.486240   2.351980   4.773320   1.050980   2.353330   5.671420
  1.486240   2.351980   4.773320   2.420080   2.689080   4.871820
  1.486240   2.351980   4.773320   0.976260   2.961140   4.157750
  1.217580   0.010540   3.021740   1.501420   0.583610   3.749750
  0.943400   5.289250   0.592310   0.654810   4.558980  -0.073820
  0.943400   5.289250   0.592310   0.122070   5.918610   0.713580
  0.943400   5.289250   0.592310   1.759360   5.794730   0.295080
  0.943400   5.289250   0.592310   1.088140   4.818640   1.516730
 -2.758290   5.718180   1.644050  -3.123760   5.391970   2.653180
 -2.758290   5.718180   1.644050  -2.598590   6.828510   1.648110
 -2.758290   5.718180   1.644050  -3.533900   5.460390   0.875570
 -1.562900   5.099070   1.334250  -2.758290   5.718180   1.644050
 -1.216440   3.413450   1.835020  -1.562900   5.099070   1.334250
 -1.216440   3.413450   1.835020  -0.751410   3.143300   0.520360
 -1.216440   3.413450   1.835020  -2.473320   3.100230   2.342030
 -1.216440   3.413450   1.835020  -0.156010   3.872040   2.664160
 -0.269020   0.147020   2.526780  -0.654780   1.560870   2.291250
 -0.269020   0.147020   2.526780  -1.188710  -0.558300   3.578390
 -0.269020   0.147020   2.526780   1.217580   0.010540   3.021740
 -0.351060  -0.753430   1.215210  -0.269020   0.147020   2.526780
 -0.141540  -0.111300  -0.026640  -0.351060  -0.753430   1.215210
 -0.141540  -0.111300  -0.026640  -0.965440  -0.440550  -0.712230
 -0.141540  -0.111300  -0.026640  -0.163450   1.006980   0.092510
 -0.141540  -0.111300  -0.026640   0.838730  -0.459850  -0.444880
