33 atoms follow (x y z r g b radiusScale)
 -0.341230  -0.076940  -0.061740   0.000000   1.000000   0.000000   1.850000
  0.605370  -0.309940  -0.615610   1.000000   1.000000   1.000000   1.200000
 -0.484750   1.031960   0.061450   1.000000   1.000000   1.000000   1.200000
 -1.205510  -0.521600  -0.621020   1.000000   1.000000   1.000000   1.200000
 -0.284930  -0.720400   1.195960   1.000000   0.000000   0.000000   1.400000
 -0.187180   0.164260   2.514450   0.500000   0.500000   0.500000   1.900000
  1.295530   0.011060   3.048040   1.000000   0.000000   0.000000   1.400000
 -1.010700  -0.604430   3.606230   1.000000   0.000000   0.000000   1.400000
 -0.683220   1.539300   2.297270   1.000000   0.000000   0.000000   1.400000
 -1.169290   3.426570   1.874040   1.000000   1.000000   0.000000   1.850000
  0.057690   3.805150   2.488770   1.000000   0.000000   0.000000   1.400000
 -2.342590   3.182490   2.574510   1.000000   0.000000   0.000000   1.400000
 -0.968670   3.103800   0.504490   1.000000   0.000000   0.000000   1.400000
 -1.502660   5.114340   1.437450   1.000000   0.000000   0.000000   1.400000
 -2.569960   5.884320   1.850080   0.000000   1.000000   0.000000   1.850000
 -3.061570   5.447110   2.757380   1.000000   1.000000   1.000000   1.200000
 -3.323790   5.958840   1.021520   1.000000   1.000000   1.000000   1.200000
 -2.193020   6.915000   2.091160   1.000000   1.000000   1.000000   1.200000
  0.866330   5.150160   0.303080   0.000000   0.000000   1.000000   1.540000
  1.360920   4.416410   0.823960   1.000000   1.000000   1.000000   1.200000
  1.479750   5.681450  -0.295460   1.000000   1.000000   1.000000   1.200000
  0.386200   5.739980   1.013660   1.000000   1.000000   1.000000   1.200000
  0.087380   4.677860  -0.223010   1.000000   1.000000   1.000000   1.200000
  1.011140   2.520440   5.014850   0.000000   0.000000   1.000000   1.540000
  1.472380   0.335250   3.934720   1.000000   1.000000   1.000000   1.200000
  1.150680   2.956720   4.121290   1.000000   1.000000   1.000000   1.200000
  1.641390   2.932140   5.671600   1.000000   1.000000   1.000000   1.200000
  0.076920   2.720900   5.309570   1.000000   1.000000   1.000000   1.200000
 -3.687840   0.758840   3.415340   0.000000   0.000000   1.000000   1.540000
 -1.973880  -0.561430   3.599280   1.000000   1.000000   1.000000   1.200000
 -3.565970   1.103900   2.481460   1.000000   1.000000   1.000000   1.200000
 -3.321380   1.463180   4.028270   1.000000   1.000000   1.000000   1.200000
 -4.668240   0.671790   3.587360   1.000000   1.000000   1.000000   1.200000
28 bonds follow (x1 y1 z1 x2 y2 z2)
 -3.687840   0.758840   3.415340  -4.668240   0.671790   3.587360
 -3.687840   0.758840   3.415340  -3.321380   1.463180   4.028270
 -3.687840   0.758840   3.415340  -3.565970   1.103900   2.481460
 -1.010700  -0.604430   3.606230  -1.973880  -0.561430   3.599280
  1.011140   2.520440   5.014850   0.076920   2.720900   5.309570
  1.011140   2.520440   5.014850   1.641390   2.932140   5.671600
  1.011140   2.520440   5.014850   1.150680   2.956720   4.121290
  1.295530   0.011060   3.048040   1.472380   0.335250   3.934720
  0.866330   5.150160   0.303080   0.087380   4.677860  -0.223010
  0.866330   5.150160   0.303080   0.386200   5.739980   1.013660
  0.866330   5.150160   0.303080   1.479750   5.681450  -0.295460
  0.866330   5.150160   0.303080   1.360920   4.416410   0.823960
 -2.569960   5.884320   1.850080  -2.193020   6.915000   2.091160
 -2.569960   5.884320   1.850080  -3.323790   5.958840   1.021520
 -2.569960   5.884320   1.850080  -3.061570   5.447110   2.757380
 -1.502660   5.114340   1.437450  -2.569960   5.884320   1.850080
 -1.169290   3.426570   1.874040  -1.502660   5.114340   1.437450
 -1.169290   3.426570   1.874040  -0.968670   3.103800   0.504490
 -1.169290   3.426570   1.874040  -2.342590   3.182490   2.574510
 -1.169290   3.426570   1.874040   0.057690   3.805150   2.488770
 -0.187180   0.164260   2.514450  -0.683220   1.539300   2.297270
 -0.187180   0.164260   2.514450  -1.010700  -0.604430   3.606230
 -0.187180   0.164260   2.514450   1.295530   0.011060   3.048040
 -0.284930  -0.720400   1.195960  -0.187180   0.164260   2.514450
 -0.341230  -0.076940  -0.061740  -0.284930  -0.720400   1.195960
 -0.341230  -0.076940  -0.061740  -1.205510  -0.521600  -0.621020
 -0.341230  -0.076940  -0.061740  -0.484750   1.031960   0.061450
 -0.341230  -0.076940  -0.061740   0.605370  -0.309940  -0.615610
