33 atoms follow (x y z r g b radiusScale)
 -0.040180   0.036510  -0.032940   0.000000   1.000000   0.000000   1.850000
  1.071440  -0.029940  -0.148030   1.000000   1.000000   1.000000   1.200000
 -0.381680   1.105710   0.020610   1.000000   1.000000   1.000000   1.200000
 -0.538210  -0.500540  -0.880010   1.000000   1.000000   1.000000   1.200000
 -0.419690  -0.648990   1.143670   1.000000   0.000000   0.000000   1.400000
 -0.325700   0.143810   2.516050   0.500000   0.500000   0.500000   1.900000
  1.177440  -0.050430   2.932580   1.000000   0.000000   0.000000   1.400000
 -1.216650  -0.631400   3.549460   1.000000   0.000000   0.000000   1.400000
 -0.626200   1.595720   2.412050   1.000000   0.000000   0.000000   1.400000
 -1.185640   3.422170   1.950380   1.000000   1.000000   0.000000   1.850000
 -0.086410   3.921950   2.702390   1.000000   0.000000   0.000000   1.400000
 -2.421990   3.119750   2.503920   1.000000   0.000000   0.000000   1.400000
 -0.755860   3.109050   0.626520   1.000000   0.000000   0.000000   1.400000
 -1.586230   5.068170   1.377480   1.000000   0.000000   0.000000   1.400000
 -2.830380   5.649670   1.236830   0.000000   1.000000   0.000000   1.850000
 -3.258340   5.412870   0.226040   1.000000   1.000000   1.000000   1.200000
 -2.710240   6.762710   1.325150   1.000000   1.000000   1.000000   1.200000
 -3.536520   5.288830   2.028940   1.000000   1.000000   1.000000   1.200000
  0.930960   5.271740   0.543880   0.000000   0.000000   1.000000   1.540000
  0.719110   5.316240   1.569860   1.000000   1.000000   1.000000   1.200000
  1.143960   6.191980   0.174910   1.000000   1.000000   1.000000   1.200000
  0.044720   4.892730   0.117220   1.000000   1.000000   1.000000   1.200000
  1.678130   4.611300   0.383520   1.000000   1.000000   1.000000   1.200000
  1.563340   2.294250   4.704550   0.000000   0.000000   1.000000   1.540000
  1.553110   0.588330   3.556160   1.000000   1.000000   1.000000   1.200000
  1.045960   2.896830   4.088810   1.000000   1.000000   1.000000   1.200000
  2.483390   2.661110   4.824470   1.000000   1.000000   1.000000   1.200000
  1.111790   2.273130   5.594440   1.000000   1.000000   1.000000   1.200000
 -3.604540   0.948400   3.763930   0.000000   0.000000   1.000000   1.540000
 -2.104990  -0.284380   3.760490   1.000000   1.000000   1.000000   1.200000
 -3.806520   1.151280   2.803750   1.000000   1.000000   1.000000   1.200000
 -3.170880   1.768410   4.147330   1.000000   1.000000   1.000000   1.200000
 -4.464070   0.783280   4.243670   1.000000   1.000000   1.000000   1.200000
28 bonds follow (x1 y1 z1 x2 y2 z2)
 -3.604540   0.948400   3.763930  -4.464070   0.783280   4.243670
 -3.604540   0.948400   3.763930  -3.170880   1.768410   4.147330
 -3.604540   0.948400   3.763930  -3.806520   1.151280   2.803750
 -1.216650  -0.631400   3.549460  -2.104990  -0.284380   3.760490
  1.563340   2.294250   4.704550   1.111790   2.273130   5.594440
  1.563340   2.294250   4.704550   2.483390   2.661110   4.824470
  1.563340   2.294250   4.704550   1.045960   2.896830   4.088810
  1.177440  -0.050430   2.932580   1.553110   0.588330   3.556160
  0.930960   5.271740   0.543880   1.678130   4.611300   0.383520
  0.930960   5.271740   0.543880   0.044720   4.892730   0.117220
  0.930960   5.271740   0.543880   1.143960   6.191980   0.174910
  0.930960   5.271740   0.543880   0.719110   5.316240   1.569860
 -2.830380   5.649670   1.236830  -3.536520   5.288830   2.028940
 -2.830380   5.649670   1.236830  -2.710240   6.762710   1.325150
 -2.830380   5.649670   1.236830  -3.258340   5.412870   0.226040
 -1.586230   5.068170   1.377480  -2.830380   5.649670   1.236830
 -1.185640   3.422170   1.950380  -1.586230   5.068170   1.377480
 -1.185640   3.422170   1.950380  -0.755860   3.109050   0.626520
 -1.185640   3.422170   1.950380  -2.421990   3.119750   2.503920
 -1.185640   3.422170   1.950380  -0.086410   3.921950   2.702390
 -0.325700   0.143810   2.516050  -0.626200   1.595720   2.412050
 -0.325700   0.143810   2.516050  -1.216650  -0.631400   3.549460
 -0.325700   0.143810   2.516050   1.177440  -0.050430   2.932580
 -0.419690  -0.648990   1.143670  -0.325700   0.143810   2.516050
 -0.040180   0.036510  -0.032940  -0.419690  -0.648990   1.143670
 -0.040180   0.036510  -0.032940  -0.538210  -0.500540  -0.880010
 -0.040180   0.036510  -0.032940  -0.381680   1.105710   0.020610
 -0.040180   0.036510  -0.032940   1.071440  -0.029940  -0.148030
