33 atoms follow (x y z r g b radiusScale)
 -0.275510  -0.181260  -0.065390   0.000000   1.000000   0.000000   1.850000
  0.663200  -0.475990  -0.603310   1.000000   1.000000   1.000000   1.200000
 -0.370150   0.937210   0.006070   1.000000   1.000000   1.000000   1.200000
 -1.155260  -0.618310  -0.607160   1.000000   1.000000   1.000000   1.200000
 -0.239130  -0.767190   1.221210   1.000000   0.000000   0.000000   1.400000
 -0.251990   0.172660   2.501580   0.500000   0.500000   0.500000   1.900000
  1.203460   0.066220   3.068810   1.000000   0.000000   0.000000   1.400000
 -1.155770  -0.483060   3.598190   1.000000   0.000000   0.000000   1.400000
 -0.656120   1.571000   2.223780   1.000000   0.000000   0.000000   1.400000
 -1.189940   3.369250   1.803840   1.000000   1.000000   0.000000   1.850000
 -0.109220   3.869930   2.590840   1.000000   0.000000   0.000000   1.400000
 -2.436030   3.018800   2.311320   1.000000   0.000000   0.000000   1.400000
 -0.735930   3.129820   0.475480   1.000000   0.000000   0.000000   1.400000
 -1.608010   5.046260   1.340850   1.000000   0.000000   0.000000   1.400000
 -2.696530   5.766220   1.777740   0.000000   1.000000   0.000000   1.850000
 -3.603080   5.519710   1.164380   1.000000   1.000000   1.000000   1.200000
 -2.466970   6.860440   1.665340   1.000000   1.000000   1.000000   1.200000
 -2.919280   5.548210   2.856060   1.000000   1.000000   1.000000   1.200000
  0.941780   5.283640   0.672680   0.000000   0.000000   1.000000   1.540000
  1.372360   4.507060   1.191910   1.000000   1.000000   1.000000   1.200000
  1.601100   5.806240   0.124240   1.000000   1.000000   1.000000   1.200000
  0.453760   5.865770   1.373250   1.000000   1.000000   1.000000   1.200000
  0.182230   4.858740   0.081580   1.000000   1.000000   1.000000   1.200000
  1.427680   2.422420   4.807740   0.000000   0.000000   1.000000   1.540000
  1.459460   0.642590   3.803800   1.000000   1.000000   1.000000   1.200000
  0.882120   3.070180   4.267710   1.000000   1.000000   1.000000   1.200000
  2.329470   2.810470   4.981900   1.000000   1.000000   1.000000   1.200000
  0.977320   2.250890   5.681680   1.000000   1.000000   1.000000   1.200000
 -3.681720   0.970570   3.724800   0.000000   0.000000   1.000000   1.540000
 -2.066310  -0.156110   3.727330   1.000000   1.000000   1.000000   1.200000
 -3.858020   1.232890   2.773710   1.000000   1.000000   1.000000   1.200000
 -3.326650   1.783830   4.189250   1.000000   1.000000   1.000000   1.200000
 -4.539410   0.696750   4.155320   1.000000   1.000000   1.000000   1.200000
29 bonds follow (x1 y1 z1 x2 y2 z2)
 -3.681720   0.970570   3.724800  -4.539410   0.696750   4.155320
 -3.681720   0.970570   3.724800  -3.326650   1.783830   4.189250
 -3.681720   0.970570   3.724800  -3.858020   1.232890   2.773710
 -1.155770  -0.483060   3.598190  -2.066310  -0.156110   3.727330
  1.427680   2.422420   4.807740   0.977320   2.250890   5.681680
  1.427680   2.422420   4.807740   2.329470   2.810470   4.981900
  1.427680   2.422420   4.807740   0.882120   3.070180   4.267710
  1.203460   0.066220   3.068810   1.459460   0.642590   3.803800
  0.941780   5.283640   0.672680   0.182230   4.858740   0.081580
  0.941780   5.283640   0.672680   0.453760   5.865770   1.373250
  0.941780   5.283640   0.672680   1.601100   5.806240   0.124240
  0.941780   5.283640   0.672680   1.372360   4.507060   1.191910
 -2.696530   5.766220   1.777740  -2.919280   5.548210   2.856060
 -2.696530   5.766220   1.777740  -2.466970   6.860440   1.665340
 -2.696530   5.766220   1.777740  -3.603080   5.519710   1.164380
 -1.608010   5.046260   1.340850  -2.696530   5.766220   1.777740
 -1.189940   3.369250   1.803840  -1.608010   5.046260   1.340850
 -1.189940   3.369250   1.803840  -0.735930   3.129820   0.475480
 -1.189940   3.369250   1.803840  -2.436030   3.018800   2.311320
 -1.189940   3.369250   1.803840  -0.109220   3.869930   2.590840
 -0.656120   1.571000   2.223780  -1.189940   3.369250   1.803840
 -0.251990   0.172660   2.501580  -0.656120   1.571000   2.223780
 -0.251990   0.172660   2.501580  -1.155770  -0.483060   3.598190
 -0.251990   0.172660   2.501580   1.203460   0.066220   3.068810
 -0.239130  -0.767190   1.221210  -0.251990   0.172660   2.501580
 -0.275510  -0.181260  -0.065390  -0.239130  -0.767190   1.221210
 -0.275510  -0.181260  -0.065390  -1.155260  -0.618310  -0.607160
 -0.275510  -0.181260  -0.065390  -0.370150   0.937210   0.006070
 -0.275510  -0.181260  -0.065390   0.663200  -0.475990  -0.603310
