33 atoms follow (x y z r g b radiusScale)
 -0.217850  -0.250370  -0.072510   0.000000   1.000000   0.000000   1.850000
  0.817500  -0.372530  -0.485190   1.000000   1.000000   1.000000   1.200000
 -0.516780   0.834060  -0.033410   1.000000   1.000000   1.000000   1.200000
 -0.932010  -0.837190  -0.706870   1.000000   1.000000   1.000000   1.200000
 -0.262220  -0.815720   1.218420   1.000000   0.000000   0.000000   1.400000
 -0.252670   0.147660   2.483890   0.500000   0.500000   0.500000   1.900000
  1.236290   0.055340   2.996550   1.000000   0.000000   0.000000   1.400000
 -1.106990  -0.600360   3.570290   1.000000   0.000000   0.000000   1.400000
 -0.686810   1.549530   2.262670   1.000000   0.000000   0.000000   1.400000
 -1.113670   3.447910   1.928880   1.000000   1.000000   0.000000   1.850000
  0.122920   3.826150   2.526660   1.000000   0.000000   0.000000   1.400000
 -2.266720   3.192890   2.659410   1.000000   0.000000   0.000000   1.400000
 -0.943520   3.180860   0.539850   1.000000   0.000000   0.000000   1.400000
 -1.471780   5.162460   1.604200   1.000000   0.000000   0.000000   1.400000
 -2.705980   5.740800   1.820710   0.000000   1.000000   0.000000   1.850000
 -3.033420   5.594370   2.883080   1.000000   1.000000   1.000000   1.200000
 -3.475710   5.291720   1.138070   1.000000   1.000000   1.000000   1.200000
 -2.619820   6.839160   1.605290   1.000000   1.000000   1.000000   1.200000
  0.811930   5.168670   0.239150   0.000000   0.000000   1.000000   1.540000
  0.859240   5.163310   1.277940   1.000000   1.000000   1.000000   1.200000
  1.496760   5.774940  -0.177400   1.000000   1.000000   1.000000   1.200000
 -0.150000   5.452320   0.017280   1.000000   1.000000   1.000000   1.200000
  0.913120   4.185100  -0.070800   1.000000   1.000000   1.000000   1.200000
  0.961560   2.512860   4.887950   0.000000   0.000000   1.000000   1.540000
  1.464910   0.557370   3.783330   1.000000   1.000000   1.000000   1.200000
  1.549050   3.006180   4.243420   1.000000   1.000000   1.000000   1.200000
  1.242500   2.735700   5.819730   1.000000   1.000000   1.000000   1.200000
  0.027330   2.845500   4.743980   1.000000   1.000000   1.000000   1.200000
 -3.606230   0.894140   3.388330   0.000000   0.000000   1.000000   1.540000
 -2.036130  -0.337330   3.677670   1.000000   1.000000   1.000000   1.200000
 -3.649150   1.296750   2.471410   1.000000   1.000000   1.000000   1.200000
 -3.211030   1.594490   3.989560   1.000000   1.000000   1.000000   1.200000
 -4.535760   0.697970   3.695810   1.000000   1.000000   1.000000   1.200000
28 bonds follow (x1 y1 z1 x2 y2 z2)
 -3.606230   0.894140   3.388330  -4.535760   0.697970   3.695810
 -3.606230   0.894140   3.388330  -3.211030   1.594490   3.989560
 -3.606230   0.894140   3.388330  -3.649150   1.296750   2.471410
 -1.106990  -0.600360   3.570290  -2.036130  -0.337330   3.677670
  0.961560   2.512860   4.887950   0.027330   2.845500   4.743980
  0.961560   2.512860   4.887950   1.242500   2.735700   5.819730
  0.961560   2.512860   4.887950   1.549050   3.006180   4.243420
  1.236290   0.055340   2.996550   1.464910   0.557370   3.783330
  0.811930   5.168670   0.239150   0.913120   4.185100  -0.070800
  0.811930   5.168670   0.239150  -0.150000   5.452320   0.017280
  0.811930   5.168670   0.239150   1.496760   5.774940  -0.177400
  0.811930   5.168670   0.239150   0.859240   5.163310   1.277940
 -2.705980   5.740800   1.820710  -2.619820   6.839160   1.605290
 -2.705980   5.740800   1.820710  -3.475710   5.291720   1.138070
 -2.705980   5.740800   1.820710  -3.033420   5.594370   2.883080
 -1.471780   5.162460   1.604200  -2.705980   5.740800   1.820710
 -1.113670   3.447910   1.928880  -1.471780   5.162460   1.604200
 -1.113670   3.447910   1.928880  -0.943520   3.180860   0.539850
 -1.113670   3.447910   1.928880  -2.266720   3.192890   2.659410
 -1.113670   3.447910   1.928880   0.122920   3.826150   2.526660
 -0.252670   0.147660   2.483890  -0.686810   1.549530   2.262670
 -0.252670   0.147660   2.483890  -1.106990  -0.600360   3.570290
 -0.252670   0.147660   2.483890   1.236290   0.055340   2.996550
 -0.262220  -0.815720   1.218420  -0.252670   0.147660   2.483890
 -0.217850  -0.250370  -0.072510  -0.262220  -0.815720   1.218420
 -0.217850  -0.250370  -0.072510  -0.932010  -0.837190  -0.706870
 -0.217850  -0.250370  -0.072510  -0.516780   0.834060  -0.033410
 -0.217850  -0.250370  -0.072510   0.817500  -0.372530  -0.485190
