33 atoms follow (x y z r g b radiusScale)
  0.337820  -0.166080   0.057820   0.000000   1.000000   0.000000   1.850000
  1.428610  -0.279490   0.277910   1.000000   1.000000   1.000000   1.200000
  0.056880   0.913410  -0.063180   1.000000   1.000000   1.000000   1.200000
  0.051750  -0.760430  -0.845680   1.000000   1.000000   1.000000   1.200000
 -0.399080  -0.709190   1.136920   1.000000   0.000000   0.000000   1.400000
 -0.295250   0.012050   2.539510   0.500000   0.500000   0.500000   1.900000
  1.190620  -0.144710   2.961280   1.000000   0.000000   0.000000   1.400000
 -1.212880  -0.767280   3.542600   1.000000   0.000000   0.000000   1.400000
 -0.670220   1.465300   2.401110   1.000000   0.000000   0.000000   1.400000
 -1.178680   3.207130   2.174420   1.000000   1.000000   0.000000   1.850000
 -0.381670   3.683750   3.189240   1.000000   0.000000   0.000000   1.400000
 -2.529670   3.078440   2.416530   1.000000   0.000000   0.000000   1.400000
 -0.679540   3.301490   0.899450   1.000000   0.000000   0.000000   1.400000
 -2.416930   6.363050   1.422500   1.000000   0.000000   0.000000   1.400000
 -3.715320   6.194980   0.933380   0.000000   1.000000   0.000000   1.850000
 -3.985080   7.044200   0.256610   1.000000   1.000000   1.000000   1.200000
 -4.462770   6.152740   1.772980   1.000000   1.000000   1.000000   1.200000
 -3.764170   5.232400   0.382830   1.000000   1.000000   1.000000   1.200000
  2.369010   5.134010  -0.207830   0.000000   0.000000   1.000000   1.540000
  2.083010   5.766630   0.506720   1.000000   1.000000   1.000000   1.200000
 -2.328540   7.119490   2.115010   1.000000   1.000000   1.000000   1.200000
  2.207610   5.564400  -1.090750   1.000000   1.000000   1.000000   1.200000
  1.823520   4.298690  -0.148380   1.000000   1.000000   1.000000   1.200000
  1.821140   2.167680   4.363910   0.000000   0.000000   1.000000   1.540000
  1.596410   0.561150   3.521760   1.000000   1.000000   1.000000   1.200000
  1.519420   2.879810   3.724160   1.000000   1.000000   1.000000   1.200000
  2.783510   2.311420   4.587940   1.000000   1.000000   1.000000   1.200000
  1.277970   2.247050   5.198790   1.000000   1.000000   1.000000   1.200000
 -3.601950   0.751650   3.825760   0.000000   0.000000   1.000000   1.540000
 -2.123090  -0.454730   3.730910   1.000000   1.000000   1.000000   1.200000
 -3.631550   1.216520   2.936830   1.000000   1.000000   1.000000   1.200000
 -3.419280   1.443990   4.524120   1.000000   1.000000   1.000000   1.200000
 -4.493100   0.338890   4.007010   1.000000   1.000000   1.000000   1.200000
28 bonds follow (x1 y1 z1 x2 y2 z2)
 -3.601950   0.751650   3.825760  -4.493100   0.338890   4.007010
 -3.601950   0.751650   3.825760  -3.419280   1.443990   4.524120
 -3.601950   0.751650   3.825760  -3.631550   1.216520   2.936830
 -1.212880  -0.767280   3.542600  -2.123090  -0.454730   3.730910
  1.821140   2.167680   4.363910   1.277970   2.247050   5.198790
  1.821140   2.167680   4.363910   2.783510   2.311420   4.587940
  1.821140   2.167680   4.363910   1.519420   2.879810   3.724160
  1.190620  -0.144710   2.961280   1.596410   0.561150   3.521760
  2.369010   5.134010  -0.207830   1.823520   4.298690  -0.148380
  2.369010   5.134010  -0.207830   2.207610   5.564400  -1.090750
 -2.416930   6.363050   1.422500  -2.328540   7.119490   2.115010
  2.369010   5.134010  -0.207830   2.083010   5.766630   0.506720
 -3.715320   6.194980   0.933380  -3.764170   5.232400   0.382830
 -3.715320   6.194980   0.933380  -4.462770   6.152740   1.772980
 -3.715320   6.194980   0.933380  -3.985080   7.044200   0.256610
 -2.416930   6.363050   1.422500  -3.715320   6.194980   0.933380
 -1.178680   3.207130   2.174420  -0.679540   3.301490   0.899450
 -1.178680   3.207130   2.174420  -2.529670   3.078440   2.416530
 -1.178680   3.207130   2.174420  -0.381670   3.683750   3.189240
 -0.670220   1.465300   2.401110  -1.178680   3.207130   2.174420
 -0.295250   0.012050   2.539510  -0.670220   1.465300   2.401110
 -0.295250   0.012050   2.539510  -1.212880  -0.767280   3.542600
 -0.295250   0.012050   2.539510   1.190620  -0.144710   2.961280
 -0.399080  -0.709190   1.136920  -0.295250   0.012050   2.539510
  0.337820  -0.166080   0.057820  -0.399080  -0.709190   1.136920
  0.337820  -0.166080   0.057820   0.051750  -0.760430  -0.845680
  0.337820  -0.166080   0.057820   0.056880   0.913410  -0.063180
  0.337820  -0.166080   0.057820   1.428610  -0.279490   0.277910
