33 atoms follow (x y z r g b radiusScale)
  0.208410  -0.187620   0.017740   0.000000   1.000000   0.000000   1.850000
  1.317810  -0.215940   0.158150   1.000000   1.000000   1.000000   1.200000
 -0.162030   0.865980  -0.085580   1.000000   1.000000   1.000000   1.200000
 -0.096210  -0.812100  -0.859680   1.000000   1.000000   1.000000   1.200000
 -0.402640  -0.781850   1.150640   1.000000   0.000000   0.000000   1.400000
 -0.314360   0.007330   2.513450   0.500000   0.500000   0.500000   1.900000
  1.165900  -0.133540   2.981880   1.000000   0.000000   0.000000   1.400000
 -1.267930  -0.656190   3.548280   1.000000   0.000000   0.000000   1.400000
 -0.590170   1.473110   2.309980   1.000000   0.000000   0.000000   1.400000
 -1.137890   3.169700   2.134440   1.000000   1.000000   0.000000   1.850000
 -0.246780   3.730050   3.016290   1.000000   0.000000   0.000000   1.400000
 -2.441500   3.014170   2.556070   1.000000   0.000000   0.000000   1.400000
 -0.849830   3.263100   0.797200   1.000000   0.000000   0.000000   1.400000
 -2.272530   6.109110   1.531760   1.000000   0.000000   0.000000   1.400000
 -3.505500   6.104590   0.855090   0.000000   1.000000   0.000000   1.850000
 -3.424290   6.640330  -0.126460   1.000000   1.000000   1.000000   1.200000
 -4.307120   6.587170   1.464350   1.000000   1.000000   1.000000   1.200000
 -3.771570   5.016030   0.696230   1.000000   1.000000   1.000000   1.200000
  2.128840   5.424260  -0.100930   0.000000   0.000000   1.000000   1.540000
  2.253160   6.109830   0.616290   1.000000   1.000000   1.000000   1.200000
 -2.016860   6.931520   1.708560   1.000000   1.000000   1.000000   1.200000
  2.002120   5.901340  -0.971350   1.000000   1.000000   1.000000   1.200000
  1.292960   4.903000   0.101860   1.000000   1.000000   1.000000   1.200000
  1.793740   2.196830   4.557800   0.000000   0.000000   1.000000   1.540000
  1.581180   0.569570   3.523050   1.000000   1.000000   1.000000   1.200000
  1.527200   2.912480   3.906070   1.000000   1.000000   1.000000   1.200000
  2.753790   2.316480   4.805050   1.000000   1.000000   1.000000   1.200000
  1.236180   2.293580   5.380590   1.000000   1.000000   1.000000   1.200000
 -3.653880   0.817260   3.848280   0.000000   0.000000   1.000000   1.540000
 -2.162520  -0.274650   3.717630   1.000000   1.000000   1.000000   1.200000
 -3.761920   1.264090   2.956390   1.000000   1.000000   1.000000   1.200000
 -3.420560   1.528840   4.512140   1.000000   1.000000   1.000000   1.200000
 -4.521380   0.398920   4.111860   1.000000   1.000000   1.000000   1.200000
28 bonds follow (x1 y1 z1 x2 y2 z2)
 -3.653880   0.817260   3.848280  -4.521380   0.398920   4.111860
 -3.653880   0.817260   3.848280  -3.420560   1.528840   4.512140
 -3.653880   0.817260   3.848280  -3.761920   1.264090   2.956390
 -1.267930  -0.656190   3.548280  -2.162520  -0.274650   3.717630
  1.793740   2.196830   4.557800   1.236180   2.293580   5.380590
  1.793740   2.196830   4.557800   2.753790   2.316480   4.805050
  1.793740   2.196830   4.557800   1.527200   2.912480   3.906070
  1.165900  -0.133540   2.981880   1.581180   0.569570   3.523050
  2.128840   5.424260  -0.100930   1.292960   4.903000   0.101860
  2.128840   5.424260  -0.100930   2.002120   5.901340  -0.971350
 -2.272530   6.109110   1.531760  -2.016860   6.931520   1.708560
  2.128840   5.424260  -0.100930   2.253160   6.109830   0.616290
 -3.505500   6.104590   0.855090  -3.771570   5.016030   0.696230
 -3.505500   6.104590   0.855090  -4.307120   6.587170   1.464350
 -3.505500   6.104590   0.855090  -3.424290   6.640330  -0.126460
 -2.272530   6.109110   1.531760  -3.505500   6.104590   0.855090
 -1.137890   3.169700   2.134440  -0.849830   3.263100   0.797200
 -1.137890   3.169700   2.134440  -2.441500   3.014170   2.556070
 -1.137890   3.169700   2.134440  -0.246780   3.730050   3.016290
 -0.590170   1.473110   2.309980  -1.137890   3.169700   2.134440
 -0.314360   0.007330   2.513450  -0.590170   1.473110   2.309980
 -0.314360   0.007330   2.513450  -1.267930  -0.656190   3.548280
 -0.314360   0.007330   2.513450   1.165900  -0.133540   2.981880
 -0.402640  -0.781850   1.150640  -0.314360   0.007330   2.513450
  0.208410  -0.187620   0.017740  -0.402640  -0.781850   1.150640
  0.208410  -0.187620   0.017740  -0.096210  -0.812100  -0.859680
  0.208410  -0.187620   0.017740  -0.162030   0.865980  -0.085580
  0.208410  -0.187620   0.017740   1.317810  -0.215940   0.158150
