33 atoms follow (x y z r g b radiusScale)
 -0.446060  -0.241910  -0.004460   0.000000   1.000000   0.000000   1.850000
  0.479280  -0.388720  -0.621270   1.000000   1.000000   1.000000   1.200000
 -0.700920   0.850050   0.071350   1.000000   1.000000   1.000000   1.200000
 -1.287460  -0.814250  -0.475840   1.000000   1.000000   1.000000   1.200000
 -0.217240  -0.798670   1.271370   1.000000   0.000000   0.000000   1.400000
 -0.210760   0.167560   2.538490   0.500000   0.500000   0.500000   1.900000
  1.235120   0.039470   3.137560   1.000000   0.000000   0.000000   1.400000
 -1.142250  -0.603570   3.532860   1.000000   0.000000   0.000000   1.400000
 -0.654340   1.544320   2.216320   1.000000   0.000000   0.000000   1.400000
 -1.188260   3.417630   1.766120   1.000000   1.000000   0.000000   1.850000
 -0.119480   3.846730   2.597960   1.000000   0.000000   0.000000   1.400000
 -2.458150   3.063540   2.208150   1.000000   0.000000   0.000000   1.400000
 -0.703140   3.194700   0.443160   1.000000   0.000000   0.000000   1.400000
 -1.608280   5.103100   1.388050   1.000000   0.000000   0.000000   1.400000
 -2.675670   5.779350   1.947930   0.000000   1.000000   0.000000   1.850000
 -3.641560   5.427500   1.500980   1.000000   1.000000   1.000000   1.200000
 -2.544340   6.873070   1.733740   1.000000   1.000000   1.000000   1.200000
 -2.711000   5.622910   3.058520   1.000000   1.000000   1.000000   1.200000
  0.945360   5.289730   0.555030   0.000000   0.000000   1.000000   1.540000
  1.435110   4.626190   1.154090   1.000000   1.000000   1.000000   1.200000
  1.572360   5.863000   0.015170   1.000000   1.000000   1.000000   1.200000
  0.326970   5.852190   1.173300   1.000000   1.000000   1.000000   1.200000
  0.292690   4.733820  -0.058320   1.000000   1.000000   1.000000   1.200000
  1.318860   2.462040   4.847570   0.000000   0.000000   1.000000   1.540000
  1.476770   0.621740   3.870770   1.000000   1.000000   1.000000   1.200000
  0.884300   3.090050   4.196220   1.000000   1.000000   1.000000   1.200000
  2.228310   2.802000   5.077110   1.000000   1.000000   1.000000   1.200000
  0.772820   2.426710   5.682440   1.000000   1.000000   1.000000   1.200000
 -3.581980   0.953010   3.643750   0.000000   0.000000   1.000000   1.540000
 -2.058280  -0.290570   3.642530   1.000000   1.000000   1.000000   1.200000
 -3.731200   1.256470   2.699710   1.000000   1.000000   1.000000   1.200000
 -3.290440   1.754300   4.167290   1.000000   1.000000   1.000000   1.200000
 -4.440530   0.611550   4.021060   1.000000   1.000000   1.000000   1.200000
28 bonds follow (x1 y1 z1 x2 y2 z2)
 -3.581980   0.953010   3.643750  -4.440530   0.611550   4.021060
 -3.581980   0.953010   3.643750  -3.290440   1.754300   4.167290
 -3.581980   0.953010   3.643750  -3.731200   1.256470   2.699710
 -1.142250  -0.603570   3.532860  -2.058280  -0.290570   3.642530
  1.318860   2.462040   4.847570   0.772820   2.426710   5.682440
  1.318860   2.462040   4.847570   2.228310   2.802000   5.077110
  1.318860   2.462040   4.847570   0.884300   3.090050   4.196220
  1.235120   0.039470   3.137560   1.476770   0.621740   3.870770
  0.945360   5.289730   0.555030   0.292690   4.733820  -0.058320
  0.945360   5.289730   0.555030   0.326970   5.852190   1.173300
  0.945360   5.289730   0.555030   1.572360   5.863000   0.015170
  0.945360   5.289730   0.555030   1.435110   4.626190   1.154090
 -2.675670   5.779350   1.947930  -2.711000   5.622910   3.058520
 -2.675670   5.779350   1.947930  -2.544340   6.873070   1.733740
 -2.675670   5.779350   1.947930  -3.641560   5.427500   1.500980
 -1.608280   5.103100   1.388050  -2.675670   5.779350   1.947930
 -1.188260   3.417630   1.766120  -1.608280   5.103100   1.388050
 -1.188260   3.417630   1.766120  -0.703140   3.194700   0.443160
 -1.188260   3.417630   1.766120  -2.458150   3.063540   2.208150
 -1.188260   3.417630   1.766120  -0.119480   3.846730   2.597960
 -0.210760   0.167560   2.538490  -0.654340   1.544320   2.216320
 -0.210760   0.167560   2.538490  -1.142250  -0.603570   3.532860
 -0.210760   0.167560   2.538490   1.235120   0.039470   3.137560
 -0.217240  -0.798670   1.271370  -0.210760   0.167560   2.538490
 -0.446060  -0.241910  -0.004460  -0.217240  -0.798670   1.271370
 -0.446060  -0.241910  -0.004460  -1.287460  -0.814250  -0.475840
 -0.446060  -0.241910  -0.004460  -0.700920   0.850050   0.071350
 -0.446060  -0.241910  -0.004460   0.479280  -0.388720  -0.621270
