33 atoms follow (x y z r g b radiusScale)
 -0.510300  -0.258660  -0.035580   0.000000   1.000000   0.000000   1.850000
  0.337600  -0.475880  -0.737040   1.000000   1.000000   1.000000   1.200000
 -0.705790   0.845890   0.022590   1.000000   1.000000   1.000000   1.200000
 -1.419290  -0.815280  -0.386100   1.000000   1.000000   1.000000   1.200000
 -0.147580  -0.765120   1.231240   1.000000   0.000000   0.000000   1.400000
 -0.236320   0.154380   2.530420   0.500000   0.500000   0.500000   1.900000
  1.198060   0.043800   3.153650   1.000000   0.000000   0.000000   1.400000
 -1.142490  -0.570670   3.580890   1.000000   0.000000   0.000000   1.400000
 -0.641500   1.558680   2.274880   1.000000   0.000000   0.000000   1.400000
 -1.187910   3.423110   1.761660   1.000000   1.000000   0.000000   1.850000
 -0.113910   3.871240   2.583720   1.000000   0.000000   0.000000   1.400000
 -2.449610   3.077140   2.224410   1.000000   0.000000   0.000000   1.400000
 -0.740230   3.132980   0.448510   1.000000   0.000000   0.000000   1.400000
 -1.578620   5.125300   1.358440   1.000000   0.000000   0.000000   1.400000
 -2.630870   5.762970   1.999900   0.000000   1.000000   0.000000   1.850000
 -3.608920   5.318480   1.679620   1.000000   1.000000   1.000000   1.200000
 -2.605490   6.849600   1.725570   1.000000   1.000000   1.000000   1.200000
 -2.530690   5.658320   3.112580   1.000000   1.000000   1.000000   1.200000
  0.916950   5.320400   0.511770   0.000000   0.000000   1.000000   1.540000
  1.056640   4.786460   1.408690   1.000000   1.000000   1.000000   1.200000
  1.792010   5.674080   0.155190   1.000000   1.000000   1.000000   1.200000
  0.242160   6.066950   0.717330   1.000000   1.000000   1.000000   1.200000
  0.459070   4.675660  -0.147560   1.000000   1.000000   1.000000   1.200000
  1.283700   2.441180   4.901740   0.000000   0.000000   1.000000   1.540000
  1.445290   0.692380   3.828210   1.000000   1.000000   1.000000   1.200000
  0.891650   3.004390   4.168290   1.000000   1.000000   1.000000   1.200000
  2.134130   2.857480   5.215760   1.000000   1.000000   1.000000   1.200000
  0.642810   2.411300   5.666410   1.000000   1.000000   1.000000   1.200000
 -3.500620   0.896650   3.584720   0.000000   0.000000   1.000000   1.540000
 -2.074020  -0.299960   3.698560   1.000000   1.000000   1.000000   1.200000
 -3.560600   1.173470   2.621170   1.000000   1.000000   1.000000   1.200000
 -3.070400   1.659330   4.074640   1.000000   1.000000   1.000000   1.200000
 -4.426150   0.776420   3.938320   1.000000   1.000000   1.000000   1.200000
28 bonds follow (x1 y1 z1 x2 y2 z2)
 -3.500620   0.896650   3.584720  -4.426150   0.776420   3.938320
 -3.500620   0.896650   3.584720  -3.070400   1.659330   4.074640
 -3.500620   0.896650   3.584720  -3.560600   1.173470   2.621170
 -1.142490  -0.570670   3.580890  -2.074020  -0.299960   3.698560
  1.283700   2.441180   4.901740   0.642810   2.411300   5.666410
  1.283700   2.441180   4.901740   2.134130   2.857480   5.215760
  1.283700   2.441180   4.901740   0.891650   3.004390   4.168290
  1.198060   0.043800   3.153650   1.445290   0.692380   3.828210
  0.916950   5.320400   0.511770   0.459070   4.675660  -0.147560
  0.916950   5.320400   0.511770   0.242160   6.066950   0.717330
  0.916950   5.320400   0.511770   1.792010   5.674080   0.155190
  0.916950   5.320400   0.511770   1.056640   4.786460   1.408690
 -2.630870   5.762970   1.999900  -2.530690   5.658320   3.112580
 -2.630870   5.762970   1.999900  -2.605490   6.849600   1.725570
 -2.630870   5.762970   1.999900  -3.608920   5.318480   1.679620
 -1.578620   5.125300   1.358440  -2.630870   5.762970   1.999900
 -1.187910   3.423110   1.761660  -1.578620   5.125300   1.358440
 -1.187910   3.423110   1.761660  -0.740230   3.132980   0.448510
 -1.187910   3.423110   1.761660  -2.449610   3.077140   2.224410
 -1.187910   3.423110   1.761660  -0.113910   3.871240   2.583720
 -0.236320   0.154380   2.530420  -0.641500   1.558680   2.274880
 -0.236320   0.154380   2.530420  -1.142490  -0.570670   3.580890
 -0.236320   0.154380   2.530420   1.198060   0.043800   3.153650
 -0.147580  -0.765120   1.231240  -0.236320   0.154380   2.530420
 -0.510300  -0.258660  -0.035580  -0.147580  -0.765120   1.231240
 -0.510300  -0.258660  -0.035580  -1.419290  -0.815280  -0.386100
 -0.510300  -0.258660  -0.035580  -0.705790   0.845890   0.022590
 -0.510300  -0.258660  -0.035580   0.337600  -0.475880  -0.737040
