33 atoms follow (x y z r g b radiusScale)
 -0.238990  -0.192230  -0.038670   0.000000   1.000000   0.000000   1.850000
  0.734520  -0.458560  -0.527830   1.000000   1.000000   1.000000   1.200000
 -0.365980   0.922450   0.048260   1.000000   1.000000   1.000000   1.200000
 -1.077810  -0.629740  -0.640980   1.000000   1.000000   1.000000   1.200000
 -0.275170  -0.805710   1.232930   1.000000   0.000000   0.000000   1.400000
 -0.216160   0.148350   2.500670   0.500000   0.500000   0.500000   1.900000
  1.294080   0.126740   2.964190   1.000000   0.000000   0.000000   1.400000
 -1.100870  -0.577550   3.574140   1.000000   0.000000   0.000000   1.400000
 -0.715940   1.521390   2.238040   1.000000   0.000000   0.000000   1.400000
 -1.126000   3.421170   1.925390   1.000000   1.000000   0.000000   1.850000
  0.112330   3.750590   2.544400   1.000000   0.000000   0.000000   1.400000
 -2.298270   3.220770   2.630750   1.000000   0.000000   0.000000   1.400000
 -0.942800   3.138410   0.541030   1.000000   0.000000   0.000000   1.400000
 -1.459070   5.147460   1.568890   1.000000   0.000000   0.000000   1.400000
 -2.665890   5.764540   1.850820   0.000000   1.000000   0.000000   1.850000
 -3.049960   5.455740   2.857720   1.000000   1.000000   1.000000   1.200000
 -3.428890   5.498350   1.072060   1.000000   1.000000   1.000000   1.200000
 -2.504050   6.874940   1.839730   1.000000   1.000000   1.000000   1.200000
  0.818960   5.163110   0.259980   0.000000   0.000000   1.000000   1.540000
  1.085730   4.986970   1.241050   1.000000   1.000000   1.000000   1.200000
  1.568950   5.571160  -0.282160   1.000000   1.000000   1.000000   1.200000
 -0.012900   5.767870   0.289980   1.000000   1.000000   1.000000   1.200000
  0.507330   4.246440  -0.134920   1.000000   1.000000   1.000000   1.200000
  0.963960   2.508150   4.884030   0.000000   0.000000   1.000000   1.540000
  1.566380   0.800880   3.596370   1.000000   1.000000   1.000000   1.200000
  1.362890   3.080740   4.162600   1.000000   1.000000   1.000000   1.200000
  1.279180   2.846260   5.769160   1.000000   1.000000   1.000000   1.200000
 -0.029490   2.627640   4.839720   1.000000   1.000000   1.000000   1.200000
 -3.660390   0.894640   3.395000   0.000000   0.000000   1.000000   1.540000
 -2.036310  -0.323410   3.648290   1.000000   1.000000   1.000000   1.200000
 -3.499790   1.211810   2.457320   1.000000   1.000000   1.000000   1.200000
 -3.500570   1.682440   3.993770   1.000000   1.000000   1.000000   1.200000
 -4.615730   0.615220   3.476270   1.000000   1.000000   1.000000   1.200000
28 bonds follow (x1 y1 z1 x2 y2 z2)
 -3.660390   0.894640   3.395000  -4.615730   0.615220   3.476270
 -3.660390   0.894640   3.395000  -3.500570   1.682440   3.993770
 -3.660390   0.894640   3.395000  -3.499790   1.211810   2.457320
 -1.100870  -0.577550   3.574140  -2.036310  -0.323410   3.648290
  0.963960   2.508150   4.884030  -0.029490   2.627640   4.839720
  0.963960   2.508150   4.884030   1.279180   2.846260   5.769160
  0.963960   2.508150   4.884030   1.362890   3.080740   4.162600
  1.294080   0.126740   2.964190   1.566380   0.800880   3.596370
  0.818960   5.163110   0.259980   0.507330   4.246440  -0.134920
  0.818960   5.163110   0.259980  -0.012900   5.767870   0.289980
  0.818960   5.163110   0.259980   1.568950   5.571160  -0.282160
  0.818960   5.163110   0.259980   1.085730   4.986970   1.241050
 -2.665890   5.764540   1.850820  -2.504050   6.874940   1.839730
 -2.665890   5.764540   1.850820  -3.428890   5.498350   1.072060
 -2.665890   5.764540   1.850820  -3.049960   5.455740   2.857720
 -1.459070   5.147460   1.568890  -2.665890   5.764540   1.850820
 -1.126000   3.421170   1.925390  -1.459070   5.147460   1.568890
 -1.126000   3.421170   1.925390  -0.942800   3.138410   0.541030
 -1.126000   3.421170   1.925390  -2.298270   3.220770   2.630750
 -1.126000   3.421170   1.925390   0.112330   3.750590   2.544400
 -0.216160   0.148350   2.500670  -0.715940   1.521390   2.238040
 -0.216160   0.148350   2.500670  -1.100870  -0.577550   3.574140
 -0.216160   0.148350   2.500670   1.294080   0.126740   2.964190
 -0.275170  -0.805710   1.232930  -0.216160   0.148350   2.500670
 -0.238990  -0.192230  -0.038670  -0.275170  -0.805710   1.232930
 -0.238990  -0.192230  -0.038670  -1.077810  -0.629740  -0.640980
 -0.238990  -0.192230  -0.038670  -0.365980   0.922450   0.048260
 -0.238990  -0.192230  -0.038670   0.734520  -0.458560  -0.527830
