33 atoms follow (x y z r g b radiusScale)
 -0.002950   0.001610   0.003540   0.000000   1.000000   0.000000   1.850000
  1.116140  -0.000790  -0.005330   1.000000   1.000000   1.000000   1.200000
 -0.403470   1.052960   0.013420   1.000000   1.000000   1.000000   1.200000
 -0.396410  -0.568270  -0.875020   1.000000   1.000000   1.000000   1.200000
 -0.441460  -0.685200   1.157350   1.000000   0.000000   0.000000   1.400000
 -0.332220   0.136770   2.514640   0.500000   0.500000   0.500000   1.900000
  1.151510  -0.074090   2.990440   1.000000   0.000000   0.000000   1.400000
 -1.237800  -0.628620   3.538150   1.000000   0.000000   0.000000   1.400000
 -0.671760   1.574050   2.364880   1.000000   0.000000   0.000000   1.400000
 -1.178080   3.451430   1.965080   1.000000   1.000000   0.000000   1.850000
 -0.002470   3.876420   2.654060   1.000000   0.000000   0.000000   1.400000
 -2.392820   3.105300   2.538440   1.000000   0.000000   0.000000   1.400000
 -0.812150   3.206220   0.605730   1.000000   0.000000   0.000000   1.400000
 -1.604450   5.147160   1.629690   1.000000   0.000000   0.000000   1.400000
 -2.764200   5.566520   1.005810   0.000000   1.000000   0.000000   1.850000
 -2.748770   5.273910  -0.079460   1.000000   1.000000   1.000000   1.200000
 -2.812900   6.685590   1.078700   1.000000   1.000000   1.000000   1.200000
 -3.670420   5.123320   1.493410   1.000000   1.000000   1.000000   1.200000
  0.849090   5.358710   0.500390   0.000000   0.000000   1.000000   1.540000
  0.987480   5.058510   1.492210   1.000000   1.000000   1.000000   1.200000
  0.128150   6.077500   0.515790   1.000000   1.000000   1.000000   1.200000
  0.441400   4.528150   0.013760   1.000000   1.000000   1.000000   1.200000
  1.709720   5.666590   0.071760   1.000000   1.000000   1.000000   1.200000
  1.618930   2.236090   4.686950   0.000000   0.000000   1.000000   1.540000
  1.516690   0.558700   3.630260   1.000000   1.000000   1.000000   1.200000
  1.147190   2.870260   4.065820   1.000000   1.000000   1.000000   1.200000
  2.554170   2.551770   4.830990   1.000000   1.000000   1.000000   1.200000
  1.145730   2.226750   5.565630   1.000000   1.000000   1.000000   1.200000
 -3.603120   0.951860   3.772360   0.000000   0.000000   1.000000   1.540000
 -2.130750  -0.278150   3.727340   1.000000   1.000000   1.000000   1.200000
 -3.819700   1.186890   2.822950   1.000000   1.000000   1.000000   1.200000
 -3.155750   1.754680   4.175090   1.000000   1.000000   1.000000   1.200000
 -4.453310   0.773560   4.263450   1.000000   1.000000   1.000000   1.200000
28 bonds follow (x1 y1 z1 x2 y2 z2)
 -3.603120   0.951860   3.772360  -4.453310   0.773560   4.263450
 -3.603120   0.951860   3.772360  -3.155750   1.754680   4.175090
 -3.603120   0.951860   3.772360  -3.819700   1.186890   2.822950
 -1.237800  -0.628620   3.538150  -2.130750  -0.278150   3.727340
  1.618930   2.236090   4.686950   1.145730   2.226750   5.565630
  1.618930   2.236090   4.686950   2.554170   2.551770   4.830990
  1.618930   2.236090   4.686950   1.147190   2.870260   4.065820
  1.151510  -0.074090   2.990440   1.516690   0.558700   3.630260
  0.849090   5.358710   0.500390   1.709720   5.666590   0.071760
  0.849090   5.358710   0.500390   0.441400   4.528150   0.013760
  0.849090   5.358710   0.500390   0.128150   6.077500   0.515790
  0.849090   5.358710   0.500390   0.987480   5.058510   1.492210
 -2.764200   5.566520   1.005810  -3.670420   5.123320   1.493410
 -2.764200   5.566520   1.005810  -2.812900   6.685590   1.078700
 -2.764200   5.566520   1.005810  -2.748770   5.273910  -0.079460
 -1.604450   5.147160   1.629690  -2.764200   5.566520   1.005810
 -1.178080   3.451430   1.965080  -1.604450   5.147160   1.629690
 -1.178080   3.451430   1.965080  -0.812150   3.206220   0.605730
 -1.178080   3.451430   1.965080  -2.392820   3.105300   2.538440
 -1.178080   3.451430   1.965080  -0.002470   3.876420   2.654060
 -0.332220   0.136770   2.514640  -0.671760   1.574050   2.364880
 -0.332220   0.136770   2.514640  -1.237800  -0.628620   3.538150
 -0.332220   0.136770   2.514640   1.151510  -0.074090   2.990440
 -0.441460  -0.685200   1.157350  -0.332220   0.136770   2.514640
 -0.002950   0.001610   0.003540  -0.441460  -0.685200   1.157350
 -0.002950   0.001610   0.003540  -0.396410  -0.568270  -0.875020
 -0.002950   0.001610   0.003540  -0.403470   1.052960   0.013420
 -0.002950   0.001610   0.003540   1.116140  -0.000790  -0.005330
