33 atoms follow (x y z r g b radiusScale)
 -0.006290   0.004150  -0.001200   0.000000   1.000000   0.000000   1.850000
  1.112650  -0.009320  -0.019400   1.000000   1.000000   1.000000   1.200000
 -0.397860   1.058660   0.009560   1.000000   1.000000   1.000000   1.200000
 -0.411820  -0.562930  -0.876260   1.000000   1.000000   1.000000   1.200000
 -0.442880  -0.677170   1.155930   1.000000   0.000000   0.000000   1.400000
 -0.330270   0.146340   2.511930   0.500000   0.500000   0.500000   1.900000
  1.152380  -0.085150   2.986050   1.000000   0.000000   0.000000   1.400000
 -1.231380  -0.627600   3.533810   1.000000   0.000000   0.000000   1.400000
 -0.638710   1.587410   2.350580   1.000000   0.000000   0.000000   1.400000
 -1.170670   3.479480   1.956240   1.000000   1.000000   0.000000   1.850000
 -0.027950   3.885930   2.701020   1.000000   0.000000   0.000000   1.400000
 -2.376840   3.110940   2.516380   1.000000   0.000000   0.000000   1.400000
 -0.873670   3.207560   0.590280   1.000000   0.000000   0.000000   1.400000
 -1.564730   5.182000   1.585630   1.000000   0.000000   0.000000   1.400000
 -2.807320   5.497170   1.053600   0.000000   1.000000   0.000000   1.850000
 -2.842480   5.206850  -0.030940   1.000000   1.000000   1.000000   1.200000
 -2.960250   6.603430   1.143470   1.000000   1.000000   1.000000   1.200000
 -3.623900   4.962550   1.605490   1.000000   1.000000   1.000000   1.200000
  0.893450   5.299280   0.525280   0.000000   0.000000   1.000000   1.540000
  0.845260   5.104370   1.552510   1.000000   1.000000   1.000000   1.200000
  0.486840   6.220500   0.354080   1.000000   1.000000   1.000000   1.200000
  0.292560   4.577480   0.060930   1.000000   1.000000   1.000000   1.200000
  1.843560   5.245210   0.194820   1.000000   1.000000   1.000000   1.200000
  1.606330   2.253700   4.683050   0.000000   0.000000   1.000000   1.540000
  1.519730   0.536380   3.633180   1.000000   1.000000   1.000000   1.200000
  1.125370   2.886860   4.069680   1.000000   1.000000   1.000000   1.200000
  2.541830   2.572900   4.817760   1.000000   1.000000   1.000000   1.200000
  1.143170   2.241870   5.567110   1.000000   1.000000   1.000000   1.200000
 -3.619040   0.932540   3.786560   0.000000   0.000000   1.000000   1.540000
 -2.133920  -0.300900   3.711460   1.000000   1.000000   1.000000   1.200000
 -3.823100   1.181620   2.837800   1.000000   1.000000   1.000000   1.200000
 -3.169620   1.726300   4.203860   1.000000   1.000000   1.000000   1.200000
 -4.475940   0.754770   4.266120   1.000000   1.000000   1.000000   1.200000
28 bonds follow (x1 y1 z1 x2 y2 z2)
 -3.619040   0.932540   3.786560  -4.475940   0.754770   4.266120
 -3.619040   0.932540   3.786560  -3.169620   1.726300   4.203860
 -3.619040   0.932540   3.786560  -3.823100   1.181620   2.837800
 -1.231380  -0.627600   3.533810  -2.133920  -0.300900   3.711460
  1.606330   2.253700   4.683050   1.143170   2.241870   5.567110
  1.606330   2.253700   4.683050   2.541830   2.572900   4.817760
  1.606330   2.253700   4.683050   1.125370   2.886860   4.069680
  1.152380  -0.085150   2.986050   1.519730   0.536380   3.633180
  0.893450   5.299280   0.525280   1.843560   5.245210   0.194820
  0.893450   5.299280   0.525280   0.292560   4.577480   0.060930
  0.893450   5.299280   0.525280   0.486840   6.220500   0.354080
  0.893450   5.299280   0.525280   0.845260   5.104370   1.552510
 -2.807320   5.497170   1.053600  -3.623900   4.962550   1.605490
 -2.807320   5.497170   1.053600  -2.960250   6.603430   1.143470
 -2.807320   5.497170   1.053600  -2.842480   5.206850  -0.030940
 -1.564730   5.182000   1.585630  -2.807320   5.497170   1.053600
 -1.170670   3.479480   1.956240  -1.564730   5.182000   1.585630
 -1.170670   3.479480   1.956240  -0.873670   3.207560   0.590280
 -1.170670   3.479480   1.956240  -2.376840   3.110940   2.516380
 -1.170670   3.479480   1.956240  -0.027950   3.885930   2.701020
 -0.330270   0.146340   2.511930  -0.638710   1.587410   2.350580
 -0.330270   0.146340   2.511930  -1.231380  -0.627600   3.533810
 -0.330270   0.146340   2.511930   1.152380  -0.085150   2.986050
 -0.442880  -0.677170   1.155930  -0.330270   0.146340   2.511930
 -0.006290   0.004150  -0.001200  -0.442880  -0.677170   1.155930
 -0.006290   0.004150  -0.001200  -0.411820  -0.562930  -0.876260
 -0.006290   0.004150  -0.001200  -0.397860   1.058660   0.009560
 -0.006290   0.004150  -0.001200   1.112650  -0.009320  -0.019400
