33 atoms follow (x y z r g b radiusScale)
 -0.003800   0.002240   0.003870   0.000000   1.000000   0.000000   1.850000
  1.115250  -0.002250  -0.007820   1.000000   1.000000   1.000000   1.200000
 -0.402080   1.054320   0.015260   1.000000   1.000000   1.000000   1.200000
 -0.400910  -0.566150  -0.874050   1.000000   1.000000   1.000000   1.200000
 -0.440780  -0.684480   1.158210   1.000000   0.000000   0.000000   1.400000
 -0.332330   0.139020   2.513900   0.500000   0.500000   0.500000   1.900000
  1.150300  -0.077240   2.989050   1.000000   0.000000   0.000000   1.400000
 -1.235680  -0.629250   3.536650   1.000000   0.000000   0.000000   1.400000
 -0.667420   1.577600   2.362710   1.000000   0.000000   0.000000   1.400000
 -1.176600   3.457740   1.962790   1.000000   1.000000   0.000000   1.850000
 -0.004000   3.886290   2.651760   1.000000   0.000000   0.000000   1.400000
 -2.386130   3.096030   2.534350   1.000000   0.000000   0.000000   1.400000
 -0.816580   3.218040   0.602380   1.000000   0.000000   0.000000   1.400000
 -1.597010   5.164780   1.624330   1.000000   0.000000   0.000000   1.400000
 -2.778700   5.551750   1.014670   0.000000   1.000000   0.000000   1.850000
 -2.771210   5.253730  -0.068790   1.000000   1.000000   1.000000   1.200000
 -2.864260   6.667780   1.084710   1.000000   1.000000   1.000000   1.200000
 -3.661100   5.079260   1.519130   1.000000   1.000000   1.000000   1.200000
  0.852440   5.329880   0.513340   0.000000   0.000000   1.000000   1.540000
  0.927610   5.059940   1.516980   1.000000   1.000000   1.000000   1.200000
  0.233920   6.144720   0.456810   1.000000   1.000000   1.000000   1.200000
  0.379370   4.533340   0.035840   1.000000   1.000000   1.000000   1.200000
  1.758960   5.515730   0.112540   1.000000   1.000000   1.000000   1.200000
  1.616750   2.239270   4.686500   0.000000   0.000000   1.000000   1.540000
  1.519610   0.552710   3.628560   1.000000   1.000000   1.000000   1.200000
  1.140250   2.869010   4.064560   1.000000   1.000000   1.000000   1.200000
  2.549760   2.562320   4.829030   1.000000   1.000000   1.000000   1.200000
  1.144400   2.229700   5.565720   1.000000   1.000000   1.000000   1.200000
 -3.606830   0.947350   3.775720   0.000000   0.000000   1.000000   1.540000
 -2.130560  -0.285780   3.726350   1.000000   1.000000   1.000000   1.200000
 -3.817100   1.184100   2.825280   1.000000   1.000000   1.000000   1.200000
 -3.154980   1.746590   4.180390   1.000000   1.000000   1.000000   1.200000
 -4.460710   0.776070   4.262850   1.000000   1.000000   1.000000   1.200000
28 bonds follow (x1 y1 z1 x2 y2 z2)
 -3.606830   0.947350   3.775720  -4.460710   0.776070   4.262850
 -3.606830   0.947350   3.775720  -3.154980   1.746590   4.180390
 -3.606830   0.947350   3.775720  -3.817100   1.184100   2.825280
 -1.235680  -0.629250   3.536650  -2.130560  -0.285780   3.726350
  1.616750   2.239270   4.686500   1.144400   2.229700   5.565720
  1.616750   2.239270   4.686500   2.549760   2.562320   4.829030
  1.616750   2.239270   4.686500   1.140250   2.869010   4.064560
  1.150300  -0.077240   2.989050   1.519610   0.552710   3.628560
  0.852440   5.329880   0.513340   1.758960   5.515730   0.112540
  0.852440   5.329880   0.513340   0.379370   4.533340   0.035840
  0.852440   5.329880   0.513340   0.233920   6.144720   0.456810
  0.852440   5.329880   0.513340   0.927610   5.059940   1.516980
 -2.778700   5.551750   1.014670  -3.661100   5.079260   1.519130
 -2.778700   5.551750   1.014670  -2.864260   6.667780   1.084710
 -2.778700   5.551750   1.014670  -2.771210   5.253730  -0.068790
 -1.597010   5.164780   1.624330  -2.778700   5.551750   1.014670
 -1.176600   3.457740   1.962790  -1.597010   5.164780   1.624330
 -1.176600   3.457740   1.962790  -0.816580   3.218040   0.602380
 -1.176600   3.457740   1.962790  -2.386130   3.096030   2.534350
 -1.176600   3.457740   1.962790  -0.004000   3.886290   2.651760
 -0.332330   0.139020   2.513900  -0.667420   1.577600   2.362710
 -0.332330   0.139020   2.513900  -1.235680  -0.629250   3.536650
 -0.332330   0.139020   2.513900   1.150300  -0.077240   2.989050
 -0.440780  -0.684480   1.158210  -0.332330   0.139020   2.513900
 -0.003800   0.002240   0.003870  -0.440780  -0.684480   1.158210
 -0.003800   0.002240   0.003870  -0.400910  -0.566150  -0.874050
 -0.003800   0.002240   0.003870  -0.402080   1.054320   0.015260
 -0.003800   0.002240   0.003870   1.115250  -0.002250  -0.007820
