33 atoms follow (x y z r g b radiusScale)
  0.421410  -0.041580   0.105580   0.000000   1.000000   0.000000   1.850000
  1.495000  -0.176290   0.389390   1.000000   1.000000   1.000000   1.200000
  0.148250   1.045790   0.044840   1.000000   1.000000   1.000000   1.200000
  0.194230  -0.566610  -0.855730   1.000000   1.000000   1.000000   1.200000
 -0.385320  -0.659440   1.093380   1.000000   0.000000   0.000000   1.400000
 -0.318880  -0.017090   2.534010   0.500000   0.500000   0.500000   1.900000
  1.187480  -0.103100   2.926510   1.000000   0.000000   0.000000   1.400000
 -1.216980  -0.876620   3.487210   1.000000   0.000000   0.000000   1.400000
 -0.742720   1.429580   2.472040   1.000000   0.000000   0.000000   1.400000
 -1.135310   3.190900   2.216940   1.000000   1.000000   0.000000   1.850000
 -0.544610   3.696830   3.352990   1.000000   0.000000   0.000000   1.400000
 -2.495090   3.041260   2.225350   1.000000   0.000000   0.000000   1.400000
 -0.434410   3.297900   1.032450   1.000000   0.000000   0.000000   1.400000
 -2.577690   6.639280   1.394060   1.000000   0.000000   0.000000   1.400000
 -3.904610   6.281250   1.039120   0.000000   1.000000   0.000000   1.850000
 -4.590290   7.155220   0.907990   1.000000   1.000000   1.000000   1.200000
 -4.300990   5.585440   1.837460   1.000000   1.000000   1.000000   1.200000
 -3.739080   5.730740   0.084920   1.000000   1.000000   1.000000   1.200000
  2.408680   4.662090  -0.264810   0.000000   0.000000   1.000000   1.540000
  2.102880   5.282040   0.454350   1.000000   1.000000   1.000000   1.200000
 -2.743660   7.275290   2.158090   1.000000   1.000000   1.000000   1.200000
  2.012770   4.976010  -1.123860   1.000000   1.000000   1.000000   1.200000
  2.050380   3.748340  -0.070530   1.000000   1.000000   1.000000   1.200000
  1.911710   2.352270   4.270720   0.000000   0.000000   1.000000   1.540000
  1.624420   0.657480   3.363770   1.000000   1.000000   1.000000   1.200000
  1.560160   2.998160   3.589170   1.000000   1.000000   1.000000   1.200000
  2.884260   2.528890   4.415680   1.000000   1.000000   1.000000   1.200000
  1.422100   2.516510   5.126730   1.000000   1.000000   1.000000   1.200000
 -3.562270   0.760640   3.745690   0.000000   0.000000   1.000000   1.540000
 -2.096940  -0.525170   3.742420   1.000000   1.000000   1.000000   1.200000
 -3.542060   1.332930   2.921520   1.000000   1.000000   1.000000   1.200000
 -3.407900   1.350260   4.538360   1.000000   1.000000   1.000000   1.200000
 -4.467520   0.346740   3.829470   1.000000   1.000000   1.000000   1.200000
28 bonds follow (x1 y1 z1 x2 y2 z2)
 -3.562270   0.760640   3.745690  -4.467520   0.346740   3.829470
 -3.562270   0.760640   3.745690  -3.407900   1.350260   4.538360
 -3.562270   0.760640   3.745690  -3.542060   1.332930   2.921520
 -1.216980  -0.876620   3.487210  -2.096940  -0.525170   3.742420
  1.911710   2.352270   4.270720   1.422100   2.516510   5.126730
  1.911710   2.352270   4.270720   2.884260   2.528890   4.415680
  1.911710   2.352270   4.270720   1.560160   2.998160   3.589170
  1.187480  -0.103100   2.926510   1.624420   0.657480   3.363770
  2.408680   4.662090  -0.264810   2.050380   3.748340  -0.070530
  2.408680   4.662090  -0.264810   2.012770   4.976010  -1.123860
 -2.577690   6.639280   1.394060  -2.743660   7.275290   2.158090
  2.408680   4.662090  -0.264810   2.102880   5.282040   0.454350
 -3.904610   6.281250   1.039120  -3.739080   5.730740   0.084920
 -3.904610   6.281250   1.039120  -4.300990   5.585440   1.837460
 -3.904610   6.281250   1.039120  -4.590290   7.155220   0.907990
 -2.577690   6.639280   1.394060  -3.904610   6.281250   1.039120
 -1.135310   3.190900   2.216940  -0.434410   3.297900   1.032450
 -1.135310   3.190900   2.216940  -2.495090   3.041260   2.225350
 -1.135310   3.190900   2.216940  -0.544610   3.696830   3.352990
 -0.742720   1.429580   2.472040  -1.135310   3.190900   2.216940
 -0.318880  -0.017090   2.534010  -0.742720   1.429580   2.472040
 -0.318880  -0.017090   2.534010  -1.216980  -0.876620   3.487210
 -0.318880  -0.017090   2.534010   1.187480  -0.103100   2.926510
 -0.385320  -0.659440   1.093380  -0.318880  -0.017090   2.534010
  0.421410  -0.041580   0.105580  -0.385320  -0.659440   1.093380
  0.421410  -0.041580   0.105580   0.194230  -0.566610  -0.855730
  0.421410  -0.041580   0.105580   0.148250   1.045790   0.044840
  0.421410  -0.041580   0.105580   1.495000  -0.176290   0.389390
