33 atoms follow (x y z r g b radiusScale)
  0.043190  -0.077330   0.032240   0.000000   1.000000   0.000000   1.850000
  1.160300  -0.020260   0.053370   1.000000   1.000000   1.000000   1.200000
 -0.416870   0.946680   0.019510   1.000000   1.000000   1.000000   1.200000
 -0.300520  -0.676750  -0.848170   1.000000   1.000000   1.000000   1.200000
 -0.390300  -0.775560   1.184560   1.000000   0.000000   0.000000   1.400000
 -0.316480   0.023090   2.546640   0.500000   0.500000   0.500000   1.900000
  1.158560  -0.135710   3.026160   1.000000   0.000000   0.000000   1.400000
 -1.244340  -0.720120   3.557350   1.000000   0.000000   0.000000   1.400000
 -0.697970   1.471320   2.360330   1.000000   0.000000   0.000000   1.400000
 -1.095030   3.247480   2.028390   1.000000   1.000000   0.000000   1.850000
 -0.116310   3.801120   2.808940   1.000000   0.000000   0.000000   1.400000
 -2.361280   3.122590   2.537940   1.000000   0.000000   0.000000   1.400000
 -0.955290   3.200920   0.663950   1.000000   0.000000   0.000000   1.400000
 -2.026790   5.783370   1.695620   1.000000   0.000000   0.000000   1.400000
 -3.142810   5.882830   0.817770   0.000000   1.000000   0.000000   1.850000
 -2.823860   5.738280  -0.246100   1.000000   1.000000   1.000000   1.200000
 -3.638020   6.877560   0.939700   1.000000   1.000000   1.000000   1.200000
 -3.813700   5.044670   1.162180   1.000000   1.000000   1.000000   1.200000
  1.594840   5.655870   0.101230   0.000000   0.000000   1.000000   1.540000
  1.450310   5.829700   1.073020   1.000000   1.000000   1.000000   1.200000
 -1.479770   6.379090   1.383610   1.000000   1.000000   1.000000   1.200000
  0.703650   5.659660  -0.349880   1.000000   1.000000   1.000000   1.200000
  2.008330   4.754520  -0.016210   1.000000   1.000000   1.000000   1.200000
  1.677640   2.154710   4.639510   0.000000   0.000000   1.000000   1.540000
  1.510960   0.465860   3.711860   1.000000   1.000000   1.000000   1.200000
  1.357840   2.893200   4.039700   1.000000   1.000000   1.000000   1.200000
  2.634770   2.314350   4.875090   1.000000   1.000000   1.000000   1.200000
  1.136240   2.165070   5.478940   1.000000   1.000000   1.000000   1.200000
 -3.555460   0.916540   3.770800   0.000000   0.000000   1.000000   1.540000
 -2.144830  -0.377670   3.739800   1.000000   1.000000   1.000000   1.200000
 -3.764390   1.164160   2.822510   1.000000   1.000000   1.000000   1.200000
 -3.144380   1.725810   4.197660   1.000000   1.000000   1.000000   1.200000
 -4.409330   0.702050   4.241890   1.000000   1.000000   1.000000   1.200000
28 bonds follow (x1 y1 z1 x2 y2 z2)
 -3.555460   0.916540   3.770800  -4.409330   0.702050   4.241890
 -3.555460   0.916540   3.770800  -3.144380   1.725810   4.197660
 -3.555460   0.916540   3.770800  -3.764390   1.164160   2.822510
 -1.244340  -0.720120   3.557350  -2.144830  -0.377670   3.739800
  1.677640   2.154710   4.639510   1.136240   2.165070   5.478940
  1.677640   2.154710   4.639510   2.634770   2.314350   4.875090
  1.677640   2.154710   4.639510   1.357840   2.893200   4.039700
  1.158560  -0.135710   3.026160   1.510960   0.465860   3.711860
  1.594840   5.655870   0.101230   2.008330   4.754520  -0.016210
  1.594840   5.655870   0.101230   0.703650   5.659660  -0.349880
 -2.026790   5.783370   1.695620  -1.479770   6.379090   1.383610
  1.594840   5.655870   0.101230   1.450310   5.829700   1.073020
 -3.142810   5.882830   0.817770  -3.813700   5.044670   1.162180
 -3.142810   5.882830   0.817770  -3.638020   6.877560   0.939700
 -3.142810   5.882830   0.817770  -2.823860   5.738280  -0.246100
 -2.026790   5.783370   1.695620  -3.142810   5.882830   0.817770
 -1.095030   3.247480   2.028390  -0.955290   3.200920   0.663950
 -1.095030   3.247480   2.028390  -2.361280   3.122590   2.537940
 -1.095030   3.247480   2.028390  -0.116310   3.801120   2.808940
 -0.697970   1.471320   2.360330  -1.095030   3.247480   2.028390
 -0.316480   0.023090   2.546640  -0.697970   1.471320   2.360330
 -0.316480   0.023090   2.546640  -1.244340  -0.720120   3.557350
 -0.316480   0.023090   2.546640   1.158560  -0.135710   3.026160
 -0.390300  -0.775560   1.184560  -0.316480   0.023090   2.546640
  0.043190  -0.077330   0.032240  -0.390300  -0.775560   1.184560
  0.043190  -0.077330   0.032240  -0.300520  -0.676750  -0.848170
  0.043190  -0.077330   0.032240  -0.416870   0.946680   0.019510
  0.043190  -0.077330   0.032240   1.160300  -0.020260   0.053370
