33 atoms follow (x y z r g b radiusScale)
  0.075830  -0.136890   0.024330   0.000000   1.000000   0.000000   1.850000
  1.188800  -0.046050   0.085820   1.000000   1.000000   1.000000   1.200000
 -0.408480   0.873270  -0.049250   1.000000   1.000000   1.000000   1.200000
 -0.216380  -0.785930  -0.838620   1.000000   1.000000   1.000000   1.200000
 -0.388240  -0.791020   1.189750   1.000000   0.000000   0.000000   1.400000
 -0.314800   0.021140   2.545900   0.500000   0.500000   0.500000   1.900000
  1.141820  -0.164430   3.062440   1.000000   0.000000   0.000000   1.400000
 -1.242650  -0.726960   3.554200   1.000000   0.000000   0.000000   1.400000
 -0.633210   1.482860   2.325320   1.000000   0.000000   0.000000   1.400000
 -1.123410   3.238210   2.054520   1.000000   1.000000   0.000000   1.850000
 -0.131730   3.783720   2.821860   1.000000   0.000000   0.000000   1.400000
 -2.402570   3.131070   2.555950   1.000000   0.000000   0.000000   1.400000
 -0.916770   3.266410   0.700490   1.000000   0.000000   0.000000   1.400000
 -2.120330   5.881600   1.668770   1.000000   0.000000   0.000000   1.400000
 -3.253850   5.959520   0.808200   0.000000   1.000000   0.000000   1.850000
 -2.946780   5.992920  -0.262480   1.000000   1.000000   1.000000   1.200000
 -3.864980   6.860720   1.061610   1.000000   1.000000   1.000000   1.200000
 -3.810210   5.014720   1.026720   1.000000   1.000000   1.000000   1.200000
  1.782080   5.617750   0.027870   0.000000   0.000000   1.000000   1.540000
  1.687160   6.044340   0.924530   1.000000   1.000000   1.000000   1.200000
 -1.636370   6.622480   1.418710   1.000000   1.000000   1.000000   1.200000
  1.008710   5.880620  -0.544880   1.000000   1.000000   1.000000   1.200000
  1.767960   4.627560   0.150040   1.000000   1.000000   1.000000   1.200000
  1.688900   2.126320   4.613160   0.000000   0.000000   1.000000   1.540000
  1.541350   0.537650   3.616990   1.000000   1.000000   1.000000   1.200000
  1.416560   2.827020   3.946350   1.000000   1.000000   1.000000   1.200000
  2.666220   2.214650   4.799200   1.000000   1.000000   1.000000   1.200000
  1.185520   2.278280   5.461640   1.000000   1.000000   1.000000   1.200000
 -3.559070   0.842770   3.797850   0.000000   0.000000   1.000000   1.540000
 -2.154970  -0.410710   3.730470   1.000000   1.000000   1.000000   1.200000
 -3.803400   1.194000   2.891580   1.000000   1.000000   1.000000   1.200000
 -3.181100   1.611280   4.318570   1.000000   1.000000   1.000000   1.200000
 -4.385220   0.517410   4.254910   1.000000   1.000000   1.000000   1.200000
28 bonds follow (x1 y1 z1 x2 y2 z2)
 -3.559070   0.842770   3.797850  -4.385220   0.517410   4.254910
 -3.559070   0.842770   3.797850  -3.181100   1.611280   4.318570
 -3.559070   0.842770   3.797850  -3.803400   1.194000   2.891580
 -1.242650  -0.726960   3.554200  -2.154970  -0.410710   3.730470
  1.688900   2.126320   4.613160   1.185520   2.278280   5.461640
  1.688900   2.126320   4.613160   2.666220   2.214650   4.799200
  1.688900   2.126320   4.613160   1.416560   2.827020   3.946350
  1.141820  -0.164430   3.062440   1.541350   0.537650   3.616990
  1.782080   5.617750   0.027870   1.767960   4.627560   0.150040
  1.782080   5.617750   0.027870   1.008710   5.880620  -0.544880
 -2.120330   5.881600   1.668770  -1.636370   6.622480   1.418710
  1.782080   5.617750   0.027870   1.687160   6.044340   0.924530
 -3.253850   5.959520   0.808200  -3.810210   5.014720   1.026720
 -3.253850   5.959520   0.808200  -3.864980   6.860720   1.061610
 -3.253850   5.959520   0.808200  -2.946780   5.992920  -0.262480
 -2.120330   5.881600   1.668770  -3.253850   5.959520   0.808200
 -1.123410   3.238210   2.054520  -0.916770   3.266410   0.700490
 -1.123410   3.238210   2.054520  -2.402570   3.131070   2.555950
 -1.123410   3.238210   2.054520  -0.131730   3.783720   2.821860
 -0.633210   1.482860   2.325320  -1.123410   3.238210   2.054520
 -0.314800   0.021140   2.545900  -0.633210   1.482860   2.325320
 -0.314800   0.021140   2.545900  -1.242650  -0.726960   3.554200
 -0.314800   0.021140   2.545900   1.141820  -0.164430   3.062440
 -0.388240  -0.791020   1.189750  -0.314800   0.021140   2.545900
  0.075830  -0.136890   0.024330  -0.388240  -0.791020   1.189750
  0.075830  -0.136890   0.024330  -0.216380  -0.785930  -0.838620
  0.075830  -0.136890   0.024330  -0.408480   0.873270  -0.049250
  0.075830  -0.136890   0.024330   1.188800  -0.046050   0.085820
