33 atoms follow (x y z r g b radiusScale)
 -0.005830   0.003820   0.000280   0.000000   1.000000   0.000000   1.850000
  1.113140  -0.008330  -0.017310   1.000000   1.000000   1.000000   1.200000
 -0.398610   1.057960   0.011300   1.000000   1.000000   1.000000   1.200000
 -0.410220  -0.563090  -0.875420   1.000000   1.000000   1.000000   1.200000
 -0.442090  -0.678700   1.156760   1.000000   0.000000   0.000000   1.400000
 -0.330980   0.145260   2.512300   0.500000   0.500000   0.500000   1.900000
  1.151570  -0.084070   2.986340   1.000000   0.000000   0.000000   1.400000
 -1.231830  -0.628400   3.534180   1.000000   0.000000   0.000000   1.400000
 -0.644860   1.585670   2.352970   1.000000   0.000000   0.000000   1.400000
 -1.170350   3.476520   1.956740   1.000000   1.000000   0.000000   1.850000
 -0.023080   3.888010   2.690610   1.000000   0.000000   0.000000   1.400000
 -2.375580   3.104840   2.518400   1.000000   0.000000   0.000000   1.400000
 -0.863510   3.212230   0.592040   1.000000   0.000000   0.000000   1.400000
 -1.570690   5.184050   1.593010   1.000000   0.000000   0.000000   1.400000
 -2.803260   5.505800   1.046790   0.000000   1.000000   0.000000   1.850000
 -2.829860   5.212920  -0.037710   1.000000   1.000000   1.000000   1.200000
 -2.950460   6.613770   1.130330   1.000000   1.000000   1.000000   1.200000
 -3.631100   4.979720   1.590260   1.000000   1.000000   1.000000   1.200000
  0.883710   5.299640   0.525670   0.000000   0.000000   1.000000   1.540000
  0.848010   5.096340   1.555470   1.000000   1.000000   1.000000   1.200000
  0.446820   6.207530   0.371700   1.000000   1.000000   1.000000   1.200000
  0.294440   4.567210   0.056060   1.000000   1.000000   1.000000   1.200000
  1.833630   5.270810   0.186910   1.000000   1.000000   1.000000   1.200000
  1.608190   2.251140   4.683570   0.000000   0.000000   1.000000   1.540000
  1.520100   0.538590   3.631860   1.000000   1.000000   1.000000   1.200000
  1.127570   2.883000   4.068380   1.000000   1.000000   1.000000   1.200000
  2.542790   2.572430   4.819740   1.000000   1.000000   1.000000   1.200000
  1.143180   2.239540   5.566680   1.000000   1.000000   1.000000   1.200000
 -3.617170   0.934680   3.785000   0.000000   0.000000   1.000000   1.540000
 -2.133300  -0.299390   3.714200   1.000000   1.000000   1.000000   1.200000
 -3.820770   1.181280   2.835500   1.000000   1.000000   1.000000   1.200000
 -3.165920   1.728790   4.199800   1.000000   1.000000   1.000000   1.200000
 -4.474640   0.761140   4.265060   1.000000   1.000000   1.000000   1.200000
28 bonds follow (x1 y1 z1 x2 y2 z2)
 -3.617170   0.934680   3.785000  -4.474640   0.761140   4.265060
 -3.617170   0.934680   3.785000  -3.165920   1.728790   4.199800
 -3.617170   0.934680   3.785000  -3.820770   1.181280   2.835500
 -1.231830  -0.628400   3.534180  -2.133300  -0.299390   3.714200
  1.608190   2.251140   4.683570   1.143180   2.239540   5.566680
  1.608190   2.251140   4.683570   2.542790   2.572430   4.819740
  1.608190   2.251140   4.683570   1.127570   2.883000   4.068380
  1.151570  -0.084070   2.986340   1.520100   0.538590   3.631860
  0.883710   5.299640   0.525670   1.833630   5.270810   0.186910
  0.883710   5.299640   0.525670   0.294440   4.567210   0.056060
  0.883710   5.299640   0.525670   0.446820   6.207530   0.371700
  0.883710   5.299640   0.525670   0.848010   5.096340   1.555470
 -2.803260   5.505800   1.046790  -3.631100   4.979720   1.590260
 -2.803260   5.505800   1.046790  -2.950460   6.613770   1.130330
 -2.803260   5.505800   1.046790  -2.829860   5.212920  -0.037710
 -1.570690   5.184050   1.593010  -2.803260   5.505800   1.046790
 -1.170350   3.476520   1.956740  -1.570690   5.184050   1.593010
 -1.170350   3.476520   1.956740  -0.863510   3.212230   0.592040
 -1.170350   3.476520   1.956740  -2.375580   3.104840   2.518400
 -1.170350   3.476520   1.956740  -0.023080   3.888010   2.690610
 -0.330980   0.145260   2.512300  -0.644860   1.585670   2.352970
 -0.330980   0.145260   2.512300  -1.231830  -0.628400   3.534180
 -0.330980   0.145260   2.512300   1.151570  -0.084070   2.986340
 -0.442090  -0.678700   1.156760  -0.330980   0.145260   2.512300
 -0.005830   0.003820   0.000280  -0.442090  -0.678700   1.156760
 -0.005830   0.003820   0.000280  -0.410220  -0.563090  -0.875420
 -0.005830   0.003820   0.000280  -0.398610   1.057960   0.011300
 -0.005830   0.003820   0.000280   1.113140  -0.008330  -0.017310
