33 atoms follow (x y z r g b radiusScale)
  0.110790  -0.174060   0.031570   0.000000   1.000000   0.000000   1.850000
  1.219920  -0.107060   0.165290   1.000000   1.000000   1.000000   1.200000
 -0.346170   0.845020  -0.080190   1.000000   1.000000   1.000000   1.200000
 -0.142480  -0.824050  -0.842720   1.000000   1.000000   1.000000   1.200000
 -0.436840  -0.799800   1.175440   1.000000   0.000000   0.000000   1.400000
 -0.281690   0.023650   2.517130   0.500000   0.500000   0.500000   1.900000
  1.153100  -0.161270   3.090210   1.000000   0.000000   0.000000   1.400000
 -1.250930  -0.662280   3.518480   1.000000   0.000000   0.000000   1.400000
 -0.665010   1.472240   2.329500   1.000000   0.000000   0.000000   1.400000
 -1.124670   3.222980   2.083780   1.000000   1.000000   0.000000   1.850000
 -0.146890   3.758790   2.894050   1.000000   0.000000   0.000000   1.400000
 -2.406510   3.074850   2.556260   1.000000   0.000000   0.000000   1.400000
 -0.909410   3.275370   0.727870   1.000000   0.000000   0.000000   1.400000
 -2.179390   5.951820   1.608530   1.000000   0.000000   0.000000   1.400000
 -3.349860   6.014440   0.818910   0.000000   1.000000   0.000000   1.850000
 -3.101430   6.192860  -0.258440   1.000000   1.000000   1.000000   1.200000
 -4.021790   6.831420   1.190020   1.000000   1.000000   1.000000   1.200000
 -3.847910   5.017710   0.930910   1.000000   1.000000   1.000000   1.200000
  1.926000   5.562150  -0.023820   0.000000   0.000000   1.000000   1.540000
  1.920760   6.150810   0.783520   1.000000   1.000000   1.000000   1.200000
 -1.756880   6.948610   1.684740   1.000000   1.000000   1.000000   1.200000
  1.345170   5.983110  -0.718680   1.000000   1.000000   1.000000   1.200000
  1.540540   4.671760   0.215600   1.000000   1.000000   1.000000   1.200000
  1.720080   2.144540   4.578060   0.000000   0.000000   1.000000   1.540000
  1.467060   0.478020   3.770970   1.000000   1.000000   1.000000   1.200000
  1.427210   2.874990   3.954170   1.000000   1.000000   1.000000   1.200000
  2.684380   2.271220   4.803400   1.000000   1.000000   1.000000   1.200000
  1.183200   2.204530   5.418130   1.000000   1.000000   1.000000   1.200000
 -3.574470   0.805950   3.822010   0.000000   0.000000   1.000000   1.540000
 -2.157080  -0.301540   3.665650   1.000000   1.000000   1.000000   1.200000
 -3.833830   1.194750   2.936110   1.000000   1.000000   1.000000   1.200000
 -3.284160   1.562290   4.409620   1.000000   1.000000   1.000000   1.200000
 -4.360380   0.347770   4.232090   1.000000   1.000000   1.000000   1.200000
28 bonds follow (x1 y1 z1 x2 y2 z2)
 -3.574470   0.805950   3.822010  -4.360380   0.347770   4.232090
 -3.574470   0.805950   3.822010  -3.284160   1.562290   4.409620
 -3.574470   0.805950   3.822010  -3.833830   1.194750   2.936110
 -1.250930  -0.662280   3.518480  -2.157080  -0.301540   3.665650
  1.720080   2.144540   4.578060   1.183200   2.204530   5.418130
  1.720080   2.144540   4.578060   2.684380   2.271220   4.803400
  1.720080   2.144540   4.578060   1.427210   2.874990   3.954170
  1.153100  -0.161270   3.090210   1.467060   0.478020   3.770970
  1.926000   5.562150  -0.023820   1.540540   4.671760   0.215600
  1.926000   5.562150  -0.023820   1.345170   5.983110  -0.718680
 -2.179390   5.951820   1.608530  -1.756880   6.948610   1.684740
  1.926000   5.562150  -0.023820   1.920760   6.150810   0.783520
 -3.349860   6.014440   0.818910  -3.847910   5.017710   0.930910
 -3.349860   6.014440   0.818910  -4.021790   6.831420   1.190020
 -3.349860   6.014440   0.818910  -3.101430   6.192860  -0.258440
 -2.179390   5.951820   1.608530  -3.349860   6.014440   0.818910
 -1.124670   3.222980   2.083780  -0.909410   3.275370   0.727870
 -1.124670   3.222980   2.083780  -2.406510   3.074850   2.556260
 -1.124670   3.222980   2.083780  -0.146890   3.758790   2.894050
 -0.665010   1.472240   2.329500  -1.124670   3.222980   2.083780
 -0.281690   0.023650   2.517130  -0.665010   1.472240   2.329500
 -0.281690   0.023650   2.517130  -1.250930  -0.662280   3.518480
 -0.281690   0.023650   2.517130   1.153100  -0.161270   3.090210
 -0.436840  -0.799800   1.175440  -0.281690   0.023650   2.517130
  0.110790  -0.174060   0.031570  -0.436840  -0.799800   1.175440
  0.110790  -0.174060   0.031570  -0.142480  -0.824050  -0.842720
  0.110790  -0.174060   0.031570  -0.346170   0.845020  -0.080190
  0.110790  -0.174060   0.031570   1.219920  -0.107060   0.165290
