33 atoms follow (x y z r g b radiusScale)
 -0.356180  -0.063790  -0.051010   0.000000   1.000000   0.000000   1.850000
  0.597780  -0.266460  -0.605040   1.000000   1.000000   1.000000   1.200000
 -0.525850   1.039530   0.081750   1.000000   1.000000   1.000000   1.200000
 -1.207490  -0.520010  -0.620390   1.000000   1.000000   1.000000   1.200000
 -0.291830  -0.719610   1.199350   1.000000   0.000000   0.000000   1.400000
 -0.175120   0.166530   2.517740   0.500000   0.500000   0.500000   1.900000
  1.293110  -0.008060   3.060070   1.000000   0.000000   0.000000   1.400000
 -1.005610  -0.610280   3.593950   1.000000   0.000000   0.000000   1.400000
 -0.681750   1.536690   2.293120   1.000000   0.000000   0.000000   1.400000
 -1.173130   3.432440   1.871310   1.000000   1.000000   0.000000   1.850000
  0.053930   3.806640   2.490520   1.000000   0.000000   0.000000   1.400000
 -2.352840   3.196240   2.566150   1.000000   0.000000   0.000000   1.400000
 -0.957010   3.108180   0.503820   1.000000   0.000000   0.000000   1.400000
 -1.509500   5.117550   1.417100   1.000000   0.000000   0.000000   1.400000
 -2.565180   5.890460   1.853490   0.000000   1.000000   0.000000   1.850000
 -3.067310   5.430180   2.744240   1.000000   1.000000   1.000000   1.200000
 -3.314140   6.003860   1.024940   1.000000   1.000000   1.000000   1.200000
 -2.174560   6.907300   2.129630   1.000000   1.000000   1.000000   1.200000
  0.859880   5.138310   0.310190   0.000000   0.000000   1.000000   1.540000
  1.388850   4.407240   0.806260   1.000000   1.000000   1.000000   1.200000
  1.436260   5.698770  -0.294280   1.000000   1.000000   1.000000   1.200000
  0.391570   5.705160   1.045150   1.000000   1.000000   1.000000   1.200000
  0.085830   4.657940  -0.209800   1.000000   1.000000   1.000000   1.200000
  1.015390   2.521100   5.017650   0.000000   0.000000   1.000000   1.540000
  1.479030   0.254800   3.964390   1.000000   1.000000   1.000000   1.200000
  1.099830   2.948220   4.112860   1.000000   1.000000   1.000000   1.200000
  1.660130   2.966450   5.637450   1.000000   1.000000   1.000000   1.200000
  0.089830   2.693340   5.354420   1.000000   1.000000   1.000000   1.200000
 -3.678860   0.748300   3.418990   0.000000   0.000000   1.000000   1.540000
 -1.969190  -0.582920   3.576640   1.000000   1.000000   1.000000   1.200000
 -3.572960   1.062780   2.472840   1.000000   1.000000   1.000000   1.200000
 -3.311040   1.476180   4.003090   1.000000   1.000000   1.000000   1.200000
 -4.655830   0.656270   3.607060   1.000000   1.000000   1.000000   1.200000
28 bonds follow (x1 y1 z1 x2 y2 z2)
 -3.678860   0.748300   3.418990  -4.655830   0.656270   3.607060
 -3.678860   0.748300   3.418990  -3.311040   1.476180   4.003090
 -3.678860   0.748300   3.418990  -3.572960   1.062780   2.472840
 -1.005610  -0.610280   3.593950  -1.969190  -0.582920   3.576640
  1.015390   2.521100   5.017650   0.089830   2.693340   5.354420
  1.015390   2.521100   5.017650   1.660130   2.966450   5.637450
  1.015390   2.521100   5.017650   1.099830   2.948220   4.112860
  1.293110  -0.008060   3.060070   1.479030   0.254800   3.964390
  0.859880   5.138310   0.310190   0.085830   4.657940  -0.209800
  0.859880   5.138310   0.310190   0.391570   5.705160   1.045150
  0.859880   5.138310   0.310190   1.436260   5.698770  -0.294280
  0.859880   5.138310   0.310190   1.388850   4.407240   0.806260
 -2.565180   5.890460   1.853490  -2.174560   6.907300   2.129630
 -2.565180   5.890460   1.853490  -3.314140   6.003860   1.024940
 -2.565180   5.890460   1.853490  -3.067310   5.430180   2.744240
 -1.509500   5.117550   1.417100  -2.565180   5.890460   1.853490
 -1.173130   3.432440   1.871310  -1.509500   5.117550   1.417100
 -1.173130   3.432440   1.871310  -0.957010   3.108180   0.503820
 -1.173130   3.432440   1.871310  -2.352840   3.196240   2.566150
 -1.173130   3.432440   1.871310   0.053930   3.806640   2.490520
 -0.175120   0.166530   2.517740  -0.681750   1.536690   2.293120
 -0.175120   0.166530   2.517740  -1.005610  -0.610280   3.593950
 -0.175120   0.166530   2.517740   1.293110  -0.008060   3.060070
 -0.291830  -0.719610   1.199350  -0.175120   0.166530   2.517740
 -0.356180  -0.063790  -0.051010  -0.291830  -0.719610   1.199350
 -0.356180  -0.063790  -0.051010  -1.207490  -0.520010  -0.620390
 -0.356180  -0.063790  -0.051010  -0.525850   1.039530   0.081750
 -0.356180  -0.063790  -0.051010   0.597780  -0.266460  -0.605040
