33 atoms follow (x y z r g b radiusScale)
 -0.545970  -0.131300  -0.019560   0.000000   1.000000   0.000000   1.850000
  0.281470  -0.335000  -0.748610   1.000000   1.000000   1.000000   1.200000
 -0.716650   0.974800   0.091460   1.000000   1.000000   1.000000   1.200000
 -1.475680  -0.648320  -0.376360   1.000000   1.000000   1.000000   1.200000
 -0.174660  -0.715450   1.209250   1.000000   0.000000   0.000000   1.400000
 -0.160720   0.176030   2.518700   0.500000   0.500000   0.500000   1.900000
  1.306680   0.031180   3.078070   1.000000   0.000000   0.000000   1.400000
 -1.089150  -0.618850   3.506230   1.000000   0.000000   0.000000   1.400000
 -0.586780   1.581070   2.309330   1.000000   0.000000   0.000000   1.400000
 -1.186990   3.422920   1.861460   1.000000   1.000000   0.000000   1.850000
 -0.098350   3.941030   2.613980   1.000000   0.000000   0.000000   1.400000
 -2.416660   3.126380   2.436760   1.000000   0.000000   0.000000   1.400000
 -0.785770   3.098520   0.532850   1.000000   0.000000   0.000000   1.400000
 -1.574820   5.075990   1.293090   1.000000   0.000000   0.000000   1.400000
 -2.500050   5.883980   1.926460   0.000000   1.000000   0.000000   1.850000
 -3.374830   5.281920   2.286170   1.000000   1.000000   1.000000   1.200000
 -2.857360   6.656870   1.196120   1.000000   1.000000   1.000000   1.200000
 -2.024650   6.402460   2.802060   1.000000   1.000000   1.000000   1.200000
  0.887910   5.173180   0.304100   0.000000   0.000000   1.000000   1.540000
  0.931340   5.167970   1.344030   1.000000   1.000000   1.000000   1.200000
  1.640680   5.694220  -0.113920   1.000000   1.000000   1.000000   1.200000
 -0.038180   5.567620   0.069750   1.000000   1.000000   1.000000   1.200000
  0.870950   4.177980  -0.001510   1.000000   1.000000   1.000000   1.200000
  1.094070   2.411720   4.968200   0.000000   0.000000   1.000000   1.540000
  1.548790   0.585450   3.828990   1.000000   1.000000   1.000000   1.200000
  0.831330   3.064380   4.250820   1.000000   1.000000   1.000000   1.200000
  1.847480   2.793700   5.499260   1.000000   1.000000   1.000000   1.200000
  0.315880   2.273710   5.578770   1.000000   1.000000   1.000000   1.200000
 -3.679450   0.795130   3.503710   0.000000   0.000000   1.000000   1.540000
 -2.016790  -0.342050   3.600910   1.000000   1.000000   1.000000   1.200000
 -3.963930   0.923850   2.554320   1.000000   1.000000   1.000000   1.200000
 -3.429060   1.695160   3.867770   1.000000   1.000000   1.000000   1.200000
 -4.444760   0.423940   4.025830   1.000000   1.000000   1.000000   1.200000
28 bonds follow (x1 y1 z1 x2 y2 z2)
 -3.679450   0.795130   3.503710  -4.444760   0.423940   4.025830
 -3.679450   0.795130   3.503710  -3.429060   1.695160   3.867770
 -3.679450   0.795130   3.503710  -3.963930   0.923850   2.554320
 -1.089150  -0.618850   3.506230  -2.016790  -0.342050   3.600910
  1.094070   2.411720   4.968200   0.315880   2.273710   5.578770
  1.094070   2.411720   4.968200   1.847480   2.793700   5.499260
  1.094070   2.411720   4.968200   0.831330   3.064380   4.250820
  1.306680   0.031180   3.078070   1.548790   0.585450   3.828990
  0.887910   5.173180   0.304100   0.870950   4.177980  -0.001510
  0.887910   5.173180   0.304100  -0.038180   5.567620   0.069750
  0.887910   5.173180   0.304100   1.640680   5.694220  -0.113920
  0.887910   5.173180   0.304100   0.931340   5.167970   1.344030
 -2.500050   5.883980   1.926460  -2.024650   6.402460   2.802060
 -2.500050   5.883980   1.926460  -2.857360   6.656870   1.196120
 -2.500050   5.883980   1.926460  -3.374830   5.281920   2.286170
 -1.574820   5.075990   1.293090  -2.500050   5.883980   1.926460
 -1.186990   3.422920   1.861460  -1.574820   5.075990   1.293090
 -1.186990   3.422920   1.861460  -0.785770   3.098520   0.532850
 -1.186990   3.422920   1.861460  -2.416660   3.126380   2.436760
 -1.186990   3.422920   1.861460  -0.098350   3.941030   2.613980
 -0.160720   0.176030   2.518700  -0.586780   1.581070   2.309330
 -0.160720   0.176030   2.518700  -1.089150  -0.618850   3.506230
 -0.160720   0.176030   2.518700   1.306680   0.031180   3.078070
 -0.174660  -0.715450   1.209250  -0.160720   0.176030   2.518700
 -0.545970  -0.131300  -0.019560  -0.174660  -0.715450   1.209250
 -0.545970  -0.131300  -0.019560  -1.475680  -0.648320  -0.376360
 -0.545970  -0.131300  -0.019560  -0.716650   0.974800   0.091460
 -0.545970  -0.131300  -0.019560   0.281470  -0.335000  -0.748610
