33 atoms follow (x y z r g b radiusScale)
 -0.033080   0.028170  -0.045390   0.000000   1.000000   0.000000   1.850000
  1.082920  -0.016550  -0.120420   1.000000   1.000000   1.000000   1.200000
 -0.399480   1.090150  -0.023390   1.000000   1.000000   1.000000   1.200000
 -0.493020  -0.536290  -0.895880   1.000000   1.000000   1.000000   1.200000
 -0.435730  -0.638730   1.133000   1.000000   0.000000   0.000000   1.400000
 -0.312930   0.155220   2.501400   0.500000   0.500000   0.500000   1.900000
  1.179370  -0.064380   2.948720   1.000000   0.000000   0.000000   1.400000
 -1.232120  -0.576710   3.531470   1.000000   0.000000   0.000000   1.400000
 -0.658260   1.597790   2.415380   1.000000   0.000000   0.000000   1.400000
 -1.162630   3.422160   1.953500   1.000000   1.000000   0.000000   1.850000
 -0.062220   3.929590   2.705450   1.000000   0.000000   0.000000   1.400000
 -2.377270   3.122250   2.535840   1.000000   0.000000   0.000000   1.400000
 -0.789170   3.097390   0.618800   1.000000   0.000000   0.000000   1.400000
 -1.622080   5.070110   1.405310   1.000000   0.000000   0.000000   1.400000
 -2.861600   5.634920   1.178510   0.000000   1.000000   0.000000   1.850000
 -3.211400   5.403230   0.136340   1.000000   1.000000   1.000000   1.200000
 -2.762040   6.749430   1.280730   1.000000   1.000000   1.000000   1.200000
 -3.623570   5.264020   1.911310   1.000000   1.000000   1.000000   1.200000
  0.937610   5.238780   0.577710   0.000000   0.000000   1.000000   1.540000
  0.763230   5.212070   1.610070   1.000000   1.000000   1.000000   1.200000
  0.972750   6.204210   0.261240   1.000000   1.000000   1.000000   1.200000
  0.109980   4.757980   0.145630   1.000000   1.000000   1.000000   1.200000
  1.784750   4.734990   0.353430   1.000000   1.000000   1.000000   1.200000
  1.576360   2.292960   4.697250   0.000000   0.000000   1.000000   1.540000
  1.524910   0.496990   3.657330   1.000000   1.000000   1.000000   1.200000
  1.060030   2.910880   4.096750   1.000000   1.000000   1.000000   1.200000
  2.495600   2.657660   4.829480   1.000000   1.000000   1.000000   1.200000
  1.122120   2.249250   5.585230   1.000000   1.000000   1.000000   1.200000
 -3.610720   0.935620   3.772920   0.000000   0.000000   1.000000   1.540000
 -2.118910  -0.202890   3.723580   1.000000   1.000000   1.000000   1.200000
 -3.818710   1.168740   2.821220   1.000000   1.000000   1.000000   1.200000
 -3.189890   1.747890   4.185330   1.000000   1.000000   1.000000   1.200000
 -4.461340   0.727700   4.251010   1.000000   1.000000   1.000000   1.200000
29 bonds follow (x1 y1 z1 x2 y2 z2)
 -3.610720   0.935620   3.772920  -4.461340   0.727700   4.251010
 -3.610720   0.935620   3.772920  -3.189890   1.747890   4.185330
 -3.610720   0.935620   3.772920  -3.818710   1.168740   2.821220
 -1.232120  -0.576710   3.531470  -2.118910  -0.202890   3.723580
  1.576360   2.292960   4.697250   1.122120   2.249250   5.585230
  1.576360   2.292960   4.697250   2.495600   2.657660   4.829480
  1.576360   2.292960   4.697250   1.060030   2.910880   4.096750
  1.179370  -0.064380   2.948720   1.524910   0.496990   3.657330
  0.937610   5.238780   0.577710   1.784750   4.734990   0.353430
  0.937610   5.238780   0.577710   0.109980   4.757980   0.145630
  0.937610   5.238780   0.577710   0.972750   6.204210   0.261240
  0.937610   5.238780   0.577710   0.763230   5.212070   1.610070
 -2.861600   5.634920   1.178510  -3.623570   5.264020   1.911310
 -2.861600   5.634920   1.178510  -2.762040   6.749430   1.280730
 -2.861600   5.634920   1.178510  -3.211400   5.403230   0.136340
 -1.622080   5.070110   1.405310  -2.861600   5.634920   1.178510
 -1.162630   3.422160   1.953500  -1.622080   5.070110   1.405310
 -1.162630   3.422160   1.953500  -0.789170   3.097390   0.618800
 -1.162630   3.422160   1.953500  -2.377270   3.122250   2.535840
 -1.162630   3.422160   1.953500  -0.062220   3.929590   2.705450
 -0.658260   1.597790   2.415380  -1.162630   3.422160   1.953500
 -0.312930   0.155220   2.501400  -0.658260   1.597790   2.415380
 -0.312930   0.155220   2.501400  -1.232120  -0.576710   3.531470
 -0.312930   0.155220   2.501400   1.179370  -0.064380   2.948720
 -0.435730  -0.638730   1.133000  -0.312930   0.155220   2.501400
 -0.033080   0.028170  -0.045390  -0.435730  -0.638730   1.133000
 -0.033080   0.028170  -0.045390  -0.493020  -0.536290  -0.895880
 -0.033080   0.028170  -0.045390  -0.399480   1.090150  -0.023390
 -0.033080   0.028170  -0.045390   1.082920  -0.016550  -0.120420
