33 atoms follow (x y z r g b radiusScale)
 -0.566350  -0.166950  -0.049090   0.000000   1.000000   0.000000   1.850000
  0.174070  -0.503550  -0.820630   1.000000   1.000000   1.000000   1.200000
 -0.616610   0.954470   0.001580   1.000000   1.000000   1.000000   1.200000
 -1.568980  -0.606330  -0.295200   1.000000   1.000000   1.000000   1.200000
 -0.133450  -0.702270   1.184430   1.000000   0.000000   0.000000   1.400000
 -0.192260   0.175700   2.502390   0.500000   0.500000   0.500000   1.900000
  1.258290   0.121450   3.097440   1.000000   0.000000   0.000000   1.400000
 -1.088760  -0.581790   3.544150   1.000000   0.000000   0.000000   1.400000
 -0.599650   1.590280   2.326790   1.000000   0.000000   0.000000   1.400000
 -1.158100   3.398030   1.841640   1.000000   1.000000   0.000000   1.850000
 -0.068100   3.900760   2.604880   1.000000   0.000000   0.000000   1.400000
 -2.375790   3.032630   2.384760   1.000000   0.000000   0.000000   1.400000
 -0.764070   3.079580   0.514510   1.000000   0.000000   0.000000   1.400000
 -1.592640   5.064480   1.311590   1.000000   0.000000   0.000000   1.400000
 -2.496720   5.908700   1.922170   0.000000   1.000000   0.000000   1.850000
 -3.482810   5.395630   2.070030   1.000000   1.000000   1.000000   1.200000
 -2.643610   6.808630   1.266740   1.000000   1.000000   1.000000   1.200000
 -2.107670   6.246700   2.920330   1.000000   1.000000   1.000000   1.200000
  0.842990   5.223690   0.369780   0.000000   0.000000   1.000000   1.540000
  0.680600   5.314890   1.402260   1.000000   1.000000   1.000000   1.200000
  1.582220   5.825990   0.042270   1.000000   1.000000   1.000000   1.200000
 -0.066840   5.428430  -0.075020   1.000000   1.000000   1.000000   1.200000
  1.036780   4.234230   0.190010   1.000000   1.000000   1.000000   1.200000
  1.139690   2.384990   4.972120   0.000000   0.000000   1.000000   1.540000
  1.500230   0.809810   3.736240   1.000000   1.000000   1.000000   1.200000
  0.884800   2.993550   4.213980   1.000000   1.000000   1.000000   1.200000
  1.900800   2.790020   5.473990   1.000000   1.000000   1.000000   1.200000
  0.360640   2.297040   5.590160   1.000000   1.000000   1.000000   1.200000
 -3.725670   0.805810   3.543600   0.000000   0.000000   1.000000   1.540000
 -2.000230  -0.301560   3.704300   1.000000   1.000000   1.000000   1.200000
 -3.937210   1.002110   2.584760   1.000000   1.000000   1.000000   1.200000
 -3.181270   1.580340   3.880800   1.000000   1.000000   1.000000   1.200000
 -4.582530   0.777940   4.056720   1.000000   1.000000   1.000000   1.200000
28 bonds follow (x1 y1 z1 x2 y2 z2)
 -3.725670   0.805810   3.543600  -4.582530   0.777940   4.056720
 -3.725670   0.805810   3.543600  -3.181270   1.580340   3.880800
 -3.725670   0.805810   3.543600  -3.937210   1.002110   2.584760
 -1.088760  -0.581790   3.544150  -2.000230  -0.301560   3.704300
  1.139690   2.384990   4.972120   0.360640   2.297040   5.590160
  1.139690   2.384990   4.972120   1.900800   2.790020   5.473990
  1.139690   2.384990   4.972120   0.884800   2.993550   4.213980
  1.258290   0.121450   3.097440   1.500230   0.809810   3.736240
  0.842990   5.223690   0.369780   1.036780   4.234230   0.190010
  0.842990   5.223690   0.369780  -0.066840   5.428430  -0.075020
  0.842990   5.223690   0.369780   1.582220   5.825990   0.042270
  0.842990   5.223690   0.369780   0.680600   5.314890   1.402260
 -2.496720   5.908700   1.922170  -2.107670   6.246700   2.920330
 -2.496720   5.908700   1.922170  -2.643610   6.808630   1.266740
 -2.496720   5.908700   1.922170  -3.482810   5.395630   2.070030
 -1.592640   5.064480   1.311590  -2.496720   5.908700   1.922170
 -1.158100   3.398030   1.841640  -1.592640   5.064480   1.311590
 -1.158100   3.398030   1.841640  -0.764070   3.079580   0.514510
 -1.158100   3.398030   1.841640  -2.375790   3.032630   2.384760
 -1.158100   3.398030   1.841640  -0.068100   3.900760   2.604880
 -0.192260   0.175700   2.502390  -0.599650   1.590280   2.326790
 -0.192260   0.175700   2.502390  -1.088760  -0.581790   3.544150
 -0.192260   0.175700   2.502390   1.258290   0.121450   3.097440
 -0.133450  -0.702270   1.184430  -0.192260   0.175700   2.502390
 -0.566350  -0.166950  -0.049090  -0.133450  -0.702270   1.184430
 -0.566350  -0.166950  -0.049090  -1.568980  -0.606330  -0.295200
 -0.566350  -0.166950  -0.049090  -0.616610   0.954470   0.001580
 -0.566350  -0.166950  -0.049090   0.174070  -0.503550  -0.820630
