33 atoms follow (x y z r g b radiusScale)
 -0.570060  -0.159150   0.014640   0.000000   1.000000   0.000000   1.850000
  0.184410  -0.462640  -0.757500   1.000000   1.000000   1.000000   1.200000
 -0.627580   0.960170   0.090630   1.000000   1.000000   1.000000   1.200000
 -1.568240  -0.587710  -0.264790   1.000000   1.000000   1.000000   1.200000
 -0.163520  -0.742660   1.236290   1.000000   0.000000   0.000000   1.400000
 -0.172250   0.179420   2.526680   0.500000   0.500000   0.500000   1.900000
  1.273060   0.102050   3.141700   1.000000   0.000000   0.000000   1.400000
 -1.104560  -0.600230   3.513500   1.000000   0.000000   0.000000   1.400000
 -0.691690   1.535710   2.218170   1.000000   0.000000   0.000000   1.400000
 -1.170900   3.383340   1.802910   1.000000   1.000000   0.000000   1.850000
 -0.076550   3.841460   2.596850   1.000000   0.000000   0.000000   1.400000
 -2.418550   3.069700   2.323330   1.000000   0.000000   0.000000   1.400000
 -0.725890   3.116240   0.484290   1.000000   0.000000   0.000000   1.400000
 -1.588610   5.061900   1.315300   1.000000   0.000000   0.000000   1.400000
 -2.533680   5.835600   1.960000   0.000000   1.000000   0.000000   1.850000
 -3.550810   5.373710   1.864390   1.000000   1.000000   1.000000   1.200000
 -2.542460   6.853790   1.489240   1.000000   1.000000   1.000000   1.200000
 -2.282050   5.937870   3.049560   1.000000   1.000000   1.000000   1.200000
  0.846120   5.306010   0.447680   0.000000   0.000000   1.000000   1.540000
  0.847940   5.353780   1.481510   1.000000   1.000000   1.000000   1.200000
  1.571030   5.863100   0.025910   1.000000   1.000000   1.000000   1.200000
 -0.101200   5.606840   0.148950   1.000000   1.000000   1.000000   1.200000
  0.920150   4.300720   0.200350   1.000000   1.000000   1.000000   1.200000
  1.196340   2.400850   4.946610   0.000000   0.000000   1.000000   1.540000
  1.482010   0.716950   3.862170   1.000000   1.000000   1.000000   1.200000
  0.955670   3.046580   4.215320   1.000000   1.000000   1.000000   1.200000
  2.078320   2.657400   5.336520   1.000000   1.000000   1.000000   1.200000
  0.503460   2.449810   5.663300   1.000000   1.000000   1.000000   1.200000
 -3.635250   0.910990   3.551350   0.000000   0.000000   1.000000   1.540000
 -2.008810  -0.261100   3.646400   1.000000   1.000000   1.000000   1.200000
 -3.878200   1.032120   2.588540   1.000000   1.000000   1.000000   1.200000
 -3.318380   1.800290   3.889220   1.000000   1.000000   1.000000   1.200000
 -4.447970   0.635260   4.060990   1.000000   1.000000   1.000000   1.200000
28 bonds follow (x1 y1 z1 x2 y2 z2)
 -3.635250   0.910990   3.551350  -4.447970   0.635260   4.060990
 -3.635250   0.910990   3.551350  -3.318380   1.800290   3.889220
 -3.635250   0.910990   3.551350  -3.878200   1.032120   2.588540
 -1.104560  -0.600230   3.513500  -2.008810  -0.261100   3.646400
  1.196340   2.400850   4.946610   0.503460   2.449810   5.663300
  1.196340   2.400850   4.946610   2.078320   2.657400   5.336520
  1.196340   2.400850   4.946610   0.955670   3.046580   4.215320
  1.273060   0.102050   3.141700   1.482010   0.716950   3.862170
  0.846120   5.306010   0.447680   0.920150   4.300720   0.200350
  0.846120   5.306010   0.447680  -0.101200   5.606840   0.148950
  0.846120   5.306010   0.447680   1.571030   5.863100   0.025910
  0.846120   5.306010   0.447680   0.847940   5.353780   1.481510
 -2.533680   5.835600   1.960000  -2.282050   5.937870   3.049560
 -2.533680   5.835600   1.960000  -2.542460   6.853790   1.489240
 -2.533680   5.835600   1.960000  -3.550810   5.373710   1.864390
 -1.588610   5.061900   1.315300  -2.533680   5.835600   1.960000
 -1.170900   3.383340   1.802910  -1.588610   5.061900   1.315300
 -1.170900   3.383340   1.802910  -0.725890   3.116240   0.484290
 -1.170900   3.383340   1.802910  -2.418550   3.069700   2.323330
 -1.170900   3.383340   1.802910  -0.076550   3.841460   2.596850
 -0.172250   0.179420   2.526680  -0.691690   1.535710   2.218170
 -0.172250   0.179420   2.526680  -1.104560  -0.600230   3.513500
 -0.172250   0.179420   2.526680   1.273060   0.102050   3.141700
 -0.163520  -0.742660   1.236290  -0.172250   0.179420   2.526680
 -0.570060  -0.159150   0.014640  -0.163520  -0.742660   1.236290
 -0.570060  -0.159150   0.014640  -1.568240  -0.587710  -0.264790
 -0.570060  -0.159150   0.014640  -0.627580   0.960170   0.090630
 -0.570060  -0.159150   0.014640   0.184410  -0.462640  -0.757500
