33 atoms follow (x y z r g b radiusScale)
 -0.046260   0.036220  -0.014780   0.000000   1.000000   0.000000   1.850000
  1.061660  -0.058440  -0.146320   1.000000   1.000000   1.000000   1.200000
 -0.357040   1.113590   0.060590   1.000000   1.000000   1.000000   1.200000
 -0.569570  -0.467340  -0.867080   1.000000   1.000000   1.000000   1.200000
 -0.426080  -0.661770   1.153660   1.000000   0.000000   0.000000   1.400000
 -0.320750   0.139830   2.521710   0.500000   0.500000   0.500000   1.900000
  1.183220  -0.050790   2.941960   1.000000   0.000000   0.000000   1.400000
 -1.198090  -0.661470   3.546680   1.000000   0.000000   0.000000   1.400000
 -0.635250   1.586080   2.407500   1.000000   0.000000   0.000000   1.400000
 -1.197410   3.433940   1.938660   1.000000   1.000000   0.000000   1.850000
 -0.109720   3.919020   2.713430   1.000000   0.000000   0.000000   1.400000
 -2.443290   3.115640   2.471900   1.000000   0.000000   0.000000   1.400000
 -0.748660   3.108290   0.630510   1.000000   0.000000   0.000000   1.400000
 -1.553090   5.083220   1.374260   1.000000   0.000000   0.000000   1.400000
 -2.808730   5.644400   1.281810   0.000000   1.000000   0.000000   1.850000
 -3.271000   5.393780   0.289620   1.000000   1.000000   1.000000   1.200000
 -2.704770   6.758890   1.362780   1.000000   1.000000   1.000000   1.200000
 -3.476030   5.272080   2.102650   1.000000   1.000000   1.000000   1.200000
  0.928480   5.297330   0.514320   0.000000   0.000000   1.000000   1.540000
  0.689590   5.387400   1.526830   1.000000   1.000000   1.000000   1.200000
  1.274740   6.164520   0.128300   1.000000   1.000000   1.000000   1.200000
  0.031810   4.998850   0.061290   1.000000   1.000000   1.000000   1.200000
  1.598050   4.550260   0.407420   1.000000   1.000000   1.000000   1.200000
  1.554860   2.293720   4.707370   0.000000   0.000000   1.000000   1.540000
  1.581120   0.637910   3.493230   1.000000   1.000000   1.000000   1.200000
  1.035780   2.884830   4.081530   1.000000   1.000000   1.000000   1.200000
  2.473180   2.666890   4.821560   1.000000   1.000000   1.000000   1.200000
  1.102300   2.287150   5.596860   1.000000   1.000000   1.000000   1.200000
 -3.600860   0.955110   3.757520   0.000000   0.000000   1.000000   1.540000
 -2.086160  -0.321260   3.759670   1.000000   1.000000   1.000000   1.200000
 -3.825320   1.161000   2.803190   1.000000   1.000000   1.000000   1.200000
 -3.165660   1.776030   4.136240   1.000000   1.000000   1.000000   1.200000
 -4.447720   0.779320   4.255740   1.000000   1.000000   1.000000   1.200000
28 bonds follow (x1 y1 z1 x2 y2 z2)
 -3.600860   0.955110   3.757520  -4.447720   0.779320   4.255740
 -3.600860   0.955110   3.757520  -3.165660   1.776030   4.136240
 -3.600860   0.955110   3.757520  -3.825320   1.161000   2.803190
 -1.198090  -0.661470   3.546680  -2.086160  -0.321260   3.759670
  1.554860   2.293720   4.707370   1.102300   2.287150   5.596860
  1.554860   2.293720   4.707370   2.473180   2.666890   4.821560
  1.554860   2.293720   4.707370   1.035780   2.884830   4.081530
  1.183220  -0.050790   2.941960   1.581120   0.637910   3.493230
  0.928480   5.297330   0.514320   1.598050   4.550260   0.407420
  0.928480   5.297330   0.514320   0.031810   4.998850   0.061290
  0.928480   5.297330   0.514320   1.274740   6.164520   0.128300
  0.928480   5.297330   0.514320   0.689590   5.387400   1.526830
 -2.808730   5.644400   1.281810  -3.476030   5.272080   2.102650
 -2.808730   5.644400   1.281810  -2.704770   6.758890   1.362780
 -2.808730   5.644400   1.281810  -3.271000   5.393780   0.289620
 -1.553090   5.083220   1.374260  -2.808730   5.644400   1.281810
 -1.197410   3.433940   1.938660  -1.553090   5.083220   1.374260
 -1.197410   3.433940   1.938660  -0.748660   3.108290   0.630510
 -1.197410   3.433940   1.938660  -2.443290   3.115640   2.471900
 -1.197410   3.433940   1.938660  -0.109720   3.919020   2.713430
 -0.320750   0.139830   2.521710  -0.635250   1.586080   2.407500
 -0.320750   0.139830   2.521710  -1.198090  -0.661470   3.546680
 -0.320750   0.139830   2.521710   1.183220  -0.050790   2.941960
 -0.426080  -0.661770   1.153660  -0.320750   0.139830   2.521710
 -0.046260   0.036220  -0.014780  -0.426080  -0.661770   1.153660
 -0.046260   0.036220  -0.014780  -0.569570  -0.467340  -0.867080
 -0.046260   0.036220  -0.014780  -0.357040   1.113590   0.060590
 -0.046260   0.036220  -0.014780   1.061660  -0.058440  -0.146320
