33 atoms follow (x y z r g b radiusScale)
 -0.078130  -0.079020  -0.032630   0.000000   1.000000   0.000000   1.850000
  0.981040  -0.330460  -0.302220   1.000000   1.000000   1.000000   1.200000
 -0.231960   1.031480   0.043120   1.000000   1.000000   1.000000   1.200000
 -0.763110  -0.519940  -0.803120   1.000000   1.000000   1.000000   1.200000
 -0.401290  -0.700400   1.191380   1.000000   0.000000   0.000000   1.400000
 -0.315150   0.139770   2.537280   0.500000   0.500000   0.500000   1.900000
  1.172470  -0.040010   3.015030   1.000000   0.000000   0.000000   1.400000
 -1.136510  -0.690490   3.585970   1.000000   0.000000   0.000000   1.400000
 -0.696260   1.566650   2.397710   1.000000   0.000000   0.000000   1.400000
 -1.185270   3.456810   1.869930   1.000000   1.000000   0.000000   1.850000
 -0.110310   3.893330   2.685760   1.000000   0.000000   0.000000   1.400000
 -2.460210   3.100460   2.269580   1.000000   0.000000   0.000000   1.400000
 -0.661410   3.166570   0.577750   1.000000   0.000000   0.000000   1.400000
 -1.600090   5.155310   1.446530   1.000000   0.000000   0.000000   1.400000
 -2.840480   5.767290   1.506700   0.000000   1.000000   0.000000   1.850000
 -3.461240   5.480450   0.616970   1.000000   1.000000   1.000000   1.200000
 -2.681190   6.878880   1.496920   1.000000   1.000000   1.000000   1.200000
 -3.387180   5.477950   2.441160   1.000000   1.000000   1.000000   1.200000
  0.889160   5.243530   0.505410   0.000000   0.000000   1.000000   1.540000
  0.803810   5.440570   1.514530   1.000000   1.000000   1.000000   1.200000
  1.648980   5.740710   0.071800   1.000000   1.000000   1.000000   1.200000
 -0.028050   5.487050   0.097270   1.000000   1.000000   1.000000   1.200000
  0.980380   4.215400   0.413880   1.000000   1.000000   1.000000   1.200000
  1.512120   2.308870   4.731430   0.000000   0.000000   1.000000   1.540000
  1.547310   0.638040   3.595490   1.000000   1.000000   1.000000   1.200000
  0.989900   2.867970   4.079740   1.000000   1.000000   1.000000   1.200000
  2.428310   2.693520   4.824360   1.000000   1.000000   1.000000   1.200000
  1.060580   2.346170   5.620840   1.000000   1.000000   1.000000   1.200000
 -3.527780   0.937290   3.720340   0.000000   0.000000   1.000000   1.540000
 -2.048430  -0.420620   3.782570   1.000000   1.000000   1.000000   1.200000
 -3.756700   1.106510   2.759170   1.000000   1.000000   1.000000   1.200000
 -3.027410   1.745760   4.042020   1.000000   1.000000   1.000000   1.200000
 -4.376840   0.862620   4.240330   1.000000   1.000000   1.000000   1.200000
28 bonds follow (x1 y1 z1 x2 y2 z2)
 -3.527780   0.937290   3.720340  -4.376840   0.862620   4.240330
 -3.527780   0.937290   3.720340  -3.027410   1.745760   4.042020
 -3.527780   0.937290   3.720340  -3.756700   1.106510   2.759170
 -1.136510  -0.690490   3.585970  -2.048430  -0.420620   3.782570
  1.512120   2.308870   4.731430   1.060580   2.346170   5.620840
  1.512120   2.308870   4.731430   2.428310   2.693520   4.824360
  1.512120   2.308870   4.731430   0.989900   2.867970   4.079740
  1.172470  -0.040010   3.015030   1.547310   0.638040   3.595490
  0.889160   5.243530   0.505410   0.980380   4.215400   0.413880
  0.889160   5.243530   0.505410  -0.028050   5.487050   0.097270
  0.889160   5.243530   0.505410   1.648980   5.740710   0.071800
  0.889160   5.243530   0.505410   0.803810   5.440570   1.514530
 -2.840480   5.767290   1.506700  -3.387180   5.477950   2.441160
 -2.840480   5.767290   1.506700  -2.681190   6.878880   1.496920
 -2.840480   5.767290   1.506700  -3.461240   5.480450   0.616970
 -1.600090   5.155310   1.446530  -2.840480   5.767290   1.506700
 -1.185270   3.456810   1.869930  -1.600090   5.155310   1.446530
 -1.185270   3.456810   1.869930  -0.661410   3.166570   0.577750
 -1.185270   3.456810   1.869930  -2.460210   3.100460   2.269580
 -1.185270   3.456810   1.869930  -0.110310   3.893330   2.685760
 -0.315150   0.139770   2.537280  -0.696260   1.566650   2.397710
 -0.315150   0.139770   2.537280  -1.136510  -0.690490   3.585970
 -0.315150   0.139770   2.537280   1.172470  -0.040010   3.015030
 -0.401290  -0.700400   1.191380  -0.315150   0.139770   2.537280
 -0.078130  -0.079020  -0.032630  -0.401290  -0.700400   1.191380
 -0.078130  -0.079020  -0.032630  -0.763110  -0.519940  -0.803120
 -0.078130  -0.079020  -0.032630  -0.231960   1.031480   0.043120
 -0.078130  -0.079020  -0.032630   0.981040  -0.330460  -0.302220
