33 atoms follow (x y z r g b radiusScale)
 -0.020280   0.011430  -0.024240   0.000000   1.000000   0.000000   1.850000
  1.098280  -0.018360  -0.046670   1.000000   1.000000   1.000000   1.200000
 -0.397350   1.071790  -0.018400   1.000000   1.000000   1.000000   1.200000
 -0.437330  -0.557770  -0.892330   1.000000   1.000000   1.000000   1.200000
 -0.460320  -0.654630   1.140790   1.000000   0.000000   0.000000   1.400000
 -0.305090   0.161320   2.495330   0.500000   0.500000   0.500000   1.900000
  1.166590  -0.094690   2.989030   1.000000   0.000000   0.000000   1.400000
 -1.226260  -0.582610   3.517120   1.000000   0.000000   0.000000   1.400000
 -0.612980   1.606910   2.349150   1.000000   0.000000   0.000000   1.400000
 -1.207760   3.443090   1.969420   1.000000   1.000000   0.000000   1.850000
 -0.069250   3.896790   2.690240   1.000000   0.000000   0.000000   1.400000
 -2.433650   3.154950   2.564440   1.000000   0.000000   0.000000   1.400000
 -0.839360   3.152720   0.623500   1.000000   0.000000   0.000000   1.400000
 -1.541960   5.133110   1.469000   1.000000   0.000000   0.000000   1.400000
 -2.833420   5.489900   1.134110   0.000000   1.000000   0.000000   1.850000
 -3.038190   5.234250   0.059280   1.000000   1.000000   1.000000   1.200000
 -2.951890   6.596300   1.274030   1.000000   1.000000   1.000000   1.200000
 -3.581110   4.960930   1.782690   1.000000   1.000000   1.000000   1.200000
  0.986480   5.295790   0.533170   0.000000   0.000000   1.000000   1.540000
  0.844080   5.192220   1.568450   1.000000   1.000000   1.000000   1.200000
  0.825780   6.261730   0.258940   1.000000   1.000000   1.000000   1.200000
  0.244540   4.680510   0.110270   1.000000   1.000000   1.000000   1.200000
  1.904260   4.983310   0.266280   1.000000   1.000000   1.000000   1.200000
  1.592440   2.273420   4.692850   0.000000   0.000000   1.000000   1.540000
  1.540650   0.532800   3.625980   1.000000   1.000000   1.000000   1.200000
  1.090420   2.876480   4.064370   1.000000   1.000000   1.000000   1.200000
  2.519610   2.623200   4.809560   1.000000   1.000000   1.000000   1.200000
  1.136940   2.279940   5.581090   1.000000   1.000000   1.000000   1.200000
 -3.623050   0.929260   3.784850   0.000000   0.000000   1.000000   1.540000
 -2.126100  -0.236080   3.684980   1.000000   1.000000   1.000000   1.200000
 -3.876380   1.208300   2.857130   1.000000   1.000000   1.000000   1.200000
 -3.228040   1.733490   4.234880   1.000000   1.000000   1.000000   1.200000
 -4.443070   0.645660   4.277500   1.000000   1.000000   1.000000   1.200000
28 bonds follow (x1 y1 z1 x2 y2 z2)
 -3.623050   0.929260   3.784850  -4.443070   0.645660   4.277500
 -3.623050   0.929260   3.784850  -3.228040   1.733490   4.234880
 -3.623050   0.929260   3.784850  -3.876380   1.208300   2.857130
 -1.226260  -0.582610   3.517120  -2.126100  -0.236080   3.684980
  1.592440   2.273420   4.692850   1.136940   2.279940   5.581090
  1.592440   2.273420   4.692850   2.519610   2.623200   4.809560
  1.592440   2.273420   4.692850   1.090420   2.876480   4.064370
  1.166590  -0.094690   2.989030   1.540650   0.532800   3.625980
  0.986480   5.295790   0.533170   1.904260   4.983310   0.266280
  0.986480   5.295790   0.533170   0.244540   4.680510   0.110270
  0.986480   5.295790   0.533170   0.825780   6.261730   0.258940
  0.986480   5.295790   0.533170   0.844080   5.192220   1.568450
 -2.833420   5.489900   1.134110  -3.581110   4.960930   1.782690
 -2.833420   5.489900   1.134110  -2.951890   6.596300   1.274030
 -2.833420   5.489900   1.134110  -3.038190   5.234250   0.059280
 -1.541960   5.133110   1.469000  -2.833420   5.489900   1.134110
 -1.207760   3.443090   1.969420  -1.541960   5.133110   1.469000
 -1.207760   3.443090   1.969420  -0.839360   3.152720   0.623500
 -1.207760   3.443090   1.969420  -2.433650   3.154950   2.564440
 -1.207760   3.443090   1.969420  -0.069250   3.896790   2.690240
 -0.305090   0.161320   2.495330  -0.612980   1.606910   2.349150
 -0.305090   0.161320   2.495330  -1.226260  -0.582610   3.517120
 -0.305090   0.161320   2.495330   1.166590  -0.094690   2.989030
 -0.460320  -0.654630   1.140790  -0.305090   0.161320   2.495330
 -0.020280   0.011430  -0.024240  -0.460320  -0.654630   1.140790
 -0.020280   0.011430  -0.024240  -0.437330  -0.557770  -0.892330
 -0.020280   0.011430  -0.024240  -0.397350   1.071790  -0.018400
 -0.020280   0.011430  -0.024240   1.098280  -0.018360  -0.046670
