33 atoms follow (x y z r g b radiusScale)
 -0.032800   0.027660  -0.045300   0.000000   1.000000   0.000000   1.850000
  1.083320  -0.016630  -0.118170   1.000000   1.000000   1.000000   1.200000
 -0.399770   1.089570  -0.024420   1.000000   1.000000   1.000000   1.200000
 -0.491020  -0.537180  -0.896400   1.000000   1.000000   1.000000   1.200000
 -0.437050  -0.638720   1.132730   1.000000   0.000000   0.000000   1.400000
 -0.311960   0.155980   2.500640   0.500000   0.500000   0.500000   1.900000
  1.179580  -0.065580   2.950270   1.000000   0.000000   0.000000   1.400000
 -1.232360  -0.574680   3.530310   1.000000   0.000000   0.000000   1.400000
 -0.659810   1.597730   2.414680   1.000000   0.000000   0.000000   1.400000
 -1.163010   3.423310   1.953450   1.000000   1.000000   0.000000   1.850000
 -0.061390   3.929360   2.705700   1.000000   0.000000   0.000000   1.400000
 -2.376070   3.121950   2.537360   1.000000   0.000000   0.000000   1.400000
 -0.790550   3.096490   0.618750   1.000000   0.000000   0.000000   1.400000
 -1.621790   5.070600   1.407190   1.000000   0.000000   0.000000   1.400000
 -2.862550   5.632730   1.176300   0.000000   1.000000   0.000000   1.850000
 -3.207610   5.400510   0.132740   1.000000   1.000000   1.000000   1.200000
 -2.765190   6.747270   1.279710   1.000000   1.000000   1.000000   1.200000
 -3.625710   5.259440   1.906530   1.000000   1.000000   1.000000   1.200000
  0.938650   5.238880   0.578000   0.000000   0.000000   1.000000   1.540000
  0.764650   5.209840   1.613140   1.000000   1.000000   1.000000   1.200000
  0.966250   6.202370   0.265090   1.000000   1.000000   1.000000   1.200000
  0.111990   4.753850   0.144410   1.000000   1.000000   1.000000   1.200000
  1.791440   4.739910   0.351070   1.000000   1.000000   1.000000   1.200000
  1.576940   2.292620   4.697010   0.000000   0.000000   1.000000   1.540000
  1.524300   0.495620   3.659460   1.000000   1.000000   1.000000   1.200000
  1.060760   2.910310   4.096160   1.000000   1.000000   1.000000   1.200000
  2.496130   2.657460   4.829250   1.000000   1.000000   1.000000   1.200000
  1.122510   2.249390   5.584930   1.000000   1.000000   1.000000   1.200000
 -3.611000   0.935270   3.773210   0.000000   0.000000   1.000000   1.540000
 -2.119100  -0.199760   3.721130   1.000000   1.000000   1.000000   1.200000
 -3.820970   1.170580   2.822520   1.000000   1.000000   1.000000   1.200000
 -3.191610   1.747270   4.187500   1.000000   1.000000   1.000000   1.200000
 -4.460060   0.723060   4.252110   1.000000   1.000000   1.000000   1.200000
29 bonds follow (x1 y1 z1 x2 y2 z2)
 -3.611000   0.935270   3.773210  -4.460060   0.723060   4.252110
 -3.611000   0.935270   3.773210  -3.191610   1.747270   4.187500
 -3.611000   0.935270   3.773210  -3.820970   1.170580   2.822520
 -1.232360  -0.574680   3.530310  -2.119100  -0.199760   3.721130
  1.576940   2.292620   4.697010   1.122510   2.249390   5.584930
  1.576940   2.292620   4.697010   2.496130   2.657460   4.829250
  1.576940   2.292620   4.697010   1.060760   2.910310   4.096160
  1.179580  -0.065580   2.950270   1.524300   0.495620   3.659460
  0.938650   5.238880   0.578000   1.791440   4.739910   0.351070
  0.938650   5.238880   0.578000   0.111990   4.753850   0.144410
  0.938650   5.238880   0.578000   0.966250   6.202370   0.265090
  0.938650   5.238880   0.578000   0.764650   5.209840   1.613140
 -2.862550   5.632730   1.176300  -3.625710   5.259440   1.906530
 -2.862550   5.632730   1.176300  -2.765190   6.747270   1.279710
 -2.862550   5.632730   1.176300  -3.207610   5.400510   0.132740
 -1.621790   5.070600   1.407190  -2.862550   5.632730   1.176300
 -1.163010   3.423310   1.953450  -1.621790   5.070600   1.407190
 -1.163010   3.423310   1.953450  -0.790550   3.096490   0.618750
 -1.163010   3.423310   1.953450  -2.376070   3.121950   2.537360
 -1.163010   3.423310   1.953450  -0.061390   3.929360   2.705700
 -0.659810   1.597730   2.414680  -1.163010   3.423310   1.953450
 -0.311960   0.155980   2.500640  -0.659810   1.597730   2.414680
 -0.311960   0.155980   2.500640  -1.232360  -0.574680   3.530310
 -0.311960   0.155980   2.500640   1.179580  -0.065580   2.950270
 -0.437050  -0.638720   1.132730  -0.311960   0.155980   2.500640
 -0.032800   0.027660  -0.045300  -0.437050  -0.638720   1.132730
 -0.032800   0.027660  -0.045300  -0.491020  -0.537180  -0.896400
 -0.032800   0.027660  -0.045300  -0.399770   1.089570  -0.024420
 -0.032800   0.027660  -0.045300   1.083320  -0.016630  -0.118170
