33 atoms follow (x y z r g b radiusScale)
 -0.188630  -0.140160  -0.050560   0.000000   1.000000   0.000000   1.850000
  0.762070  -0.508480  -0.517940   1.000000   1.000000   1.000000   1.200000
 -0.201210   0.980880   0.032160   1.000000   1.000000   1.000000   1.200000
 -1.055360  -0.493400  -0.668790   1.000000   1.000000   1.000000   1.200000
 -0.311720  -0.741310   1.221510   1.000000   0.000000   0.000000   1.400000
 -0.246810   0.172170   2.518750   0.500000   0.500000   0.500000   1.900000
  1.224620   0.011150   3.051800   1.000000   0.000000   0.000000   1.400000
 -1.185190  -0.492330   3.575860   1.000000   0.000000   0.000000   1.400000
 -0.663470   1.566840   2.237980   1.000000   0.000000   0.000000   1.400000
 -1.203800   3.397640   1.811060   1.000000   1.000000   0.000000   1.850000
 -0.132920   3.810610   2.661000   1.000000   0.000000   0.000000   1.400000
 -2.446370   3.121160   2.351130   1.000000   0.000000   0.000000   1.400000
 -0.735170   3.104940   0.502810   1.000000   0.000000   0.000000   1.400000
 -1.604460   5.065550   1.299800   1.000000   0.000000   0.000000   1.400000
 -2.747710   5.736230   1.703490   0.000000   1.000000   0.000000   1.850000
 -3.594790   5.506140   1.006230   1.000000   1.000000   1.000000   1.200000
 -2.537230   6.838530   1.675230   1.000000   1.000000   1.000000   1.200000
 -3.040730   5.439530   2.743990   1.000000   1.000000   1.000000   1.200000
  0.930240   5.281980   0.652400   0.000000   0.000000   1.000000   1.540000
  1.164330   4.594470   1.399460   1.000000   1.000000   1.000000   1.200000
  1.757580   5.675490   0.227670   1.000000   1.000000   1.000000   1.200000
  0.329440   5.993290   1.084410   1.000000   1.000000   1.000000   1.200000
  0.333900   4.781470  -0.033600   1.000000   1.000000   1.000000   1.200000
  1.465940   2.373290   4.791120   0.000000   0.000000   1.000000   1.540000
  1.588860   0.691070   3.635830   1.000000   1.000000   1.000000   1.200000
  0.922150   2.915140   4.142860   1.000000   1.000000   1.000000   1.200000
  2.361640   2.800890   4.895770   1.000000   1.000000   1.000000   1.200000
  1.007830   2.377930   5.678140   1.000000   1.000000   1.000000   1.200000
 -3.625280   0.953460   3.727980   0.000000   0.000000   1.000000   1.540000
 -2.085460  -0.130960   3.711360   1.000000   1.000000   1.000000   1.200000
 -3.829560   1.167420   2.770820   1.000000   1.000000   1.000000   1.200000
 -3.221210   1.778450   4.130260   1.000000   1.000000   1.000000   1.200000
 -4.474980   0.739210   4.204840   1.000000   1.000000   1.000000   1.200000
28 bonds follow (x1 y1 z1 x2 y2 z2)
 -3.625280   0.953460   3.727980  -4.474980   0.739210   4.204840
 -3.625280   0.953460   3.727980  -3.221210   1.778450   4.130260
 -3.625280   0.953460   3.727980  -3.829560   1.167420   2.770820
 -1.185190  -0.492330   3.575860  -2.085460  -0.130960   3.711360
  1.465940   2.373290   4.791120   1.007830   2.377930   5.678140
  1.465940   2.373290   4.791120   2.361640   2.800890   4.895770
  1.465940   2.373290   4.791120   0.922150   2.915140   4.142860
  1.224620   0.011150   3.051800   1.588860   0.691070   3.635830
  0.930240   5.281980   0.652400   0.333900   4.781470  -0.033600
  0.930240   5.281980   0.652400   0.329440   5.993290   1.084410
  0.930240   5.281980   0.652400   1.757580   5.675490   0.227670
  0.930240   5.281980   0.652400   1.164330   4.594470   1.399460
 -2.747710   5.736230   1.703490  -3.040730   5.439530   2.743990
 -2.747710   5.736230   1.703490  -2.537230   6.838530   1.675230
 -2.747710   5.736230   1.703490  -3.594790   5.506140   1.006230
 -1.604460   5.065550   1.299800  -2.747710   5.736230   1.703490
 -1.203800   3.397640   1.811060  -1.604460   5.065550   1.299800
 -1.203800   3.397640   1.811060  -0.735170   3.104940   0.502810
 -1.203800   3.397640   1.811060  -2.446370   3.121160   2.351130
 -1.203800   3.397640   1.811060  -0.132920   3.810610   2.661000
 -0.246810   0.172170   2.518750  -0.663470   1.566840   2.237980
 -0.246810   0.172170   2.518750  -1.185190  -0.492330   3.575860
 -0.246810   0.172170   2.518750   1.224620   0.011150   3.051800
 -0.311720  -0.741310   1.221510  -0.246810   0.172170   2.518750
 -0.188630  -0.140160  -0.050560  -0.311720  -0.741310   1.221510
 -0.188630  -0.140160  -0.050560  -1.055360  -0.493400  -0.668790
 -0.188630  -0.140160  -0.050560  -0.201210   0.980880   0.032160
 -0.188630  -0.140160  -0.050560   0.762070  -0.508480  -0.517940
