33 atoms follow (x y z r g b radiusScale)
 -0.291880  -0.185940  -0.062970   0.000000   1.000000   0.000000   1.850000
  0.647920  -0.458590  -0.610660   1.000000   1.000000   1.000000   1.200000
 -0.407760   0.930000   0.013360   1.000000   1.000000   1.000000   1.200000
 -1.167010  -0.637250  -0.599980   1.000000   1.000000   1.000000   1.200000
 -0.233260  -0.775650   1.221670   1.000000   0.000000   0.000000   1.400000
 -0.250120   0.167660   2.502490   0.500000   0.500000   0.500000   1.900000
  1.204230   0.075090   3.075170   1.000000   0.000000   0.000000   1.400000
 -1.155160  -0.488810   3.596810   1.000000   0.000000   0.000000   1.400000
 -0.652360   1.567260   2.224760   1.000000   0.000000   0.000000   1.400000
 -1.188530   3.374050   1.800140   1.000000   1.000000   0.000000   1.850000
 -0.115060   3.872130   2.592640   1.000000   0.000000   0.000000   1.400000
 -2.432110   3.002690   2.301910   1.000000   0.000000   0.000000   1.400000
 -0.743680   3.131900   0.471140   1.000000   0.000000   0.000000   1.400000
 -1.601900   5.054330   1.348260   1.000000   0.000000   0.000000   1.400000
 -2.691370   5.769760   1.792340   0.000000   1.000000   0.000000   1.850000
 -3.601940   5.512990   1.189950   1.000000   1.000000   1.000000   1.200000
 -2.468210   6.863950   1.667600   1.000000   1.000000   1.000000   1.200000
 -2.900170   5.557870   2.873740   1.000000   1.000000   1.000000   1.200000
  0.948190   5.290630   0.660840   0.000000   0.000000   1.000000   1.540000
  1.401300   4.505210   1.149320   1.000000   1.000000   1.000000   1.200000
  1.607130   5.868740   0.157080   1.000000   1.000000   1.000000   1.200000
  0.423680   5.813830   1.378010   1.000000   1.000000   1.000000   1.200000
  0.222020   4.879070   0.042250   1.000000   1.000000   1.000000   1.200000
  1.417940   2.424100   4.813450   0.000000   0.000000   1.000000   1.540000
  1.449410   0.687180   3.787350   1.000000   1.000000   1.000000   1.200000
  0.885200   3.056600   4.242610   1.000000   1.000000   1.000000   1.200000
  2.324480   2.806800   4.975360   1.000000   1.000000   1.000000   1.200000
  0.960690   2.301810   5.692290   1.000000   1.000000   1.000000   1.200000
 -3.684100   0.968070   3.723860   0.000000   0.000000   1.000000   1.540000
 -2.053860  -0.138740   3.742830   1.000000   1.000000   1.000000   1.200000
 -3.829150   1.224030   2.765450   1.000000   1.000000   1.000000   1.200000
 -3.325430   1.779560   4.188910   1.000000   1.000000   1.000000   1.200000
 -4.559990   0.719780   4.132830   1.000000   1.000000   1.000000   1.200000
29 bonds follow (x1 y1 z1 x2 y2 z2)
 -3.684100   0.968070   3.723860  -4.559990   0.719780   4.132830
 -3.684100   0.968070   3.723860  -3.325430   1.779560   4.188910
 -3.684100   0.968070   3.723860  -3.829150   1.224030   2.765450
 -1.155160  -0.488810   3.596810  -2.053860  -0.138740   3.742830
  1.417940   2.424100   4.813450   0.960690   2.301810   5.692290
  1.417940   2.424100   4.813450   2.324480   2.806800   4.975360
  1.417940   2.424100   4.813450   0.885200   3.056600   4.242610
  1.204230   0.075090   3.075170   1.449410   0.687180   3.787350
  0.948190   5.290630   0.660840   0.222020   4.879070   0.042250
  0.948190   5.290630   0.660840   0.423680   5.813830   1.378010
  0.948190   5.290630   0.660840   1.607130   5.868740   0.157080
  0.948190   5.290630   0.660840   1.401300   4.505210   1.149320
 -2.691370   5.769760   1.792340  -2.900170   5.557870   2.873740
 -2.691370   5.769760   1.792340  -2.468210   6.863950   1.667600
 -2.691370   5.769760   1.792340  -3.601940   5.512990   1.189950
 -1.601900   5.054330   1.348260  -2.691370   5.769760   1.792340
 -1.188530   3.374050   1.800140  -1.601900   5.054330   1.348260
 -1.188530   3.374050   1.800140  -0.743680   3.131900   0.471140
 -1.188530   3.374050   1.800140  -2.432110   3.002690   2.301910
 -1.188530   3.374050   1.800140  -0.115060   3.872130   2.592640
 -0.652360   1.567260   2.224760  -1.188530   3.374050   1.800140
 -0.250120   0.167660   2.502490  -0.652360   1.567260   2.224760
 -0.250120   0.167660   2.502490  -1.155160  -0.488810   3.596810
 -0.250120   0.167660   2.502490   1.204230   0.075090   3.075170
 -0.233260  -0.775650   1.221670  -0.250120   0.167660   2.502490
 -0.291880  -0.185940  -0.062970  -0.233260  -0.775650   1.221670
 -0.291880  -0.185940  -0.062970  -1.167010  -0.637250  -0.599980
 -0.291880  -0.185940  -0.062970  -0.407760   0.930000   0.013360
 -0.291880  -0.185940  -0.062970   0.647920  -0.458590  -0.610660
