33 atoms follow (x y z r g b radiusScale)
 -0.545200  -0.129840  -0.018550   0.000000   1.000000   0.000000   1.850000
  0.285110  -0.328990  -0.745530   1.000000   1.000000   1.000000   1.200000
 -0.720400   0.975720   0.093730   1.000000   1.000000   1.000000   1.200000
 -1.471760  -0.649640  -0.379170   1.000000   1.000000   1.000000   1.200000
 -0.176030  -0.715500   1.210010   1.000000   0.000000   0.000000   1.400000
 -0.160040   0.175560   2.519050   0.500000   0.500000   0.500000   1.900000
  1.308710   0.028310   3.077750   1.000000   0.000000   0.000000   1.400000
 -1.090300  -0.619150   3.505670   1.000000   0.000000   0.000000   1.400000
 -0.586230   1.580540   2.308790   1.000000   0.000000   0.000000   1.400000
 -1.186720   3.423510   1.861390   1.000000   1.000000   0.000000   1.850000
 -0.099280   3.940240   2.614290   1.000000   0.000000   0.000000   1.400000
 -2.417190   3.131290   2.437540   1.000000   0.000000   0.000000   1.400000
 -0.785720   3.098080   0.533130   1.000000   0.000000   0.000000   1.400000
 -1.576440   5.076940   1.292850   1.000000   0.000000   0.000000   1.400000
 -2.501890   5.884820   1.927180   0.000000   1.000000   0.000000   1.850000
 -3.373170   5.282050   2.293670   1.000000   1.000000   1.000000   1.200000
 -2.864690   6.653400   1.195260   1.000000   1.000000   1.000000   1.200000
 -2.023860   6.408780   2.798180   1.000000   1.000000   1.000000   1.200000
  0.888530   5.171110   0.303410   0.000000   0.000000   1.000000   1.540000
  0.939910   5.160020   1.337410   1.000000   1.000000   1.000000   1.200000
  1.642630   5.686470  -0.118280   1.000000   1.000000   1.000000   1.200000
 -0.035990   5.575170   0.077860   1.000000   1.000000   1.000000   1.200000
  0.861740   4.174920  -0.008630   1.000000   1.000000   1.000000   1.200000
  1.092570   2.412630   4.968270   0.000000   0.000000   1.000000   1.540000
  1.548330   0.580060   3.831230   1.000000   1.000000   1.000000   1.200000
  0.831910   3.065770   4.250560   1.000000   1.000000   1.000000   1.200000
  1.848160   2.791980   5.498120   1.000000   1.000000   1.000000   1.200000
  0.314380   2.278820   5.579790   1.000000   1.000000   1.000000   1.200000
 -3.676890   0.793590   3.502760   0.000000   0.000000   1.000000   1.540000
 -2.018410  -0.342420   3.596990   1.000000   1.000000   1.000000   1.200000
 -3.958030   0.919380   2.551970   1.000000   1.000000   1.000000   1.200000
 -3.428830   1.695010   3.865030   1.000000   1.000000   1.000000   1.200000
 -4.443780   0.423160   4.023090   1.000000   1.000000   1.000000   1.200000
28 bonds follow (x1 y1 z1 x2 y2 z2)
 -3.676890   0.793590   3.502760  -4.443780   0.423160   4.023090
 -3.676890   0.793590   3.502760  -3.428830   1.695010   3.865030
 -3.676890   0.793590   3.502760  -3.958030   0.919380   2.551970
 -1.090300  -0.619150   3.505670  -2.018410  -0.342420   3.596990
  1.092570   2.412630   4.968270   0.314380   2.278820   5.579790
  1.092570   2.412630   4.968270   1.848160   2.791980   5.498120
  1.092570   2.412630   4.968270   0.831910   3.065770   4.250560
  1.308710   0.028310   3.077750   1.548330   0.580060   3.831230
  0.888530   5.171110   0.303410   0.861740   4.174920  -0.008630
  0.888530   5.171110   0.303410  -0.035990   5.575170   0.077860
  0.888530   5.171110   0.303410   1.642630   5.686470  -0.118280
  0.888530   5.171110   0.303410   0.939910   5.160020   1.337410
 -2.501890   5.884820   1.927180  -2.023860   6.408780   2.798180
 -2.501890   5.884820   1.927180  -2.864690   6.653400   1.195260
 -2.501890   5.884820   1.927180  -3.373170   5.282050   2.293670
 -1.576440   5.076940   1.292850  -2.501890   5.884820   1.927180
 -1.186720   3.423510   1.861390  -1.576440   5.076940   1.292850
 -1.186720   3.423510   1.861390  -0.785720   3.098080   0.533130
 -1.186720   3.423510   1.861390  -2.417190   3.131290   2.437540
 -1.186720   3.423510   1.861390  -0.099280   3.940240   2.614290
 -0.160040   0.175560   2.519050  -0.586230   1.580540   2.308790
 -0.160040   0.175560   2.519050  -1.090300  -0.619150   3.505670
 -0.160040   0.175560   2.519050   1.308710   0.028310   3.077750
 -0.176030  -0.715500   1.210010  -0.160040   0.175560   2.519050
 -0.545200  -0.129840  -0.018550  -0.176030  -0.715500   1.210010
 -0.545200  -0.129840  -0.018550  -1.471760  -0.649640  -0.379170
 -0.545200  -0.129840  -0.018550  -0.720400   0.975720   0.093730
 -0.545200  -0.129840  -0.018550   0.285110  -0.328990  -0.745530
