33 atoms follow (x y z r g b radiusScale)
 -0.510870  -0.096710  -0.024990   0.000000   1.000000   0.000000   1.850000
  0.392610  -0.162780  -0.686320   1.000000   1.000000   1.000000   1.200000
 -0.817440   0.974360   0.124600   1.000000   1.000000   1.000000   1.200000
 -1.340440  -0.690460  -0.491190   1.000000   1.000000   1.000000   1.200000
 -0.195940  -0.713660   1.203160   1.000000   0.000000   0.000000   1.400000
 -0.168360   0.159430   2.526660   0.500000   0.500000   0.500000   1.900000
  1.304250  -0.044030   3.072270   1.000000   0.000000   0.000000   1.400000
 -1.105520  -0.599140   3.526840   1.000000   0.000000   0.000000   1.400000
 -0.584750   1.565900   2.341380   1.000000   0.000000   0.000000   1.400000
 -1.188610   3.477470   1.856540   1.000000   1.000000   0.000000   1.850000
 -0.059200   3.920760   2.593190   1.000000   0.000000   0.000000   1.400000
 -2.400520   3.155390   2.444530   1.000000   0.000000   0.000000   1.400000
 -0.821940   3.076670   0.544540   1.000000   0.000000   0.000000   1.400000
 -1.623140   5.109460   1.300550   1.000000   0.000000   0.000000   1.400000
 -2.547150   5.928150   1.927510   0.000000   1.000000   0.000000   1.850000
 -3.305660   5.327430   2.492470   1.000000   1.000000   1.000000   1.200000
 -3.066880   6.539730   1.144190   1.000000   1.000000   1.000000   1.200000
 -2.017620   6.619430   2.637220   1.000000   1.000000   1.000000   1.200000
  0.885920   5.098860   0.304440   0.000000   0.000000   1.000000   1.540000
  1.148860   4.743970   1.236920   1.000000   1.000000   1.000000   1.200000
  1.666780   5.520470  -0.175810   1.000000   1.000000   1.000000   1.200000
  0.107180   5.760100   0.445900   1.000000   1.000000   1.000000   1.200000
  0.485420   4.287380  -0.228730   1.000000   1.000000   1.000000   1.200000
  1.052160   2.434630   4.993500   0.000000   0.000000   1.000000   1.540000
  1.561940   0.488580   3.828370   1.000000   1.000000   1.000000   1.200000
  0.902070   2.967000   4.155510   1.000000   1.000000   1.000000   1.200000
  1.867730   2.782320   5.452820   1.000000   1.000000   1.000000   1.200000
  0.269300   2.570680   5.598740   1.000000   1.000000   1.000000   1.200000
 -3.568200   0.737610   3.450200   0.000000   0.000000   1.000000   1.540000
 -2.020990  -0.288770   3.664750   1.000000   1.000000   1.000000   1.200000
 -3.763990   0.827640   2.473420   1.000000   1.000000   1.000000   1.200000
 -3.151420   1.601230   3.752210   1.000000   1.000000   1.000000   1.200000
 -4.428730   0.607730   3.938290   1.000000   1.000000   1.000000   1.200000
28 bonds follow (x1 y1 z1 x2 y2 z2)
 -3.568200   0.737610   3.450200  -4.428730   0.607730   3.938290
 -3.568200   0.737610   3.450200  -3.151420   1.601230   3.752210
 -3.568200   0.737610   3.450200  -3.763990   0.827640   2.473420
 -1.105520  -0.599140   3.526840  -2.020990  -0.288770   3.664750
  1.052160   2.434630   4.993500   0.269300   2.570680   5.598740
  1.052160   2.434630   4.993500   1.867730   2.782320   5.452820
  1.052160   2.434630   4.993500   0.902070   2.967000   4.155510
  1.304250  -0.044030   3.072270   1.561940   0.488580   3.828370
  0.885920   5.098860   0.304440   0.485420   4.287380  -0.228730
  0.885920   5.098860   0.304440   0.107180   5.760100   0.445900
  0.885920   5.098860   0.304440   1.666780   5.520470  -0.175810
  0.885920   5.098860   0.304440   1.148860   4.743970   1.236920
 -2.547150   5.928150   1.927510  -2.017620   6.619430   2.637220
 -2.547150   5.928150   1.927510  -3.066880   6.539730   1.144190
 -2.547150   5.928150   1.927510  -3.305660   5.327430   2.492470
 -1.623140   5.109460   1.300550  -2.547150   5.928150   1.927510
 -1.188610   3.477470   1.856540  -1.623140   5.109460   1.300550
 -1.188610   3.477470   1.856540  -0.821940   3.076670   0.544540
 -1.188610   3.477470   1.856540  -2.400520   3.155390   2.444530
 -1.188610   3.477470   1.856540  -0.059200   3.920760   2.593190
 -0.168360   0.159430   2.526660  -0.584750   1.565900   2.341380
 -0.168360   0.159430   2.526660  -1.105520  -0.599140   3.526840
 -0.168360   0.159430   2.526660   1.304250  -0.044030   3.072270
 -0.195940  -0.713660   1.203160  -0.168360   0.159430   2.526660
 -0.510870  -0.096710  -0.024990  -0.195940  -0.713660   1.203160
 -0.510870  -0.096710  -0.024990  -1.340440  -0.690460  -0.491190
 -0.510870  -0.096710  -0.024990  -0.817440   0.974360   0.124600
 -0.510870  -0.096710  -0.024990   0.392610  -0.162780  -0.686320
