33 atoms follow (x y z r g b radiusScale)
  0.003480  -0.001430  -0.003850   0.000000   1.000000   0.000000   1.850000
  1.122240  -0.007680   0.001220   1.000000   1.000000   1.000000   1.200000
 -0.401470   1.047300  -0.014170   1.000000   1.000000   1.000000   1.200000
 -0.384370  -0.585520  -0.875960   1.000000   1.000000   1.000000   1.200000
 -0.450450  -0.672400   1.156060   1.000000   0.000000   0.000000   1.400000
 -0.322580   0.114360   2.518460   0.500000   0.500000   0.500000   1.900000
  1.153430  -0.058530   2.997120   1.000000   0.000000   0.000000   1.400000
 -1.241780  -0.615580   3.538650   1.000000   0.000000   0.000000   1.400000
 -0.685100   1.558500   2.370560   1.000000   0.000000   0.000000   1.400000
 -1.095690   3.283880   1.994090   1.000000   1.000000   0.000000   1.850000
 -0.074490   3.828690   2.757100   1.000000   0.000000   0.000000   1.400000
 -2.376800   3.216950   2.503880   1.000000   0.000000   0.000000   1.400000
 -0.929940   3.135170   0.626720   1.000000   0.000000   0.000000   1.400000
 -1.579560   5.274720   1.568710   1.000000   0.000000   0.000000   1.400000
 -2.773740   5.661530   0.941460   0.000000   1.000000   0.000000   1.850000
 -2.771110   5.325990  -0.127230   1.000000   1.000000   1.000000   1.200000
 -2.886960   6.773760   0.984320   1.000000   1.000000   1.000000   1.200000
 -3.616650   5.172050   1.492710   1.000000   1.000000   1.000000   1.200000
  0.860930   5.487860   0.445750   0.000000   0.000000   1.000000   1.540000
  1.322990   5.204720   1.290660   1.000000   1.000000   1.000000   1.200000
 -0.646160   5.777480   1.217580   1.000000   1.000000   1.000000   1.200000
  0.740820   4.697100  -0.159010   1.000000   1.000000   1.000000   1.200000
  1.362340   6.222660  -0.007600   1.000000   1.000000   1.000000   1.200000
  1.620680   2.230020   4.682900   0.000000   0.000000   1.000000   1.540000
  1.521770   0.581560   3.636380   1.000000   1.000000   1.000000   1.200000
  1.203650   2.925400   4.089620   1.000000   1.000000   1.000000   1.200000
  2.582520   2.458170   4.823090   1.000000   1.000000   1.000000   1.200000
  1.158890   2.241430   5.568060   1.000000   1.000000   1.000000   1.200000
 -3.594150   0.963030   3.764260   0.000000   0.000000   1.000000   1.540000
 -2.142710  -0.267190   3.717580   1.000000   1.000000   1.000000   1.200000
 -3.848460   1.203010   2.825480   1.000000   1.000000   1.000000   1.200000
 -3.184700   1.782720   4.173430   1.000000   1.000000   1.000000   1.200000
 -4.419900   0.723930   4.271760   1.000000   1.000000   1.000000   1.200000
28 bonds follow (x1 y1 z1 x2 y2 z2)
 -3.594150   0.963030   3.764260  -4.419900   0.723930   4.271760
 -3.594150   0.963030   3.764260  -3.184700   1.782720   4.173430
 -3.594150   0.963030   3.764260  -3.848460   1.203010   2.825480
 -1.241780  -0.615580   3.538650  -2.142710  -0.267190   3.717580
  1.620680   2.230020   4.682900   1.158890   2.241430   5.568060
  1.620680   2.230020   4.682900   2.582520   2.458170   4.823090
  1.620680   2.230020   4.682900   1.203650   2.925400   4.089620
  1.153430  -0.058530   2.997120   1.521770   0.581560   3.636380
  0.860930   5.487860   0.445750   1.362340   6.222660  -0.007600
  0.860930   5.487860   0.445750   0.740820   4.697100  -0.159010
 -1.579560   5.274720   1.568710  -0.646160   5.777480   1.217580
  0.860930   5.487860   0.445750   1.322990   5.204720   1.290660
 -2.773740   5.661530   0.941460  -3.616650   5.172050   1.492710
 -2.773740   5.661530   0.941460  -2.886960   6.773760   0.984320
 -2.773740   5.661530   0.941460  -2.771110   5.325990  -0.127230
 -1.579560   5.274720   1.568710  -2.773740   5.661530   0.941460
 -1.095690   3.283880   1.994090  -0.929940   3.135170   0.626720
 -1.095690   3.283880   1.994090  -2.376800   3.216950   2.503880
 -1.095690   3.283880   1.994090  -0.074490   3.828690   2.757100
 -0.685100   1.558500   2.370560  -1.095690   3.283880   1.994090
 -0.322580   0.114360   2.518460  -0.685100   1.558500   2.370560
 -0.322580   0.114360   2.518460  -1.241780  -0.615580   3.538650
 -0.322580   0.114360   2.518460   1.153430  -0.058530   2.997120
 -0.450450  -0.672400   1.156060  -0.322580   0.114360   2.518460
  0.003480  -0.001430  -0.003850  -0.450450  -0.672400   1.156060
  0.003480  -0.001430  -0.003850  -0.384370  -0.585520  -0.875960
  0.003480  -0.001430  -0.003850  -0.401470   1.047300  -0.014170
  0.003480  -0.001430  -0.003850   1.122240  -0.007680   0.001220
