33 atoms follow (x y z r g b radiusScale)
  0.001310  -0.000300  -0.001410   0.000000   1.000000   0.000000   1.850000
  1.120100  -0.001820   0.000170   1.000000   1.000000   1.000000   1.200000
 -0.402820   1.049050  -0.004680   1.000000   1.000000   1.000000   1.200000
 -0.386430  -0.580510  -0.875760   1.000000   1.000000   1.000000   1.200000
 -0.447540  -0.677780   1.157280   1.000000   0.000000   0.000000   1.400000
 -0.325590   0.125390   2.516080   0.500000   0.500000   0.500000   1.900000
  1.151830  -0.064010   2.994810   1.000000   0.000000   0.000000   1.400000
 -1.241100  -0.620690   3.539170   1.000000   0.000000   0.000000   1.400000
 -0.685140   1.572230   2.367580   1.000000   0.000000   0.000000   1.400000
 -1.121110   3.345100   1.984090   1.000000   1.000000   0.000000   1.850000
 -0.055440   3.838960   2.719430   1.000000   0.000000   0.000000   1.400000
 -2.394240   3.185980   2.519110   1.000000   0.000000   0.000000   1.400000
 -0.890230   3.155360   0.625690   1.000000   0.000000   0.000000   1.400000
 -1.515290   5.203130   1.558530   1.000000   0.000000   0.000000   1.400000
 -2.717370   5.639790   0.950480   0.000000   1.000000   0.000000   1.850000
 -2.750430   5.312390  -0.117890   1.000000   1.000000   1.000000   1.200000
 -2.783500   6.751750   1.041010   1.000000   1.000000   1.000000   1.200000
 -3.503750   5.125900   1.565050   1.000000   1.000000   1.000000   1.200000
  0.769020   5.433320   0.501180   0.000000   0.000000   1.000000   1.540000
  1.308610   5.193410   1.310160   1.000000   1.000000   1.000000   1.200000
 -0.714780   5.750170   0.979060   1.000000   1.000000   1.000000   1.200000
  0.747640   4.675630  -0.153560   1.000000   1.000000   1.000000   1.200000
  1.092870   6.276340   0.079550   1.000000   1.000000   1.000000   1.200000
  1.620550   2.231270   4.685130   0.000000   0.000000   1.000000   1.540000
  1.521720   0.575000   3.631820   1.000000   1.000000   1.000000   1.200000
  1.184850   2.904360   4.079640   1.000000   1.000000   1.000000   1.200000
  2.573720   2.492030   4.825930   1.000000   1.000000   1.000000   1.200000
  1.154630   2.236530   5.567920   1.000000   1.000000   1.000000   1.200000
 -3.597250   0.960330   3.766580   0.000000   0.000000   1.000000   1.540000
 -2.138480  -0.273320   3.723550   1.000000   1.000000   1.000000   1.200000
 -3.837560   1.195960   2.823500   1.000000   1.000000   1.000000   1.200000
 -3.172720   1.772570   4.174150   1.000000   1.000000   1.000000   1.200000
 -4.430430   0.739300   4.269380   1.000000   1.000000   1.000000   1.200000
29 bonds follow (x1 y1 z1 x2 y2 z2)
 -3.597250   0.960330   3.766580  -4.430430   0.739300   4.269380
 -3.597250   0.960330   3.766580  -3.172720   1.772570   4.174150
 -3.597250   0.960330   3.766580  -3.837560   1.195960   2.823500
 -1.241100  -0.620690   3.539170  -2.138480  -0.273320   3.723550
  1.620550   2.231270   4.685130   1.154630   2.236530   5.567920
  1.620550   2.231270   4.685130   2.573720   2.492030   4.825930
  1.620550   2.231270   4.685130   1.184850   2.904360   4.079640
  1.151830  -0.064010   2.994810   1.521720   0.575000   3.631820
  0.769020   5.433320   0.501180   1.092870   6.276340   0.079550
  0.769020   5.433320   0.501180   0.747640   4.675630  -0.153560
 -1.515290   5.203130   1.558530  -0.714780   5.750170   0.979060
  0.769020   5.433320   0.501180   1.308610   5.193410   1.310160
 -2.717370   5.639790   0.950480  -3.503750   5.125900   1.565050
 -2.717370   5.639790   0.950480  -2.783500   6.751750   1.041010
 -2.717370   5.639790   0.950480  -2.750430   5.312390  -0.117890
 -1.515290   5.203130   1.558530  -2.717370   5.639790   0.950480
 -1.121110   3.345100   1.984090  -1.515290   5.203130   1.558530
 -1.121110   3.345100   1.984090  -0.890230   3.155360   0.625690
 -1.121110   3.345100   1.984090  -2.394240   3.185980   2.519110
 -1.121110   3.345100   1.984090  -0.055440   3.838960   2.719430
 -0.685140   1.572230   2.367580  -1.121110   3.345100   1.984090
 -0.325590   0.125390   2.516080  -0.685140   1.572230   2.367580
 -0.325590   0.125390   2.516080  -1.241100  -0.620690   3.539170
 -0.325590   0.125390   2.516080   1.151830  -0.064010   2.994810
 -0.447540  -0.677780   1.157280  -0.325590   0.125390   2.516080
  0.001310  -0.000300  -0.001410  -0.447540  -0.677780   1.157280
  0.001310  -0.000300  -0.001410  -0.386430  -0.580510  -0.875760
  0.001310  -0.000300  -0.001410  -0.402820   1.049050  -0.004680
  0.001310  -0.000300  -0.001410   1.120100  -0.001820   0.000170
