33 atoms follow (x y z r g b radiusScale)
 -0.560270  -0.160410  -0.043290   0.000000   1.000000   0.000000   1.850000
  0.202770  -0.464860  -0.806420   1.000000   1.000000   1.000000   1.200000
 -0.639280   0.958820   0.023880   1.000000   1.000000   1.000000   1.200000
 -1.546970  -0.619540  -0.316790   1.000000   1.000000   1.000000   1.200000
 -0.142970  -0.707170   1.189110   1.000000   0.000000   0.000000   1.400000
 -0.186550   0.181470   2.502520   0.500000   0.500000   0.500000   1.900000
  1.273130   0.093740   3.094320   1.000000   0.000000   0.000000   1.400000
 -1.081540  -0.598380   3.535000   1.000000   0.000000   0.000000   1.400000
 -0.600540   1.594150   2.326670   1.000000   0.000000   0.000000   1.400000
 -1.169940   3.415350   1.851530   1.000000   1.000000   0.000000   1.850000
 -0.076300   3.920580   2.607230   1.000000   0.000000   0.000000   1.400000
 -2.384970   3.031100   2.403820   1.000000   0.000000   0.000000   1.400000
 -0.782190   3.085250   0.528040   1.000000   0.000000   0.000000   1.400000
 -1.572850   5.064810   1.301320   1.000000   0.000000   0.000000   1.400000
 -2.487750   5.894310   1.919120   0.000000   1.000000   0.000000   1.850000
 -3.441160   5.343220   2.130410   1.000000   1.000000   1.000000   1.200000
 -2.699010   6.758460   1.234950   1.000000   1.000000   1.000000   1.200000
 -2.066780   6.287670   2.883290   1.000000   1.000000   1.000000   1.200000
  0.859510   5.211490   0.344800   0.000000   0.000000   1.000000   1.540000
  0.735050   5.282300   1.384560   1.000000   1.000000   1.000000   1.200000
  1.595240   5.812100   0.005120   1.000000   1.000000   1.000000   1.200000
 -0.061670   5.451410  -0.057430   1.000000   1.000000   1.000000   1.200000
  1.019890   4.219560   0.134850   1.000000   1.000000   1.000000   1.200000
  1.126600   2.389580   4.971990   0.000000   0.000000   1.000000   1.540000
  1.514490   0.771150   3.742870   1.000000   1.000000   1.000000   1.200000
  0.859280   2.997750   4.217850   1.000000   1.000000   1.000000   1.200000
  1.862160   2.819720   5.490890   1.000000   1.000000   1.000000   1.200000
  0.342800   2.263870   5.577740   1.000000   1.000000   1.000000   1.200000
 -3.719610   0.805800   3.528630   0.000000   0.000000   1.000000   1.540000
 -1.986430  -0.291230   3.695470   1.000000   1.000000   1.000000   1.200000
 -3.988940   1.007430   2.586430   1.000000   1.000000   1.000000   1.200000
 -3.272270   1.630390   3.886660   1.000000   1.000000   1.000000   1.200000
 -4.542220   0.624160   4.065390   1.000000   1.000000   1.000000   1.200000
28 bonds follow (x1 y1 z1 x2 y2 z2)
 -3.719610   0.805800   3.528630  -4.542220   0.624160   4.065390
 -3.719610   0.805800   3.528630  -3.272270   1.630390   3.886660
 -3.719610   0.805800   3.528630  -3.988940   1.007430   2.586430
 -1.081540  -0.598380   3.535000  -1.986430  -0.291230   3.695470
  1.126600   2.389580   4.971990   0.342800   2.263870   5.577740
  1.126600   2.389580   4.971990   1.862160   2.819720   5.490890
  1.126600   2.389580   4.971990   0.859280   2.997750   4.217850
  1.273130   0.093740   3.094320   1.514490   0.771150   3.742870
  0.859510   5.211490   0.344800   1.019890   4.219560   0.134850
  0.859510   5.211490   0.344800  -0.061670   5.451410  -0.057430
  0.859510   5.211490   0.344800   1.595240   5.812100   0.005120
  0.859510   5.211490   0.344800   0.735050   5.282300   1.384560
 -2.487750   5.894310   1.919120  -2.066780   6.287670   2.883290
 -2.487750   5.894310   1.919120  -2.699010   6.758460   1.234950
 -2.487750   5.894310   1.919120  -3.441160   5.343220   2.130410
 -1.572850   5.064810   1.301320  -2.487750   5.894310   1.919120
 -1.169940   3.415350   1.851530  -1.572850   5.064810   1.301320
 -1.169940   3.415350   1.851530  -0.782190   3.085250   0.528040
 -1.169940   3.415350   1.851530  -2.384970   3.031100   2.403820
 -1.169940   3.415350   1.851530  -0.076300   3.920580   2.607230
 -0.186550   0.181470   2.502520  -0.600540   1.594150   2.326670
 -0.186550   0.181470   2.502520  -1.081540  -0.598380   3.535000
 -0.186550   0.181470   2.502520   1.273130   0.093740   3.094320
 -0.142970  -0.707170   1.189110  -0.186550   0.181470   2.502520
 -0.560270  -0.160410  -0.043290  -0.142970  -0.707170   1.189110
 -0.560270  -0.160410  -0.043290  -1.546970  -0.619540  -0.316790
 -0.560270  -0.160410  -0.043290  -0.639280   0.958820   0.023880
 -0.560270  -0.160410  -0.043290   0.202770  -0.464860  -0.806420
