33 atoms follow (x y z r g b radiusScale)
 -0.030930   0.024080  -0.043260   0.000000   1.000000   0.000000   1.850000
  1.086190  -0.017700  -0.101640   1.000000   1.000000   1.000000   1.200000
 -0.400500   1.085590  -0.028870   1.000000   1.000000   1.000000   1.200000
 -0.477610  -0.542140  -0.899330   1.000000   1.000000   1.000000   1.200000
 -0.446220  -0.639820   1.131650   1.000000   0.000000   0.000000   1.400000
 -0.305670   0.160770   2.495970   0.500000   0.500000   0.500000   1.900000
  1.180430  -0.074410   2.961630   1.000000   0.000000   0.000000   1.400000
 -1.232680  -0.563980   3.522810   1.000000   0.000000   0.000000   1.400000
 -0.666270   1.597950   2.406660   1.000000   0.000000   0.000000   1.400000
 -1.169920   3.432480   1.953980   1.000000   1.000000   0.000000   1.850000
 -0.057240   3.925720   2.705210   1.000000   0.000000   0.000000   1.400000
 -2.374260   3.120270   2.548560   1.000000   0.000000   0.000000   1.400000
 -0.798180   3.092420   0.619320   1.000000   0.000000   0.000000   1.400000
 -1.615040   5.076180   1.420130   1.000000   0.000000   0.000000   1.400000
 -2.864490   5.612690   1.163150   0.000000   1.000000   0.000000   1.850000
 -3.177740   5.374640   0.111300   1.000000   1.000000   1.000000   1.200000
 -2.791830   6.727950   1.275560   1.000000   1.000000   1.000000   1.200000
 -3.631820   5.216410   1.876700   1.000000   1.000000   1.000000   1.200000
  0.946470   5.241840   0.577690   0.000000   0.000000   1.000000   1.540000
  0.782800   5.191910   1.607160   1.000000   1.000000   1.000000   1.200000
  0.940560   6.212800   0.273510   1.000000   1.000000   1.000000   1.200000
  0.143650   4.731260   0.142700   1.000000   1.000000   1.000000   1.200000
  1.814970   4.791300   0.339030   1.000000   1.000000   1.000000   1.200000
  1.580800   2.289590   4.695890   0.000000   0.000000   1.000000   1.540000
  1.523510   0.494520   3.665870   1.000000   1.000000   1.000000   1.200000
  1.065830   2.903200   4.089620   1.000000   1.000000   1.000000   1.200000
  2.499920   2.655300   4.826200   1.000000   1.000000   1.000000   1.200000
  1.125040   2.253830   5.583450   1.000000   1.000000   1.000000   1.200000
 -3.612890   0.933720   3.774990   0.000000   0.000000   1.000000   1.540000
 -2.119620  -0.183270   3.703750   1.000000   1.000000   1.000000   1.200000
 -3.838750   1.183590   2.832020   1.000000   1.000000   1.000000   1.200000
 -3.204520   1.744080   4.202430   1.000000   1.000000   1.000000   1.200000
 -4.449740   0.689960   4.260080   1.000000   1.000000   1.000000   1.200000
28 bonds follow (x1 y1 z1 x2 y2 z2)
 -3.612890   0.933720   3.774990  -4.449740   0.689960   4.260080
 -3.612890   0.933720   3.774990  -3.204520   1.744080   4.202430
 -3.612890   0.933720   3.774990  -3.838750   1.183590   2.832020
 -1.232680  -0.563980   3.522810  -2.119620  -0.183270   3.703750
  1.580800   2.289590   4.695890   1.125040   2.253830   5.583450
  1.580800   2.289590   4.695890   2.499920   2.655300   4.826200
  1.580800   2.289590   4.695890   1.065830   2.903200   4.089620
  1.180430  -0.074410   2.961630   1.523510   0.494520   3.665870
  0.946470   5.241840   0.577690   1.814970   4.791300   0.339030
  0.946470   5.241840   0.577690   0.143650   4.731260   0.142700
  0.946470   5.241840   0.577690   0.940560   6.212800   0.273510
  0.946470   5.241840   0.577690   0.782800   5.191910   1.607160
 -2.864490   5.612690   1.163150  -3.631820   5.216410   1.876700
 -2.864490   5.612690   1.163150  -2.791830   6.727950   1.275560
 -2.864490   5.612690   1.163150  -3.177740   5.374640   0.111300
 -1.615040   5.076180   1.420130  -2.864490   5.612690   1.163150
 -1.169920   3.432480   1.953980  -1.615040   5.076180   1.420130
 -1.169920   3.432480   1.953980  -0.798180   3.092420   0.619320
 -1.169920   3.432480   1.953980  -2.374260   3.120270   2.548560
 -1.169920   3.432480   1.953980  -0.057240   3.925720   2.705210
 -0.305670   0.160770   2.495970  -0.666270   1.597950   2.406660
 -0.305670   0.160770   2.495970  -1.232680  -0.563980   3.522810
 -0.305670   0.160770   2.495970   1.180430  -0.074410   2.961630
 -0.446220  -0.639820   1.131650  -0.305670   0.160770   2.495970
 -0.030930   0.024080  -0.043260  -0.446220  -0.639820   1.131650
 -0.030930   0.024080  -0.043260  -0.477610  -0.542140  -0.899330
 -0.030930   0.024080  -0.043260  -0.400500   1.085590  -0.028870
 -0.030930   0.024080  -0.043260   1.086190  -0.017700  -0.101640
