33 atoms follow (x y z r g b radiusScale)
 -0.034220   0.030140  -0.045120   0.000000   1.000000   0.000000   1.850000
  1.081130  -0.016670  -0.128960   1.000000   1.000000   1.000000   1.200000
 -0.398050   1.093130  -0.018290   1.000000   1.000000   1.000000   1.200000
 -0.501160  -0.531870  -0.893520   1.000000   1.000000   1.000000   1.200000
 -0.430650  -0.639240   1.134360   1.000000   0.000000   0.000000   1.400000
 -0.316800   0.152220   2.504550   0.500000   0.500000   0.500000   1.900000
  1.178460  -0.059910   2.942930   1.000000   0.000000   0.000000   1.400000
 -1.230690  -0.585930   3.536170   1.000000   0.000000   0.000000   1.400000
 -0.651030   1.598160   2.417090   1.000000   0.000000   0.000000   1.400000
 -1.162960   3.418460   1.953880   1.000000   1.000000   0.000000   1.850000
 -0.065980   3.929710   2.704000   1.000000   0.000000   0.000000   1.400000
 -2.383840   3.123270   2.529930   1.000000   0.000000   0.000000   1.400000
 -0.782930   3.101170   0.619310   1.000000   0.000000   0.000000   1.400000
 -1.621050   5.068530   1.398010   1.000000   0.000000   0.000000   1.400000
 -2.856930   5.642180   1.188010   0.000000   1.000000   0.000000   1.850000
 -3.224820   5.411220   0.151620   1.000000   1.000000   1.000000   1.200000
 -2.750150   6.757060   1.286390   1.000000   1.000000   1.000000   1.200000
 -3.611570   5.278120   1.932090   1.000000   1.000000   1.000000   1.200000
  0.933580   5.241730   0.574850   0.000000   0.000000   1.000000   1.540000
  0.757970   5.223810   1.602650   1.000000   1.000000   1.000000   1.200000
  1.003750   6.193330   0.248510   1.000000   1.000000   1.000000   1.200000
  0.098730   4.775180   0.146200   1.000000   1.000000   1.000000   1.200000
  1.766500   4.713280   0.359250   1.000000   1.000000   1.000000   1.200000
  1.573970   2.294010   4.698400   0.000000   0.000000   1.000000   1.540000
  1.528380   0.506130   3.645690   1.000000   1.000000   1.000000   1.200000
  1.057220   2.911870   4.098060   1.000000   1.000000   1.000000   1.200000
  2.493440   2.658330   4.829800   1.000000   1.000000   1.000000   1.200000
  1.120460   2.250100   5.586680   1.000000   1.000000   1.000000   1.200000
 -3.609590   0.937380   3.771600   0.000000   0.000000   1.000000   1.540000
 -2.117950  -0.216940   3.733120   1.000000   1.000000   1.000000   1.200000
 -3.811030   1.161830   2.816320   1.000000   1.000000   1.000000   1.200000
 -3.183720   1.750820   4.176780   1.000000   1.000000   1.000000   1.200000
 -4.465560   0.745280   4.246920   1.000000   1.000000   1.000000   1.200000
29 bonds follow (x1 y1 z1 x2 y2 z2)
 -3.609590   0.937380   3.771600  -4.465560   0.745280   4.246920
 -3.609590   0.937380   3.771600  -3.183720   1.750820   4.176780
 -3.609590   0.937380   3.771600  -3.811030   1.161830   2.816320
 -1.230690  -0.585930   3.536170  -2.117950  -0.216940   3.733120
  1.573970   2.294010   4.698400   1.120460   2.250100   5.586680
  1.573970   2.294010   4.698400   2.493440   2.658330   4.829800
  1.573970   2.294010   4.698400   1.057220   2.911870   4.098060
  1.178460  -0.059910   2.942930   1.528380   0.506130   3.645690
  0.933580   5.241730   0.574850   1.766500   4.713280   0.359250
  0.933580   5.241730   0.574850   0.098730   4.775180   0.146200
  0.933580   5.241730   0.574850   1.003750   6.193330   0.248510
  0.933580   5.241730   0.574850   0.757970   5.223810   1.602650
 -2.856930   5.642180   1.188010  -3.611570   5.278120   1.932090
 -2.856930   5.642180   1.188010  -2.750150   6.757060   1.286390
 -2.856930   5.642180   1.188010  -3.224820   5.411220   0.151620
 -1.621050   5.068530   1.398010  -2.856930   5.642180   1.188010
 -1.162960   3.418460   1.953880  -1.621050   5.068530   1.398010
 -1.162960   3.418460   1.953880  -0.782930   3.101170   0.619310
 -1.162960   3.418460   1.953880  -2.383840   3.123270   2.529930
 -1.162960   3.418460   1.953880  -0.065980   3.929710   2.704000
 -0.651030   1.598160   2.417090  -1.162960   3.418460   1.953880
 -0.316800   0.152220   2.504550  -0.651030   1.598160   2.417090
 -0.316800   0.152220   2.504550  -1.230690  -0.585930   3.536170
 -0.316800   0.152220   2.504550   1.178460  -0.059910   2.942930
 -0.430650  -0.639240   1.134360  -0.316800   0.152220   2.504550
 -0.034220   0.030140  -0.045120  -0.430650  -0.639240   1.134360
 -0.034220   0.030140  -0.045120  -0.501160  -0.531870  -0.893520
 -0.034220   0.030140  -0.045120  -0.398050   1.093130  -0.018290
 -0.034220   0.030140  -0.045120   1.081130  -0.016670  -0.128960
