33 atoms follow (x y z r g b radiusScale)
 -0.238240  -0.194110  -0.039360   0.000000   1.000000   0.000000   1.850000
  0.737580  -0.458780  -0.525460   1.000000   1.000000   1.000000   1.200000
 -0.368690   0.919640   0.045150   1.000000   1.000000   1.000000   1.200000
 -1.074190  -0.635490  -0.643130   1.000000   1.000000   1.000000   1.200000
 -0.276610  -0.805600   1.233150   1.000000   0.000000   0.000000   1.400000
 -0.215300   0.148060   2.500660   0.500000   0.500000   0.500000   1.900000
  1.295420   0.126280   2.964700   1.000000   0.000000   0.000000   1.400000
 -1.103460  -0.577210   3.573120   1.000000   0.000000   0.000000   1.400000
 -0.716980   1.520000   2.236890   1.000000   0.000000   0.000000   1.400000
 -1.126290   3.421730   1.926530   1.000000   1.000000   0.000000   1.850000
  0.112420   3.750420   2.544130   1.000000   0.000000   0.000000   1.400000
 -2.298600   3.221840   2.631750   1.000000   0.000000   0.000000   1.400000
 -0.941760   3.138390   0.542650   1.000000   0.000000   0.000000   1.400000
 -1.457790   5.149880   1.569230   1.000000   0.000000   0.000000   1.400000
 -2.667590   5.762750   1.850870   0.000000   1.000000   0.000000   1.850000
 -3.048830   5.454050   2.858850   1.000000   1.000000   1.000000   1.200000
 -3.429950   5.490720   1.073780   1.000000   1.000000   1.000000   1.200000
 -2.511400   6.873520   1.837510   1.000000   1.000000   1.000000   1.200000
  0.819810   5.163740   0.257990   0.000000   0.000000   1.000000   1.540000
  1.081150   4.995790   1.245060   1.000000   1.000000   1.000000   1.200000
  1.565890   5.577890  -0.279710   1.000000   1.000000   1.000000   1.200000
 -0.024410   5.761550   0.280260   1.000000   1.000000   1.000000   1.200000
  0.522120   4.245440  -0.131060   1.000000   1.000000   1.000000   1.200000
  0.963390   2.508330   4.882570   0.000000   0.000000   1.000000   1.540000
  1.566040   0.799090   3.599100   1.000000   1.000000   1.000000   1.200000
  1.366040   3.082510   4.164460   1.000000   1.000000   1.000000   1.200000
  1.276210   2.842630   5.770000   1.000000   1.000000   1.000000   1.200000
 -0.029630   2.630480   4.835050   1.000000   1.000000   1.000000   1.200000
 -3.659150   0.894600   3.395500   0.000000   0.000000   1.000000   1.540000
 -2.038900  -0.321070   3.646310   1.000000   1.000000   1.000000   1.200000
 -3.493820   1.206430   2.456860   1.000000   1.000000   1.000000   1.200000
 -3.495760   1.684130   3.991190   1.000000   1.000000   1.000000   1.200000
 -4.616790   0.622510   3.474720   1.000000   1.000000   1.000000   1.200000
28 bonds follow (x1 y1 z1 x2 y2 z2)
 -3.659150   0.894600   3.395500  -4.616790   0.622510   3.474720
 -3.659150   0.894600   3.395500  -3.495760   1.684130   3.991190
 -3.659150   0.894600   3.395500  -3.493820   1.206430   2.456860
 -1.103460  -0.577210   3.573120  -2.038900  -0.321070   3.646310
  0.963390   2.508330   4.882570  -0.029630   2.630480   4.835050
  0.963390   2.508330   4.882570   1.276210   2.842630   5.770000
  0.963390   2.508330   4.882570   1.366040   3.082510   4.164460
  1.295420   0.126280   2.964700   1.566040   0.799090   3.599100
  0.819810   5.163740   0.257990   0.522120   4.245440  -0.131060
  0.819810   5.163740   0.257990  -0.024410   5.761550   0.280260
  0.819810   5.163740   0.257990   1.565890   5.577890  -0.279710
  0.819810   5.163740   0.257990   1.081150   4.995790   1.245060
 -2.667590   5.762750   1.850870  -2.511400   6.873520   1.837510
 -2.667590   5.762750   1.850870  -3.429950   5.490720   1.073780
 -2.667590   5.762750   1.850870  -3.048830   5.454050   2.858850
 -1.457790   5.149880   1.569230  -2.667590   5.762750   1.850870
 -1.126290   3.421730   1.926530  -1.457790   5.149880   1.569230
 -1.126290   3.421730   1.926530  -0.941760   3.138390   0.542650
 -1.126290   3.421730   1.926530  -2.298600   3.221840   2.631750
 -1.126290   3.421730   1.926530   0.112420   3.750420   2.544130
 -0.215300   0.148060   2.500660  -0.716980   1.520000   2.236890
 -0.215300   0.148060   2.500660  -1.103460  -0.577210   3.573120
 -0.215300   0.148060   2.500660   1.295420   0.126280   2.964700
 -0.276610  -0.805600   1.233150  -0.215300   0.148060   2.500660
 -0.238240  -0.194110  -0.039360  -0.276610  -0.805600   1.233150
 -0.238240  -0.194110  -0.039360  -1.074190  -0.635490  -0.643130
 -0.238240  -0.194110  -0.039360  -0.368690   0.919640   0.045150
 -0.238240  -0.194110  -0.039360   0.737580  -0.458780  -0.525460
