33 atoms follow (x y z r g b radiusScale)
 -0.112930  -0.099110  -0.020480   0.000000   1.000000   0.000000   1.850000
  0.895710  -0.420990  -0.390250   1.000000   1.000000   1.000000   1.200000
 -0.172660   1.017520   0.096520   1.000000   1.000000   1.000000   1.200000
 -0.894780  -0.454030  -0.742120   1.000000   1.000000   1.000000   1.200000
 -0.366170  -0.744330   1.210180   1.000000   0.000000   0.000000   1.400000
 -0.298080   0.141660   2.528200   0.500000   0.500000   0.500000   1.900000
  1.195600   0.001040   3.009140   1.000000   0.000000   0.000000   1.400000
 -1.167020  -0.623940   3.587760   1.000000   0.000000   0.000000   1.400000
 -0.664540   1.565310   2.332530   1.000000   0.000000   0.000000   1.400000
 -1.206550   3.431780   1.849110   1.000000   1.000000   0.000000   1.850000
 -0.151380   3.911450   2.678220   1.000000   0.000000   0.000000   1.400000
 -2.466590   3.075190   2.301690   1.000000   0.000000   0.000000   1.400000
 -0.751840   3.142570   0.539590   1.000000   0.000000   0.000000   1.400000
 -1.573510   5.109980   1.395720   1.000000   0.000000   0.000000   1.400000
 -2.788180   5.738140   1.597240   0.000000   1.000000   0.000000   1.850000
 -3.503760   5.470530   0.775580   1.000000   1.000000   1.000000   1.200000
 -2.612390   6.846630   1.585220   1.000000   1.000000   1.000000   1.200000
 -3.234310   5.443030   2.582840   1.000000   1.000000   1.000000   1.200000
  0.953870   5.290820   0.546150   0.000000   0.000000   1.000000   1.540000
  1.036620   5.095420   1.557940   1.000000   1.000000   1.000000   1.200000
  1.733130   5.821020   0.188930   1.000000   1.000000   1.000000   1.200000
  0.056240   5.781210   0.420710   1.000000   1.000000   1.000000   1.200000
  0.850540   4.370730   0.069810   1.000000   1.000000   1.000000   1.200000
  1.497810   2.338020   4.756970   0.000000   0.000000   1.000000   1.540000
  1.465130   0.533090   3.770670   1.000000   1.000000   1.000000   1.200000
  1.003790   2.983820   4.166730   1.000000   1.000000   1.000000   1.200000
  2.444420   2.635110   4.858580   1.000000   1.000000   1.000000   1.200000
  1.069690   2.319130   5.658030   1.000000   1.000000   1.000000   1.200000
 -3.531410   0.964260   3.703830   0.000000   0.000000   1.000000   1.540000
 -2.059540  -0.276070   3.784130   1.000000   1.000000   1.000000   1.200000
 -3.781450   1.102340   2.743640   1.000000   1.000000   1.000000   1.200000
 -3.146130   1.830960   4.030660   1.000000   1.000000   1.000000   1.200000
 -4.354670   0.754160   4.227030   1.000000   1.000000   1.000000   1.200000
28 bonds follow (x1 y1 z1 x2 y2 z2)
 -3.531410   0.964260   3.703830  -4.354670   0.754160   4.227030
 -3.531410   0.964260   3.703830  -3.146130   1.830960   4.030660
 -3.531410   0.964260   3.703830  -3.781450   1.102340   2.743640
 -1.167020  -0.623940   3.587760  -2.059540  -0.276070   3.784130
  1.497810   2.338020   4.756970   1.069690   2.319130   5.658030
  1.497810   2.338020   4.756970   2.444420   2.635110   4.858580
  1.497810   2.338020   4.756970   1.003790   2.983820   4.166730
  1.195600   0.001040   3.009140   1.465130   0.533090   3.770670
  0.953870   5.290820   0.546150   0.850540   4.370730   0.069810
  0.953870   5.290820   0.546150   0.056240   5.781210   0.420710
  0.953870   5.290820   0.546150   1.733130   5.821020   0.188930
  0.953870   5.290820   0.546150   1.036620   5.095420   1.557940
 -2.788180   5.738140   1.597240  -3.234310   5.443030   2.582840
 -2.788180   5.738140   1.597240  -2.612390   6.846630   1.585220
 -2.788180   5.738140   1.597240  -3.503760   5.470530   0.775580
 -1.573510   5.109980   1.395720  -2.788180   5.738140   1.597240
 -1.206550   3.431780   1.849110  -1.573510   5.109980   1.395720
 -1.206550   3.431780   1.849110  -0.751840   3.142570   0.539590
 -1.206550   3.431780   1.849110  -2.466590   3.075190   2.301690
 -1.206550   3.431780   1.849110  -0.151380   3.911450   2.678220
 -0.298080   0.141660   2.528200  -0.664540   1.565310   2.332530
 -0.298080   0.141660   2.528200  -1.167020  -0.623940   3.587760
 -0.298080   0.141660   2.528200   1.195600   0.001040   3.009140
 -0.366170  -0.744330   1.210180  -0.298080   0.141660   2.528200
 -0.112930  -0.099110  -0.020480  -0.366170  -0.744330   1.210180
 -0.112930  -0.099110  -0.020480  -0.894780  -0.454030  -0.742120
 -0.112930  -0.099110  -0.020480  -0.172660   1.017520   0.096520
 -0.112930  -0.099110  -0.020480   0.895710  -0.420990  -0.390250
