33 atoms follow (x y z r g b radiusScale)
 -0.236040  -0.200030  -0.042130   0.000000   1.000000   0.000000   1.850000
  0.746250  -0.458570  -0.518940   1.000000   1.000000   1.000000   1.200000
 -0.377440   0.911880   0.035510   1.000000   1.000000   1.000000   1.200000
 -1.063100  -0.653340  -0.649900   1.000000   1.000000   1.000000   1.200000
 -0.280610  -0.805010   1.233440   1.000000   0.000000   0.000000   1.400000
 -0.213100   0.147160   2.501170   0.500000   0.500000   0.500000   1.900000
  1.298180   0.124850   2.966070   1.000000   0.000000   0.000000   1.400000
 -1.110620  -0.576450   3.569960   1.000000   0.000000   0.000000   1.400000
 -0.719360   1.516110   2.233830   1.000000   0.000000   0.000000   1.400000
 -1.127240   3.423870   1.929510   1.000000   1.000000   0.000000   1.850000
  0.112520   3.750350   2.542470   1.000000   0.000000   0.000000   1.400000
 -2.299840   3.224020   2.635040   1.000000   0.000000   0.000000   1.400000
 -0.938610   3.138240   0.547900   1.000000   0.000000   0.000000   1.400000
 -1.454220   5.156860   1.570450   1.000000   0.000000   0.000000   1.400000
 -2.672140   5.757410   1.850810   0.000000   1.000000   0.000000   1.850000
 -3.045220   5.449940   2.862160   1.000000   1.000000   1.000000   1.200000
 -3.432800   5.467910   1.078640   1.000000   1.000000   1.000000   1.200000
 -2.532220   6.869760   1.830070   1.000000   1.000000   1.000000   1.200000
  0.822170   5.166080   0.252150   0.000000   0.000000   1.000000   1.540000
  1.068000   5.020750   1.257560   1.000000   1.000000   1.000000   1.200000
  1.559340   5.599900  -0.270730   1.000000   1.000000   1.000000   1.200000
 -0.055260   5.738130   0.251800   1.000000   1.000000   1.000000   1.200000
  0.564000   4.240600  -0.121660   1.000000   1.000000   1.000000   1.200000
  0.961800   2.508930   4.878680   0.000000   0.000000   1.000000   1.540000
  1.566270   0.790000   3.609460   1.000000   1.000000   1.000000   1.200000
  1.376280   3.087800   4.170960   1.000000   1.000000   1.000000   1.200000
  1.268450   2.829960   5.773100   1.000000   1.000000   1.000000   1.200000
 -0.029520   2.641160   4.822090   1.000000   1.000000   1.000000   1.200000
 -3.655300   0.894260   3.396710   0.000000   0.000000   1.000000   1.540000
 -2.044310  -0.310880   3.642350   1.000000   1.000000   1.000000   1.200000
 -3.478410   1.192600   2.455740   1.000000   1.000000   1.000000   1.200000
 -3.478700   1.686740   3.985040   1.000000   1.000000   1.000000   1.200000
 -4.619500   0.644960   3.471730   1.000000   1.000000   1.000000   1.200000
28 bonds follow (x1 y1 z1 x2 y2 z2)
 -3.655300   0.894260   3.396710  -4.619500   0.644960   3.471730
 -3.655300   0.894260   3.396710  -3.478700   1.686740   3.985040
 -3.655300   0.894260   3.396710  -3.478410   1.192600   2.455740
 -1.110620  -0.576450   3.569960  -2.044310  -0.310880   3.642350
  0.961800   2.508930   4.878680  -0.029520   2.641160   4.822090
  0.961800   2.508930   4.878680   1.268450   2.829960   5.773100
  0.961800   2.508930   4.878680   1.376280   3.087800   4.170960
  1.298180   0.124850   2.966070   1.566270   0.790000   3.609460
  0.822170   5.166080   0.252150   0.564000   4.240600  -0.121660
  0.822170   5.166080   0.252150  -0.055260   5.738130   0.251800
  0.822170   5.166080   0.252150   1.559340   5.599900  -0.270730
  0.822170   5.166080   0.252150   1.068000   5.020750   1.257560
 -2.672140   5.757410   1.850810  -2.532220   6.869760   1.830070
 -2.672140   5.757410   1.850810  -3.432800   5.467910   1.078640
 -2.672140   5.757410   1.850810  -3.045220   5.449940   2.862160
 -1.454220   5.156860   1.570450  -2.672140   5.757410   1.850810
 -1.127240   3.423870   1.929510  -1.454220   5.156860   1.570450
 -1.127240   3.423870   1.929510  -0.938610   3.138240   0.547900
 -1.127240   3.423870   1.929510  -2.299840   3.224020   2.635040
 -1.127240   3.423870   1.929510   0.112520   3.750350   2.542470
 -0.213100   0.147160   2.501170  -0.719360   1.516110   2.233830
 -0.213100   0.147160   2.501170  -1.110620  -0.576450   3.569960
 -0.213100   0.147160   2.501170   1.298180   0.124850   2.966070
 -0.280610  -0.805010   1.233440  -0.213100   0.147160   2.501170
 -0.236040  -0.200030  -0.042130  -0.280610  -0.805010   1.233440
 -0.236040  -0.200030  -0.042130  -1.063100  -0.653340  -0.649900
 -0.236040  -0.200030  -0.042130  -0.377440   0.911880   0.035510
 -0.236040  -0.200030  -0.042130   0.746250  -0.458570  -0.518940
