33 atoms follow (x y z r g b radiusScale)
 -0.217610  -0.238350  -0.073910   0.000000   1.000000   0.000000   1.850000
  0.824690  -0.318380  -0.481500   1.000000   1.000000   1.000000   1.200000
 -0.555060   0.831950  -0.032930   1.000000   1.000000   1.000000   1.200000
 -0.905210  -0.848400  -0.716480   1.000000   1.000000   1.000000   1.200000
 -0.249290  -0.810530   1.214620   1.000000   0.000000   0.000000   1.400000
 -0.270960   0.151580   2.480410   0.500000   0.500000   0.500000   1.900000
  1.195480   0.007210   3.019280   1.000000   0.000000   0.000000   1.400000
 -1.090890  -0.615540   3.571210   1.000000   0.000000   0.000000   1.400000
 -0.645210   1.564740   2.252750   1.000000   0.000000   0.000000   1.400000
 -1.098040   3.450700   1.925400   1.000000   1.000000   0.000000   1.850000
  0.135020   3.842680   2.523800   1.000000   0.000000   0.000000   1.400000
 -2.242580   3.184810   2.652290   1.000000   0.000000   0.000000   1.400000
 -0.950810   3.195570   0.539160   1.000000   0.000000   0.000000   1.400000
 -1.500200   5.168610   1.593370   1.000000   0.000000   0.000000   1.400000
 -2.729680   5.763520   1.798590   0.000000   1.000000   0.000000   1.850000
 -3.026070   5.699530   2.878060   1.000000   1.000000   1.000000   1.200000
 -3.519160   5.265030   1.176270   1.000000   1.000000   1.000000   1.200000
 -2.651790   6.842260   1.498870   1.000000   1.000000   1.000000   1.200000
  0.796620   5.162130   0.251320   0.000000   0.000000   1.000000   1.540000
  0.883910   5.204730   1.294350   1.000000   1.000000   1.000000   1.200000
  1.452400   5.772990  -0.212500   1.000000   1.000000   1.000000   1.200000
 -0.200430   5.413460   0.041270   1.000000   1.000000   1.000000   1.200000
  0.913650   4.187700  -0.019360   1.000000   1.000000   1.000000   1.200000
  0.971940   2.505790   4.909600   0.000000   0.000000   1.000000   1.540000
  1.424510   0.452210   3.837550   1.000000   1.000000   1.000000   1.200000
  1.585870   2.905550   4.225650   1.000000   1.000000   1.000000   1.200000
  1.227570   2.857200   5.809370   1.000000   1.000000   1.000000   1.200000
  0.048860   2.833270   4.693260   1.000000   1.000000   1.000000   1.200000
 -3.599800   0.889110   3.399560   0.000000   0.000000   1.000000   1.540000
 -2.041600  -0.468700   3.658660   1.000000   1.000000   1.000000   1.200000
 -3.768520   1.301580   2.502780   1.000000   1.000000   1.000000   1.200000
 -3.163580   1.595490   3.964030   1.000000   1.000000   1.000000   1.200000
 -4.476010   0.644940   3.811310   1.000000   1.000000   1.000000   1.200000
28 bonds follow (x1 y1 z1 x2 y2 z2)
 -3.599800   0.889110   3.399560  -4.476010   0.644940   3.811310
 -3.599800   0.889110   3.399560  -3.163580   1.595490   3.964030
 -3.599800   0.889110   3.399560  -3.768520   1.301580   2.502780
 -1.090890  -0.615540   3.571210  -2.041600  -0.468700   3.658660
  0.971940   2.505790   4.909600   0.048860   2.833270   4.693260
  0.971940   2.505790   4.909600   1.227570   2.857200   5.809370
  0.971940   2.505790   4.909600   1.585870   2.905550   4.225650
  1.195480   0.007210   3.019280   1.424510   0.452210   3.837550
  0.796620   5.162130   0.251320   0.913650   4.187700  -0.019360
  0.796620   5.162130   0.251320  -0.200430   5.413460   0.041270
  0.796620   5.162130   0.251320   1.452400   5.772990  -0.212500
  0.796620   5.162130   0.251320   0.883910   5.204730   1.294350
 -2.729680   5.763520   1.798590  -2.651790   6.842260   1.498870
 -2.729680   5.763520   1.798590  -3.519160   5.265030   1.176270
 -2.729680   5.763520   1.798590  -3.026070   5.699530   2.878060
 -1.500200   5.168610   1.593370  -2.729680   5.763520   1.798590
 -1.098040   3.450700   1.925400  -1.500200   5.168610   1.593370
 -1.098040   3.450700   1.925400  -0.950810   3.195570   0.539160
 -1.098040   3.450700   1.925400  -2.242580   3.184810   2.652290
 -1.098040   3.450700   1.925400   0.135020   3.842680   2.523800
 -0.270960   0.151580   2.480410  -0.645210   1.564740   2.252750
 -0.270960   0.151580   2.480410  -1.090890  -0.615540   3.571210
 -0.270960   0.151580   2.480410   1.195480   0.007210   3.019280
 -0.249290  -0.810530   1.214620  -0.270960   0.151580   2.480410
 -0.217610  -0.238350  -0.073910  -0.249290  -0.810530   1.214620
 -0.217610  -0.238350  -0.073910  -0.905210  -0.848400  -0.716480
 -0.217610  -0.238350  -0.073910  -0.555060   0.831950  -0.032930
 -0.217610  -0.238350  -0.073910   0.824690  -0.318380  -0.481500
