33 atoms follow (x y z r g b radiusScale)
  0.005810  -0.002310  -0.007510   0.000000   1.000000   0.000000   1.850000
  1.124410  -0.008710   0.000970   1.000000   1.000000   1.000000   1.200000
 -0.398570   1.045510  -0.021810   1.000000   1.000000   1.000000   1.200000
 -0.380180  -0.590520  -0.877870   1.000000   1.000000   1.000000   1.200000
 -0.453280  -0.670740   1.152630   1.000000   0.000000   0.000000   1.400000
 -0.317840   0.095910   2.521960   0.500000   0.500000   0.500000   1.900000
  1.158510  -0.052850   2.999630   1.000000   0.000000   0.000000   1.400000
 -1.247670  -0.614160   3.543050   1.000000   0.000000   0.000000   1.400000
 -0.679940   1.541690   2.373350   1.000000   0.000000   0.000000   1.400000
 -1.095560   3.263590   2.000720   1.000000   1.000000   0.000000   1.850000
 -0.078120   3.814490   2.774700   1.000000   0.000000   0.000000   1.400000
 -2.366770   3.223690   2.501250   1.000000   0.000000   0.000000   1.400000
 -0.940420   3.115590   0.626560   1.000000   0.000000   0.000000   1.400000
 -1.624160   5.317200   1.605060   1.000000   0.000000   0.000000   1.400000
 -2.818510   5.696000   0.913800   0.000000   1.000000   0.000000   1.850000
 -2.774350   5.330030  -0.141350   1.000000   1.000000   1.000000   1.200000
 -2.955890   6.802640   0.952670   1.000000   1.000000   1.000000   1.200000
 -3.608040   5.159390   1.491790   1.000000   1.000000   1.000000   1.200000
  0.942640   5.531600   0.404560   0.000000   0.000000   1.000000   1.540000
  1.366380   5.204560   1.249710   1.000000   1.000000   1.000000   1.200000
 -0.954890   5.879640   1.179160   1.000000   1.000000   1.000000   1.200000
  0.703750   4.741780  -0.164130   1.000000   1.000000   1.000000   1.200000
  1.596140   6.111070  -0.082460   1.000000   1.000000   1.000000   1.200000
  1.621560   2.228230   4.680570   0.000000   0.000000   1.000000   1.540000
  1.511330   0.590300   3.648710   1.000000   1.000000   1.000000   1.200000
  1.222760   2.943550   4.099410   1.000000   1.000000   1.000000   1.200000
  2.589780   2.427410   4.822110   1.000000   1.000000   1.000000   1.200000
  1.162250   2.235660   5.567010   1.000000   1.000000   1.000000   1.200000
 -3.589610   0.968080   3.760400   0.000000   0.000000   1.000000   1.540000
 -2.146080  -0.256030   3.714600   1.000000   1.000000   1.000000   1.200000
 -3.856710   1.205270   2.825040   1.000000   1.000000   1.000000   1.200000
 -3.191990   1.791780   4.171830   1.000000   1.000000   1.000000   1.200000
 -4.403770   0.705020   4.274620   1.000000   1.000000   1.000000   1.200000
28 bonds follow (x1 y1 z1 x2 y2 z2)
 -3.589610   0.968080   3.760400  -4.403770   0.705020   4.274620
 -3.589610   0.968080   3.760400  -3.191990   1.791780   4.171830
 -3.589610   0.968080   3.760400  -3.856710   1.205270   2.825040
 -1.247670  -0.614160   3.543050  -2.146080  -0.256030   3.714600
  1.621560   2.228230   4.680570   1.162250   2.235660   5.567010
  1.621560   2.228230   4.680570   2.589780   2.427410   4.822110
  1.621560   2.228230   4.680570   1.222760   2.943550   4.099410
  1.158510  -0.052850   2.999630   1.511330   0.590300   3.648710
  0.942640   5.531600   0.404560   1.596140   6.111070  -0.082460
  0.942640   5.531600   0.404560   0.703750   4.741780  -0.164130
 -1.624160   5.317200   1.605060  -0.954890   5.879640   1.179160
  0.942640   5.531600   0.404560   1.366380   5.204560   1.249710
 -2.818510   5.696000   0.913800  -3.608040   5.159390   1.491790
 -2.818510   5.696000   0.913800  -2.955890   6.802640   0.952670
 -2.818510   5.696000   0.913800  -2.774350   5.330030  -0.141350
 -1.624160   5.317200   1.605060  -2.818510   5.696000   0.913800
 -1.095560   3.263590   2.000720  -0.940420   3.115590   0.626560
 -1.095560   3.263590   2.000720  -2.366770   3.223690   2.501250
 -1.095560   3.263590   2.000720  -0.078120   3.814490   2.774700
 -0.679940   1.541690   2.373350  -1.095560   3.263590   2.000720
 -0.317840   0.095910   2.521960  -0.679940   1.541690   2.373350
 -0.317840   0.095910   2.521960  -1.247670  -0.614160   3.543050
 -0.317840   0.095910   2.521960   1.158510  -0.052850   2.999630
 -0.453280  -0.670740   1.152630  -0.317840   0.095910   2.521960
  0.005810  -0.002310  -0.007510  -0.453280  -0.670740   1.152630
  0.005810  -0.002310  -0.007510  -0.380180  -0.590520  -0.877870
  0.005810  -0.002310  -0.007510  -0.398570   1.045510  -0.021810
  0.005810  -0.002310  -0.007510   1.124410  -0.008710   0.000970
