33 atoms follow (x y z r g b radiusScale)
 -0.238720  -0.167680  -0.065940   0.000000   1.000000   0.000000   1.850000
  0.700500  -0.507320  -0.576090   1.000000   1.000000   1.000000   1.200000
 -0.289780   0.953820  -0.002010   1.000000   1.000000   1.000000   1.200000
 -1.121880  -0.570930  -0.627950   1.000000   1.000000   1.000000   1.200000
 -0.262470  -0.748490   1.222220   1.000000   0.000000   0.000000   1.400000
 -0.251360   0.180210   2.505430   0.500000   0.500000   0.500000   1.900000
  1.214980   0.037220   3.059570   1.000000   0.000000   0.000000   1.400000
 -1.165520  -0.479050   3.595120   1.000000   0.000000   0.000000   1.400000
 -0.662060   1.577360   2.219630   1.000000   0.000000   0.000000   1.400000
 -1.192580   3.375310   1.806820   1.000000   1.000000   0.000000   1.850000
 -0.105710   3.841700   2.612950   1.000000   0.000000   0.000000   1.400000
 -2.443750   3.069520   2.331620   1.000000   0.000000   0.000000   1.400000
 -0.724140   3.112760   0.483260   1.000000   0.000000   0.000000   1.400000
 -1.619460   5.038960   1.321240   1.000000   0.000000   0.000000   1.400000
 -2.717950   5.757450   1.748160   0.000000   1.000000   0.000000   1.850000
 -3.606530   5.529300   1.103450   1.000000   1.000000   1.000000   1.200000
 -2.475450   6.851270   1.661680   1.000000   1.000000   1.000000   1.200000
 -2.969240   5.515890   2.813600   1.000000   1.000000   1.000000   1.200000
  0.927220   5.273780   0.683460   0.000000   0.000000   1.000000   1.540000
  1.304850   4.521050   1.288180   1.000000   1.000000   1.000000   1.200000
  1.638560   5.699890   0.104500   1.000000   1.000000   1.000000   1.200000
  0.462070   5.945600   1.297600   1.000000   1.000000   1.000000   1.200000
  0.174160   4.844150   0.109750   1.000000   1.000000   1.000000   1.200000
  1.446200   2.408560   4.798120   0.000000   0.000000   1.000000   1.540000
  1.480980   0.643560   3.767530   1.000000   1.000000   1.000000   1.200000
  0.885190   3.036030   4.249560   1.000000   1.000000   1.000000   1.200000
  2.336180   2.824540   4.969530   1.000000   1.000000   1.000000   1.200000
  0.998670   2.241210   5.674590   1.000000   1.000000   1.000000   1.200000
 -3.667600   0.967490   3.727540   0.000000   0.000000   1.000000   1.540000
 -2.084000  -0.161860   3.696880   1.000000   1.000000   1.000000   1.200000
 -3.883870   1.227470   2.784550   1.000000   1.000000   1.000000   1.200000
 -3.303220   1.784340   4.178660   1.000000   1.000000   1.000000   1.200000
 -4.503720   0.681690   4.191070   1.000000   1.000000   1.000000   1.200000
29 bonds follow (x1 y1 z1 x2 y2 z2)
 -3.667600   0.967490   3.727540  -4.503720   0.681690   4.191070
 -3.667600   0.967490   3.727540  -3.303220   1.784340   4.178660
 -3.667600   0.967490   3.727540  -3.883870   1.227470   2.784550
 -1.165520  -0.479050   3.595120  -2.084000  -0.161860   3.696880
  1.446200   2.408560   4.798120   0.998670   2.241210   5.674590
  1.446200   2.408560   4.798120   2.336180   2.824540   4.969530
  1.446200   2.408560   4.798120   0.885190   3.036030   4.249560
  1.214980   0.037220   3.059570   1.480980   0.643560   3.767530
  0.927220   5.273780   0.683460   0.174160   4.844150   0.109750
  0.927220   5.273780   0.683460   0.462070   5.945600   1.297600
  0.927220   5.273780   0.683460   1.638560   5.699890   0.104500
  0.927220   5.273780   0.683460   1.304850   4.521050   1.288180
 -2.717950   5.757450   1.748160  -2.969240   5.515890   2.813600
 -2.717950   5.757450   1.748160  -2.475450   6.851270   1.661680
 -2.717950   5.757450   1.748160  -3.606530   5.529300   1.103450
 -1.619460   5.038960   1.321240  -2.717950   5.757450   1.748160
 -1.192580   3.375310   1.806820  -1.619460   5.038960   1.321240
 -1.192580   3.375310   1.806820  -0.724140   3.112760   0.483260
 -1.192580   3.375310   1.806820  -2.443750   3.069520   2.331620
 -1.192580   3.375310   1.806820  -0.105710   3.841700   2.612950
 -0.662060   1.577360   2.219630  -1.192580   3.375310   1.806820
 -0.251360   0.180210   2.505430  -0.662060   1.577360   2.219630
 -0.251360   0.180210   2.505430  -1.165520  -0.479050   3.595120
 -0.251360   0.180210   2.505430   1.214980   0.037220   3.059570
 -0.262470  -0.748490   1.222220  -0.251360   0.180210   2.505430
 -0.238720  -0.167680  -0.065940  -0.262470  -0.748490   1.222220
 -0.238720  -0.167680  -0.065940  -1.121880  -0.570930  -0.627950
 -0.238720  -0.167680  -0.065940  -0.289780   0.953820  -0.002010
 -0.238720  -0.167680  -0.065940   0.700500  -0.507320  -0.576090
