33 atoms follow (x y z r g b radiusScale)
  0.076920  -0.138700   0.024830   0.000000   1.000000   0.000000   1.850000
  1.189780  -0.048050   0.089310   1.000000   1.000000   1.000000   1.200000
 -0.406740   0.871380  -0.050370   1.000000   1.000000   1.000000   1.200000
 -0.213400  -0.788390  -0.838340   1.000000   1.000000   1.000000   1.200000
 -0.389710  -0.791760   1.189740   1.000000   0.000000   0.000000   1.400000
 -0.314050   0.021810   2.544650   0.500000   0.500000   0.500000   1.900000
  1.141400  -0.164850   3.064410   1.000000   0.000000   0.000000   1.400000
 -1.242020  -0.725130   3.552690   1.000000   0.000000   0.000000   1.400000
 -0.632940   1.483180   2.325100   1.000000   0.000000   0.000000   1.400000
 -1.123360   3.235980   2.056050   1.000000   1.000000   0.000000   1.850000
 -0.132830   3.782960   2.821360   1.000000   0.000000   0.000000   1.400000
 -2.404850   3.130600   2.556560   1.000000   0.000000   0.000000   1.400000
 -0.915130   3.268980   0.703140   1.000000   0.000000   0.000000   1.400000
 -2.121570   5.888570   1.664080   1.000000   0.000000   0.000000   1.400000
 -3.258080   5.960490   0.810130   0.000000   1.000000   0.000000   1.850000
 -2.950300   5.998450  -0.261270   1.000000   1.000000   1.000000   1.200000
 -3.872510   6.859880   1.064810   1.000000   1.000000   1.000000   1.200000
 -3.821120   5.013670   1.012870   1.000000   1.000000   1.000000   1.200000
  1.788110   5.615980   0.025730   0.000000   0.000000   1.000000   1.540000
  1.697250   6.051440   0.918690   1.000000   1.000000   1.000000   1.200000
 -1.650980   6.590700   1.457370   1.000000   1.000000   1.000000   1.200000
  1.021220   5.886940  -0.552960   1.000000   1.000000   1.000000   1.200000
  1.760290   4.624180   0.153290   1.000000   1.000000   1.000000   1.200000
  1.689660   2.126070   4.611990   0.000000   0.000000   1.000000   1.540000
  1.543010   0.537440   3.617470   1.000000   1.000000   1.000000   1.200000
  1.417680   2.826180   3.944730   1.000000   1.000000   1.000000   1.200000
  2.667160   2.213970   4.797930   1.000000   1.000000   1.000000   1.200000
  1.186590   2.279520   5.460500   1.000000   1.000000   1.000000   1.200000
 -3.559390   0.840830   3.798750   0.000000   0.000000   1.000000   1.540000
 -2.153880  -0.407360   3.726740   1.000000   1.000000   1.000000   1.200000
 -3.806090   1.195020   2.894410   1.000000   1.000000   1.000000   1.200000
 -3.184680   1.608490   4.322770   1.000000   1.000000   1.000000   1.200000
 -4.383090   0.508160   4.255060   1.000000   1.000000   1.000000   1.200000
28 bonds follow (x1 y1 z1 x2 y2 z2)
 -3.559390   0.840830   3.798750  -4.383090   0.508160   4.255060
 -3.559390   0.840830   3.798750  -3.184680   1.608490   4.322770
 -3.559390   0.840830   3.798750  -3.806090   1.195020   2.894410
 -1.242020  -0.725130   3.552690  -2.153880  -0.407360   3.726740
  1.689660   2.126070   4.611990   1.186590   2.279520   5.460500
  1.689660   2.126070   4.611990   2.667160   2.213970   4.797930
  1.689660   2.126070   4.611990   1.417680   2.826180   3.944730
  1.141400  -0.164850   3.064410   1.543010   0.537440   3.617470
  1.788110   5.615980   0.025730   1.760290   4.624180   0.153290
  1.788110   5.615980   0.025730   1.021220   5.886940  -0.552960
 -2.121570   5.888570   1.664080  -1.650980   6.590700   1.457370
  1.788110   5.615980   0.025730   1.697250   6.051440   0.918690
 -3.258080   5.960490   0.810130  -3.821120   5.013670   1.012870
 -3.258080   5.960490   0.810130  -3.872510   6.859880   1.064810
 -3.258080   5.960490   0.810130  -2.950300   5.998450  -0.261270
 -2.121570   5.888570   1.664080  -3.258080   5.960490   0.810130
 -1.123360   3.235980   2.056050  -0.915130   3.268980   0.703140
 -1.123360   3.235980   2.056050  -2.404850   3.130600   2.556560
 -1.123360   3.235980   2.056050  -0.132830   3.782960   2.821360
 -0.632940   1.483180   2.325100  -1.123360   3.235980   2.056050
 -0.314050   0.021810   2.544650  -0.632940   1.483180   2.325100
 -0.314050   0.021810   2.544650  -1.242020  -0.725130   3.552690
 -0.314050   0.021810   2.544650   1.141400  -0.164850   3.064410
 -0.389710  -0.791760   1.189740  -0.314050   0.021810   2.544650
  0.076920  -0.138700   0.024830  -0.389710  -0.791760   1.189740
  0.076920  -0.138700   0.024830  -0.213400  -0.788390  -0.838340
  0.076920  -0.138700   0.024830  -0.406740   0.871380  -0.050370
  0.076920  -0.138700   0.024830   1.189780  -0.048050   0.089310
