33 atoms follow (x y z r g b radiusScale)
 -0.542900  -0.125410  -0.016150   0.000000   1.000000   0.000000   1.850000
  0.296120  -0.310630  -0.737700   1.000000   1.000000   1.000000   1.200000
 -0.731260   0.976710   0.100330   1.000000   1.000000   1.000000   1.200000
 -1.460350  -0.653120  -0.388640   1.000000   1.000000   1.000000   1.200000
 -0.179950  -0.715900   1.211790   1.000000   0.000000   0.000000   1.400000
 -0.158190   0.174230   2.520510   0.500000   0.500000   0.500000   1.900000
  1.313910   0.019910   3.076830   1.000000   0.000000   0.000000   1.400000
 -1.093640  -0.619530   3.504180   1.000000   0.000000   0.000000   1.400000
 -0.584770   1.578940   2.307550   1.000000   0.000000   0.000000   1.400000
 -1.185780   3.426050   1.860890   1.000000   1.000000   0.000000   1.850000
 -0.101430   3.937170   2.615280   1.000000   0.000000   0.000000   1.400000
 -2.418050   3.145140   2.439410   1.000000   0.000000   0.000000   1.400000
 -0.785750   3.096080   0.534190   1.000000   0.000000   0.000000   1.400000
 -1.582050   5.080100   1.292410   1.000000   0.000000   0.000000   1.400000
 -2.507270   5.887530   1.929110   0.000000   1.000000   0.000000   1.850000
 -3.369170   5.283480   2.316340   1.000000   1.000000   1.000000   1.200000
 -2.886630   6.643470   1.192280   1.000000   1.000000   1.000000   1.200000
 -2.021740   6.427980   2.786250   1.000000   1.000000   1.000000   1.200000
  0.890220   5.163800   0.300860   0.000000   0.000000   1.000000   1.540000
  0.967060   5.132310   1.329380   1.000000   1.000000   1.000000   1.200000
  1.651140   5.663950  -0.131530   1.000000   1.000000   1.000000   1.200000
 -0.034080   5.596940   0.100520   1.000000   1.000000   1.000000   1.200000
  0.829780   4.181750  -0.024680   1.000000   1.000000   1.000000   1.200000
  1.088050   2.415240   4.968660   0.000000   0.000000   1.000000   1.540000
  1.548250   0.564980   3.836300   1.000000   1.000000   1.000000   1.200000
  0.834860   3.068220   4.248380   1.000000   1.000000   1.000000   1.200000
  1.850540   2.787220   5.494020   1.000000   1.000000   1.000000   1.200000
  0.309770   2.296520   5.583280   1.000000   1.000000   1.000000   1.200000
 -3.668820   0.788450   3.499830   0.000000   0.000000   1.000000   1.540000
 -2.021770  -0.340550   3.586190   1.000000   1.000000   1.000000   1.200000
 -3.938950   0.906250   2.544690   1.000000   1.000000   1.000000   1.200000
 -3.423170   1.693060   3.856050   1.000000   1.000000   1.000000   1.200000
 -4.442830   0.424890   4.014470   1.000000   1.000000   1.000000   1.200000
28 bonds follow (x1 y1 z1 x2 y2 z2)
 -3.668820   0.788450   3.499830  -4.442830   0.424890   4.014470
 -3.668820   0.788450   3.499830  -3.423170   1.693060   3.856050
 -3.668820   0.788450   3.499830  -3.938950   0.906250   2.544690
 -1.093640  -0.619530   3.504180  -2.021770  -0.340550   3.586190
  1.088050   2.415240   4.968660   0.309770   2.296520   5.583280
  1.088050   2.415240   4.968660   1.850540   2.787220   5.494020
  1.088050   2.415240   4.968660   0.834860   3.068220   4.248380
  1.313910   0.019910   3.076830   1.548250   0.564980   3.836300
  0.890220   5.163800   0.300860   0.829780   4.181750  -0.024680
  0.890220   5.163800   0.300860  -0.034080   5.596940   0.100520
  0.890220   5.163800   0.300860   1.651140   5.663950  -0.131530
  0.890220   5.163800   0.300860   0.967060   5.132310   1.329380
 -2.507270   5.887530   1.929110  -2.021740   6.427980   2.786250
 -2.507270   5.887530   1.929110  -2.886630   6.643470   1.192280
 -2.507270   5.887530   1.929110  -3.369170   5.283480   2.316340
 -1.582050   5.080100   1.292410  -2.507270   5.887530   1.929110
 -1.185780   3.426050   1.860890  -1.582050   5.080100   1.292410
 -1.185780   3.426050   1.860890  -0.785750   3.096080   0.534190
 -1.185780   3.426050   1.860890  -2.418050   3.145140   2.439410
 -1.185780   3.426050   1.860890  -0.101430   3.937170   2.615280
 -0.158190   0.174230   2.520510  -0.584770   1.578940   2.307550
 -0.158190   0.174230   2.520510  -1.093640  -0.619530   3.504180
 -0.158190   0.174230   2.520510   1.313910   0.019910   3.076830
 -0.179950  -0.715900   1.211790  -0.158190   0.174230   2.520510
 -0.542900  -0.125410  -0.016150  -0.179950  -0.715900   1.211790
 -0.542900  -0.125410  -0.016150  -1.460350  -0.653120  -0.388640
 -0.542900  -0.125410  -0.016150  -0.731260   0.976710   0.100330
 -0.542900  -0.125410  -0.016150   0.296120  -0.310630  -0.737700
