33 atoms follow (x y z r g b radiusScale)
  0.039990  -0.070800   0.033390   0.000000   1.000000   0.000000   1.850000
  1.157070  -0.018560   0.054200   1.000000   1.000000   1.000000   1.200000
 -0.414970   0.956170   0.029310   1.000000   1.000000   1.000000   1.200000
 -0.307550  -0.660970  -0.851110   1.000000   1.000000   1.000000   1.200000
 -0.395040  -0.775030   1.182470   1.000000   0.000000   0.000000   1.400000
 -0.314550   0.026140   2.544160   0.500000   0.500000   0.500000   1.900000
  1.159260  -0.131870   3.025470   1.000000   0.000000   0.000000   1.400000
 -1.243300  -0.713460   3.554500   1.000000   0.000000   0.000000   1.400000
 -0.704860   1.473000   2.364810   1.000000   0.000000   0.000000   1.400000
 -1.096760   3.238620   2.029810   1.000000   1.000000   0.000000   1.850000
 -0.111710   3.803800   2.800500   1.000000   0.000000   0.000000   1.400000
 -2.359670   3.123770   2.536140   1.000000   0.000000   0.000000   1.400000
 -0.951840   3.197900   0.664600   1.000000   0.000000   0.000000   1.400000
 -2.022510   5.766630   1.691890   1.000000   0.000000   0.000000   1.400000
 -3.130970   5.867260   0.825590   0.000000   1.000000   0.000000   1.850000
 -2.815390   5.712290  -0.234660   1.000000   1.000000   1.000000   1.200000
 -3.606090   6.875340   0.931630   1.000000   1.000000   1.000000   1.200000
 -3.836560   5.070040   1.156340   1.000000   1.000000   1.000000   1.200000
  1.573670   5.659510   0.109540   0.000000   0.000000   1.000000   1.540000
  1.426660   5.791540   1.090740   1.000000   1.000000   1.000000   1.200000
 -1.301470   6.478050   1.390760   1.000000   1.000000   1.000000   1.200000
  0.674500   5.620080  -0.327130   1.000000   1.000000   1.000000   1.200000
  2.026440   4.784030  -0.033730   1.000000   1.000000   1.000000   1.200000
  1.676300   2.158210   4.643260   0.000000   0.000000   1.000000   1.540000
  1.513170   0.474250   3.707350   1.000000   1.000000   1.000000   1.200000
  1.349420   2.895720   4.044800   1.000000   1.000000   1.000000   1.200000
  2.631030   2.327510   4.881050   1.000000   1.000000   1.000000   1.200000
  1.133920   2.160060   5.481980   1.000000   1.000000   1.000000   1.200000
 -3.555440   0.925470   3.767370   0.000000   0.000000   1.000000   1.540000
 -2.142420  -0.369330   3.743980   1.000000   1.000000   1.000000   1.200000
 -3.767640   1.164080   2.817470   1.000000   1.000000   1.000000   1.200000
 -3.145890   1.739460   4.187090   1.000000   1.000000   1.000000   1.200000
 -4.406270   0.709470   4.242660   1.000000   1.000000   1.000000   1.200000
28 bonds follow (x1 y1 z1 x2 y2 z2)
 -3.555440   0.925470   3.767370  -4.406270   0.709470   4.242660
 -3.555440   0.925470   3.767370  -3.145890   1.739460   4.187090
 -3.555440   0.925470   3.767370  -3.767640   1.164080   2.817470
 -1.243300  -0.713460   3.554500  -2.142420  -0.369330   3.743980
  1.676300   2.158210   4.643260   1.133920   2.160060   5.481980
  1.676300   2.158210   4.643260   2.631030   2.327510   4.881050
  1.676300   2.158210   4.643260   1.349420   2.895720   4.044800
  1.159260  -0.131870   3.025470   1.513170   0.474250   3.707350
  1.573670   5.659510   0.109540   2.026440   4.784030  -0.033730
  1.573670   5.659510   0.109540   0.674500   5.620080  -0.327130
 -2.022510   5.766630   1.691890  -1.301470   6.478050   1.390760
  1.573670   5.659510   0.109540   1.426660   5.791540   1.090740
 -3.130970   5.867260   0.825590  -3.836560   5.070040   1.156340
 -3.130970   5.867260   0.825590  -3.606090   6.875340   0.931630
 -3.130970   5.867260   0.825590  -2.815390   5.712290  -0.234660
 -2.022510   5.766630   1.691890  -3.130970   5.867260   0.825590
 -1.096760   3.238620   2.029810  -0.951840   3.197900   0.664600
 -1.096760   3.238620   2.029810  -2.359670   3.123770   2.536140
 -1.096760   3.238620   2.029810  -0.111710   3.803800   2.800500
 -0.704860   1.473000   2.364810  -1.096760   3.238620   2.029810
 -0.314550   0.026140   2.544160  -0.704860   1.473000   2.364810
 -0.314550   0.026140   2.544160  -1.243300  -0.713460   3.554500
 -0.314550   0.026140   2.544160   1.159260  -0.131870   3.025470
 -0.395040  -0.775030   1.182470  -0.314550   0.026140   2.544160
  0.039990  -0.070800   0.033390  -0.395040  -0.775030   1.182470
  0.039990  -0.070800   0.033390  -0.307550  -0.660970  -0.851110
  0.039990  -0.070800   0.033390  -0.414970   0.956170   0.029310
  0.039990  -0.070800   0.033390   1.157070  -0.018560   0.054200
