33 atoms follow (x y z r g b radiusScale)
 -0.575240  -0.163150  -0.033190   0.000000   1.000000   0.000000   1.850000
  0.150520  -0.510960  -0.813200   1.000000   1.000000   1.000000   1.200000
 -0.602990   0.959490   0.018980   1.000000   1.000000   1.000000   1.200000
 -1.588460  -0.583060  -0.268310   1.000000   1.000000   1.000000   1.200000
 -0.138020  -0.711220   1.194830   1.000000   0.000000   0.000000   1.400000
 -0.185220   0.169420   2.512910   0.500000   0.500000   0.500000   1.900000
  1.272120   0.140140   3.107680   1.000000   0.000000   0.000000   1.400000
 -1.110870  -0.578600   3.545080   1.000000   0.000000   0.000000   1.400000
 -0.620590   1.571860   2.283730   1.000000   0.000000   0.000000   1.400000
 -1.153790   3.377960   1.819430   1.000000   1.000000   0.000000   1.850000
 -0.062200   3.870800   2.588150   1.000000   0.000000   0.000000   1.400000
 -2.398190   3.073030   2.358050   1.000000   0.000000   0.000000   1.400000
 -0.716050   3.091900   0.492000   1.000000   0.000000   0.000000   1.400000
 -1.614480   5.039700   1.339260   1.000000   0.000000   0.000000   1.400000
 -2.511300   5.900140   1.934320   0.000000   1.000000   0.000000   1.850000
 -3.537670   5.451620   1.967310   1.000000   1.000000   1.000000   1.200000
 -2.540490   6.845320   1.326240   1.000000   1.000000   1.000000   1.200000
 -2.188350   6.152290   2.979870   1.000000   1.000000   1.000000   1.200000
  0.821920   5.249760   0.414280   0.000000   0.000000   1.000000   1.540000
  0.693330   5.376210   1.439200   1.000000   1.000000   1.000000   1.200000
  1.557330   5.826750   0.039030   1.000000   1.000000   1.000000   1.200000
 -0.099390   5.446190  -0.013490   1.000000   1.000000   1.000000   1.200000
  1.000620   4.247130   0.265190   1.000000   1.000000   1.000000   1.200000
  1.162170   2.391820   4.962830   0.000000   0.000000   1.000000   1.540000
  1.444180   0.760900   3.837090   1.000000   1.000000   1.000000   1.200000
  0.931160   3.064660   4.253210   1.000000   1.000000   1.000000   1.200000
  1.998580   2.670010   5.429590   1.000000   1.000000   1.000000   1.200000
  0.419870   2.352180   5.628680   1.000000   1.000000   1.000000   1.200000
 -3.707290   0.837350   3.562830   0.000000   0.000000   1.000000   1.540000
 -2.048370  -0.349830   3.621520   1.000000   1.000000   1.000000   1.200000
 -3.866460   0.957760   2.581290   1.000000   1.000000   1.000000   1.200000
 -3.166670   1.628540   3.866100   1.000000   1.000000   1.000000   1.200000
 -4.591660   0.867240   4.026450   1.000000   1.000000   1.000000   1.200000
29 bonds follow (x1 y1 z1 x2 y2 z2)
 -3.707290   0.837350   3.562830  -4.591660   0.867240   4.026450
 -3.707290   0.837350   3.562830  -3.166670   1.628540   3.866100
 -3.707290   0.837350   3.562830  -3.866460   0.957760   2.581290
 -1.110870  -0.578600   3.545080  -2.048370  -0.349830   3.621520
  1.162170   2.391820   4.962830   0.419870   2.352180   5.628680
  1.162170   2.391820   4.962830   1.998580   2.670010   5.429590
  1.162170   2.391820   4.962830   0.931160   3.064660   4.253210
  1.272120   0.140140   3.107680   1.444180   0.760900   3.837090
  0.821920   5.249760   0.414280   1.000620   4.247130   0.265190
  0.821920   5.249760   0.414280  -0.099390   5.446190  -0.013490
  0.821920   5.249760   0.414280   1.557330   5.826750   0.039030
  0.821920   5.249760   0.414280   0.693330   5.376210   1.439200
 -2.511300   5.900140   1.934320  -2.188350   6.152290   2.979870
 -2.511300   5.900140   1.934320  -2.540490   6.845320   1.326240
 -2.511300   5.900140   1.934320  -3.537670   5.451620   1.967310
 -1.614480   5.039700   1.339260  -2.511300   5.900140   1.934320
 -1.153790   3.377960   1.819430  -1.614480   5.039700   1.339260
 -1.153790   3.377960   1.819430  -0.716050   3.091900   0.492000
 -1.153790   3.377960   1.819430  -2.398190   3.073030   2.358050
 -1.153790   3.377960   1.819430  -0.062200   3.870800   2.588150
 -0.620590   1.571860   2.283730  -1.153790   3.377960   1.819430
 -0.185220   0.169420   2.512910  -0.620590   1.571860   2.283730
 -0.185220   0.169420   2.512910  -1.110870  -0.578600   3.545080
 -0.185220   0.169420   2.512910   1.272120   0.140140   3.107680
 -0.138020  -0.711220   1.194830  -0.185220   0.169420   2.512910
 -0.575240  -0.163150  -0.033190  -0.138020  -0.711220   1.194830
 -0.575240  -0.163150  -0.033190  -1.588460  -0.583060  -0.268310
 -0.575240  -0.163150  -0.033190  -0.602990   0.959490   0.018980
 -0.575240  -0.163150  -0.033190   0.150520  -0.510960  -0.813200
