33 atoms follow (x y z r g b radiusScale)
 -0.322730  -0.193080  -0.053720   0.000000   1.000000   0.000000   1.850000
  0.621390  -0.430610  -0.610940   1.000000   1.000000   1.000000   1.200000
 -0.477680   0.917810   0.025220   1.000000   1.000000   1.000000   1.200000
 -1.185630  -0.677810  -0.581560   1.000000   1.000000   1.000000   1.200000
 -0.228310  -0.786250   1.226390   1.000000   0.000000   0.000000   1.400000
 -0.244120   0.156870   2.504330   0.500000   0.500000   0.500000   1.900000
  1.215760   0.087930   3.091530   1.000000   0.000000   0.000000   1.400000
 -1.161320  -0.505730   3.591960   1.000000   0.000000   0.000000   1.400000
 -0.639340   1.559010   2.223450   1.000000   0.000000   0.000000   1.400000
 -1.189710   3.386030   1.789020   1.000000   1.000000   0.000000   1.850000
 -0.123120   3.862390   2.609630   1.000000   0.000000   0.000000   1.400000
 -2.425730   2.994870   2.283400   1.000000   0.000000   0.000000   1.400000
 -0.752980   3.134430   0.463180   1.000000   0.000000   0.000000   1.400000
 -1.591290   5.074280   1.358900   1.000000   0.000000   0.000000   1.400000
 -2.687430   5.777550   1.820520   0.000000   1.000000   0.000000   1.850000
 -3.603300   5.494490   1.238900   1.000000   1.000000   1.000000   1.200000
 -2.488560   6.873650   1.682310   1.000000   1.000000   1.000000   1.200000
 -2.867400   5.568600   2.907390   1.000000   1.000000   1.000000   1.200000
  0.956570   5.301910   0.634520   0.000000   0.000000   1.000000   1.540000
  1.438410   4.511060   1.081420   1.000000   1.000000   1.000000   1.200000
  1.596200   5.976240   0.238200   1.000000   1.000000   1.000000   1.200000
  0.340310   5.708590   1.364230   1.000000   1.000000   1.000000   1.200000
  0.314640   4.895830  -0.064630   1.000000   1.000000   1.000000   1.200000
  1.397320   2.424380   4.824350   0.000000   0.000000   1.000000   1.540000
  1.459320   0.780710   3.728710   1.000000   1.000000   1.000000   1.200000
  0.893530   3.002090   4.174190   1.000000   1.000000   1.000000   1.200000
  2.313690   2.797690   4.951240   1.000000   1.000000   1.000000   1.200000
  0.924700   2.429230   5.703360   1.000000   1.000000   1.000000   1.200000
 -3.682710   0.959970   3.722150   0.000000   0.000000   1.000000   1.540000
 -2.039910  -0.123670   3.768730   1.000000   1.000000   1.000000   1.200000
 -3.761000   1.191200   2.749320   1.000000   1.000000   1.000000   1.200000
 -3.317210   1.771070   4.183070   1.000000   1.000000   1.000000   1.200000
 -4.592860   0.767160   4.083700   1.000000   1.000000   1.000000   1.200000
28 bonds follow (x1 y1 z1 x2 y2 z2)
 -3.682710   0.959970   3.722150  -4.592860   0.767160   4.083700
 -3.682710   0.959970   3.722150  -3.317210   1.771070   4.183070
 -3.682710   0.959970   3.722150  -3.761000   1.191200   2.749320
 -1.161320  -0.505730   3.591960  -2.039910  -0.123670   3.768730
  1.397320   2.424380   4.824350   0.924700   2.429230   5.703360
  1.397320   2.424380   4.824350   2.313690   2.797690   4.951240
  1.397320   2.424380   4.824350   0.893530   3.002090   4.174190
  1.215760   0.087930   3.091530   1.459320   0.780710   3.728710
  0.956570   5.301910   0.634520   0.314640   4.895830  -0.064630
  0.956570   5.301910   0.634520   0.340310   5.708590   1.364230
  0.956570   5.301910   0.634520   1.596200   5.976240   0.238200
  0.956570   5.301910   0.634520   1.438410   4.511060   1.081420
 -2.687430   5.777550   1.820520  -2.867400   5.568600   2.907390
 -2.687430   5.777550   1.820520  -2.488560   6.873650   1.682310
 -2.687430   5.777550   1.820520  -3.603300   5.494490   1.238900
 -1.591290   5.074280   1.358900  -2.687430   5.777550   1.820520
 -1.189710   3.386030   1.789020  -1.591290   5.074280   1.358900
 -1.189710   3.386030   1.789020  -0.752980   3.134430   0.463180
 -1.189710   3.386030   1.789020  -2.425730   2.994870   2.283400
 -1.189710   3.386030   1.789020  -0.123120   3.862390   2.609630
 -0.244120   0.156870   2.504330  -0.639340   1.559010   2.223450
 -0.244120   0.156870   2.504330  -1.161320  -0.505730   3.591960
 -0.244120   0.156870   2.504330   1.215760   0.087930   3.091530
 -0.228310  -0.786250   1.226390  -0.244120   0.156870   2.504330
 -0.322730  -0.193080  -0.053720  -0.228310  -0.786250   1.226390
 -0.322730  -0.193080  -0.053720  -1.185630  -0.677810  -0.581560
 -0.322730  -0.193080  -0.053720  -0.477680   0.917810   0.025220
 -0.322730  -0.193080  -0.053720   0.621390  -0.430610  -0.610940
