33 atoms follow (x y z r g b radiusScale)
 -0.217980  -0.235390  -0.073760   0.000000   1.000000   0.000000   1.850000
  0.824820  -0.313740  -0.479430   1.000000   1.000000   1.000000   1.200000
 -0.558010   0.834690  -0.033880   1.000000   1.000000   1.000000   1.200000
 -0.903560  -0.848640  -0.715430   1.000000   1.000000   1.000000   1.200000
 -0.249550  -0.807020   1.214520   1.000000   0.000000   0.000000   1.400000
 -0.271560   0.151010   2.480040   0.500000   0.500000   0.500000   1.900000
  1.194430   0.001320   3.022960   1.000000   0.000000   0.000000   1.400000
 -1.092070  -0.618180   3.571380   1.000000   0.000000   0.000000   1.400000
 -0.639430   1.565350   2.248480   1.000000   0.000000   0.000000   1.400000
 -1.097830   3.453180   1.925540   1.000000   1.000000   0.000000   1.850000
  0.136450   3.841900   2.522360   1.000000   0.000000   0.000000   1.400000
 -2.240790   3.184120   2.651790   1.000000   0.000000   0.000000   1.400000
 -0.949710   3.194970   0.540440   1.000000   0.000000   0.000000   1.400000
 -1.503500   5.169850   1.590940   1.000000   0.000000   0.000000   1.400000
 -2.731690   5.765620   1.795660   0.000000   1.000000   0.000000   1.850000
 -3.023320   5.710820   2.877060   1.000000   1.000000   1.000000   1.200000
 -3.524120   5.261310   1.181320   1.000000   1.000000   1.000000   1.200000
 -2.656340   6.842450   1.486320   1.000000   1.000000   1.000000   1.200000
  0.794540   5.163640   0.252680   0.000000   0.000000   1.000000   1.540000
  0.889670   5.210080   1.292100   1.000000   1.000000   1.000000   1.200000
  1.442560   5.768910  -0.222780   1.000000   1.000000   1.000000   1.200000
 -0.194110   5.410010   0.054140   1.000000   1.000000   1.000000   1.200000
  0.911260   4.180480  -0.014750   1.000000   1.000000   1.000000   1.200000
  0.973400   2.505130   4.912140   0.000000   0.000000   1.000000   1.540000
  1.417740   0.436820   3.847840   1.000000   1.000000   1.000000   1.200000
  1.588350   2.893700   4.222470   1.000000   1.000000   1.000000   1.200000
  1.225550   2.874740   5.805580   1.000000   1.000000   1.000000   1.200000
  0.050320   2.827010   4.687250   1.000000   1.000000   1.000000   1.200000
 -3.600060   0.887380   3.402150   0.000000   0.000000   1.000000   1.540000
 -2.043180  -0.478570   3.658830   1.000000   1.000000   1.000000   1.200000
 -3.778680   1.295690   2.505540   1.000000   1.000000   1.000000   1.200000
 -3.159420   1.596560   3.959750   1.000000   1.000000   1.000000   1.200000
 -4.471650   0.643270   3.823690   1.000000   1.000000   1.000000   1.200000
28 bonds follow (x1 y1 z1 x2 y2 z2)
 -3.600060   0.887380   3.402150  -4.471650   0.643270   3.823690
 -3.600060   0.887380   3.402150  -3.159420   1.596560   3.959750
 -3.600060   0.887380   3.402150  -3.778680   1.295690   2.505540
 -1.092070  -0.618180   3.571380  -2.043180  -0.478570   3.658830
  0.973400   2.505130   4.912140   0.050320   2.827010   4.687250
  0.973400   2.505130   4.912140   1.225550   2.874740   5.805580
  0.973400   2.505130   4.912140   1.588350   2.893700   4.222470
  1.194430   0.001320   3.022960   1.417740   0.436820   3.847840
  0.794540   5.163640   0.252680   0.911260   4.180480  -0.014750
  0.794540   5.163640   0.252680  -0.194110   5.410010   0.054140
  0.794540   5.163640   0.252680   1.442560   5.768910  -0.222780
  0.794540   5.163640   0.252680   0.889670   5.210080   1.292100
 -2.731690   5.765620   1.795660  -2.656340   6.842450   1.486320
 -2.731690   5.765620   1.795660  -3.524120   5.261310   1.181320
 -2.731690   5.765620   1.795660  -3.023320   5.710820   2.877060
 -1.503500   5.169850   1.590940  -2.731690   5.765620   1.795660
 -1.097830   3.453180   1.925540  -1.503500   5.169850   1.590940
 -1.097830   3.453180   1.925540  -0.949710   3.194970   0.540440
 -1.097830   3.453180   1.925540  -2.240790   3.184120   2.651790
 -1.097830   3.453180   1.925540   0.136450   3.841900   2.522360
 -0.271560   0.151010   2.480040  -0.639430   1.565350   2.248480
 -0.271560   0.151010   2.480040  -1.092070  -0.618180   3.571380
 -0.271560   0.151010   2.480040   1.194430   0.001320   3.022960
 -0.249550  -0.807020   1.214520  -0.271560   0.151010   2.480040
 -0.217980  -0.235390  -0.073760  -0.249550  -0.807020   1.214520
 -0.217980  -0.235390  -0.073760  -0.903560  -0.848640  -0.715430
 -0.217980  -0.235390  -0.073760  -0.558010   0.834690  -0.033880
 -0.217980  -0.235390  -0.073760   0.824820  -0.313740  -0.479430
