33 atoms follow (x y z r g b radiusScale)
 -0.217170  -0.249010  -0.073620   0.000000   1.000000   0.000000   1.850000
  0.820860  -0.352520  -0.487000   1.000000   1.000000   1.000000   1.200000
 -0.531130   0.828480  -0.031430   1.000000   1.000000   1.000000   1.200000
 -0.920990  -0.841980  -0.714540   1.000000   1.000000   1.000000   1.200000
 -0.255880  -0.818800   1.215870   1.000000   0.000000   0.000000   1.400000
 -0.260600   0.149910   2.482810   0.500000   0.500000   0.500000   1.900000
  1.218890   0.040370   3.002810   1.000000   0.000000   0.000000   1.400000
 -1.097630  -0.604560   3.571030   1.000000   0.000000   0.000000   1.400000
 -0.675660   1.557340   2.264330   1.000000   0.000000   0.000000   1.400000
 -1.105900   3.446270   1.926990   1.000000   1.000000   0.000000   1.850000
  0.125930   3.835820   2.527150   1.000000   0.000000   0.000000   1.400000
 -2.258610   3.189570   2.657740   1.000000   0.000000   0.000000   1.400000
 -0.948560   3.188820   0.536510   1.000000   0.000000   0.000000   1.400000
 -1.480270   5.163020   1.602910   1.000000   0.000000   0.000000   1.400000
 -2.714600   5.748220   1.814290   0.000000   1.000000   0.000000   1.850000
 -3.033900   5.629830   2.882270   1.000000   1.000000   1.000000   1.200000
 -3.489900   5.284210   1.149060   1.000000   1.000000   1.000000   1.200000
 -2.627850   6.840020   1.570180   1.000000   1.000000   1.000000   1.200000
  0.808390   5.164100   0.242230   0.000000   0.000000   1.000000   1.540000
  0.854990   5.174340   1.292130   1.000000   1.000000   1.000000   1.200000
  1.487840   5.780780  -0.178300   1.000000   1.000000   1.000000   1.200000
 -0.178940   5.433970   0.012990   1.000000   1.000000   1.000000   1.200000
  0.912820   4.194760  -0.052520   1.000000   1.000000   1.000000   1.200000
  0.964390   2.510730   4.894690   0.000000   0.000000   1.000000   1.540000
  1.455660   0.526250   3.796310   1.000000   1.000000   1.000000   1.200000
  1.563960   2.974340   4.239430   1.000000   1.000000   1.000000   1.200000
  1.238490   2.766320   5.820360   1.000000   1.000000   1.000000   1.200000
  0.035980   2.850380   4.728970   1.000000   1.000000   1.000000   1.200000
 -3.602740   0.894040   3.390020   0.000000   0.000000   1.000000   1.540000
 -2.036970  -0.378740   3.662730   1.000000   1.000000   1.000000   1.200000
 -3.692240   1.308450   2.482010   1.000000   1.000000   1.000000   1.200000
 -3.192960   1.592560   3.983450   1.000000   1.000000   1.000000   1.200000
 -4.513950   0.676410   3.735410   1.000000   1.000000   1.000000   1.200000
28 bonds follow (x1 y1 z1 x2 y2 z2)
 -3.602740   0.894040   3.390020  -4.513950   0.676410   3.735410
 -3.602740   0.894040   3.390020  -3.192960   1.592560   3.983450
 -3.602740   0.894040   3.390020  -3.692240   1.308450   2.482010
 -1.097630  -0.604560   3.571030  -2.036970  -0.378740   3.662730
  0.964390   2.510730   4.894690   0.035980   2.850380   4.728970
  0.964390   2.510730   4.894690   1.238490   2.766320   5.820360
  0.964390   2.510730   4.894690   1.563960   2.974340   4.239430
  1.218890   0.040370   3.002810   1.455660   0.526250   3.796310
  0.808390   5.164100   0.242230   0.912820   4.194760  -0.052520
  0.808390   5.164100   0.242230  -0.178940   5.433970   0.012990
  0.808390   5.164100   0.242230   1.487840   5.780780  -0.178300
  0.808390   5.164100   0.242230   0.854990   5.174340   1.292130
 -2.714600   5.748220   1.814290  -2.627850   6.840020   1.570180
 -2.714600   5.748220   1.814290  -3.489900   5.284210   1.149060
 -2.714600   5.748220   1.814290  -3.033900   5.629830   2.882270
 -1.480270   5.163020   1.602910  -2.714600   5.748220   1.814290
 -1.105900   3.446270   1.926990  -1.480270   5.163020   1.602910
 -1.105900   3.446270   1.926990  -0.948560   3.188820   0.536510
 -1.105900   3.446270   1.926990  -2.258610   3.189570   2.657740
 -1.105900   3.446270   1.926990   0.125930   3.835820   2.527150
 -0.260600   0.149910   2.482810  -0.675660   1.557340   2.264330
 -0.260600   0.149910   2.482810  -1.097630  -0.604560   3.571030
 -0.260600   0.149910   2.482810   1.218890   0.040370   3.002810
 -0.255880  -0.818800   1.215870  -0.260600   0.149910   2.482810
 -0.217170  -0.249010  -0.073620  -0.255880  -0.818800   1.215870
 -0.217170  -0.249010  -0.073620  -0.920990  -0.841980  -0.714540
 -0.217170  -0.249010  -0.073620  -0.531130   0.828480  -0.031430
 -0.217170  -0.249010  -0.073620   0.820860  -0.352520  -0.487000
