33 atoms follow (x y z r g b radiusScale)
 -0.412590  -0.222640  -0.012980   0.000000   1.000000   0.000000   1.850000
  0.530720  -0.376120  -0.600730   1.000000   1.000000   1.000000   1.200000
 -0.659060   0.871350   0.063130   1.000000   1.000000   1.000000   1.200000
 -1.244420  -0.786820  -0.510860   1.000000   1.000000   1.000000   1.200000
 -0.228240  -0.797250   1.263060   1.000000   0.000000   0.000000   1.400000
 -0.215850   0.150930   2.533390   0.500000   0.500000   0.500000   1.900000
  1.248210   0.074730   3.118720   1.000000   0.000000   0.000000   1.400000
 -1.165280  -0.587960   3.547760   1.000000   0.000000   0.000000   1.400000
 -0.612900   1.543570   2.206660   1.000000   0.000000   0.000000   1.400000
 -1.190680   3.397960   1.768310   1.000000   1.000000   0.000000   1.850000
 -0.133600   3.830070   2.607920   1.000000   0.000000   0.000000   1.400000
 -2.456020   3.074590   2.229250   1.000000   0.000000   0.000000   1.400000
 -0.712800   3.193940   0.450210   1.000000   0.000000   0.000000   1.400000
 -1.599780   5.104030   1.385530   1.000000   0.000000   0.000000   1.400000
 -2.681920   5.782840   1.909210   0.000000   1.000000   0.000000   1.850000
 -3.629570   5.448040   1.412040   1.000000   1.000000   1.000000   1.200000
 -2.534450   6.880560   1.724670   1.000000   1.000000   1.000000   1.200000
 -2.769810   5.603310   3.013040   1.000000   1.000000   1.000000   1.200000
  0.950640   5.295730   0.568620   0.000000   0.000000   1.000000   1.540000
  1.487970   4.574540   1.072060   1.000000   1.000000   1.000000   1.200000
  1.538010   6.020420   0.187590   1.000000   1.000000   1.000000   1.200000
  0.255290   5.669310   1.249320   1.000000   1.000000   1.000000   1.200000
  0.389220   4.808040  -0.151120   1.000000   1.000000   1.000000   1.200000
  1.337240   2.452950   4.836390   0.000000   0.000000   1.000000   1.540000
  1.458130   0.678220   3.848340   1.000000   1.000000   1.000000   1.200000
  0.894360   3.047460   4.159570   1.000000   1.000000   1.000000   1.200000
  2.265270   2.778880   5.003460   1.000000   1.000000   1.000000   1.200000
  0.826300   2.491850   5.692740   1.000000   1.000000   1.000000   1.200000
 -3.628970   0.951400   3.685300   0.000000   0.000000   1.000000   1.540000
 -2.069360  -0.253160   3.689000   1.000000   1.000000   1.000000   1.200000
 -3.686750   1.177450   2.709460   1.000000   1.000000   1.000000   1.200000
 -3.334940   1.784340   4.157370   1.000000   1.000000   1.000000   1.200000
 -4.538140   0.699370   4.012070   1.000000   1.000000   1.000000   1.200000
28 bonds follow (x1 y1 z1 x2 y2 z2)
 -3.628970   0.951400   3.685300  -4.538140   0.699370   4.012070
 -3.628970   0.951400   3.685300  -3.334940   1.784340   4.157370
 -3.628970   0.951400   3.685300  -3.686750   1.177450   2.709460
 -1.165280  -0.587960   3.547760  -2.069360  -0.253160   3.689000
  1.337240   2.452950   4.836390   0.826300   2.491850   5.692740
  1.337240   2.452950   4.836390   2.265270   2.778880   5.003460
  1.337240   2.452950   4.836390   0.894360   3.047460   4.159570
  1.248210   0.074730   3.118720   1.458130   0.678220   3.848340
  0.950640   5.295730   0.568620   0.389220   4.808040  -0.151120
  0.950640   5.295730   0.568620   0.255290   5.669310   1.249320
  0.950640   5.295730   0.568620   1.538010   6.020420   0.187590
  0.950640   5.295730   0.568620   1.487970   4.574540   1.072060
 -2.681920   5.782840   1.909210  -2.769810   5.603310   3.013040
 -2.681920   5.782840   1.909210  -2.534450   6.880560   1.724670
 -2.681920   5.782840   1.909210  -3.629570   5.448040   1.412040
 -1.599780   5.104030   1.385530  -2.681920   5.782840   1.909210
 -1.190680   3.397960   1.768310  -1.599780   5.104030   1.385530
 -1.190680   3.397960   1.768310  -0.712800   3.193940   0.450210
 -1.190680   3.397960   1.768310  -2.456020   3.074590   2.229250
 -1.190680   3.397960   1.768310  -0.133600   3.830070   2.607920
 -0.215850   0.150930   2.533390  -0.612900   1.543570   2.206660
 -0.215850   0.150930   2.533390  -1.165280  -0.587960   3.547760
 -0.215850   0.150930   2.533390   1.248210   0.074730   3.118720
 -0.228240  -0.797250   1.263060  -0.215850   0.150930   2.533390
 -0.412590  -0.222640  -0.012980  -0.228240  -0.797250   1.263060
 -0.412590  -0.222640  -0.012980  -1.244420  -0.786820  -0.510860
 -0.412590  -0.222640  -0.012980  -0.659060   0.871350   0.063130
 -0.412590  -0.222640  -0.012980   0.530720  -0.376120  -0.600730
