33 atoms follow (x y z r g b radiusScale)
 -0.220510  -0.247110  -0.069490   0.000000   1.000000   0.000000   1.850000
  0.808760  -0.407410  -0.485900   1.000000   1.000000   1.000000   1.200000
 -0.485290   0.845140  -0.036780   1.000000   1.000000   1.000000   1.200000
 -0.956490  -0.816620  -0.695290   1.000000   1.000000   1.000000   1.200000
 -0.275260  -0.806640   1.223690   1.000000   0.000000   0.000000   1.400000
 -0.236490   0.144440   2.491280   0.500000   0.500000   0.500000   1.900000
  1.264190   0.081170   2.985310   1.000000   0.000000   0.000000   1.400000
 -1.122390  -0.590200   3.563500   1.000000   0.000000   0.000000   1.400000
 -0.701080   1.528500   2.252110   1.000000   0.000000   0.000000   1.400000
 -1.127990   3.450290   1.931660   1.000000   1.000000   0.000000   1.850000
  0.119460   3.801930   2.524830   1.000000   0.000000   0.000000   1.400000
 -2.281380   3.201100   2.659700   1.000000   0.000000   0.000000   1.400000
 -0.932860   3.163690   0.553730   1.000000   0.000000   0.000000   1.400000
 -1.455910   5.164760   1.599920   1.000000   0.000000   0.000000   1.400000
 -2.695880   5.732730   1.832060   0.000000   1.000000   0.000000   1.850000
 -3.032610   5.533470   2.882850   1.000000   1.000000   1.000000   1.200000
 -3.454360   5.310920   1.120590   1.000000   1.000000   1.000000   1.200000
 -2.610570   6.838880   1.670450   1.000000   1.000000   1.000000   1.200000
  0.820310   5.174760   0.233910   0.000000   0.000000   1.000000   1.540000
  0.898860   5.152010   1.271720   1.000000   1.000000   1.000000   1.200000
  1.517950   5.763860  -0.183750   1.000000   1.000000   1.000000   1.200000
 -0.144470   5.493320   0.034000   1.000000   1.000000   1.000000   1.200000
  0.871550   4.194350  -0.090050   1.000000   1.000000   1.000000   1.200000
  0.958030   2.515060   4.877480   0.000000   0.000000   1.000000   1.540000
  1.488640   0.609960   3.756690   1.000000   1.000000   1.000000   1.200000
  1.513460   3.057070   4.243390   1.000000   1.000000   1.000000   1.200000
  1.247460   2.709410   5.812860   1.000000   1.000000   1.000000   1.200000
  0.008940   2.814960   4.764060   1.000000   1.000000   1.000000   1.200000
 -3.615350   0.892550   3.388900   0.000000   0.000000   1.000000   1.540000
 -2.033460  -0.279910   3.703610   1.000000   1.000000   1.000000   1.200000
 -3.567520   1.257880   2.456280   1.000000   1.000000   1.000000   1.200000
 -3.256210   1.608440   3.994330   1.000000   1.000000   1.000000   1.200000
 -4.573680   0.733480   3.619760   1.000000   1.000000   1.000000   1.200000
28 bonds follow (x1 y1 z1 x2 y2 z2)
 -3.615350   0.892550   3.388900  -4.573680   0.733480   3.619760
 -3.615350   0.892550   3.388900  -3.256210   1.608440   3.994330
 -3.615350   0.892550   3.388900  -3.567520   1.257880   2.456280
 -1.122390  -0.590200   3.563500  -2.033460  -0.279910   3.703610
  0.958030   2.515060   4.877480   0.008940   2.814960   4.764060
  0.958030   2.515060   4.877480   1.247460   2.709410   5.812860
  0.958030   2.515060   4.877480   1.513460   3.057070   4.243390
  1.264190   0.081170   2.985310   1.488640   0.609960   3.756690
  0.820310   5.174760   0.233910   0.871550   4.194350  -0.090050
  0.820310   5.174760   0.233910  -0.144470   5.493320   0.034000
  0.820310   5.174760   0.233910   1.517950   5.763860  -0.183750
  0.820310   5.174760   0.233910   0.898860   5.152010   1.271720
 -2.695880   5.732730   1.832060  -2.610570   6.838880   1.670450
 -2.695880   5.732730   1.832060  -3.454360   5.310920   1.120590
 -2.695880   5.732730   1.832060  -3.032610   5.533470   2.882850
 -1.455910   5.164760   1.599920  -2.695880   5.732730   1.832060
 -1.127990   3.450290   1.931660  -1.455910   5.164760   1.599920
 -1.127990   3.450290   1.931660  -0.932860   3.163690   0.553730
 -1.127990   3.450290   1.931660  -2.281380   3.201100   2.659700
 -1.127990   3.450290   1.931660   0.119460   3.801930   2.524830
 -0.236490   0.144440   2.491280  -0.701080   1.528500   2.252110
 -0.236490   0.144440   2.491280  -1.122390  -0.590200   3.563500
 -0.236490   0.144440   2.491280   1.264190   0.081170   2.985310
 -0.275260  -0.806640   1.223690  -0.236490   0.144440   2.491280
 -0.220510  -0.247110  -0.069490  -0.275260  -0.806640   1.223690
 -0.220510  -0.247110  -0.069490  -0.956490  -0.816620  -0.695290
 -0.220510  -0.247110  -0.069490  -0.485290   0.845140  -0.036780
 -0.220510  -0.247110  -0.069490   0.808760  -0.407410  -0.485900
