33 atoms follow (x y z r g b radiusScale)
 -0.302980  -0.116770  -0.078960   0.000000   1.000000   0.000000   1.850000
  0.625460  -0.412860  -0.634550   1.000000   1.000000   1.000000   1.200000
 -0.392290   0.998370   0.015020   1.000000   1.000000   1.000000   1.200000
 -1.194550  -0.539720  -0.613340   1.000000   1.000000   1.000000   1.200000
 -0.253650  -0.723310   1.196010   1.000000   0.000000   0.000000   1.400000
 -0.223650   0.157940   2.515350   0.500000   0.500000   0.500000   1.900000
  1.266900   0.075400   2.998510   1.000000   0.000000   0.000000   1.400000
 -1.025150  -0.608290   3.628740   1.000000   0.000000   0.000000   1.400000
 -0.662200   1.550690   2.292030   1.000000   0.000000   0.000000   1.400000
 -1.159580   3.406150   1.886730   1.000000   1.000000   0.000000   1.850000
  0.072430   3.795570   2.479480   1.000000   0.000000   0.000000   1.400000
 -2.321390   3.138900   2.597740   1.000000   0.000000   0.000000   1.400000
 -0.976060   3.091090   0.515740   1.000000   0.000000   0.000000   1.400000
 -1.486320   5.131950   1.487040   1.000000   0.000000   0.000000   1.400000
 -2.593010   5.871780   1.845600   0.000000   1.000000   0.000000   1.850000
 -3.053500   5.479620   2.789560   1.000000   1.000000   1.000000   1.200000
 -3.359420   5.841420   1.025640   1.000000   1.000000   1.000000   1.200000
 -2.278120   6.938270   2.002590   1.000000   1.000000   1.000000   1.200000
  0.867540   5.167880   0.288500   0.000000   0.000000   1.000000   1.540000
  1.256370   4.466790   0.947280   1.000000   1.000000   1.000000   1.200000
  1.580410   5.598880  -0.283920   1.000000   1.000000   1.000000   1.200000
  0.349200   5.851570   0.874680   1.000000   1.000000   1.000000   1.200000
  0.146010   4.677440  -0.258300   1.000000   1.000000   1.000000   1.200000
  1.000500   2.517300   4.993260   0.000000   0.000000   1.000000   1.540000
  1.511900   0.506400   3.819670   1.000000   1.000000   1.000000   1.200000
  1.263580   3.004940   4.156320   1.000000   1.000000   1.000000   1.200000
  1.557590   2.849140   5.752670   1.000000   1.000000   1.000000   1.200000
  0.043600   2.736670   5.182540   1.000000   1.000000   1.000000   1.200000
 -3.695640   0.804790   3.392540   0.000000   0.000000   1.000000   1.540000
 -1.957690  -0.398820   3.764640   1.000000   1.000000   1.000000   1.200000
 -3.613650   1.280030   2.512460   1.000000   1.000000   1.000000   1.200000
 -3.345640   1.434740   4.089800   1.000000   1.000000   1.000000   1.200000
 -4.664200   0.642870   3.576160   1.000000   1.000000   1.000000   1.200000
28 bonds follow (x1 y1 z1 x2 y2 z2)
 -3.695640   0.804790   3.392540  -4.664200   0.642870   3.576160
 -3.695640   0.804790   3.392540  -3.345640   1.434740   4.089800
 -3.695640   0.804790   3.392540  -3.613650   1.280030   2.512460
 -1.025150  -0.608290   3.628740  -1.957690  -0.398820   3.764640
  1.000500   2.517300   4.993260   0.043600   2.736670   5.182540
  1.000500   2.517300   4.993260   1.557590   2.849140   5.752670
  1.000500   2.517300   4.993260   1.263580   3.004940   4.156320
  1.266900   0.075400   2.998510   1.511900   0.506400   3.819670
  0.867540   5.167880   0.288500   0.146010   4.677440  -0.258300
  0.867540   5.167880   0.288500   0.349200   5.851570   0.874680
  0.867540   5.167880   0.288500   1.580410   5.598880  -0.283920
  0.867540   5.167880   0.288500   1.256370   4.466790   0.947280
 -2.593010   5.871780   1.845600  -2.278120   6.938270   2.002590
 -2.593010   5.871780   1.845600  -3.359420   5.841420   1.025640
 -2.593010   5.871780   1.845600  -3.053500   5.479620   2.789560
 -1.486320   5.131950   1.487040  -2.593010   5.871780   1.845600
 -1.159580   3.406150   1.886730  -1.486320   5.131950   1.487040
 -1.159580   3.406150   1.886730  -0.976060   3.091090   0.515740
 -1.159580   3.406150   1.886730  -2.321390   3.138900   2.597740
 -1.159580   3.406150   1.886730   0.072430   3.795570   2.479480
 -0.223650   0.157940   2.515350  -0.662200   1.550690   2.292030
 -0.223650   0.157940   2.515350  -1.025150  -0.608290   3.628740
 -0.223650   0.157940   2.515350   1.266900   0.075400   2.998510
 -0.253650  -0.723310   1.196010  -0.223650   0.157940   2.515350
 -0.302980  -0.116770  -0.078960  -0.253650  -0.723310   1.196010
 -0.302980  -0.116770  -0.078960  -1.194550  -0.539720  -0.613340
 -0.302980  -0.116770  -0.078960  -0.392290   0.998370   0.015020
 -0.302980  -0.116770  -0.078960   0.625460  -0.412860  -0.634550
