33 atoms follow (x y z r g b radiusScale)
 -0.294650  -0.186660  -0.062360   0.000000   1.000000   0.000000   1.850000
  0.645410  -0.455850  -0.611230   1.000000   1.000000   1.000000   1.200000
 -0.414120   0.929160   0.014570   1.000000   1.000000   1.000000   1.200000
 -1.168860  -0.640700  -0.598530   1.000000   1.000000   1.000000   1.200000
 -0.232510  -0.776880   1.221900   1.000000   0.000000   0.000000   1.400000
 -0.249740   0.166730   2.502590   0.500000   0.500000   0.500000   1.900000
  1.204930   0.076360   3.076470   1.000000   0.000000   0.000000   1.400000
 -1.155370  -0.490050   3.596540   1.000000   0.000000   0.000000   1.400000
 -0.651560   1.566630   2.224810   1.000000   0.000000   0.000000   1.400000
 -1.188420   3.375100   1.799330   1.000000   1.000000   0.000000   1.850000
 -0.115980   3.871910   2.593630   1.000000   0.000000   0.000000   1.400000
 -2.431430   3.000710   2.300290   1.000000   0.000000   0.000000   1.400000
 -0.744900   3.132070   0.470370   1.000000   0.000000   0.000000   1.400000
 -1.600770   5.055810   1.349350   1.000000   0.000000   0.000000   1.400000
 -2.690890   5.770510   1.794910   0.000000   1.000000   0.000000   1.850000
 -3.601870   5.511630   1.194210   1.000000   1.000000   1.000000   1.200000
 -2.469100   6.864770   1.668260   1.000000   1.000000   1.000000   1.200000
 -2.897110   5.559140   2.876840   1.000000   1.000000   1.000000   1.200000
  0.949220   5.292060   0.658540   0.000000   0.000000   1.000000   1.540000
  1.405250   4.504140   1.142090   1.000000   1.000000   1.000000   1.200000
  1.607280   5.878030   0.163710   1.000000   1.000000   1.000000   1.200000
  0.416620   5.803730   1.377700   1.000000   1.000000   1.000000   1.200000
  0.231020   4.881830   0.035450   1.000000   1.000000   1.000000   1.200000
  1.416200   2.424200   4.814470   0.000000   0.000000   1.000000   1.540000
  1.448160   0.696330   3.783010   1.000000   1.000000   1.000000   1.200000
  0.885920   3.052830   4.237000   1.000000   1.000000   1.000000   1.200000
  2.323560   2.806250   4.973580   1.000000   1.000000   1.000000   1.200000
  0.957560   2.312310   5.693990   1.000000   1.000000   1.000000   1.200000
 -3.684280   0.967470   3.723720   0.000000   0.000000   1.000000   1.540000
 -2.052160  -0.135910   3.745450   1.000000   1.000000   1.000000   1.200000
 -3.823570   1.221780   2.763950   1.000000   1.000000   1.000000   1.200000
 -3.324850   1.778700   4.188700   1.000000   1.000000   1.000000   1.200000
 -4.563440   0.724160   4.128710   1.000000   1.000000   1.000000   1.200000
29 bonds follow (x1 y1 z1 x2 y2 z2)
 -3.684280   0.967470   3.723720  -4.563440   0.724160   4.128710
 -3.684280   0.967470   3.723720  -3.324850   1.778700   4.188700
 -3.684280   0.967470   3.723720  -3.823570   1.221780   2.763950
 -1.155370  -0.490050   3.596540  -2.052160  -0.135910   3.745450
  1.416200   2.424200   4.814470   0.957560   2.312310   5.693990
  1.416200   2.424200   4.814470   2.323560   2.806250   4.973580
  1.416200   2.424200   4.814470   0.885920   3.052830   4.237000
  1.204930   0.076360   3.076470   1.448160   0.696330   3.783010
  0.949220   5.292060   0.658540   0.231020   4.881830   0.035450
  0.949220   5.292060   0.658540   0.416620   5.803730   1.377700
  0.949220   5.292060   0.658540   1.607280   5.878030   0.163710
  0.949220   5.292060   0.658540   1.405250   4.504140   1.142090
 -2.690890   5.770510   1.794910  -2.897110   5.559140   2.876840
 -2.690890   5.770510   1.794910  -2.469100   6.864770   1.668260
 -2.690890   5.770510   1.794910  -3.601870   5.511630   1.194210
 -1.600770   5.055810   1.349350  -2.690890   5.770510   1.794910
 -1.188420   3.375100   1.799330  -1.600770   5.055810   1.349350
 -1.188420   3.375100   1.799330  -0.744900   3.132070   0.470370
 -1.188420   3.375100   1.799330  -2.431430   3.000710   2.300290
 -1.188420   3.375100   1.799330  -0.115980   3.871910   2.593630
 -0.651560   1.566630   2.224810  -1.188420   3.375100   1.799330
 -0.249740   0.166730   2.502590  -0.651560   1.566630   2.224810
 -0.249740   0.166730   2.502590  -1.155370  -0.490050   3.596540
 -0.249740   0.166730   2.502590   1.204930   0.076360   3.076470
 -0.232510  -0.776880   1.221900  -0.249740   0.166730   2.502590
 -0.294650  -0.186660  -0.062360  -0.232510  -0.776880   1.221900
 -0.294650  -0.186660  -0.062360  -1.168860  -0.640700  -0.598530
 -0.294650  -0.186660  -0.062360  -0.414120   0.929160   0.014570
 -0.294650  -0.186660  -0.062360   0.645410  -0.455850  -0.611230
