33 atoms follow (x y z r g b radiusScale)
 -0.573570  -0.156350   0.005450   0.000000   1.000000   0.000000   1.850000
  0.169040  -0.469180  -0.773220   1.000000   1.000000   1.000000   1.200000
 -0.617530   0.965060   0.080860   1.000000   1.000000   1.000000   1.200000
 -1.578360  -0.575480  -0.263120   1.000000   1.000000   1.000000   1.200000
 -0.159710  -0.736110   1.226720   1.000000   0.000000   0.000000   1.400000
 -0.170890   0.178850   2.527610   0.500000   0.500000   0.500000   1.900000
  1.272920   0.114580   3.131640   1.000000   0.000000   0.000000   1.400000
 -1.103600  -0.593610   3.515360   1.000000   0.000000   0.000000   1.400000
 -0.678410   1.539190   2.226810   1.000000   0.000000   0.000000   1.400000
 -1.167770   3.383310   1.807300   1.000000   1.000000   0.000000   1.850000
 -0.068870   3.847980   2.589160   1.000000   0.000000   0.000000   1.400000
 -2.414030   3.071940   2.331950   1.000000   0.000000   0.000000   1.400000
 -0.715440   3.110100   0.488580   1.000000   0.000000   0.000000   1.400000
 -1.596940   5.047400   1.326120   1.000000   0.000000   0.000000   1.400000
 -2.524450   5.852730   1.951550   0.000000   1.000000   0.000000   1.850000
 -3.548470   5.402170   1.887110   1.000000   1.000000   1.000000   1.200000
 -2.523060   6.850810   1.436910   1.000000   1.000000   1.000000   1.200000
 -2.256580   5.999470   3.032210   1.000000   1.000000   1.000000   1.200000
  0.832280   5.290610   0.443180   0.000000   0.000000   1.000000   1.540000
  0.809500   5.379120   1.467430   1.000000   1.000000   1.000000   1.200000
  1.554060   5.848200   0.014610   1.000000   1.000000   1.000000   1.200000
 -0.113290   5.544390   0.105950   1.000000   1.000000   1.000000   1.200000
  0.947710   4.278650   0.237850   1.000000   1.000000   1.000000   1.200000
  1.185790   2.398690   4.950520   0.000000   0.000000   1.000000   1.540000
  1.483120   0.712800   3.865780   1.000000   1.000000   1.000000   1.200000
  0.957410   3.068550   4.237070   1.000000   1.000000   1.000000   1.200000
  2.064360   2.635020   5.360090   1.000000   1.000000   1.000000   1.200000
  0.484080   2.426940   5.659640   1.000000   1.000000   1.000000   1.200000
 -3.657320   0.895400   3.555940   0.000000   0.000000   1.000000   1.540000
 -2.024860  -0.293520   3.605160   1.000000   1.000000   1.000000   1.200000
 -3.876830   1.003310   2.585620   1.000000   1.000000   1.000000   1.200000
 -3.291100   1.774230   3.872520   1.000000   1.000000   1.000000   1.200000
 -4.497570   0.692640   4.055880   1.000000   1.000000   1.000000   1.200000
28 bonds follow (x1 y1 z1 x2 y2 z2)
 -3.657320   0.895400   3.555940  -4.497570   0.692640   4.055880
 -3.657320   0.895400   3.555940  -3.291100   1.774230   3.872520
 -3.657320   0.895400   3.555940  -3.876830   1.003310   2.585620
 -1.103600  -0.593610   3.515360  -2.024860  -0.293520   3.605160
  1.185790   2.398690   4.950520   0.484080   2.426940   5.659640
  1.185790   2.398690   4.950520   2.064360   2.635020   5.360090
  1.185790   2.398690   4.950520   0.957410   3.068550   4.237070
  1.272920   0.114580   3.131640   1.483120   0.712800   3.865780
  0.832280   5.290610   0.443180   0.947710   4.278650   0.237850
  0.832280   5.290610   0.443180  -0.113290   5.544390   0.105950
  0.832280   5.290610   0.443180   1.554060   5.848200   0.014610
  0.832280   5.290610   0.443180   0.809500   5.379120   1.467430
 -2.524450   5.852730   1.951550  -2.256580   5.999470   3.032210
 -2.524450   5.852730   1.951550  -2.523060   6.850810   1.436910
 -2.524450   5.852730   1.951550  -3.548470   5.402170   1.887110
 -1.596940   5.047400   1.326120  -2.524450   5.852730   1.951550
 -1.167770   3.383310   1.807300  -1.596940   5.047400   1.326120
 -1.167770   3.383310   1.807300  -0.715440   3.110100   0.488580
 -1.167770   3.383310   1.807300  -2.414030   3.071940   2.331950
 -1.167770   3.383310   1.807300  -0.068870   3.847980   2.589160
 -0.170890   0.178850   2.527610  -0.678410   1.539190   2.226810
 -0.170890   0.178850   2.527610  -1.103600  -0.593610   3.515360
 -0.170890   0.178850   2.527610   1.272920   0.114580   3.131640
 -0.159710  -0.736110   1.226720  -0.170890   0.178850   2.527610
 -0.573570  -0.156350   0.005450  -0.159710  -0.736110   1.226720
 -0.573570  -0.156350   0.005450  -1.578360  -0.575480  -0.263120
 -0.573570  -0.156350   0.005450  -0.617530   0.965060   0.080860
 -0.573570  -0.156350   0.005450   0.169040  -0.469180  -0.773220
