33 atoms follow (x y z r g b radiusScale)
 -0.026940   0.017760  -0.035600   0.000000   1.000000   0.000000   1.850000
  1.091210  -0.019150  -0.071230   1.000000   1.000000   1.000000   1.200000
 -0.398850   1.079080  -0.026590   1.000000   1.000000   1.000000   1.200000
 -0.456390  -0.549610  -0.899110   1.000000   1.000000   1.000000   1.200000
 -0.458610  -0.645580   1.133640   1.000000   0.000000   0.000000   1.400000
 -0.299630   0.164930   2.491710   0.500000   0.500000   0.500000   1.900000
  1.176930  -0.088280   2.979960   1.000000   0.000000   0.000000   1.400000
 -1.229450  -0.561840   3.514750   1.000000   0.000000   0.000000   1.400000
 -0.653020   1.602020   2.380830   1.000000   0.000000   0.000000   1.400000
 -1.192070   3.443670   1.959950   1.000000   1.000000   0.000000   1.850000
 -0.059620   3.912840   2.693370   1.000000   0.000000   0.000000   1.400000
 -2.399760   3.127130   2.567590   1.000000   0.000000   0.000000   1.400000
 -0.808540   3.106120   0.624770   1.000000   0.000000   0.000000   1.400000
 -1.583740   5.097780   1.441420   1.000000   0.000000   0.000000   1.400000
 -2.853000   5.558250   1.148190   0.000000   1.000000   0.000000   1.850000
 -3.117310   5.311970   0.084560   1.000000   1.000000   1.000000   1.200000
 -2.861690   6.673320   1.273200   1.000000   1.000000   1.000000   1.200000
 -3.617660   5.103450   1.830490   1.000000   1.000000   1.000000   1.200000
  0.968150   5.264060   0.561490   0.000000   0.000000   1.000000   1.540000
  0.810230   5.187930   1.592750   1.000000   1.000000   1.000000   1.200000
  0.887660   6.233340   0.277290   1.000000   1.000000   1.000000   1.200000
  0.190690   4.707650   0.130720   1.000000   1.000000   1.000000   1.200000
  1.867420   4.867420   0.308790   1.000000   1.000000   1.000000   1.200000
  1.587030   2.281890   4.695350   0.000000   0.000000   1.000000   1.540000
  1.534960   0.513640   3.649250   1.000000   1.000000   1.000000   1.200000
  1.075830   2.883630   4.073470   1.000000   1.000000   1.000000   1.200000
  2.507860   2.646090   4.817580   1.000000   1.000000   1.000000   1.200000
  1.130090   2.270470   5.582870   1.000000   1.000000   1.000000   1.200000
 -3.617060   0.932880   3.778450   0.000000   0.000000   1.000000   1.540000
 -2.120230  -0.185380   3.681180   1.000000   1.000000   1.000000   1.200000
 -3.868240   1.202980   2.847890   1.000000   1.000000   1.000000   1.200000
 -3.225000   1.740930   4.223960   1.000000   1.000000   1.000000   1.200000
 -4.434370   0.644170   4.271760   1.000000   1.000000   1.000000   1.200000
28 bonds follow (x1 y1 z1 x2 y2 z2)
 -3.617060   0.932880   3.778450  -4.434370   0.644170   4.271760
 -3.617060   0.932880   3.778450  -3.225000   1.740930   4.223960
 -3.617060   0.932880   3.778450  -3.868240   1.202980   2.847890
 -1.229450  -0.561840   3.514750  -2.120230  -0.185380   3.681180
  1.587030   2.281890   4.695350   1.130090   2.270470   5.582870
  1.587030   2.281890   4.695350   2.507860   2.646090   4.817580
  1.587030   2.281890   4.695350   1.075830   2.883630   4.073470
  1.176930  -0.088280   2.979960   1.534960   0.513640   3.649250
  0.968150   5.264060   0.561490   1.867420   4.867420   0.308790
  0.968150   5.264060   0.561490   0.190690   4.707650   0.130720
  0.968150   5.264060   0.561490   0.887660   6.233340   0.277290
  0.968150   5.264060   0.561490   0.810230   5.187930   1.592750
 -2.853000   5.558250   1.148190  -3.617660   5.103450   1.830490
 -2.853000   5.558250   1.148190  -2.861690   6.673320   1.273200
 -2.853000   5.558250   1.148190  -3.117310   5.311970   0.084560
 -1.583740   5.097780   1.441420  -2.853000   5.558250   1.148190
 -1.192070   3.443670   1.959950  -1.583740   5.097780   1.441420
 -1.192070   3.443670   1.959950  -0.808540   3.106120   0.624770
 -1.192070   3.443670   1.959950  -2.399760   3.127130   2.567590
 -1.192070   3.443670   1.959950  -0.059620   3.912840   2.693370
 -0.299630   0.164930   2.491710  -0.653020   1.602020   2.380830
 -0.299630   0.164930   2.491710  -1.229450  -0.561840   3.514750
 -0.299630   0.164930   2.491710   1.176930  -0.088280   2.979960
 -0.458610  -0.645580   1.133640  -0.299630   0.164930   2.491710
 -0.026940   0.017760  -0.035600  -0.458610  -0.645580   1.133640
 -0.026940   0.017760  -0.035600  -0.456390  -0.549610  -0.899110
 -0.026940   0.017760  -0.035600  -0.398850   1.079080  -0.026590
 -0.026940   0.017760  -0.035600   1.091210  -0.019150  -0.071230
