33 atoms follow (x y z r g b radiusScale)
 -0.536260  -0.114840  -0.015190   0.000000   1.000000   0.000000   1.850000
  0.322070  -0.260740  -0.721880   1.000000   1.000000   1.000000   1.200000
 -0.758860   0.979310   0.117960   1.000000   1.000000   1.000000   1.200000
 -1.430090  -0.659100  -0.418890   1.000000   1.000000   1.000000   1.200000
 -0.188650  -0.718670   1.212250   1.000000   0.000000   0.000000   1.400000
 -0.154260   0.171060   2.527330   0.500000   0.500000   0.500000   1.900000
  1.318520  -0.000210   3.074330   1.000000   0.000000   0.000000   1.400000
 -1.100650  -0.616230   3.501460   1.000000   0.000000   0.000000   1.400000
 -0.582240   1.574200   2.307770   1.000000   0.000000   0.000000   1.400000
 -1.184580   3.437940   1.857950   1.000000   1.000000   0.000000   1.850000
 -0.099840   3.926410   2.618140   1.000000   0.000000   0.000000   1.400000
 -2.414720   3.172430   2.441170   1.000000   0.000000   0.000000   1.400000
 -0.788210   3.087010   0.538390   1.000000   0.000000   0.000000   1.400000
 -1.599860   5.089060   1.292970   1.000000   0.000000   0.000000   1.400000
 -2.520900   5.896610   1.932470   0.000000   1.000000   0.000000   1.850000
 -3.356550   5.293430   2.372600   1.000000   1.000000   1.000000   1.200000
 -2.942760   6.616990   1.182800   1.000000   1.000000   1.000000   1.200000
 -2.017760   6.478750   2.751260   1.000000   1.000000   1.000000   1.200000
  0.891920   5.145880   0.296890   0.000000   0.000000   1.000000   1.540000
  1.031670   5.046560   1.314830   1.000000   1.000000   1.000000   1.200000
  1.662340   5.607890  -0.155530   1.000000   1.000000   1.000000   1.200000
 -0.004410   5.645770   0.175190   1.000000   1.000000   1.000000   1.200000
  0.728300   4.180240  -0.078210   1.000000   1.000000   1.000000   1.200000
  1.076160   2.421380   4.971480   0.000000   0.000000   1.000000   1.540000
  1.563740   0.530130   3.839330   1.000000   1.000000   1.000000   1.200000
  0.848390   3.061540   4.231820   1.000000   1.000000   1.000000   1.200000
  1.857910   2.776980   5.479910   1.000000   1.000000   1.000000   1.200000
  0.297450   2.359150   5.593840   1.000000   1.000000   1.000000   1.200000
 -3.644720   0.772130   3.490670   0.000000   0.000000   1.000000   1.540000
 -2.027500  -0.320110   3.576040   1.000000   1.000000   1.000000   1.200000
 -3.882580   0.874150   2.524880   1.000000   1.000000   1.000000   1.200000
 -3.373770   1.676940   3.829510   1.000000   1.000000   1.000000   1.200000
 -4.449280   0.456010   3.989750   1.000000   1.000000   1.000000   1.200000
28 bonds follow (x1 y1 z1 x2 y2 z2)
 -3.644720   0.772130   3.490670  -4.449280   0.456010   3.989750
 -3.644720   0.772130   3.490670  -3.373770   1.676940   3.829510
 -3.644720   0.772130   3.490670  -3.882580   0.874150   2.524880
 -1.100650  -0.616230   3.501460  -2.027500  -0.320110   3.576040
  1.076160   2.421380   4.971480   0.297450   2.359150   5.593840
  1.076160   2.421380   4.971480   1.857910   2.776980   5.479910
  1.076160   2.421380   4.971480   0.848390   3.061540   4.231820
  1.318520  -0.000210   3.074330   1.563740   0.530130   3.839330
  0.891920   5.145880   0.296890   0.728300   4.180240  -0.078210
  0.891920   5.145880   0.296890  -0.004410   5.645770   0.175190
  0.891920   5.145880   0.296890   1.662340   5.607890  -0.155530
  0.891920   5.145880   0.296890   1.031670   5.046560   1.314830
 -2.520900   5.896610   1.932470  -2.017760   6.478750   2.751260
 -2.520900   5.896610   1.932470  -2.942760   6.616990   1.182800
 -2.520900   5.896610   1.932470  -3.356550   5.293430   2.372600
 -1.599860   5.089060   1.292970  -2.520900   5.896610   1.932470
 -1.184580   3.437940   1.857950  -1.599860   5.089060   1.292970
 -1.184580   3.437940   1.857950  -0.788210   3.087010   0.538390
 -1.184580   3.437940   1.857950  -2.414720   3.172430   2.441170
 -1.184580   3.437940   1.857950  -0.099840   3.926410   2.618140
 -0.154260   0.171060   2.527330  -0.582240   1.574200   2.307770
 -0.154260   0.171060   2.527330  -1.100650  -0.616230   3.501460
 -0.154260   0.171060   2.527330   1.318520  -0.000210   3.074330
 -0.188650  -0.718670   1.212250  -0.154260   0.171060   2.527330
 -0.536260  -0.114840  -0.015190  -0.188650  -0.718670   1.212250
 -0.536260  -0.114840  -0.015190  -1.430090  -0.659100  -0.418890
 -0.536260  -0.114840  -0.015190  -0.758860   0.979310   0.117960
 -0.536260  -0.114840  -0.015190   0.322070  -0.260740  -0.721880
