33 atoms follow (x y z r g b radiusScale)
  0.196990  -0.190200   0.013960   0.000000   1.000000   0.000000   1.850000
  1.306300  -0.204160   0.154830   1.000000   1.000000   1.000000   1.200000
 -0.183480   0.859350  -0.101710   1.000000   1.000000   1.000000   1.200000
 -0.099640  -0.828140  -0.855780   1.000000   1.000000   1.000000   1.200000
 -0.406900  -0.777340   1.152910   1.000000   0.000000   0.000000   1.400000
 -0.312990   0.011070   2.513830   0.500000   0.500000   0.500000   1.900000
  1.162660  -0.135410   2.998490   1.000000   0.000000   0.000000   1.400000
 -1.269220  -0.648050   3.543070   1.000000   0.000000   0.000000   1.400000
 -0.594590   1.473370   2.305580   1.000000   0.000000   0.000000   1.400000
 -1.129880   3.171330   2.128070   1.000000   1.000000   0.000000   1.850000
 -0.239410   3.729080   3.008060   1.000000   0.000000   0.000000   1.400000
 -2.439310   3.021460   2.562950   1.000000   0.000000   0.000000   1.400000
 -0.859960   3.258590   0.786410   1.000000   0.000000   0.000000   1.400000
 -2.257700   6.070730   1.538050   1.000000   0.000000   0.000000   1.400000
 -3.493090   6.104810   0.851190   0.000000   1.000000   0.000000   1.850000
 -3.356680   6.596150  -0.143420   1.000000   1.000000   1.000000   1.200000
 -4.300300   6.627210   1.428370   1.000000   1.000000   1.000000   1.200000
 -3.730100   5.023010   0.760950   1.000000   1.000000   1.000000   1.200000
  2.106580   5.442050  -0.092080   0.000000   0.000000   1.000000   1.540000
  2.244660   6.121970   0.624120   1.000000   1.000000   1.000000   1.200000
 -2.080220   7.129270   1.687250   1.000000   1.000000   1.000000   1.200000
  1.947950   5.920070  -0.952130   1.000000   1.000000   1.000000   1.200000
  1.307000   4.887530   0.123040   1.000000   1.000000   1.000000   1.200000
  1.785640   2.191250   4.563720   0.000000   0.000000   1.000000   1.540000
  1.586460   0.580760   3.514760   1.000000   1.000000   1.000000   1.200000
  1.510200   2.896520   3.903320   1.000000   1.000000   1.000000   1.200000
  2.745970   2.322090   4.803160   1.000000   1.000000   1.000000   1.200000
  1.232690   2.297280   5.388270   1.000000   1.000000   1.000000   1.200000
 -3.645510   0.809510   3.849530   0.000000   0.000000   1.000000   1.540000
 -2.164960  -0.264120   3.719290   1.000000   1.000000   1.000000   1.200000
 -3.746790   1.237640   2.947400   1.000000   1.000000   1.000000   1.200000
 -3.401740   1.532790   4.497330   1.000000   1.000000   1.000000   1.200000
 -4.516990   0.406620   4.121590   1.000000   1.000000   1.000000   1.200000
28 bonds follow (x1 y1 z1 x2 y2 z2)
 -3.645510   0.809510   3.849530  -4.516990   0.406620   4.121590
 -3.645510   0.809510   3.849530  -3.401740   1.532790   4.497330
 -3.645510   0.809510   3.849530  -3.746790   1.237640   2.947400
 -1.269220  -0.648050   3.543070  -2.164960  -0.264120   3.719290
  1.785640   2.191250   4.563720   1.232690   2.297280   5.388270
  1.785640   2.191250   4.563720   2.745970   2.322090   4.803160
  1.785640   2.191250   4.563720   1.510200   2.896520   3.903320
  1.162660  -0.135410   2.998490   1.586460   0.580760   3.514760
  2.106580   5.442050  -0.092080   1.307000   4.887530   0.123040
  2.106580   5.442050  -0.092080   1.947950   5.920070  -0.952130
 -2.257700   6.070730   1.538050  -2.080220   7.129270   1.687250
  2.106580   5.442050  -0.092080   2.244660   6.121970   0.624120
 -3.493090   6.104810   0.851190  -3.730100   5.023010   0.760950
 -3.493090   6.104810   0.851190  -4.300300   6.627210   1.428370
 -3.493090   6.104810   0.851190  -3.356680   6.596150  -0.143420
 -2.257700   6.070730   1.538050  -3.493090   6.104810   0.851190
 -1.129880   3.171330   2.128070  -0.859960   3.258590   0.786410
 -1.129880   3.171330   2.128070  -2.439310   3.021460   2.562950
 -1.129880   3.171330   2.128070  -0.239410   3.729080   3.008060
 -0.594590   1.473370   2.305580  -1.129880   3.171330   2.128070
 -0.312990   0.011070   2.513830  -0.594590   1.473370   2.305580
 -0.312990   0.011070   2.513830  -1.269220  -0.648050   3.543070
 -0.312990   0.011070   2.513830   1.162660  -0.135410   2.998490
 -0.406900  -0.777340   1.152910  -0.312990   0.011070   2.513830
  0.196990  -0.190200   0.013960  -0.406900  -0.777340   1.152910
  0.196990  -0.190200   0.013960  -0.099640  -0.828140  -0.855780
  0.196990  -0.190200   0.013960  -0.183480   0.859350  -0.101710
  0.196990  -0.190200   0.013960   1.306300  -0.204160   0.154830
