33 atoms follow (x y z r g b radiusScale)
 -0.006810   0.004500  -0.002830   0.000000   1.000000   0.000000   1.850000
  1.112100  -0.010310  -0.021490   1.000000   1.000000   1.000000   1.200000
 -0.397260   1.059500   0.007630   1.000000   1.000000   1.000000   1.200000
 -0.413390  -0.562920  -0.877190   1.000000   1.000000   1.000000   1.200000
 -0.443830  -0.675540   1.154970   1.000000   0.000000   0.000000   1.400000
 -0.329340   0.147390   2.511450   0.500000   0.500000   0.500000   1.900000
  1.153270  -0.086180   2.985860   1.000000   0.000000   0.000000   1.400000
 -1.230980  -0.626510   3.533390   1.000000   0.000000   0.000000   1.400000
 -0.632230   1.589190   2.348150   1.000000   0.000000   0.000000   1.400000
 -1.171640   3.481610   1.956110   1.000000   1.000000   0.000000   1.850000
 -0.032910   3.883730   2.710620   1.000000   0.000000   0.000000   1.400000
 -2.379780   3.117870   2.515360   1.000000   0.000000   0.000000   1.400000
 -0.882650   3.202720   0.588950   1.000000   0.000000   0.000000   1.400000
 -1.559280   5.178860   1.577600   1.000000   0.000000   0.000000   1.400000
 -2.810250   5.488690   1.060910   0.000000   1.000000   0.000000   1.850000
 -2.856360   5.201770  -0.023880   1.000000   1.000000   1.000000   1.200000
 -2.968870   6.593620   1.157310   1.000000   1.000000   1.000000   1.200000
 -3.616790   4.947040   1.620550   1.000000   1.000000   1.000000   1.200000
  0.903710   5.300600   0.524220   0.000000   0.000000   1.000000   1.540000
  0.842370   5.115070   1.547750   1.000000   1.000000   1.000000   1.200000
  0.528560   6.220630   0.340240   1.000000   1.000000   1.000000   1.200000
  0.291050   4.590730   0.066520   1.000000   1.000000   1.000000   1.200000
  1.858750   5.223330   0.198790   1.000000   1.000000   1.000000   1.200000
  1.604510   2.256200   4.682680   0.000000   0.000000   1.000000   1.540000
  1.519420   0.534490   3.634300   1.000000   1.000000   1.000000   1.200000
  1.123230   2.890490   4.070790   1.000000   1.000000   1.000000   1.200000
  2.540840   2.573540   4.815750   1.000000   1.000000   1.000000   1.200000
  1.143190   2.244380   5.567670   1.000000   1.000000   1.000000   1.200000
 -3.620760   0.930610   3.787910   0.000000   0.000000   1.000000   1.540000
 -2.134490  -0.301790   3.708850   1.000000   1.000000   1.000000   1.200000
 -3.826040   1.182250   2.840130   1.000000   1.000000   1.000000   1.200000
 -3.173770   1.724220   4.207970   1.000000   1.000000   1.000000   1.200000
 -4.476640   0.747610   4.267300   1.000000   1.000000   1.000000   1.200000
28 bonds follow (x1 y1 z1 x2 y2 z2)
 -3.620760   0.930610   3.787910  -4.476640   0.747610   4.267300
 -3.620760   0.930610   3.787910  -3.173770   1.724220   4.207970
 -3.620760   0.930610   3.787910  -3.826040   1.182250   2.840130
 -1.230980  -0.626510   3.533390  -2.134490  -0.301790   3.708850
  1.604510   2.256200   4.682680   1.143190   2.244380   5.567670
  1.604510   2.256200   4.682680   2.540840   2.573540   4.815750
  1.604510   2.256200   4.682680   1.123230   2.890490   4.070790
  1.153270  -0.086180   2.985860   1.519420   0.534490   3.634300
  0.903710   5.300600   0.524220   1.858750   5.223330   0.198790
  0.903710   5.300600   0.524220   0.291050   4.590730   0.066520
  0.903710   5.300600   0.524220   0.528560   6.220630   0.340240
  0.903710   5.300600   0.524220   0.842370   5.115070   1.547750
 -2.810250   5.488690   1.060910  -3.616790   4.947040   1.620550
 -2.810250   5.488690   1.060910  -2.968870   6.593620   1.157310
 -2.810250   5.488690   1.060910  -2.856360   5.201770  -0.023880
 -1.559280   5.178860   1.577600  -2.810250   5.488690   1.060910
 -1.171640   3.481610   1.956110  -1.559280   5.178860   1.577600
 -1.171640   3.481610   1.956110  -0.882650   3.202720   0.588950
 -1.171640   3.481610   1.956110  -2.379780   3.117870   2.515360
 -1.171640   3.481610   1.956110  -0.032910   3.883730   2.710620
 -0.329340   0.147390   2.511450  -0.632230   1.589190   2.348150
 -0.329340   0.147390   2.511450  -1.230980  -0.626510   3.533390
 -0.329340   0.147390   2.511450   1.153270  -0.086180   2.985860
 -0.443830  -0.675540   1.154970  -0.329340   0.147390   2.511450
 -0.006810   0.004500  -0.002830  -0.443830  -0.675540   1.154970
 -0.006810   0.004500  -0.002830  -0.413390  -0.562920  -0.877190
 -0.006810   0.004500  -0.002830  -0.397260   1.059500   0.007630
 -0.006810   0.004500  -0.002830   1.112100  -0.010310  -0.021490
