33 atoms follow (x y z r g b radiusScale)
  0.000440  -0.000070  -0.000480   0.000000   1.000000   0.000000   1.850000
  1.119320  -0.000570  -0.000020   1.000000   1.000000   1.000000   1.200000
 -0.404310   1.048900  -0.001640   1.000000   1.000000   1.000000   1.200000
 -0.386540  -0.579150  -0.875950   1.000000   1.000000   1.000000   1.200000
 -0.446300  -0.679500   1.156570   1.000000   0.000000   0.000000   1.400000
 -0.327560   0.127720   2.516170   0.500000   0.500000   0.500000   1.900000
  1.152770  -0.065230   2.994090   1.000000   0.000000   0.000000   1.400000
 -1.241210  -0.622320   3.539620   1.000000   0.000000   0.000000   1.400000
 -0.681910   1.570620   2.367180   1.000000   0.000000   0.000000   1.400000
 -1.139900   3.378220   1.979040   1.000000   1.000000   0.000000   1.850000
 -0.040180   3.841690   2.707830   1.000000   0.000000   0.000000   1.400000
 -2.395980   3.170370   2.525130   1.000000   0.000000   0.000000   1.400000
 -0.870010   3.159110   0.620720   1.000000   0.000000   0.000000   1.400000
 -1.498890   5.190190   1.548670   1.000000   0.000000   0.000000   1.400000
 -2.704760   5.623190   0.965520   0.000000   1.000000   0.000000   1.850000
 -2.740840   5.313630  -0.108880   1.000000   1.000000   1.000000   1.200000
 -2.761010   6.736520   1.050460   1.000000   1.000000   1.000000   1.200000
 -3.539070   5.143550   1.538520   1.000000   1.000000   1.000000   1.200000
  0.744940   5.421820   0.515230   0.000000   0.000000   1.000000   1.540000
  1.289180   5.173280   1.318970   1.000000   1.000000   1.000000   1.200000
 -0.681120   5.481640   1.056200   1.000000   1.000000   1.000000   1.200000
  0.729210   4.658470  -0.133570   1.000000   1.000000   1.000000   1.200000
  1.087390   6.252790   0.089980   1.000000   1.000000   1.000000   1.200000
  1.620670   2.231810   4.685450   0.000000   0.000000   1.000000   1.540000
  1.516830   0.572980   3.634160   1.000000   1.000000   1.000000   1.200000
  1.177600   2.897660   4.078060   1.000000   1.000000   1.000000   1.200000
  2.570810   2.501580   4.827960   1.000000   1.000000   1.000000   1.200000
  1.152760   2.232020   5.567100   1.000000   1.000000   1.000000   1.200000
 -3.597400   0.959660   3.766910   0.000000   0.000000   1.000000   1.540000
 -2.136070  -0.270700   3.723100   1.000000   1.000000   1.000000   1.200000
 -3.834670   1.195210   2.823020   1.000000   1.000000   1.000000   1.200000
 -3.170030   1.771250   4.172740   1.000000   1.000000   1.000000   1.200000
 -4.433090   0.745190   4.268340   1.000000   1.000000   1.000000   1.200000
29 bonds follow (x1 y1 z1 x2 y2 z2)
 -3.597400   0.959660   3.766910  -4.433090   0.745190   4.268340
 -3.597400   0.959660   3.766910  -3.170030   1.771250   4.172740
 -3.597400   0.959660   3.766910  -3.834670   1.195210   2.823020
 -1.241210  -0.622320   3.539620  -2.136070  -0.270700   3.723100
  1.620670   2.231810   4.685450   1.152760   2.232020   5.567100
  1.620670   2.231810   4.685450   2.570810   2.501580   4.827960
  1.620670   2.231810   4.685450   1.177600   2.897660   4.078060
  1.152770  -0.065230   2.994090   1.516830   0.572980   3.634160
  0.744940   5.421820   0.515230   1.087390   6.252790   0.089980
  0.744940   5.421820   0.515230   0.729210   4.658470  -0.133570
 -1.498890   5.190190   1.548670  -0.681120   5.481640   1.056200
  0.744940   5.421820   0.515230   1.289180   5.173280   1.318970
 -2.704760   5.623190   0.965520  -3.539070   5.143550   1.538520
 -2.704760   5.623190   0.965520  -2.761010   6.736520   1.050460
 -2.704760   5.623190   0.965520  -2.740840   5.313630  -0.108880
 -1.498890   5.190190   1.548670  -2.704760   5.623190   0.965520
 -1.139900   3.378220   1.979040  -1.498890   5.190190   1.548670
 -1.139900   3.378220   1.979040  -0.870010   3.159110   0.620720
 -1.139900   3.378220   1.979040  -2.395980   3.170370   2.525130
 -1.139900   3.378220   1.979040  -0.040180   3.841690   2.707830
 -0.681910   1.570620   2.367180  -1.139900   3.378220   1.979040
 -0.327560   0.127720   2.516170  -0.681910   1.570620   2.367180
 -0.327560   0.127720   2.516170  -1.241210  -0.622320   3.539620
 -0.327560   0.127720   2.516170   1.152770  -0.065230   2.994090
 -0.446300  -0.679500   1.156570  -0.327560   0.127720   2.516170
  0.000440  -0.000070  -0.000480  -0.446300  -0.679500   1.156570
  0.000440  -0.000070  -0.000480  -0.386540  -0.579150  -0.875950
  0.000440  -0.000070  -0.000480  -0.404310   1.048900  -0.001640
  0.000440  -0.000070  -0.000480   1.119320  -0.000570  -0.000020
