33 atoms follow (x y z r g b radiusScale)
 -0.308610  -0.189900  -0.058480   0.000000   1.000000   0.000000   1.850000
  0.633350  -0.442970  -0.611930   1.000000   1.000000   1.000000   1.200000
 -0.445840   0.923500   0.020160   1.000000   1.000000   1.000000   1.200000
 -1.177730  -0.659050  -0.590360   1.000000   1.000000   1.000000   1.200000
 -0.229710  -0.782160   1.223690   1.000000   0.000000   0.000000   1.400000
 -0.247430   0.161870   2.502990   0.500000   0.500000   0.500000   1.900000
  1.210050   0.082280   3.083810   1.000000   0.000000   0.000000   1.400000
 -1.157770  -0.497240   3.594880   1.000000   0.000000   0.000000   1.400000
 -0.646440   1.563180   2.224550   1.000000   0.000000   0.000000   1.400000
 -1.188640   3.380720   1.794490   1.000000   1.000000   0.000000   1.850000
 -0.119950   3.868620   2.600770   1.000000   0.000000   0.000000   1.400000
 -2.428070   2.994520   2.291960   1.000000   0.000000   0.000000   1.400000
 -0.750100   3.132760   0.466670   1.000000   0.000000   0.000000   1.400000
 -1.595330   5.064130   1.354310   1.000000   0.000000   0.000000   1.400000
 -2.689180   5.774450   1.807840   0.000000   1.000000   0.000000   1.850000
 -3.602540   5.503720   1.215740   1.000000   1.000000   1.000000   1.200000
 -2.476970   6.868880   1.673780   1.000000   1.000000   1.000000   1.200000
 -2.882260   5.564380   2.893050   1.000000   1.000000   1.000000   1.200000
  0.955670   5.298550   0.647120   0.000000   0.000000   1.000000   1.540000
  1.418520   4.507130   1.105090   1.000000   1.000000   1.000000   1.200000
  1.602830   5.923550   0.201030   1.000000   1.000000   1.000000   1.200000
  0.372280   5.759720   1.383210   1.000000   1.000000   1.000000   1.200000
  0.260940   4.881080  -0.023540   1.000000   1.000000   1.000000   1.200000
  1.407070   2.424300   4.819590   0.000000   0.000000   1.000000   1.540000
  1.447660   0.742830   3.756730   1.000000   1.000000   1.000000   1.200000
  0.889970   3.029230   4.205790   1.000000   1.000000   1.000000   1.200000
  2.318760   2.802950   4.962670   1.000000   1.000000   1.000000   1.200000
  0.941120   2.369720   5.700710   1.000000   1.000000   1.000000   1.200000
 -3.684250   0.963970   3.723010   0.000000   0.000000   1.000000   1.540000
 -2.044380  -0.125610   3.758090   1.000000   1.000000   1.000000   1.200000
 -3.793230   1.207930   2.756410   1.000000   1.000000   1.000000   1.200000
 -3.321090   1.774390   4.186740   1.000000   1.000000   1.000000   1.200000
 -4.579600   0.746600   4.106850   1.000000   1.000000   1.000000   1.200000
29 bonds follow (x1 y1 z1 x2 y2 z2)
 -3.684250   0.963970   3.723010  -4.579600   0.746600   4.106850
 -3.684250   0.963970   3.723010  -3.321090   1.774390   4.186740
 -3.684250   0.963970   3.723010  -3.793230   1.207930   2.756410
 -1.157770  -0.497240   3.594880  -2.044380  -0.125610   3.758090
  1.407070   2.424300   4.819590   0.941120   2.369720   5.700710
  1.407070   2.424300   4.819590   2.318760   2.802950   4.962670
  1.407070   2.424300   4.819590   0.889970   3.029230   4.205790
  1.210050   0.082280   3.083810   1.447660   0.742830   3.756730
  0.955670   5.298550   0.647120   0.260940   4.881080  -0.023540
  0.955670   5.298550   0.647120   0.372280   5.759720   1.383210
  0.955670   5.298550   0.647120   1.602830   5.923550   0.201030
  0.955670   5.298550   0.647120   1.418520   4.507130   1.105090
 -2.689180   5.774450   1.807840  -2.882260   5.564380   2.893050
 -2.689180   5.774450   1.807840  -2.476970   6.868880   1.673780
 -2.689180   5.774450   1.807840  -3.602540   5.503720   1.215740
 -1.595330   5.064130   1.354310  -2.689180   5.774450   1.807840
 -1.188640   3.380720   1.794490  -1.595330   5.064130   1.354310
 -1.188640   3.380720   1.794490  -0.750100   3.132760   0.466670
 -1.188640   3.380720   1.794490  -2.428070   2.994520   2.291960
 -1.188640   3.380720   1.794490  -0.119950   3.868620   2.600770
 -0.646440   1.563180   2.224550  -1.188640   3.380720   1.794490
 -0.247430   0.161870   2.502990  -0.646440   1.563180   2.224550
 -0.247430   0.161870   2.502990  -1.157770  -0.497240   3.594880
 -0.247430   0.161870   2.502990   1.210050   0.082280   3.083810
 -0.229710  -0.782160   1.223690  -0.247430   0.161870   2.502990
 -0.308610  -0.189900  -0.058480  -0.229710  -0.782160   1.223690
 -0.308610  -0.189900  -0.058480  -1.177730  -0.659050  -0.590360
 -0.308610  -0.189900  -0.058480  -0.445840   0.923500   0.020160
 -0.308610  -0.189900  -0.058480   0.633350  -0.442970  -0.611930
