33 atoms follow (x y z r g b radiusScale)
  0.080240  -0.143940   0.026570   0.000000   1.000000   0.000000   1.850000
  1.193000  -0.054100   0.100210   1.000000   1.000000   1.000000   1.200000
 -0.400720   0.866400  -0.053330   1.000000   1.000000   1.000000   1.200000
 -0.204720  -0.795800  -0.837170   1.000000   1.000000   1.000000   1.200000
 -0.394620  -0.793760   1.189750   1.000000   0.000000   0.000000   1.400000
 -0.311620   0.023630   2.540540   0.500000   0.500000   0.500000   1.900000
  1.140630  -0.165760   3.070180   1.000000   0.000000   0.000000   1.400000
 -1.240130  -0.718960   3.547790   1.000000   0.000000   0.000000   1.400000
 -0.633210   1.483600   2.324940   1.000000   0.000000   0.000000   1.400000
 -1.123680   3.229510   2.060580   1.000000   1.000000   0.000000   1.850000
 -0.135280   3.780960   2.821680   1.000000   0.000000   0.000000   1.400000
 -2.410250   3.128310   2.557840   1.000000   0.000000   0.000000   1.400000
 -0.910820   3.275880   0.710320   1.000000   0.000000   0.000000   1.400000
 -2.134370   5.897470   1.652080   1.000000   0.000000   0.000000   1.400000
 -3.271030   5.962590   0.816470   0.000000   1.000000   0.000000   1.850000
 -2.958510   6.016230  -0.259790   1.000000   1.000000   1.000000   1.200000
 -3.895590   6.854050   1.074830   1.000000   1.000000   1.000000   1.200000
 -3.852120   5.015030   0.975210   1.000000   1.000000   1.000000   1.200000
  1.806590   5.610150   0.019190   0.000000   0.000000   1.000000   1.540000
  1.723890   6.072690   0.901350   1.000000   1.000000   1.000000   1.200000
 -1.548200   6.691440   1.531300   1.000000   1.000000   1.000000   1.200000
  1.057690   5.904310  -0.573630   1.000000   1.000000   1.000000   1.200000
  1.734380   4.620000   0.161760   1.000000   1.000000   1.000000   1.200000
  1.692260   2.125910   4.608270   0.000000   0.000000   1.000000   1.540000
  1.546260   0.533850   3.623930   1.000000   1.000000   1.000000   1.200000
  1.420320   2.826100   3.941050   1.000000   1.000000   1.000000   1.200000
  2.669690   2.213410   4.795190   1.000000   1.000000   1.000000   1.200000
  1.188930   2.280040   5.456610   1.000000   1.000000   1.000000   1.200000
 -3.560540   0.835340   3.801490   0.000000   0.000000   1.000000   1.540000
 -2.150890  -0.394460   3.713590   1.000000   1.000000   1.000000   1.200000
 -3.813750   1.197340   2.902240   1.000000   1.000000   1.000000   1.200000
 -3.195710   1.600770   4.335380   1.000000   1.000000   1.000000   1.200000
 -4.376370   0.480420   4.254880   1.000000   1.000000   1.000000   1.200000
28 bonds follow (x1 y1 z1 x2 y2 z2)
 -3.560540   0.835340   3.801490  -4.376370   0.480420   4.254880
 -3.560540   0.835340   3.801490  -3.195710   1.600770   4.335380
 -3.560540   0.835340   3.801490  -3.813750   1.197340   2.902240
 -1.240130  -0.718960   3.547790  -2.150890  -0.394460   3.713590
  1.692260   2.125910   4.608270   1.188930   2.280040   5.456610
  1.692260   2.125910   4.608270   2.669690   2.213410   4.795190
  1.692260   2.125910   4.608270   1.420320   2.826100   3.941050
  1.140630  -0.165760   3.070180   1.546260   0.533850   3.623930
  1.806590   5.610150   0.019190   1.734380   4.620000   0.161760
  1.806590   5.610150   0.019190   1.057690   5.904310  -0.573630
 -2.134370   5.897470   1.652080  -1.548200   6.691440   1.531300
  1.806590   5.610150   0.019190   1.723890   6.072690   0.901350
 -3.271030   5.962590   0.816470  -3.852120   5.015030   0.975210
 -3.271030   5.962590   0.816470  -3.895590   6.854050   1.074830
 -3.271030   5.962590   0.816470  -2.958510   6.016230  -0.259790
 -2.134370   5.897470   1.652080  -3.271030   5.962590   0.816470
 -1.123680   3.229510   2.060580  -0.910820   3.275880   0.710320
 -1.123680   3.229510   2.060580  -2.410250   3.128310   2.557840
 -1.123680   3.229510   2.060580  -0.135280   3.780960   2.821680
 -0.633210   1.483600   2.324940  -1.123680   3.229510   2.060580
 -0.311620   0.023630   2.540540  -0.633210   1.483600   2.324940
 -0.311620   0.023630   2.540540  -1.240130  -0.718960   3.547790
 -0.311620   0.023630   2.540540   1.140630  -0.165760   3.070180
 -0.394620  -0.793760   1.189750  -0.311620   0.023630   2.540540
  0.080240  -0.143940   0.026570  -0.394620  -0.793760   1.189750
  0.080240  -0.143940   0.026570  -0.204720  -0.795800  -0.837170
  0.080240  -0.143940   0.026570  -0.400720   0.866400  -0.053330
  0.080240  -0.143940   0.026570   1.193000  -0.054100   0.100210
