33 atoms follow (x y z r g b radiusScale)
 -0.409140  -0.046540  -0.039240   0.000000   1.000000   0.000000   1.850000
  0.556090  -0.149120  -0.600970   1.000000   1.000000   1.000000   1.200000
 -0.683020   1.034530   0.097960   1.000000   1.000000   1.000000   1.200000
 -1.213560  -0.587850  -0.602570   1.000000   1.000000   1.000000   1.200000
 -0.270090  -0.700040   1.204330   1.000000   0.000000   0.000000   1.400000
 -0.184200   0.165900   2.530900   0.500000   0.500000   0.500000   1.900000
  1.286500  -0.047730   3.074870   1.000000   0.000000   0.000000   1.400000
 -1.004320  -0.663820   3.584870   1.000000   0.000000   0.000000   1.400000
 -0.630750   1.556340   2.295010   1.000000   0.000000   0.000000   1.400000
 -1.183650   3.446130   1.858960   1.000000   1.000000   0.000000   1.850000
  0.009650   3.838110   2.506080   1.000000   0.000000   0.000000   1.400000
 -2.368630   3.191170   2.532320   1.000000   0.000000   0.000000   1.400000
 -0.923970   3.092720   0.514200   1.000000   0.000000   0.000000   1.400000
 -1.545400   5.136460   1.375950   1.000000   0.000000   0.000000   1.400000
 -2.564760   5.928820   1.872910   0.000000   1.000000   0.000000   1.850000
 -3.123630   5.404860   2.690770   1.000000   1.000000   1.000000   1.200000
 -3.276650   6.181820   1.043140   1.000000   1.000000   1.000000   1.200000
 -2.125420   6.881480   2.273850   1.000000   1.000000   1.000000   1.200000
  0.875360   5.112730   0.310530   0.000000   0.000000   1.000000   1.540000
  1.420410   4.397330   0.789790   1.000000   1.000000   1.000000   1.200000
  1.440680   5.707490  -0.273400   1.000000   1.000000   1.000000   1.200000
  0.376730   5.648170   1.044240   1.000000   1.000000   1.000000   1.200000
  0.129680   4.621690  -0.237550   1.000000   1.000000   1.000000   1.200000
  1.032040   2.514980   5.016750   0.000000   0.000000   1.000000   1.540000
  1.425640   0.059860   4.017000   1.000000   1.000000   1.000000   1.200000
  0.950280   2.970520   4.126030   1.000000   1.000000   1.000000   1.200000
  1.712740   3.004450   5.559730   1.000000   1.000000   1.000000   1.200000
  0.153160   2.584730   5.487590   1.000000   1.000000   1.000000   1.200000
 -3.617820   0.742610   3.402740   0.000000   0.000000   1.000000   1.540000
 -1.945020  -0.479840   3.706790   1.000000   1.000000   1.000000   1.200000
 -3.721770   1.048440   2.454560   1.000000   1.000000   1.000000   1.200000
 -3.253270   1.523340   3.917440   1.000000   1.000000   1.000000   1.200000
 -4.520310   0.513570   3.764670   1.000000   1.000000   1.000000   1.200000
28 bonds follow (x1 y1 z1 x2 y2 z2)
 -3.617820   0.742610   3.402740  -4.520310   0.513570   3.764670
 -3.617820   0.742610   3.402740  -3.253270   1.523340   3.917440
 -3.617820   0.742610   3.402740  -3.721770   1.048440   2.454560
 -1.004320  -0.663820   3.584870  -1.945020  -0.479840   3.706790
  1.032040   2.514980   5.016750   0.153160   2.584730   5.487590
  1.032040   2.514980   5.016750   1.712740   3.004450   5.559730
  1.032040   2.514980   5.016750   0.950280   2.970520   4.126030
  1.286500  -0.047730   3.074870   1.425640   0.059860   4.017000
  0.875360   5.112730   0.310530   0.129680   4.621690  -0.237550
  0.875360   5.112730   0.310530   0.376730   5.648170   1.044240
  0.875360   5.112730   0.310530   1.440680   5.707490  -0.273400
  0.875360   5.112730   0.310530   1.420410   4.397330   0.789790
 -2.564760   5.928820   1.872910  -2.125420   6.881480   2.273850
 -2.564760   5.928820   1.872910  -3.276650   6.181820   1.043140
 -2.564760   5.928820   1.872910  -3.123630   5.404860   2.690770
 -1.545400   5.136460   1.375950  -2.564760   5.928820   1.872910
 -1.183650   3.446130   1.858960  -1.545400   5.136460   1.375950
 -1.183650   3.446130   1.858960  -0.923970   3.092720   0.514200
 -1.183650   3.446130   1.858960  -2.368630   3.191170   2.532320
 -1.183650   3.446130   1.858960   0.009650   3.838110   2.506080
 -0.184200   0.165900   2.530900  -0.630750   1.556340   2.295010
 -0.184200   0.165900   2.530900  -1.004320  -0.663820   3.584870
 -0.184200   0.165900   2.530900   1.286500  -0.047730   3.074870
 -0.270090  -0.700040   1.204330  -0.184200   0.165900   2.530900
 -0.409140  -0.046540  -0.039240  -0.270090  -0.700040   1.204330
 -0.409140  -0.046540  -0.039240  -1.213560  -0.587850  -0.602570
 -0.409140  -0.046540  -0.039240  -0.683020   1.034530   0.097960
 -0.409140  -0.046540  -0.039240   0.556090  -0.149120  -0.600970
