33 atoms follow (x y z r g b radiusScale)
 -0.557160  -0.187960   0.003140   0.000000   1.000000   0.000000   1.850000
  0.220580  -0.466020  -0.755020   1.000000   1.000000   1.000000   1.200000
 -0.652610   0.929930   0.079780   1.000000   1.000000   1.000000   1.200000
 -1.534020  -0.652200  -0.294270   1.000000   1.000000   1.000000   1.200000
 -0.154670  -0.753590   1.234300   1.000000   0.000000   0.000000   1.400000
 -0.193330   0.166860   2.529850   0.500000   0.500000   0.500000   1.900000
  1.250560   0.086300   3.151190   1.000000   0.000000   0.000000   1.400000
 -1.118160  -0.600210   3.537390   1.000000   0.000000   0.000000   1.400000
 -0.673510   1.541270   2.234730   1.000000   0.000000   0.000000   1.400000
 -1.181350   3.391520   1.787840   1.000000   1.000000   0.000000   1.850000
 -0.107410   3.832660   2.606460   1.000000   0.000000   0.000000   1.400000
 -2.429100   3.088930   2.299070   1.000000   0.000000   0.000000   1.400000
 -0.745060   3.128410   0.462150   1.000000   0.000000   0.000000   1.400000
 -1.576810   5.085220   1.314810   1.000000   0.000000   0.000000   1.400000
 -2.559930   5.790800   1.980180   0.000000   1.000000   0.000000   1.850000
 -3.564660   5.321870   1.812100   1.000000   1.000000   1.000000   1.200000
 -2.571560   6.843300   1.590940   1.000000   1.000000   1.000000   1.200000
 -2.349020   5.810400   3.083240   1.000000   1.000000   1.000000   1.200000
  0.884570   5.336210   0.457470   0.000000   0.000000   1.000000   1.540000
  0.921320   5.204480   1.495720   1.000000   1.000000   1.000000   1.200000
  1.671710   5.855620   0.103760   1.000000   1.000000   1.000000   1.200000
 -0.021980   5.805720   0.255730   1.000000   1.000000   1.000000   1.200000
  0.823150   4.389680   0.047580   1.000000   1.000000   1.000000   1.200000
  1.226730   2.411370   4.934900   0.000000   0.000000   1.000000   1.540000
  1.463650   0.691470   3.877460   1.000000   1.000000   1.000000   1.200000
  0.935710   3.009360   4.181690   1.000000   1.000000   1.000000   1.200000
  2.098070   2.738880   5.294480   1.000000   1.000000   1.000000   1.200000
  0.545180   2.455960   5.662920   1.000000   1.000000   1.000000   1.200000
 -3.577140   0.919720   3.552110   0.000000   0.000000   1.000000   1.540000
 -2.000050  -0.227280   3.723980   1.000000   1.000000   1.000000   1.200000
 -3.797950   1.082640   2.589610   1.000000   1.000000   1.000000   1.200000
 -3.280720   1.796590   3.937130   1.000000   1.000000   1.000000   1.200000
 -4.396880   0.609050   4.029020   1.000000   1.000000   1.000000   1.200000
28 bonds follow (x1 y1 z1 x2 y2 z2)
 -3.577140   0.919720   3.552110  -4.396880   0.609050   4.029020
 -3.577140   0.919720   3.552110  -3.280720   1.796590   3.937130
 -3.577140   0.919720   3.552110  -3.797950   1.082640   2.589610
 -1.118160  -0.600210   3.537390  -2.000050  -0.227280   3.723980
  1.226730   2.411370   4.934900   0.545180   2.455960   5.662920
  1.226730   2.411370   4.934900   2.098070   2.738880   5.294480
  1.226730   2.411370   4.934900   0.935710   3.009360   4.181690
  1.250560   0.086300   3.151190   1.463650   0.691470   3.877460
  0.884570   5.336210   0.457470   0.823150   4.389680   0.047580
  0.884570   5.336210   0.457470  -0.021980   5.805720   0.255730
  0.884570   5.336210   0.457470   1.671710   5.855620   0.103760
  0.884570   5.336210   0.457470   0.921320   5.204480   1.495720
 -2.559930   5.790800   1.980180  -2.349020   5.810400   3.083240
 -2.559930   5.790800   1.980180  -2.571560   6.843300   1.590940
 -2.559930   5.790800   1.980180  -3.564660   5.321870   1.812100
 -1.576810   5.085220   1.314810  -2.559930   5.790800   1.980180
 -1.181350   3.391520   1.787840  -1.576810   5.085220   1.314810
 -1.181350   3.391520   1.787840  -0.745060   3.128410   0.462150
 -1.181350   3.391520   1.787840  -2.429100   3.088930   2.299070
 -1.181350   3.391520   1.787840  -0.107410   3.832660   2.606460
 -0.193330   0.166860   2.529850  -0.673510   1.541270   2.234730
 -0.193330   0.166860   2.529850  -1.118160  -0.600210   3.537390
 -0.193330   0.166860   2.529850   1.250560   0.086300   3.151190
 -0.154670  -0.753590   1.234300  -0.193330   0.166860   2.529850
 -0.557160  -0.187960   0.003140  -0.154670  -0.753590   1.234300
 -0.557160  -0.187960   0.003140  -1.534020  -0.652200  -0.294270
 -0.557160  -0.187960   0.003140  -0.652610   0.929930   0.079780
 -0.557160  -0.187960   0.003140   0.220580  -0.466020  -0.755020
