33 atoms follow (x y z r g b radiusScale)
 -0.563040  -0.172380   0.014120   0.000000   1.000000   0.000000   1.850000
  0.206860  -0.463600  -0.748000   1.000000   1.000000   1.000000   1.200000
 -0.642450   0.945650   0.088870   1.000000   1.000000   1.000000   1.200000
 -1.549140  -0.622050  -0.275860   1.000000   1.000000   1.000000   1.200000
 -0.161250  -0.749520   1.239480   1.000000   0.000000   0.000000   1.400000
 -0.182290   0.174280   2.525300   0.500000   0.500000   0.500000   1.900000
  1.266570   0.089920   3.151350   1.000000   0.000000   0.000000   1.400000
 -1.112750  -0.604210   3.524560   1.000000   0.000000   0.000000   1.400000
 -0.689560   1.537940   2.222290   1.000000   0.000000   0.000000   1.400000
 -1.177460   3.385670   1.796170   1.000000   1.000000   0.000000   1.850000
 -0.093840   3.834330   2.605270   1.000000   0.000000   0.000000   1.400000
 -2.422490   3.077580   2.309050   1.000000   0.000000   0.000000   1.400000
 -0.739270   3.123930   0.471140   1.000000   0.000000   0.000000   1.400000
 -1.580180   5.079480   1.309320   1.000000   0.000000   0.000000   1.400000
 -2.549290   5.809630   1.972450   0.000000   1.000000   0.000000   1.850000
 -3.556870   5.337560   1.833290   1.000000   1.000000   1.000000   1.200000
 -2.563790   6.850480   1.555470   1.000000   1.000000   1.000000   1.200000
 -2.318420   5.857270   3.070390   1.000000   1.000000   1.000000   1.200000
  0.869460   5.326250   0.453230   0.000000   0.000000   1.000000   1.540000
  0.898720   5.281840   1.491640   1.000000   1.000000   1.000000   1.200000
  1.623960   5.869180   0.066500   1.000000   1.000000   1.000000   1.200000
 -0.062160   5.712250   0.204340   1.000000   1.000000   1.000000   1.200000
  0.865160   4.348000   0.115830   1.000000   1.000000   1.000000   1.200000
  1.213660   2.405950   4.940230   0.000000   0.000000   1.000000   1.540000
  1.473250   0.710310   3.867090   1.000000   1.000000   1.000000   1.200000
  0.945460   3.018800   4.190520   1.000000   1.000000   1.000000   1.200000
  2.091720   2.704350   5.308800   1.000000   1.000000   1.000000   1.200000
  0.528110   2.462730   5.663520   1.000000   1.000000   1.000000   1.200000
 -3.601420   0.921400   3.549090   0.000000   0.000000   1.000000   1.540000
 -1.996390  -0.236620   3.709400   1.000000   1.000000   1.000000   1.200000
 -3.848370   1.066800   2.590740   1.000000   1.000000   1.000000   1.200000
 -3.314130   1.807870   3.918010   1.000000   1.000000   1.000000   1.200000
 -4.401460   0.597410   4.049740   1.000000   1.000000   1.000000   1.200000
28 bonds follow (x1 y1 z1 x2 y2 z2)
 -3.601420   0.921400   3.549090  -4.401460   0.597410   4.049740
 -3.601420   0.921400   3.549090  -3.314130   1.807870   3.918010
 -3.601420   0.921400   3.549090  -3.848370   1.066800   2.590740
 -1.112750  -0.604210   3.524560  -1.996390  -0.236620   3.709400
  1.213660   2.405950   4.940230   0.528110   2.462730   5.663520
  1.213660   2.405950   4.940230   2.091720   2.704350   5.308800
  1.213660   2.405950   4.940230   0.945460   3.018800   4.190520
  1.266570   0.089920   3.151350   1.473250   0.710310   3.867090
  0.869460   5.326250   0.453230   0.865160   4.348000   0.115830
  0.869460   5.326250   0.453230  -0.062160   5.712250   0.204340
  0.869460   5.326250   0.453230   1.623960   5.869180   0.066500
  0.869460   5.326250   0.453230   0.898720   5.281840   1.491640
 -2.549290   5.809630   1.972450  -2.318420   5.857270   3.070390
 -2.549290   5.809630   1.972450  -2.563790   6.850480   1.555470
 -2.549290   5.809630   1.972450  -3.556870   5.337560   1.833290
 -1.580180   5.079480   1.309320  -2.549290   5.809630   1.972450
 -1.177460   3.385670   1.796170  -1.580180   5.079480   1.309320
 -1.177460   3.385670   1.796170  -0.739270   3.123930   0.471140
 -1.177460   3.385670   1.796170  -2.422490   3.077580   2.309050
 -1.177460   3.385670   1.796170  -0.093840   3.834330   2.605270
 -0.182290   0.174280   2.525300  -0.689560   1.537940   2.222290
 -0.182290   0.174280   2.525300  -1.112750  -0.604210   3.524560
 -0.182290   0.174280   2.525300   1.266570   0.089920   3.151350
 -0.161250  -0.749520   1.239480  -0.182290   0.174280   2.525300
 -0.563040  -0.172380   0.014120  -0.161250  -0.749520   1.239480
 -0.563040  -0.172380   0.014120  -1.549140  -0.622050  -0.275860
 -0.563040  -0.172380   0.014120  -0.642450   0.945650   0.088870
 -0.563040  -0.172380   0.014120   0.206860  -0.463600  -0.748000
