33 atoms follow (x y z r g b radiusScale)
 -0.530530  -0.108240  -0.017210   0.000000   1.000000   0.000000   1.850000
  0.341880  -0.226570  -0.712940   1.000000   1.000000   1.000000   1.200000
 -0.777140   0.977080   0.127460   1.000000   1.000000   1.000000   1.200000
 -1.407480  -0.663960  -0.442410   1.000000   1.000000   1.000000   1.200000
 -0.193320  -0.720140   1.209600   1.000000   0.000000   0.000000   1.400000
 -0.153200   0.168720   2.532080   0.500000   0.500000   0.500000   1.900000
  1.314970  -0.013150   3.072840   1.000000   0.000000   0.000000   1.400000
 -1.104610  -0.610320   3.501980   1.000000   0.000000   0.000000   1.400000
 -0.581600   1.569970   2.312250   1.000000   0.000000   0.000000   1.400000
 -1.186040   3.450440   1.855680   1.000000   1.000000   0.000000   1.850000
 -0.091120   3.919250   2.618520   1.000000   0.000000   0.000000   1.400000
 -2.408870   3.180790   2.440530   1.000000   0.000000   0.000000   1.400000
 -0.793000   3.079400   0.541430   1.000000   0.000000   0.000000   1.400000
 -1.611060   5.093920   1.293750   1.000000   0.000000   0.000000   1.400000
 -2.531210   5.906320   1.933980   0.000000   1.000000   0.000000   1.850000
 -3.345710   5.300790   2.410610   1.000000   1.000000   1.000000   1.200000
 -2.981680   6.598000   1.173770   1.000000   1.000000   1.000000   1.200000
 -2.015670   6.517630   2.723020   1.000000   1.000000   1.000000   1.200000
  0.890180   5.129190   0.295690   0.000000   0.000000   1.000000   1.540000
  1.075000   4.972970   1.313330   1.000000   1.000000   1.000000   1.200000
  1.664650   5.575800  -0.170560   1.000000   1.000000   1.000000   1.200000
  0.020780   5.698010   0.242400   1.000000   1.000000   1.000000   1.200000
  0.664620   4.210270  -0.113060   1.000000   1.000000   1.000000   1.200000
  1.067980   2.425280   4.975460   0.000000   0.000000   1.000000   1.540000
  1.583020   0.509140   3.833950   1.000000   1.000000   1.000000   1.200000
  0.861470   3.044100   4.212130   1.000000   1.000000   1.000000   1.200000
  1.863040   2.772550   5.469020   1.000000   1.000000   1.000000   1.200000
  0.288690   2.416970   5.600260   1.000000   1.000000   1.000000   1.200000
 -3.624630   0.759260   3.481840   0.000000   0.000000   1.000000   1.540000
 -2.027320  -0.304400   3.593680   1.000000   1.000000   1.000000   1.200000
 -3.840470   0.854910   2.510100   1.000000   1.000000   1.000000   1.200000
 -3.312830   1.655910   3.808660   1.000000   1.000000   1.000000   1.200000
 -4.453720   0.497220   3.971890   1.000000   1.000000   1.000000   1.200000
28 bonds follow (x1 y1 z1 x2 y2 z2)
 -3.624630   0.759260   3.481840  -4.453720   0.497220   3.971890
 -3.624630   0.759260   3.481840  -3.312830   1.655910   3.808660
 -3.624630   0.759260   3.481840  -3.840470   0.854910   2.510100
 -1.104610  -0.610320   3.501980  -2.027320  -0.304400   3.593680
  1.067980   2.425280   4.975460   0.288690   2.416970   5.600260
  1.067980   2.425280   4.975460   1.863040   2.772550   5.469020
  1.067980   2.425280   4.975460   0.861470   3.044100   4.212130
  1.314970  -0.013150   3.072840   1.583020   0.509140   3.833950
  0.890180   5.129190   0.295690   0.664620   4.210270  -0.113060
  0.890180   5.129190   0.295690   0.020780   5.698010   0.242400
  0.890180   5.129190   0.295690   1.664650   5.575800  -0.170560
  0.890180   5.129190   0.295690   1.075000   4.972970   1.313330
 -2.531210   5.906320   1.933980  -2.015670   6.517630   2.723020
 -2.531210   5.906320   1.933980  -2.981680   6.598000   1.173770
 -2.531210   5.906320   1.933980  -3.345710   5.300790   2.410610
 -1.611060   5.093920   1.293750  -2.531210   5.906320   1.933980
 -1.186040   3.450440   1.855680  -1.611060   5.093920   1.293750
 -1.186040   3.450440   1.855680  -0.793000   3.079400   0.541430
 -1.186040   3.450440   1.855680  -2.408870   3.180790   2.440530
 -1.186040   3.450440   1.855680  -0.091120   3.919250   2.618520
 -0.153200   0.168720   2.532080  -0.581600   1.569970   2.312250
 -0.153200   0.168720   2.532080  -1.104610  -0.610320   3.501980
 -0.153200   0.168720   2.532080   1.314970  -0.013150   3.072840
 -0.193320  -0.720140   1.209600  -0.153200   0.168720   2.532080
 -0.530530  -0.108240  -0.017210  -0.193320  -0.720140   1.209600
 -0.530530  -0.108240  -0.017210  -1.407480  -0.663960  -0.442410
 -0.530530  -0.108240  -0.017210  -0.777140   0.977080   0.127460
 -0.530530  -0.108240  -0.017210   0.341880  -0.226570  -0.712940
