33 atoms follow (x y z r g b radiusScale)
 -0.412900  -0.047650  -0.041370   0.000000   1.000000   0.000000   1.850000
  0.552050  -0.142440  -0.605740   1.000000   1.000000   1.000000   1.200000
 -0.694050   1.030100   0.097260   1.000000   1.000000   1.000000   1.200000
 -1.214600  -0.595090  -0.602990   1.000000   1.000000   1.000000   1.200000
 -0.265940  -0.699260   1.202620   1.000000   0.000000   0.000000   1.400000
 -0.186240   0.165060   2.532560   0.500000   0.500000   0.500000   1.900000
  1.282850  -0.048290   3.074270   1.000000   0.000000   0.000000   1.400000
 -1.005350  -0.666110   3.585880   1.000000   0.000000   0.000000   1.400000
 -0.625860   1.557880   2.298930   1.000000   0.000000   0.000000   1.400000
 -1.184490   3.447190   1.857500   1.000000   1.000000   0.000000   1.850000
  0.005740   3.844600   2.509080   1.000000   0.000000   0.000000   1.400000
 -2.368890   3.186850   2.529710   1.000000   0.000000   0.000000   1.400000
 -0.923740   3.091050   0.514000   1.000000   0.000000   0.000000   1.400000
 -1.548400   5.135230   1.375670   1.000000   0.000000   0.000000   1.400000
 -2.564920   5.931620   1.874680   0.000000   1.000000   0.000000   1.850000
 -3.130820   5.406290   2.686690   1.000000   1.000000   1.000000   1.200000
 -3.270870   6.195080   1.043290   1.000000   1.000000   1.000000   1.200000
 -2.120050   6.878120   2.283270   1.000000   1.000000   1.000000   1.200000
  0.878630   5.112490   0.307870   0.000000   0.000000   1.000000   1.540000
  1.422630   4.390500   0.795670   1.000000   1.000000   1.000000   1.200000
  1.453490   5.704760  -0.271440   1.000000   1.000000   1.000000   1.200000
  0.371250   5.649090   1.037500   1.000000   1.000000   1.000000   1.200000
  0.143820   4.627880  -0.235780   1.000000   1.000000   1.000000   1.200000
  1.033120   2.513530   5.016730   0.000000   0.000000   1.000000   1.540000
  1.430850   0.054040   4.015270   1.000000   1.000000   1.000000   1.200000
  0.944470   2.973030   4.128750   1.000000   1.000000   1.000000   1.200000
  1.718390   2.999820   5.556820   1.000000   1.000000   1.000000   1.200000
  0.158000   2.581580   5.494770   1.000000   1.000000   1.000000   1.200000
 -3.611540   0.744170   3.400470   0.000000   0.000000   1.000000   1.540000
 -1.942630  -0.472130   3.721760   1.000000   1.000000   1.000000   1.200000
 -3.736580   1.048890   2.454660   1.000000   1.000000   1.000000   1.200000
 -3.249600   1.529690   3.909840   1.000000   1.000000   1.000000   1.200000
 -4.503620   0.500140   3.777920   1.000000   1.000000   1.000000   1.200000
28 bonds follow (x1 y1 z1 x2 y2 z2)
 -3.611540   0.744170   3.400470  -4.503620   0.500140   3.777920
 -3.611540   0.744170   3.400470  -3.249600   1.529690   3.909840
 -3.611540   0.744170   3.400470  -3.736580   1.048890   2.454660
 -1.005350  -0.666110   3.585880  -1.942630  -0.472130   3.721760
  1.033120   2.513530   5.016730   0.158000   2.581580   5.494770
  1.033120   2.513530   5.016730   1.718390   2.999820   5.556820
  1.033120   2.513530   5.016730   0.944470   2.973030   4.128750
  1.282850  -0.048290   3.074270   1.430850   0.054040   4.015270
  0.878630   5.112490   0.307870   0.143820   4.627880  -0.235780
  0.878630   5.112490   0.307870   0.371250   5.649090   1.037500
  0.878630   5.112490   0.307870   1.453490   5.704760  -0.271440
  0.878630   5.112490   0.307870   1.422630   4.390500   0.795670
 -2.564920   5.931620   1.874680  -2.120050   6.878120   2.283270
 -2.564920   5.931620   1.874680  -3.270870   6.195080   1.043290
 -2.564920   5.931620   1.874680  -3.130820   5.406290   2.686690
 -1.548400   5.135230   1.375670  -2.564920   5.931620   1.874680
 -1.184490   3.447190   1.857500  -1.548400   5.135230   1.375670
 -1.184490   3.447190   1.857500  -0.923740   3.091050   0.514000
 -1.184490   3.447190   1.857500  -2.368890   3.186850   2.529710
 -1.184490   3.447190   1.857500   0.005740   3.844600   2.509080
 -0.186240   0.165060   2.532560  -0.625860   1.557880   2.298930
 -0.186240   0.165060   2.532560  -1.005350  -0.666110   3.585880
 -0.186240   0.165060   2.532560   1.282850  -0.048290   3.074270
 -0.265940  -0.699260   1.202620  -0.186240   0.165060   2.532560
 -0.412900  -0.047650  -0.041370  -0.265940  -0.699260   1.202620
 -0.412900  -0.047650  -0.041370  -1.214600  -0.595090  -0.602990
 -0.412900  -0.047650  -0.041370  -0.694050   1.030100   0.097260
 -0.412900  -0.047650  -0.041370   0.552050  -0.142440  -0.605740
