33 atoms follow (x y z r g b radiusScale)
 -0.512210  -0.097210  -0.024160   0.000000   1.000000   0.000000   1.850000
  0.389520  -0.165980  -0.687630   1.000000   1.000000   1.000000   1.200000
 -0.815510   0.974540   0.125180   1.000000   1.000000   1.000000   1.200000
 -1.344580  -0.688630  -0.488540   1.000000   1.000000   1.000000   1.200000
 -0.196160  -0.714140   1.203680   1.000000   0.000000   0.000000   1.400000
 -0.166830   0.160190   2.527280   0.500000   0.500000   0.500000   1.900000
  1.305200  -0.042420   3.072370   1.000000   0.000000   0.000000   1.400000
 -1.106270  -0.599210   3.524360   1.000000   0.000000   0.000000   1.400000
 -0.584410   1.565510   2.339110   1.000000   0.000000   0.000000   1.400000
 -1.188540   3.476730   1.856050   1.000000   1.000000   0.000000   1.850000
 -0.060840   3.919600   2.596010   1.000000   0.000000   0.000000   1.400000
 -2.400850   3.158220   2.443950   1.000000   0.000000   0.000000   1.400000
 -0.819470   3.075750   0.544650   1.000000   0.000000   0.000000   1.400000
 -1.623210   5.108330   1.299800   1.000000   0.000000   0.000000   1.400000
 -2.546740   5.927100   1.928370   0.000000   1.000000   0.000000   1.850000
 -3.308590   5.326020   2.488160   1.000000   1.000000   1.000000   1.200000
 -3.062200   6.544020   1.146380   1.000000   1.000000   1.000000   1.200000
 -2.017270   6.613270   2.642740   1.000000   1.000000   1.000000   1.200000
  0.885920   5.100570   0.303600   0.000000   0.000000   1.000000   1.540000
  1.146480   4.756430   1.246130   1.000000   1.000000   1.000000   1.200000
  1.666370   5.520760  -0.175660   1.000000   1.000000   1.000000   1.200000
  0.101500   5.755640   0.431670   1.000000   1.000000   1.000000   1.200000
  0.494640   4.281900  -0.220930   1.000000   1.000000   1.000000   1.200000
  1.052840   2.433970   4.992170   0.000000   0.000000   1.000000   1.540000
  1.566230   0.489900   3.827500   1.000000   1.000000   1.000000   1.200000
  0.899770   2.972190   4.158490   1.000000   1.000000   1.000000   1.200000
  1.867910   2.780940   5.452890   1.000000   1.000000   1.000000   1.200000
  0.270540   2.562460   5.599780   1.000000   1.000000   1.000000   1.200000
 -3.571540   0.738040   3.452420   0.000000   0.000000   1.000000   1.540000
 -2.021860  -0.288430   3.662440   1.000000   1.000000   1.000000   1.200000
 -3.766700   0.828270   2.475550   1.000000   1.000000   1.000000   1.200000
 -3.158650   1.603010   3.755730   1.000000   1.000000   1.000000   1.200000
 -4.431910   0.603210   3.939470   1.000000   1.000000   1.000000   1.200000
28 bonds follow (x1 y1 z1 x2 y2 z2)
 -3.571540   0.738040   3.452420  -4.431910   0.603210   3.939470
 -3.571540   0.738040   3.452420  -3.158650   1.603010   3.755730
 -3.571540   0.738040   3.452420  -3.766700   0.828270   2.475550
 -1.106270  -0.599210   3.524360  -2.021860  -0.288430   3.662440
  1.052840   2.433970   4.992170   0.270540   2.562460   5.599780
  1.052840   2.433970   4.992170   1.867910   2.780940   5.452890
  1.052840   2.433970   4.992170   0.899770   2.972190   4.158490
  1.305200  -0.042420   3.072370   1.566230   0.489900   3.827500
  0.885920   5.100570   0.303600   0.494640   4.281900  -0.220930
  0.885920   5.100570   0.303600   0.101500   5.755640   0.431670
  0.885920   5.100570   0.303600   1.666370   5.520760  -0.175660
  0.885920   5.100570   0.303600   1.146480   4.756430   1.246130
 -2.546740   5.927100   1.928370  -2.017270   6.613270   2.642740
 -2.546740   5.927100   1.928370  -3.062200   6.544020   1.146380
 -2.546740   5.927100   1.928370  -3.308590   5.326020   2.488160
 -1.623210   5.108330   1.299800  -2.546740   5.927100   1.928370
 -1.188540   3.476730   1.856050  -1.623210   5.108330   1.299800
 -1.188540   3.476730   1.856050  -0.819470   3.075750   0.544650
 -1.188540   3.476730   1.856050  -2.400850   3.158220   2.443950
 -1.188540   3.476730   1.856050  -0.060840   3.919600   2.596010
 -0.166830   0.160190   2.527280  -0.584410   1.565510   2.339110
 -0.166830   0.160190   2.527280  -1.106270  -0.599210   3.524360
 -0.166830   0.160190   2.527280   1.305200  -0.042420   3.072370
 -0.196160  -0.714140   1.203680  -0.166830   0.160190   2.527280
 -0.512210  -0.097210  -0.024160  -0.196160  -0.714140   1.203680
 -0.512210  -0.097210  -0.024160  -1.344580  -0.688630  -0.488540
 -0.512210  -0.097210  -0.024160  -0.815510   0.974540   0.125180
 -0.512210  -0.097210  -0.024160   0.389520  -0.165980  -0.687630
