33 atoms follow (x y z r g b radiusScale)
 -0.219190  -0.249140  -0.070930   0.000000   1.000000   0.000000   1.850000
  0.813940  -0.392710  -0.484740   1.000000   1.000000   1.000000   1.200000
 -0.499420   0.837730  -0.036250   1.000000   1.000000   1.000000   1.200000
 -0.945470  -0.828510  -0.699750   1.000000   1.000000   1.000000   1.200000
 -0.269460  -0.810630   1.221580   1.000000   0.000000   0.000000   1.400000
 -0.243750   0.145680   2.486900   0.500000   0.500000   0.500000   1.900000
  1.253090   0.069970   2.990310   1.000000   0.000000   0.000000   1.400000
 -1.116580  -0.595130   3.567390   1.000000   0.000000   0.000000   1.400000
 -0.695520   1.538360   2.257680   1.000000   0.000000   0.000000   1.400000
 -1.122230   3.449730   1.930680   1.000000   1.000000   0.000000   1.850000
  0.120850   3.813380   2.525620   1.000000   0.000000   0.000000   1.400000
 -2.274760   3.197130   2.659950   1.000000   0.000000   0.000000   1.400000
 -0.937400   3.171410   0.546620   1.000000   0.000000   0.000000   1.400000
 -1.462850   5.163130   1.602860   1.000000   0.000000   0.000000   1.400000
 -2.699410   5.735360   1.827050   0.000000   1.000000   0.000000   1.850000
 -3.032670   5.559440   2.883190   1.000000   1.000000   1.000000   1.200000
 -3.462620   5.300810   1.128160   1.000000   1.000000   1.000000   1.200000
 -2.614040   6.838300   1.641610   1.000000   1.000000   1.000000   1.200000
  0.816990   5.170750   0.235290   0.000000   0.000000   1.000000   1.540000
  0.882000   5.156930   1.284400   1.000000   1.000000   1.000000   1.200000
  1.513060   5.772800  -0.181100   1.000000   1.000000   1.000000   1.200000
 -0.157060   5.478960   0.017950   1.000000   1.000000   1.000000   1.200000
  0.894800   4.203070  -0.078300   1.000000   1.000000   1.000000   1.200000
  0.959330   2.514390   4.881740   0.000000   0.000000   1.000000   1.540000
  1.475500   0.587070   3.769640   1.000000   1.000000   1.000000   1.200000
  1.530570   3.036050   4.245080   1.000000   1.000000   1.000000   1.200000
  1.245650   2.716210   5.816610   1.000000   1.000000   1.000000   1.200000
  0.017380   2.831900   4.756450   1.000000   1.000000   1.000000   1.200000
 -3.610900   0.893400   3.388150   0.000000   0.000000   1.000000   1.540000
 -2.034380  -0.302980   3.695090   1.000000   1.000000   1.000000   1.200000
 -3.603450   1.277510   2.462030   1.000000   1.000000   1.000000   1.200000
 -3.233880   1.600300   3.993090   1.000000   1.000000   1.000000   1.200000
 -4.557420   0.719160   3.654030   1.000000   1.000000   1.000000   1.200000
28 bonds follow (x1 y1 z1 x2 y2 z2)
 -3.610900   0.893400   3.388150  -4.557420   0.719160   3.654030
 -3.610900   0.893400   3.388150  -3.233880   1.600300   3.993090
 -3.610900   0.893400   3.388150  -3.603450   1.277510   2.462030
 -1.116580  -0.595130   3.567390  -2.034380  -0.302980   3.695090
  0.959330   2.514390   4.881740   0.017380   2.831900   4.756450
  0.959330   2.514390   4.881740   1.245650   2.716210   5.816610
  0.959330   2.514390   4.881740   1.530570   3.036050   4.245080
  1.253090   0.069970   2.990310   1.475500   0.587070   3.769640
  0.816990   5.170750   0.235290   0.894800   4.203070  -0.078300
  0.816990   5.170750   0.235290  -0.157060   5.478960   0.017950
  0.816990   5.170750   0.235290   1.513060   5.772800  -0.181100
  0.816990   5.170750   0.235290   0.882000   5.156930   1.284400
 -2.699410   5.735360   1.827050  -2.614040   6.838300   1.641610
 -2.699410   5.735360   1.827050  -3.462620   5.300810   1.128160
 -2.699410   5.735360   1.827050  -3.032670   5.559440   2.883190
 -1.462850   5.163130   1.602860  -2.699410   5.735360   1.827050
 -1.122230   3.449730   1.930680  -1.462850   5.163130   1.602860
 -1.122230   3.449730   1.930680  -0.937400   3.171410   0.546620
 -1.122230   3.449730   1.930680  -2.274760   3.197130   2.659950
 -1.122230   3.449730   1.930680   0.120850   3.813380   2.525620
 -0.243750   0.145680   2.486900  -0.695520   1.538360   2.257680
 -0.243750   0.145680   2.486900  -1.116580  -0.595130   3.567390
 -0.243750   0.145680   2.486900   1.253090   0.069970   2.990310
 -0.269460  -0.810630   1.221580  -0.243750   0.145680   2.486900
 -0.219190  -0.249140  -0.070930  -0.269460  -0.810630   1.221580
 -0.219190  -0.249140  -0.070930  -0.945470  -0.828510  -0.699750
 -0.219190  -0.249140  -0.070930  -0.499420   0.837730  -0.036250
 -0.219190  -0.249140  -0.070930   0.813940  -0.392710  -0.484740
