33 atoms follow (x y z r g b radiusScale)
  0.001460  -0.000370  -0.001560   0.000000   1.000000   0.000000   1.850000
  1.120250  -0.002190   0.000270   1.000000   1.000000   1.000000   1.200000
 -0.402670   1.049100  -0.005230   1.000000   1.000000   1.000000   1.200000
 -0.386390  -0.580810  -0.875700   1.000000   1.000000   1.000000   1.200000
 -0.447750  -0.677430   1.157330   1.000000   0.000000   0.000000   1.400000
 -0.325320   0.124950   2.516120   0.500000   0.500000   0.500000   1.900000
  1.151750  -0.063740   2.994960   1.000000   0.000000   0.000000   1.400000
 -1.241050  -0.620360   3.539070   1.000000   0.000000   0.000000   1.400000
 -0.685540   1.572030   2.367710   1.000000   0.000000   0.000000   1.400000
 -1.117990   3.339510   1.984870   1.000000   1.000000   0.000000   1.850000
 -0.057790   3.838370   2.721900   1.000000   0.000000   0.000000   1.400000
 -2.393640   3.188720   2.517980   1.000000   0.000000   0.000000   1.400000
 -0.893790   3.154380   0.626300   1.000000   0.000000   0.000000   1.400000
 -1.519720   5.207280   1.559480   1.000000   0.000000   0.000000   1.400000
 -2.720350   5.641510   0.949410   0.000000   1.000000   0.000000   1.850000
 -2.752360   5.313180  -0.118550   1.000000   1.000000   1.000000   1.200000
 -2.789070   6.753630   1.038030   1.000000   1.000000   1.000000   1.200000
 -3.508170   5.127330   1.563350   1.000000   1.000000   1.000000   1.200000
  0.774810   5.436420   0.497650   0.000000   0.000000   1.000000   1.540000
  1.309760   5.194780   1.310200   1.000000   1.000000   1.000000   1.200000
 -0.708320   5.774200   0.981460   1.000000   1.000000   1.000000   1.200000
  0.749110   4.676470  -0.155430   1.000000   1.000000   1.000000   1.200000
  1.103220   6.277880   0.075090   1.000000   1.000000   1.000000   1.200000
  1.620550   2.231180   4.685030   0.000000   0.000000   1.000000   1.540000
  1.522290   0.575370   3.631520   1.000000   1.000000   1.000000   1.200000
  1.185910   2.905610   4.080100   1.000000   1.000000   1.000000   1.200000
  2.574290   2.489960   4.825740   1.000000   1.000000   1.000000   1.200000
  1.154930   2.237350   5.568000   1.000000   1.000000   1.000000   1.200000
 -3.597170   0.960430   3.766510   0.000000   0.000000   1.000000   1.540000
 -2.139050  -0.273360   3.723420   1.000000   1.000000   1.000000   1.200000
 -3.838110   1.196460   2.823630   1.000000   1.000000   1.000000   1.200000
 -3.173340   1.773110   4.174100   1.000000   1.000000   1.000000   1.200000
 -4.429910   0.738270   4.269520   1.000000   1.000000   1.000000   1.200000
28 bonds follow (x1 y1 z1 x2 y2 z2)
 -3.597170   0.960430   3.766510  -4.429910   0.738270   4.269520
 -3.597170   0.960430   3.766510  -3.173340   1.773110   4.174100
 -3.597170   0.960430   3.766510  -3.838110   1.196460   2.823630
 -1.241050  -0.620360   3.539070  -2.139050  -0.273360   3.723420
  1.620550   2.231180   4.685030   1.154930   2.237350   5.568000
  1.620550   2.231180   4.685030   2.574290   2.489960   4.825740
  1.620550   2.231180   4.685030   1.185910   2.905610   4.080100
  1.151750  -0.063740   2.994960   1.522290   0.575370   3.631520
  0.774810   5.436420   0.497650   1.103220   6.277880   0.075090
  0.774810   5.436420   0.497650   0.749110   4.676470  -0.155430
 -1.519720   5.207280   1.559480  -0.708320   5.774200   0.981460
  0.774810   5.436420   0.497650   1.309760   5.194780   1.310200
 -2.720350   5.641510   0.949410  -3.508170   5.127330   1.563350
 -2.720350   5.641510   0.949410  -2.789070   6.753630   1.038030
 -2.720350   5.641510   0.949410  -2.752360   5.313180  -0.118550
 -1.519720   5.207280   1.559480  -2.720350   5.641510   0.949410
 -1.117990   3.339510   1.984870  -0.893790   3.154380   0.626300
 -1.117990   3.339510   1.984870  -2.393640   3.188720   2.517980
 -1.117990   3.339510   1.984870  -0.057790   3.838370   2.721900
 -0.685540   1.572030   2.367710  -1.117990   3.339510   1.984870
 -0.325320   0.124950   2.516120  -0.685540   1.572030   2.367710
 -0.325320   0.124950   2.516120  -1.241050  -0.620360   3.539070
 -0.325320   0.124950   2.516120   1.151750  -0.063740   2.994960
 -0.447750  -0.677430   1.157330  -0.325320   0.124950   2.516120
  0.001460  -0.000370  -0.001560  -0.447750  -0.677430   1.157330
  0.001460  -0.000370  -0.001560  -0.386390  -0.580810  -0.875700
  0.001460  -0.000370  -0.001560  -0.402670   1.049100  -0.005230
  0.001460  -0.000370  -0.001560   1.120250  -0.002190   0.000270
