33 atoms follow (x y z r g b radiusScale)
  0.003990  -0.001690  -0.004580   0.000000   1.000000   0.000000   1.850000
  1.122710  -0.008300   0.001140   1.000000   1.000000   1.000000   1.200000
 -0.401130   1.047220  -0.016310   1.000000   1.000000   1.000000   1.200000
 -0.383540  -0.586640  -0.876260   1.000000   1.000000   1.000000   1.200000
 -0.451080  -0.671590   1.155470   1.000000   0.000000   0.000000   1.400000
 -0.321750   0.110590   2.519250   0.500000   0.500000   0.500000   1.900000
  1.154340  -0.057140   2.997640   1.000000   0.000000   0.000000   1.400000
 -1.242610  -0.614840   3.539160   1.000000   0.000000   0.000000   1.400000
 -0.684040   1.554490   2.371240   1.000000   0.000000   0.000000   1.400000
 -1.095020   3.276750   1.995900   1.000000   1.000000   0.000000   1.850000
 -0.075610   3.826050   2.763050   1.000000   0.000000   0.000000   1.400000
 -2.372890   3.220170   2.502050   1.000000   0.000000   0.000000   1.400000
 -0.934160   3.130410   0.626150   1.000000   0.000000   0.000000   1.400000
 -1.590200   5.285150   1.576640   1.000000   0.000000   0.000000   1.400000
 -2.785280   5.670030   0.934990   0.000000   1.000000   0.000000   1.850000
 -2.772700   5.326880  -0.130110   1.000000   1.000000   1.000000   1.200000
 -2.906610   6.780180   0.974340   1.000000   1.000000   1.000000   1.200000
 -3.621510   5.168190   1.492970   1.000000   1.000000   1.000000   1.200000
  0.880190   5.498530   0.435510   0.000000   0.000000   1.000000   1.540000
  1.334770   5.206740   1.279730   1.000000   1.000000   1.000000   1.200000
 -0.704200   5.792890   1.223050   1.000000   1.000000   1.000000   1.200000
  0.734970   4.707380  -0.160210   1.000000   1.000000   1.000000   1.200000
  1.421770   6.198580  -0.024860   1.000000   1.000000   1.000000   1.200000
  1.620770   2.229700   4.682370   0.000000   0.000000   1.000000   1.540000
  1.519770   0.582920   3.638880   1.000000   1.000000   1.000000   1.200000
  1.208440   2.930100   4.091890   1.000000   1.000000   1.000000   1.200000
  2.584240   2.451040   4.822480   1.000000   1.000000   1.000000   1.200000
  1.159830   2.240470   5.567940   1.000000   1.000000   1.000000   1.200000
 -3.593180   0.964040   3.763450   0.000000   0.000000   1.000000   1.540000
 -2.144130  -0.264750   3.716680   1.000000   1.000000   1.000000   1.200000
 -3.850850   1.203540   2.825530   1.000000   1.000000   1.000000   1.200000
 -3.186880   1.784770   4.173590   1.000000   1.000000   1.000000   1.200000
 -4.416640   0.720000   4.272380   1.000000   1.000000   1.000000   1.200000
28 bonds follow (x1 y1 z1 x2 y2 z2)
 -3.593180   0.964040   3.763450  -4.416640   0.720000   4.272380
 -3.593180   0.964040   3.763450  -3.186880   1.784770   4.173590
 -3.593180   0.964040   3.763450  -3.850850   1.203540   2.825530
 -1.242610  -0.614840   3.539160  -2.144130  -0.264750   3.716680
  1.620770   2.229700   4.682370   1.159830   2.240470   5.567940
  1.620770   2.229700   4.682370   2.584240   2.451040   4.822480
  1.620770   2.229700   4.682370   1.208440   2.930100   4.091890
  1.154340  -0.057140   2.997640   1.519770   0.582920   3.638880
  0.880190   5.498530   0.435510   1.421770   6.198580  -0.024860
  0.880190   5.498530   0.435510   0.734970   4.707380  -0.160210
 -1.590200   5.285150   1.576640  -0.704200   5.792890   1.223050
  0.880190   5.498530   0.435510   1.334770   5.206740   1.279730
 -2.785280   5.670030   0.934990  -3.621510   5.168190   1.492970
 -2.785280   5.670030   0.934990  -2.906610   6.780180   0.974340
 -2.785280   5.670030   0.934990  -2.772700   5.326880  -0.130110
 -1.590200   5.285150   1.576640  -2.785280   5.670030   0.934990
 -1.095020   3.276750   1.995900  -0.934160   3.130410   0.626150
 -1.095020   3.276750   1.995900  -2.372890   3.220170   2.502050
 -1.095020   3.276750   1.995900  -0.075610   3.826050   2.763050
 -0.684040   1.554490   2.371240  -1.095020   3.276750   1.995900
 -0.321750   0.110590   2.519250  -0.684040   1.554490   2.371240
 -0.321750   0.110590   2.519250  -1.242610  -0.614840   3.539160
 -0.321750   0.110590   2.519250   1.154340  -0.057140   2.997640
 -0.451080  -0.671590   1.155470  -0.321750   0.110590   2.519250
  0.003990  -0.001690  -0.004580  -0.451080  -0.671590   1.155470
  0.003990  -0.001690  -0.004580  -0.383540  -0.586640  -0.876260
  0.003990  -0.001690  -0.004580  -0.401130   1.047220  -0.016310
  0.003990  -0.001690  -0.004580   1.122710  -0.008300   0.001140
