33 atoms follow (x y z r g b radiusScale)
 -0.564650  -0.165700  -0.047870   0.000000   1.000000   0.000000   1.850000
  0.181430  -0.496160  -0.816260   1.000000   1.000000   1.000000   1.200000
 -0.621940   0.956230   0.005310   1.000000   1.000000   1.000000   1.200000
 -1.563230  -0.610570  -0.299410   1.000000   1.000000   1.000000   1.200000
 -0.135450  -0.702740   1.185650   1.000000   0.000000   0.000000   1.400000
 -0.191590   0.177410   2.500670   0.500000   0.500000   0.500000   1.900000
  1.262620   0.114380   3.097390   1.000000   0.000000   0.000000   1.400000
 -1.086780  -0.586090   3.542750   1.000000   0.000000   0.000000   1.400000
 -0.600280   1.592460   2.328060   1.000000   0.000000   0.000000   1.400000
 -1.160940   3.403340   1.844750   1.000000   1.000000   0.000000   1.850000
 -0.070240   3.905850   2.605750   1.000000   0.000000   0.000000   1.400000
 -2.376260   3.029130   2.389510   1.000000   0.000000   0.000000   1.400000
 -0.770280   3.080120   0.518770   1.000000   0.000000   0.000000   1.400000
 -1.587350   5.065620   1.308370   1.000000   0.000000   0.000000   1.400000
 -2.493430   5.905030   1.920660   0.000000   1.000000   0.000000   1.850000
 -3.470860   5.381100   2.085360   1.000000   1.000000   1.000000   1.200000
 -2.658660   6.795750   1.258370   1.000000   1.000000   1.000000   1.200000
 -2.095980   6.257350   2.910650   1.000000   1.000000   1.000000   1.200000
  0.847260   5.221960   0.363840   0.000000   0.000000   1.000000   1.540000
  0.692960   5.303010   1.385280   1.000000   1.000000   1.000000   1.200000
  1.585990   5.824530   0.036340   1.000000   1.000000   1.000000   1.200000
 -0.065420   5.428780  -0.073580   1.000000   1.000000   1.000000   1.200000
  1.035060   4.217060   0.173340   1.000000   1.000000   1.000000   1.200000
  1.136250   2.385560   4.972490   0.000000   0.000000   1.000000   1.540000
  1.502790   0.806630   3.732350   1.000000   1.000000   1.000000   1.200000
  0.878310   2.990530   4.212350   1.000000   1.000000   1.000000   1.200000
  1.888560   2.801820   5.478410   1.000000   1.000000   1.000000   1.200000
  0.354830   2.287550   5.586000   1.000000   1.000000   1.000000   1.200000
 -3.724980   0.805180   3.539550   0.000000   0.000000   1.000000   1.540000
 -1.996020  -0.298430   3.708750   1.000000   1.000000   1.000000   1.200000
 -3.952420   1.006870   2.585700   1.000000   1.000000   1.000000   1.200000
 -3.201680   1.591560   3.882290   1.000000   1.000000   1.000000   1.200000
 -4.574570   0.738300   4.061050   1.000000   1.000000   1.000000   1.200000
28 bonds follow (x1 y1 z1 x2 y2 z2)
 -3.724980   0.805180   3.539550  -4.574570   0.738300   4.061050
 -3.724980   0.805180   3.539550  -3.201680   1.591560   3.882290
 -3.724980   0.805180   3.539550  -3.952420   1.006870   2.585700
 -1.086780  -0.586090   3.542750  -1.996020  -0.298430   3.708750
  1.136250   2.385560   4.972490   0.354830   2.287550   5.586000
  1.136250   2.385560   4.972490   1.888560   2.801820   5.478410
  1.136250   2.385560   4.972490   0.878310   2.990530   4.212350
  1.262620   0.114380   3.097390   1.502790   0.806630   3.732350
  0.847260   5.221960   0.363840   1.035060   4.217060   0.173340
  0.847260   5.221960   0.363840  -0.065420   5.428780  -0.073580
  0.847260   5.221960   0.363840   1.585990   5.824530   0.036340
  0.847260   5.221960   0.363840   0.692960   5.303010   1.385280
 -2.493430   5.905030   1.920660  -2.095980   6.257350   2.910650
 -2.493430   5.905030   1.920660  -2.658660   6.795750   1.258370
 -2.493430   5.905030   1.920660  -3.470860   5.381100   2.085360
 -1.587350   5.065620   1.308370  -2.493430   5.905030   1.920660
 -1.160940   3.403340   1.844750  -1.587350   5.065620   1.308370
 -1.160940   3.403340   1.844750  -0.770280   3.080120   0.518770
 -1.160940   3.403340   1.844750  -2.376260   3.029130   2.389510
 -1.160940   3.403340   1.844750  -0.070240   3.905850   2.605750
 -0.191590   0.177410   2.500670  -0.600280   1.592460   2.328060
 -0.191590   0.177410   2.500670  -1.086780  -0.586090   3.542750
 -0.191590   0.177410   2.500670   1.262620   0.114380   3.097390
 -0.135450  -0.702740   1.185650  -0.191590   0.177410   2.500670
 -0.564650  -0.165700  -0.047870  -0.135450  -0.702740   1.185650
 -0.564650  -0.165700  -0.047870  -1.563230  -0.610570  -0.299410
 -0.564650  -0.165700  -0.047870  -0.621940   0.956230   0.005310
 -0.564650  -0.165700  -0.047870   0.181430  -0.496160  -0.816260
