33 atoms follow (x y z r g b radiusScale)
  0.023380  -0.036070   0.030710   0.000000   1.000000   0.000000   1.850000
  1.141800  -0.016950   0.052690   1.000000   1.000000   1.000000   1.200000
 -0.403920   1.003040   0.042820   1.000000   1.000000   1.000000   1.200000
 -0.341780  -0.599710  -0.864310   1.000000   1.000000   1.000000   1.200000
 -0.426580  -0.751750   1.166740   1.000000   0.000000   0.000000   1.400000
 -0.305260   0.033660   2.528400   0.500000   0.500000   0.500000   1.900000
  1.164760  -0.100060   3.027700   1.000000   0.000000   0.000000   1.400000
 -1.243820  -0.669830   3.547240   1.000000   0.000000   0.000000   1.400000
 -0.707700   1.479550   2.382060   1.000000   0.000000   0.000000   1.400000
 -1.112470   3.209600   2.036720   1.000000   1.000000   0.000000   1.850000
 -0.083910   3.795440   2.735490   1.000000   0.000000   0.000000   1.400000
 -2.395040   3.138280   2.545860   1.000000   0.000000   0.000000   1.400000
 -0.904210   3.171790   0.676240   1.000000   0.000000   0.000000   1.400000
 -1.920280   5.663850   1.685220   1.000000   0.000000   0.000000   1.400000
 -3.057220   5.828100   0.836520   0.000000   1.000000   0.000000   1.850000
 -2.802800   5.522910  -0.210760   1.000000   1.000000   1.000000   1.200000
 -3.447130   6.873210   0.862620   1.000000   1.000000   1.000000   1.200000
 -3.780240   5.098810   1.297000   1.000000   1.000000   1.000000   1.200000
  1.426060   5.664940   0.173160   0.000000   0.000000   1.000000   1.540000
  1.346350   5.567510   1.164360   1.000000   1.000000   1.000000   1.200000
 -1.360390   6.389670   1.425530   1.000000   1.000000   1.000000   1.200000
  0.558250   5.376870  -0.230400   1.000000   1.000000   1.000000   1.200000
  2.145430   5.061550  -0.160110   1.000000   1.000000   1.000000   1.200000
  1.661500   2.178310   4.665940   0.000000   0.000000   1.000000   1.540000
  1.539210   0.590770   3.616580   1.000000   1.000000   1.000000   1.200000
  1.307540   2.897520   4.060100   1.000000   1.000000   1.000000   1.200000
  2.617340   2.372290   4.879700   1.000000   1.000000   1.000000   1.200000
  1.136980   2.184150   5.515660   1.000000   1.000000   1.000000   1.200000
 -3.556000   0.969490   3.748510   0.000000   0.000000   1.000000   1.540000
 -2.121190  -0.266950   3.738350   1.000000   1.000000   1.000000   1.200000
 -3.813080   1.183510   2.804350   1.000000   1.000000   1.000000   1.200000
 -3.169910   1.807110   4.143590   1.000000   1.000000   1.000000   1.200000
 -4.377710   0.720550   4.257910   1.000000   1.000000   1.000000   1.200000
28 bonds follow (x1 y1 z1 x2 y2 z2)
 -3.556000   0.969490   3.748510  -4.377710   0.720550   4.257910
 -3.556000   0.969490   3.748510  -3.169910   1.807110   4.143590
 -3.556000   0.969490   3.748510  -3.813080   1.183510   2.804350
 -1.243820  -0.669830   3.547240  -2.121190  -0.266950   3.738350
  1.661500   2.178310   4.665940   1.136980   2.184150   5.515660
  1.661500   2.178310   4.665940   2.617340   2.372290   4.879700
  1.661500   2.178310   4.665940   1.307540   2.897520   4.060100
  1.164760  -0.100060   3.027700   1.539210   0.590770   3.616580
  1.426060   5.664940   0.173160   2.145430   5.061550  -0.160110
  1.426060   5.664940   0.173160   0.558250   5.376870  -0.230400
 -1.920280   5.663850   1.685220  -1.360390   6.389670   1.425530
  1.426060   5.664940   0.173160   1.346350   5.567510   1.164360
 -3.057220   5.828100   0.836520  -3.780240   5.098810   1.297000
 -3.057220   5.828100   0.836520  -3.447130   6.873210   0.862620
 -3.057220   5.828100   0.836520  -2.802800   5.522910  -0.210760
 -1.920280   5.663850   1.685220  -3.057220   5.828100   0.836520
 -1.112470   3.209600   2.036720  -0.904210   3.171790   0.676240
 -1.112470   3.209600   2.036720  -2.395040   3.138280   2.545860
 -1.112470   3.209600   2.036720  -0.083910   3.795440   2.735490
 -0.707700   1.479550   2.382060  -1.112470   3.209600   2.036720
 -0.305260   0.033660   2.528400  -0.707700   1.479550   2.382060
 -0.305260   0.033660   2.528400  -1.243820  -0.669830   3.547240
 -0.305260   0.033660   2.528400   1.164760  -0.100060   3.027700
 -0.426580  -0.751750   1.166740  -0.305260   0.033660   2.528400
  0.023380  -0.036070   0.030710  -0.426580  -0.751750   1.166740
  0.023380  -0.036070   0.030710  -0.341780  -0.599710  -0.864310
  0.023380  -0.036070   0.030710  -0.403920   1.003040   0.042820
  0.023380  -0.036070   0.030710   1.141800  -0.016950   0.052690
