33 atoms follow (x y z r g b radiusScale)
 -0.306750  -0.112800  -0.078430   0.000000   1.000000   0.000000   1.850000
  0.623380  -0.404920  -0.633690   1.000000   1.000000   1.000000   1.200000
 -0.400350   1.001610   0.016890   1.000000   1.000000   1.000000   1.200000
 -1.196330  -0.538170  -0.614080   1.000000   1.000000   1.000000   1.200000
 -0.256940  -0.721660   1.195410   1.000000   0.000000   0.000000   1.400000
 -0.219740   0.158080   2.514700   0.500000   0.500000   0.500000   1.900000
  1.270350   0.068830   3.003910   1.000000   0.000000   0.000000   1.400000
 -1.023670  -0.607650   3.628180   1.000000   0.000000   0.000000   1.400000
 -0.664980   1.550100   2.293560   1.000000   0.000000   0.000000   1.400000
 -1.160900   3.407840   1.885830   1.000000   1.000000   0.000000   1.850000
  0.069710   3.796950   2.480030   1.000000   0.000000   0.000000   1.400000
 -2.322180   3.142630   2.594950   1.000000   0.000000   0.000000   1.400000
 -0.976840   3.091350   0.513890   1.000000   0.000000   0.000000   1.400000
 -1.487850   5.129890   1.482250   1.000000   0.000000   0.000000   1.400000
 -2.590250   5.873530   1.845870   0.000000   1.000000   0.000000   1.850000
 -3.054270   5.477200   2.786620   1.000000   1.000000   1.000000   1.200000
 -3.355640   5.854130   1.024650   1.000000   1.000000   1.000000   1.200000
 -2.268470   6.936870   2.010810   1.000000   1.000000   1.000000   1.200000
  0.868970   5.167640   0.289050   0.000000   0.000000   1.000000   1.540000
  1.266200   4.458850   0.930620   1.000000   1.000000   1.000000   1.200000
  1.571050   5.610150  -0.286140   1.000000   1.000000   1.000000   1.200000
  0.360340   5.836310   0.891370   1.000000   1.000000   1.000000   1.200000
  0.142060   4.685220  -0.254300   1.000000   1.000000   1.000000   1.200000
  1.001590   2.517810   4.996520   0.000000   0.000000   1.000000   1.540000
  1.506330   0.490700   3.832680   1.000000   1.000000   1.000000   1.200000
  1.254870   2.999100   4.152740   1.000000   1.000000   1.000000   1.200000
  1.568500   2.854720   5.746330   1.000000   1.000000   1.000000   1.200000
  0.047400   2.739050   5.196470   1.000000   1.000000   1.000000   1.200000
 -3.695900   0.799010   3.395170   0.000000   0.000000   1.000000   1.540000
 -1.962430  -0.417210   3.745750   1.000000   1.000000   1.000000   1.200000
 -3.605870   1.261410   2.509030   1.000000   1.000000   1.000000   1.200000
 -3.341790   1.434950   4.084990   1.000000   1.000000   1.000000   1.200000
 -4.667100   0.650960   3.576770   1.000000   1.000000   1.000000   1.200000
28 bonds follow (x1 y1 z1 x2 y2 z2)
 -3.695900   0.799010   3.395170  -4.667100   0.650960   3.576770
 -3.695900   0.799010   3.395170  -3.341790   1.434950   4.084990
 -3.695900   0.799010   3.395170  -3.605870   1.261410   2.509030
 -1.023670  -0.607650   3.628180  -1.962430  -0.417210   3.745750
  1.001590   2.517810   4.996520   0.047400   2.739050   5.196470
  1.001590   2.517810   4.996520   1.568500   2.854720   5.746330
  1.001590   2.517810   4.996520   1.254870   2.999100   4.152740
  1.270350   0.068830   3.003910   1.506330   0.490700   3.832680
  0.868970   5.167640   0.289050   0.142060   4.685220  -0.254300
  0.868970   5.167640   0.289050   0.360340   5.836310   0.891370
  0.868970   5.167640   0.289050   1.571050   5.610150  -0.286140
  0.868970   5.167640   0.289050   1.266200   4.458850   0.930620
 -2.590250   5.873530   1.845870  -2.268470   6.936870   2.010810
 -2.590250   5.873530   1.845870  -3.355640   5.854130   1.024650
 -2.590250   5.873530   1.845870  -3.054270   5.477200   2.786620
 -1.487850   5.129890   1.482250  -2.590250   5.873530   1.845870
 -1.160900   3.407840   1.885830  -1.487850   5.129890   1.482250
 -1.160900   3.407840   1.885830  -0.976840   3.091350   0.513890
 -1.160900   3.407840   1.885830  -2.322180   3.142630   2.594950
 -1.160900   3.407840   1.885830   0.069710   3.796950   2.480030
 -0.219740   0.158080   2.514700  -0.664980   1.550100   2.293560
 -0.219740   0.158080   2.514700  -1.023670  -0.607650   3.628180
 -0.219740   0.158080   2.514700   1.270350   0.068830   3.003910
 -0.256940  -0.721660   1.195410  -0.219740   0.158080   2.514700
 -0.306750  -0.112800  -0.078430  -0.256940  -0.721660   1.195410
 -0.306750  -0.112800  -0.078430  -1.196330  -0.538170  -0.614080
 -0.306750  -0.112800  -0.078430  -0.400350   1.001610   0.016890
 -0.306750  -0.112800  -0.078430   0.623380  -0.404920  -0.633690
