33 atoms follow (x y z r g b radiusScale)
 -0.571220  -0.157850   0.012630   0.000000   1.000000   0.000000   1.850000
  0.179900  -0.463610  -0.762020   1.000000   1.000000   1.000000   1.200000
 -0.624530   0.961510   0.088880   1.000000   1.000000   1.000000   1.200000
 -1.571670  -0.583010  -0.264240   1.000000   1.000000   1.000000   1.200000
 -0.162840  -0.741040   1.233990   1.000000   0.000000   0.000000   1.400000
 -0.171340   0.179570   2.527380   0.500000   0.500000   0.500000   1.900000
  1.272880   0.105460   3.138850   1.000000   0.000000   0.000000   1.400000
 -1.103620  -0.598430   3.513030   1.000000   0.000000   0.000000   1.400000
 -0.688940   1.536130   2.219680   1.000000   0.000000   0.000000   1.400000
 -1.169880   3.383370   1.804130   1.000000   1.000000   0.000000   1.850000
 -0.073970   3.843200   2.594580   1.000000   0.000000   0.000000   1.400000
 -2.417560   3.069780   2.325920   1.000000   0.000000   0.000000   1.400000
 -0.722780   3.114530   0.486010   1.000000   0.000000   0.000000   1.400000
 -1.590970   5.057740   1.318180   1.000000   0.000000   0.000000   1.400000
 -2.530650   5.840360   1.957420   0.000000   1.000000   0.000000   1.850000
 -3.550350   5.381830   1.870780   1.000000   1.000000   1.000000   1.200000
 -2.536710   6.853680   1.474130   1.000000   1.000000   1.000000   1.200000
 -2.274810   5.955310   3.044790   1.000000   1.000000   1.000000   1.200000
  0.841900   5.300990   0.445860   0.000000   0.000000   1.000000   1.540000
  0.838440   5.364080   1.489840   1.000000   1.000000   1.000000   1.200000
  1.564540   5.857580   0.020480   1.000000   1.000000   1.000000   1.200000
 -0.109950   5.590300   0.134550   1.000000   1.000000   1.000000   1.200000
  0.930220   4.300980   0.213680   1.000000   1.000000   1.000000   1.200000
  1.193190   2.400150   4.947730   0.000000   0.000000   1.000000   1.540000
  1.483340   0.715620   3.862820   1.000000   1.000000   1.000000   1.200000
  0.956590   3.053180   4.221620   1.000000   1.000000   1.000000   1.200000
  2.074730   2.649650   5.343120   1.000000   1.000000   1.000000   1.200000
  0.498160   2.444300   5.662660   1.000000   1.000000   1.000000   1.200000
 -3.641720   0.907140   3.552510   0.000000   0.000000   1.000000   1.540000
 -2.012910  -0.268830   3.632580   1.000000   1.000000   1.000000   1.200000
 -3.879160   1.023930   2.587700   1.000000   1.000000   1.000000   1.200000
 -3.312850   1.794680   3.883980   1.000000   1.000000   1.000000   1.200000
 -4.461560   0.649650   4.060560   1.000000   1.000000   1.000000   1.200000
28 bonds follow (x1 y1 z1 x2 y2 z2)
 -3.641720   0.907140   3.552510  -4.461560   0.649650   4.060560
 -3.641720   0.907140   3.552510  -3.312850   1.794680   3.883980
 -3.641720   0.907140   3.552510  -3.879160   1.023930   2.587700
 -1.103620  -0.598430   3.513030  -2.012910  -0.268830   3.632580
  1.193190   2.400150   4.947730   0.498160   2.444300   5.662660
  1.193190   2.400150   4.947730   2.074730   2.649650   5.343120
  1.193190   2.400150   4.947730   0.956590   3.053180   4.221620
  1.272880   0.105460   3.138850   1.483340   0.715620   3.862820
  0.841900   5.300990   0.445860   0.930220   4.300980   0.213680
  0.841900   5.300990   0.445860  -0.109950   5.590300   0.134550
  0.841900   5.300990   0.445860   1.564540   5.857580   0.020480
  0.841900   5.300990   0.445860   0.838440   5.364080   1.489840
 -2.530650   5.840360   1.957420  -2.274810   5.955310   3.044790
 -2.530650   5.840360   1.957420  -2.536710   6.853680   1.474130
 -2.530650   5.840360   1.957420  -3.550350   5.381830   1.870780
 -1.590970   5.057740   1.318180  -2.530650   5.840360   1.957420
 -1.169880   3.383370   1.804130  -1.590970   5.057740   1.318180
 -1.169880   3.383370   1.804130  -0.722780   3.114530   0.486010
 -1.169880   3.383370   1.804130  -2.417560   3.069780   2.325920
 -1.169880   3.383370   1.804130  -0.073970   3.843200   2.594580
 -0.171340   0.179570   2.527380  -0.688940   1.536130   2.219680
 -0.171340   0.179570   2.527380  -1.103620  -0.598430   3.513030
 -0.171340   0.179570   2.527380   1.272880   0.105460   3.138850
 -0.162840  -0.741040   1.233990  -0.171340   0.179570   2.527380
 -0.571220  -0.157850   0.012630  -0.162840  -0.741040   1.233990
 -0.571220  -0.157850   0.012630  -1.571670  -0.583010  -0.264240
 -0.571220  -0.157850   0.012630  -0.624530   0.961510   0.088880
 -0.571220  -0.157850   0.012630   0.179900  -0.463610  -0.762020
