33 atoms follow (x y z r g b radiusScale)
 -0.241280  -0.168740  -0.066060   0.000000   1.000000   0.000000   1.850000
  0.697780  -0.506050  -0.577990   1.000000   1.000000   1.000000   1.200000
 -0.295010   0.952740  -0.002350   1.000000   1.000000   1.000000   1.200000
 -1.124600  -0.574850  -0.625890   1.000000   1.000000   1.000000   1.200000
 -0.260370  -0.749450   1.222250   1.000000   0.000000   0.000000   1.400000
 -0.251720   0.179880   2.504640   0.500000   0.500000   0.500000   1.900000
  1.214270   0.039340   3.060090   1.000000   0.000000   0.000000   1.400000
 -1.164690  -0.479050   3.595840   1.000000   0.000000   0.000000   1.400000
 -0.661710   1.577290   2.219760   1.000000   0.000000   0.000000   1.400000
 -1.192500   3.374100   1.806730   1.000000   1.000000   0.000000   1.850000
 -0.105140   3.844430   2.610490   1.000000   0.000000   0.000000   1.400000
 -2.443330   3.065880   2.330270   1.000000   0.000000   0.000000   1.400000
 -0.724420   3.114370   0.482740   1.000000   0.000000   0.000000   1.400000
 -1.618760   5.038700   1.322560   1.000000   0.000000   0.000000   1.400000
 -2.716420   5.758410   1.750270   0.000000   1.000000   0.000000   1.850000
 -3.606280   5.528900   1.107680   1.000000   1.000000   1.000000   1.200000
 -2.474340   6.852040   1.661590   1.000000   1.000000   1.000000   1.200000
 -2.965420   5.518340   2.816790   1.000000   1.000000   1.000000   1.200000
  0.927940   5.274210   0.683920   0.000000   0.000000   1.000000   1.540000
  1.310130   4.519620   1.280450   1.000000   1.000000   1.000000   1.200000
  1.633880   5.703970   0.101760   1.000000   1.000000   1.000000   1.200000
  0.463830   5.939890   1.304150   1.000000   1.000000   1.000000   1.200000
  0.169990   4.843510   0.111360   1.000000   1.000000   1.000000   1.200000
  1.445070   2.410020   4.798610   0.000000   0.000000   1.000000   1.540000
  1.477910   0.639900   3.773580   1.000000   1.000000   1.000000   1.200000
  0.884240   3.041150   4.254160   1.000000   1.000000   1.000000   1.200000
  2.335770   2.823530   4.971930   1.000000   1.000000   1.000000   1.200000
  0.998010   2.236970   5.674150   1.000000   1.000000   1.000000   1.200000
 -3.668990   0.968090   3.727350   0.000000   0.000000   1.000000   1.540000
 -2.083680  -0.163530   3.698200   1.000000   1.000000   1.000000   1.200000
 -3.884140   1.228850   2.784320   1.000000   1.000000   1.000000   1.200000
 -3.306290   1.784750   4.180080   1.000000   1.000000   1.000000   1.200000
 -4.505500   0.680740   4.189250   1.000000   1.000000   1.000000   1.200000
29 bonds follow (x1 y1 z1 x2 y2 z2)
 -3.668990   0.968090   3.727350  -4.505500   0.680740   4.189250
 -3.668990   0.968090   3.727350  -3.306290   1.784750   4.180080
 -3.668990   0.968090   3.727350  -3.884140   1.228850   2.784320
 -1.164690  -0.479050   3.595840  -2.083680  -0.163530   3.698200
  1.445070   2.410020   4.798610   0.998010   2.236970   5.674150
  1.445070   2.410020   4.798610   2.335770   2.823530   4.971930
  1.445070   2.410020   4.798610   0.884240   3.041150   4.254160
  1.214270   0.039340   3.060090   1.477910   0.639900   3.773580
  0.927940   5.274210   0.683920   0.169990   4.843510   0.111360
  0.927940   5.274210   0.683920   0.463830   5.939890   1.304150
  0.927940   5.274210   0.683920   1.633880   5.703970   0.101760
  0.927940   5.274210   0.683920   1.310130   4.519620   1.280450
 -2.716420   5.758410   1.750270  -2.965420   5.518340   2.816790
 -2.716420   5.758410   1.750270  -2.474340   6.852040   1.661590
 -2.716420   5.758410   1.750270  -3.606280   5.528900   1.107680
 -1.618760   5.038700   1.322560  -2.716420   5.758410   1.750270
 -1.192500   3.374100   1.806730  -1.618760   5.038700   1.322560
 -1.192500   3.374100   1.806730  -0.724420   3.114370   0.482740
 -1.192500   3.374100   1.806730  -2.443330   3.065880   2.330270
 -1.192500   3.374100   1.806730  -0.105140   3.844430   2.610490
 -0.661710   1.577290   2.219760  -1.192500   3.374100   1.806730
 -0.251720   0.179880   2.504640  -0.661710   1.577290   2.219760
 -0.251720   0.179880   2.504640  -1.164690  -0.479050   3.595840
 -0.251720   0.179880   2.504640   1.214270   0.039340   3.060090
 -0.260370  -0.749450   1.222250  -0.251720   0.179880   2.504640
 -0.241280  -0.168740  -0.066060  -0.260370  -0.749450   1.222250
 -0.241280  -0.168740  -0.066060  -1.124600  -0.574850  -0.625890
 -0.241280  -0.168740  -0.066060  -0.295010   0.952740  -0.002350
 -0.241280  -0.168740  -0.066060   0.697780  -0.506050  -0.577990
