33 atoms follow (x y z r g b radiusScale)
  0.318360  -0.168760   0.064470   0.000000   1.000000   0.000000   1.850000
  1.412500  -0.290890   0.261570   1.000000   1.000000   1.000000   1.200000
  0.038870   0.914380  -0.026040   1.000000   1.000000   1.000000   1.200000
  0.012400  -0.743300  -0.845310   1.000000   1.000000   1.000000   1.200000
 -0.399880  -0.737630   1.145160   1.000000   0.000000   0.000000   1.400000
 -0.289710   0.004270   2.530330   0.500000   0.500000   0.500000   1.900000
  1.200790  -0.147470   2.949690   1.000000   0.000000   0.000000   1.400000
 -1.218700  -0.745660   3.532290   1.000000   0.000000   0.000000   1.400000
 -0.674000   1.458360   2.398760   1.000000   0.000000   0.000000   1.400000
 -1.173120   3.190940   2.172670   1.000000   1.000000   0.000000   1.850000
 -0.358350   3.708310   3.153430   1.000000   0.000000   0.000000   1.400000
 -2.514550   3.060870   2.437670   1.000000   0.000000   0.000000   1.400000
 -0.716720   3.319560   0.883390   1.000000   0.000000   0.000000   1.400000
 -2.378460   6.309450   1.440640   1.000000   0.000000   0.000000   1.400000
 -3.698860   6.198940   0.922710   0.000000   1.000000   0.000000   1.850000
 -3.921630   6.992930   0.173130   1.000000   1.000000   1.000000   1.200000
 -4.445180   6.213140   1.758520   1.000000   1.000000   1.000000   1.200000
 -3.662070   5.197340   0.429640   1.000000   1.000000   1.000000   1.200000
  2.345030   5.186870  -0.193800   0.000000   0.000000   1.000000   1.540000
  2.104930   5.843650   0.520030   1.000000   1.000000   1.000000   1.200000
 -2.438940   7.104990   1.933230   1.000000   1.000000   1.000000   1.200000
  2.223930   5.632550  -1.079020   1.000000   1.000000   1.000000   1.200000
  1.685840   4.430690  -0.134840   1.000000   1.000000   1.000000   1.200000
  1.823960   2.173380   4.399580   0.000000   0.000000   1.000000   1.540000
  1.621150   0.515400   3.542870   1.000000   1.000000   1.000000   1.200000
  1.522450   2.882130   3.755690   1.000000   1.000000   1.000000   1.200000
  2.777320   2.339680   4.646240   1.000000   1.000000   1.000000   1.200000
  1.262100   2.240200   5.223250   1.000000   1.000000   1.000000   1.200000
 -3.636210   0.771560   3.839450   0.000000   0.000000   1.000000   1.540000
 -2.121420  -0.408660   3.719190   1.000000   1.000000   1.000000   1.200000
 -3.627830   1.221880   2.942390   1.000000   1.000000   1.000000   1.200000
 -3.440400   1.470150   4.528130   1.000000   1.000000   1.000000   1.200000
 -4.550390   0.404760   4.005140   1.000000   1.000000   1.000000   1.200000
28 bonds follow (x1 y1 z1 x2 y2 z2)
 -3.636210   0.771560   3.839450  -4.550390   0.404760   4.005140
 -3.636210   0.771560   3.839450  -3.440400   1.470150   4.528130
 -3.636210   0.771560   3.839450  -3.627830   1.221880   2.942390
 -1.218700  -0.745660   3.532290  -2.121420  -0.408660   3.719190
  1.823960   2.173380   4.399580   1.262100   2.240200   5.223250
  1.823960   2.173380   4.399580   2.777320   2.339680   4.646240
  1.823960   2.173380   4.399580   1.522450   2.882130   3.755690
  1.200790  -0.147470   2.949690   1.621150   0.515400   3.542870
  2.345030   5.186870  -0.193800   1.685840   4.430690  -0.134840
  2.345030   5.186870  -0.193800   2.223930   5.632550  -1.079020
 -2.378460   6.309450   1.440640  -2.438940   7.104990   1.933230
  2.345030   5.186870  -0.193800   2.104930   5.843650   0.520030
 -3.698860   6.198940   0.922710  -3.662070   5.197340   0.429640
 -3.698860   6.198940   0.922710  -4.445180   6.213140   1.758520
 -3.698860   6.198940   0.922710  -3.921630   6.992930   0.173130
 -2.378460   6.309450   1.440640  -3.698860   6.198940   0.922710
 -1.173120   3.190940   2.172670  -0.716720   3.319560   0.883390
 -1.173120   3.190940   2.172670  -2.514550   3.060870   2.437670
 -1.173120   3.190940   2.172670  -0.358350   3.708310   3.153430
 -0.674000   1.458360   2.398760  -1.173120   3.190940   2.172670
 -0.289710   0.004270   2.530330  -0.674000   1.458360   2.398760
 -0.289710   0.004270   2.530330  -1.218700  -0.745660   3.532290
 -0.289710   0.004270   2.530330   1.200790  -0.147470   2.949690
 -0.399880  -0.737630   1.145160  -0.289710   0.004270   2.530330
  0.318360  -0.168760   0.064470  -0.399880  -0.737630   1.145160
  0.318360  -0.168760   0.064470   0.012400  -0.743300  -0.845310
  0.318360  -0.168760   0.064470   0.038870   0.914380  -0.026040
  0.318360  -0.168760   0.064470   1.412500  -0.290890   0.261570
