33 atoms follow (x y z r g b radiusScale)
  0.004830  -0.002010  -0.005910   0.000000   1.000000   0.000000   1.850000
  1.123460  -0.008740   0.000980   1.000000   1.000000   1.000000   1.200000
 -0.400010   1.046350  -0.019320   1.000000   1.000000   1.000000   1.200000
 -0.382030  -0.588520  -0.876910   1.000000   1.000000   1.000000   1.200000
 -0.452110  -0.670800   1.154270   1.000000   0.000000   0.000000   1.400000
 -0.320080   0.103810   2.520560   0.500000   0.500000   0.500000   1.900000
  1.156130  -0.054980   2.998500   1.000000   0.000000   0.000000   1.400000
 -1.244680  -0.614140   3.540640   1.000000   0.000000   0.000000   1.400000
 -0.682070   1.548120   2.372290   1.000000   0.000000   0.000000   1.400000
 -1.095250   3.268810   1.998450   1.000000   1.000000   0.000000   1.850000
 -0.076750   3.821050   2.770210   1.000000   0.000000   0.000000   1.400000
 -2.368400   3.223020   2.500680   1.000000   0.000000   0.000000   1.400000
 -0.938390   3.122950   0.625730   1.000000   0.000000   0.000000   1.400000
 -1.600600   5.304070   1.588140   1.000000   0.000000   0.000000   1.400000
 -2.801590   5.683700   0.924040   0.000000   1.000000   0.000000   1.850000
 -2.774320   5.328110  -0.135030   1.000000   1.000000   1.000000   1.200000
 -2.933190   6.790790   0.961860   1.000000   1.000000   1.000000   1.200000
 -3.615030   5.162290   1.494150   1.000000   1.000000   1.000000   1.200000
  0.910540   5.514810   0.420330   0.000000   0.000000   1.000000   1.540000
  1.352030   5.208070   1.259530   1.000000   1.000000   1.000000   1.200000
 -0.923660   5.768880   1.247860   1.000000   1.000000   1.000000   1.200000
  0.722360   4.726470  -0.160650   1.000000   1.000000   1.000000   1.200000
  1.508570   6.155600  -0.051050   1.000000   1.000000   1.000000   1.200000
  1.621040   2.229100   4.681480   0.000000   0.000000   1.000000   1.540000
  1.516030   0.586100   3.643810   1.000000   1.000000   1.000000   1.200000
  1.215800   2.936830   4.095790   1.000000   1.000000   1.000000   1.200000
  2.587000   2.439600   4.822010   1.000000   1.000000   1.000000   1.200000
  1.161140   2.238300   5.567620   1.000000   1.000000   1.000000   1.200000
 -3.591510   0.965910   3.762030   0.000000   0.000000   1.000000   1.540000
 -2.144900  -0.260920   3.715360   1.000000   1.000000   1.000000   1.200000
 -3.854010   1.204290   2.825490   1.000000   1.000000   1.000000   1.200000
 -3.189770   1.787960   4.173100   1.000000   1.000000   1.000000   1.200000
 -4.410790   0.712990   4.273480   1.000000   1.000000   1.000000   1.200000
28 bonds follow (x1 y1 z1 x2 y2 z2)
 -3.591510   0.965910   3.762030  -4.410790   0.712990   4.273480
 -3.591510   0.965910   3.762030  -3.189770   1.787960   4.173100
 -3.591510   0.965910   3.762030  -3.854010   1.204290   2.825490
 -1.244680  -0.614140   3.540640  -2.144900  -0.260920   3.715360
  1.621040   2.229100   4.681480   1.161140   2.238300   5.567620
  1.621040   2.229100   4.681480   2.587000   2.439600   4.822010
  1.621040   2.229100   4.681480   1.215800   2.936830   4.095790
  1.156130  -0.054980   2.998500   1.516030   0.586100   3.643810
  0.910540   5.514810   0.420330   1.508570   6.155600  -0.051050
  0.910540   5.514810   0.420330   0.722360   4.726470  -0.160650
 -1.600600   5.304070   1.588140  -0.923660   5.768880   1.247860
  0.910540   5.514810   0.420330   1.352030   5.208070   1.259530
 -2.801590   5.683700   0.924040  -3.615030   5.162290   1.494150
 -2.801590   5.683700   0.924040  -2.933190   6.790790   0.961860
 -2.801590   5.683700   0.924040  -2.774320   5.328110  -0.135030
 -1.600600   5.304070   1.588140  -2.801590   5.683700   0.924040
 -1.095250   3.268810   1.998450  -0.938390   3.122950   0.625730
 -1.095250   3.268810   1.998450  -2.368400   3.223020   2.500680
 -1.095250   3.268810   1.998450  -0.076750   3.821050   2.770210
 -0.682070   1.548120   2.372290  -1.095250   3.268810   1.998450
 -0.320080   0.103810   2.520560  -0.682070   1.548120   2.372290
 -0.320080   0.103810   2.520560  -1.244680  -0.614140   3.540640
 -0.320080   0.103810   2.520560   1.156130  -0.054980   2.998500
 -0.452110  -0.670800   1.154270  -0.320080   0.103810   2.520560
  0.004830  -0.002010  -0.005910  -0.452110  -0.670800   1.154270
  0.004830  -0.002010  -0.005910  -0.382030  -0.588520  -0.876910
  0.004830  -0.002010  -0.005910  -0.400010   1.046350  -0.019320
  0.004830  -0.002010  -0.005910   1.123460  -0.008740   0.000980
