33 atoms follow (x y z r g b radiusScale)
 -0.064970  -0.038740  -0.019390   0.000000   1.000000   0.000000   1.850000
  1.019330  -0.241400  -0.217780   1.000000   1.000000   1.000000   1.200000
 -0.270270   1.063820   0.054710   1.000000   1.000000   1.000000   1.200000
 -0.680710  -0.500580  -0.833760   1.000000   1.000000   1.000000   1.200000
 -0.441710  -0.682100   1.178450   1.000000   0.000000   0.000000   1.400000
 -0.298420   0.128420   2.538930   0.500000   0.500000   0.500000   1.900000
  1.197970  -0.044170   2.997810   1.000000   0.000000   0.000000   1.400000
 -1.153780  -0.703380   3.562110   1.000000   0.000000   0.000000   1.400000
 -0.703860   1.546870   2.424390   1.000000   0.000000   0.000000   1.400000
 -1.183470   3.467470   1.885760   1.000000   1.000000   0.000000   1.850000
 -0.116110   3.900120   2.709680   1.000000   0.000000   0.000000   1.400000
 -2.460810   3.140490   2.301270   1.000000   0.000000   0.000000   1.400000
 -0.670790   3.171760   0.589920   1.000000   0.000000   0.000000   1.400000
 -1.560130   5.143250   1.432910   1.000000   0.000000   0.000000   1.400000
 -2.819720   5.711600   1.438480   0.000000   1.000000   0.000000   1.850000
 -3.376870   5.424300   0.507580   1.000000   1.000000   1.000000   1.200000
 -2.695220   6.826920   1.462620   1.000000   1.000000   1.000000   1.200000
 -3.407110   5.381270   2.334070   1.000000   1.000000   1.000000   1.200000
  0.863120   5.250940   0.492250   0.000000   0.000000   1.000000   1.540000
  0.638090   5.475560   1.478300   1.000000   1.000000   1.000000   1.200000
  1.530530   5.893880   0.092450   1.000000   1.000000   1.000000   1.200000
 -0.047300   5.264220  -0.002820   1.000000   1.000000   1.000000   1.200000
  1.183890   4.266300   0.474210   1.000000   1.000000   1.000000   1.200000
  1.524630   2.313730   4.703350   0.000000   0.000000   1.000000   1.540000
  1.521090   0.533010   3.705930   1.000000   1.000000   1.000000   1.200000
  0.983570   2.937620   4.132060   1.000000   1.000000   1.000000   1.200000
  2.427400   2.708530   4.858290   1.000000   1.000000   1.000000   1.200000
  1.071390   2.200900   5.585680   1.000000   1.000000   1.000000   1.200000
 -3.559450   0.932280   3.743340   0.000000   0.000000   1.000000   1.540000
 -2.078540  -0.445060   3.706710   1.000000   1.000000   1.000000   1.200000
 -3.780540   1.122700   2.784520   1.000000   1.000000   1.000000   1.200000
 -3.049430   1.726790   4.082630   1.000000   1.000000   1.000000   1.200000
 -4.411590   0.856110   4.258020   1.000000   1.000000   1.000000   1.200000
28 bonds follow (x1 y1 z1 x2 y2 z2)
 -3.559450   0.932280   3.743340  -4.411590   0.856110   4.258020
 -3.559450   0.932280   3.743340  -3.049430   1.726790   4.082630
 -3.559450   0.932280   3.743340  -3.780540   1.122700   2.784520
 -1.153780  -0.703380   3.562110  -2.078540  -0.445060   3.706710
  1.524630   2.313730   4.703350   1.071390   2.200900   5.585680
  1.524630   2.313730   4.703350   2.427400   2.708530   4.858290
  1.524630   2.313730   4.703350   0.983570   2.937620   4.132060
  1.197970  -0.044170   2.997810   1.521090   0.533010   3.705930
  0.863120   5.250940   0.492250   1.183890   4.266300   0.474210
  0.863120   5.250940   0.492250  -0.047300   5.264220  -0.002820
  0.863120   5.250940   0.492250   1.530530   5.893880   0.092450
  0.863120   5.250940   0.492250   0.638090   5.475560   1.478300
 -2.819720   5.711600   1.438480  -3.407110   5.381270   2.334070
 -2.819720   5.711600   1.438480  -2.695220   6.826920   1.462620
 -2.819720   5.711600   1.438480  -3.376870   5.424300   0.507580
 -1.560130   5.143250   1.432910  -2.819720   5.711600   1.438480
 -1.183470   3.467470   1.885760  -1.560130   5.143250   1.432910
 -1.183470   3.467470   1.885760  -0.670790   3.171760   0.589920
 -1.183470   3.467470   1.885760  -2.460810   3.140490   2.301270
 -1.183470   3.467470   1.885760  -0.116110   3.900120   2.709680
 -0.298420   0.128420   2.538930  -0.703860   1.546870   2.424390
 -0.298420   0.128420   2.538930  -1.153780  -0.703380   3.562110
 -0.298420   0.128420   2.538930   1.197970  -0.044170   2.997810
 -0.441710  -0.682100   1.178450  -0.298420   0.128420   2.538930
 -0.064970  -0.038740  -0.019390  -0.441710  -0.682100   1.178450
 -0.064970  -0.038740  -0.019390  -0.680710  -0.500580  -0.833760
 -0.064970  -0.038740  -0.019390  -0.270270   1.063820   0.054710
 -0.064970  -0.038740  -0.019390   1.019330  -0.241400  -0.217780
