33 atoms follow (x y z r g b radiusScale)
 -0.575580  -0.161860  -0.029460   0.000000   1.000000   0.000000   1.850000
  0.151270  -0.508520  -0.809650   1.000000   1.000000   1.000000   1.200000
 -0.603780   0.959820   0.024040   1.000000   1.000000   1.000000   1.200000
 -1.588750  -0.581600  -0.266280   1.000000   1.000000   1.000000   1.200000
 -0.140030  -0.713110   1.197850   1.000000   0.000000   0.000000   1.400000
 -0.183610   0.169910   2.513640   0.500000   0.500000   0.500000   1.900000
  1.274700   0.139080   3.109970   1.000000   0.000000   0.000000   1.400000
 -1.112130  -0.579990   3.543380   1.000000   0.000000   0.000000   1.400000
 -0.625690   1.569020   2.277390   1.000000   0.000000   0.000000   1.400000
 -1.155440   3.378270   1.818250   1.000000   1.000000   0.000000   1.850000
 -0.062370   3.868210   2.586500   1.000000   0.000000   0.000000   1.400000
 -2.399720   3.075210   2.355160   1.000000   0.000000   0.000000   1.400000
 -0.713020   3.093710   0.490930   1.000000   0.000000   0.000000   1.400000
 -1.613940   5.037280   1.340320   1.000000   0.000000   0.000000   1.400000
 -2.512100   5.896470   1.935770   0.000000   1.000000   0.000000   1.850000
 -3.540290   5.450560   1.958070   1.000000   1.000000   1.000000   1.200000
 -2.533970   6.845880   1.333750   1.000000   1.000000   1.000000   1.200000
 -2.195810   6.139860   2.985350   1.000000   1.000000   1.000000   1.200000
  0.821560   5.252500   0.417350   0.000000   0.000000   1.000000   1.540000
  0.700870   5.382390   1.452060   1.000000   1.000000   1.000000   1.200000
  1.554030   5.826860   0.035110   1.000000   1.000000   1.000000   1.200000
 -0.105880   5.454750  -0.004260   1.000000   1.000000   1.000000   1.200000
  0.995970   4.253390   0.268870   1.000000   1.000000   1.000000   1.200000
  1.164290   2.392820   4.961570   0.000000   0.000000   1.000000   1.540000
  1.443680   0.753070   3.845450   1.000000   1.000000   1.000000   1.200000
  0.935280   3.070280   4.255780   1.000000   1.000000   1.000000   1.200000
  2.007090   2.659680   5.423350   1.000000   1.000000   1.000000   1.200000
  0.426410   2.357890   5.632480   1.000000   1.000000   1.000000   1.200000
 -3.703440   0.842750   3.563240   0.000000   0.000000   1.000000   1.540000
 -2.050730  -0.353570   3.615230   1.000000   1.000000   1.000000   1.200000
 -3.864880   0.957560   2.581470   1.000000   1.000000   1.000000   1.200000
 -3.176550   1.643750   3.864560   1.000000   1.000000   1.000000   1.200000
 -4.588090   0.856330   4.027180   1.000000   1.000000   1.000000   1.200000
29 bonds follow (x1 y1 z1 x2 y2 z2)
 -3.703440   0.842750   3.563240  -4.588090   0.856330   4.027180
 -3.703440   0.842750   3.563240  -3.176550   1.643750   3.864560
 -3.703440   0.842750   3.563240  -3.864880   0.957560   2.581470
 -1.112130  -0.579990   3.543380  -2.050730  -0.353570   3.615230
  1.164290   2.392820   4.961570   0.426410   2.357890   5.632480
  1.164290   2.392820   4.961570   2.007090   2.659680   5.423350
  1.164290   2.392820   4.961570   0.935280   3.070280   4.255780
  1.274700   0.139080   3.109970   1.443680   0.753070   3.845450
  0.821560   5.252500   0.417350   0.995970   4.253390   0.268870
  0.821560   5.252500   0.417350  -0.105880   5.454750  -0.004260
  0.821560   5.252500   0.417350   1.554030   5.826860   0.035110
  0.821560   5.252500   0.417350   0.700870   5.382390   1.452060
 -2.512100   5.896470   1.935770  -2.195810   6.139860   2.985350
 -2.512100   5.896470   1.935770  -2.533970   6.845880   1.333750
 -2.512100   5.896470   1.935770  -3.540290   5.450560   1.958070
 -1.613940   5.037280   1.340320  -2.512100   5.896470   1.935770
 -1.155440   3.378270   1.818250  -1.613940   5.037280   1.340320
 -1.155440   3.378270   1.818250  -0.713020   3.093710   0.490930
 -1.155440   3.378270   1.818250  -2.399720   3.075210   2.355160
 -1.155440   3.378270   1.818250  -0.062370   3.868210   2.586500
 -0.625690   1.569020   2.277390  -1.155440   3.378270   1.818250
 -0.183610   0.169910   2.513640  -0.625690   1.569020   2.277390
 -0.183610   0.169910   2.513640  -1.112130  -0.579990   3.543380
 -0.183610   0.169910   2.513640   1.274700   0.139080   3.109970
 -0.140030  -0.713110   1.197850  -0.183610   0.169910   2.513640
 -0.575580  -0.161860  -0.029460  -0.140030  -0.713110   1.197850
 -0.575580  -0.161860  -0.029460  -1.588750  -0.581600  -0.266280
 -0.575580  -0.161860  -0.029460  -0.603780   0.959820   0.024040
 -0.575580  -0.161860  -0.029460   0.151270  -0.508520  -0.809650
