33 atoms follow (x y z r g b radiusScale)
 -0.390790  -0.213700  -0.025820   0.000000   1.000000   0.000000   1.850000
  0.555580  -0.378140  -0.604900   1.000000   1.000000   1.000000   1.200000
 -0.621410   0.883870   0.056510   1.000000   1.000000   1.000000   1.200000
 -1.226510  -0.760160  -0.536370   1.000000   1.000000   1.000000   1.200000
 -0.229430  -0.797370   1.251000   1.000000   0.000000   0.000000   1.400000
 -0.221090   0.146640   2.531350   0.500000   0.500000   0.500000   1.900000
  1.238950   0.089020   3.110150   1.000000   0.000000   0.000000   1.400000
 -1.168740  -0.565470   3.557820   1.000000   0.000000   0.000000   1.400000
 -0.605060   1.542460   2.208490   1.000000   0.000000   0.000000   1.400000
 -1.187950   3.395470   1.772170   1.000000   1.000000   0.000000   1.850000
 -0.139660   3.827810   2.613530   1.000000   0.000000   0.000000   1.400000
 -2.447850   3.057500   2.243160   1.000000   0.000000   0.000000   1.400000
 -0.728230   3.176570   0.453710   1.000000   0.000000   0.000000   1.400000
 -1.591210   5.107450   1.378410   1.000000   0.000000   0.000000   1.400000
 -2.683960   5.784350   1.886210   0.000000   1.000000   0.000000   1.850000
 -3.618690   5.454320   1.361440   1.000000   1.000000   1.000000   1.200000
 -2.534550   6.884070   1.719000   1.000000   1.000000   1.000000   1.200000
 -2.797680   5.589460   2.985300   1.000000   1.000000   1.000000   1.200000
  0.951390   5.297520   0.581790   0.000000   0.000000   1.000000   1.540000
  1.496980   4.565290   1.048300   1.000000   1.000000   1.000000   1.200000
  1.525300   6.069410   0.280750   1.000000   1.000000   1.000000   1.200000
  0.230190   5.615200   1.277130   1.000000   1.000000   1.000000   1.200000
  0.427420   4.860550  -0.199110   1.000000   1.000000   1.000000   1.200000
  1.350410   2.441920   4.834910   0.000000   0.000000   1.000000   1.540000
  1.468190   0.749800   3.784430   1.000000   1.000000   1.000000   1.200000
  0.897190   2.997720   4.131910   1.000000   1.000000   1.000000   1.200000
  2.280800   2.777970   4.966700   1.000000   1.000000   1.000000   1.200000
  0.853160   2.536950   5.694920   1.000000   1.000000   1.000000   1.200000
 -3.650630   0.949150   3.702980   0.000000   0.000000   1.000000   1.540000
 -2.058550  -0.205150   3.724520   1.000000   1.000000   1.000000   1.200000
 -3.670760   1.148980   2.719760   1.000000   1.000000   1.000000   1.200000
 -3.328750   1.781840   4.157990   1.000000   1.000000   1.000000   1.200000
 -4.581480   0.756050   4.007890   1.000000   1.000000   1.000000   1.200000
28 bonds follow (x1 y1 z1 x2 y2 z2)
 -3.650630   0.949150   3.702980  -4.581480   0.756050   4.007890
 -3.650630   0.949150   3.702980  -3.328750   1.781840   4.157990
 -3.650630   0.949150   3.702980  -3.670760   1.148980   2.719760
 -1.168740  -0.565470   3.557820  -2.058550  -0.205150   3.724520
  1.350410   2.441920   4.834910   0.853160   2.536950   5.694920
  1.350410   2.441920   4.834910   2.280800   2.777970   4.966700
  1.350410   2.441920   4.834910   0.897190   2.997720   4.131910
  1.238950   0.089020   3.110150   1.468190   0.749800   3.784430
  0.951390   5.297520   0.581790   0.427420   4.860550  -0.199110
  0.951390   5.297520   0.581790   0.230190   5.615200   1.277130
  0.951390   5.297520   0.581790   1.525300   6.069410   0.280750
  0.951390   5.297520   0.581790   1.496980   4.565290   1.048300
 -2.683960   5.784350   1.886210  -2.797680   5.589460   2.985300
 -2.683960   5.784350   1.886210  -2.534550   6.884070   1.719000
 -2.683960   5.784350   1.886210  -3.618690   5.454320   1.361440
 -1.591210   5.107450   1.378410  -2.683960   5.784350   1.886210
 -1.187950   3.395470   1.772170  -1.591210   5.107450   1.378410
 -1.187950   3.395470   1.772170  -0.728230   3.176570   0.453710
 -1.187950   3.395470   1.772170  -2.447850   3.057500   2.243160
 -1.187950   3.395470   1.772170  -0.139660   3.827810   2.613530
 -0.221090   0.146640   2.531350  -0.605060   1.542460   2.208490
 -0.221090   0.146640   2.531350  -1.168740  -0.565470   3.557820
 -0.221090   0.146640   2.531350   1.238950   0.089020   3.110150
 -0.229430  -0.797370   1.251000  -0.221090   0.146640   2.531350
 -0.390790  -0.213700  -0.025820  -0.229430  -0.797370   1.251000
 -0.390790  -0.213700  -0.025820  -1.226510  -0.760160  -0.536370
 -0.390790  -0.213700  -0.025820  -0.621410   0.883870   0.056510
 -0.390790  -0.213700  -0.025820   0.555580  -0.378140  -0.604900
