33 atoms follow (x y z r g b radiusScale)
 -0.071200  -0.064550  -0.031050   0.000000   1.000000   0.000000   1.850000
  1.000820  -0.292870  -0.267270   1.000000   1.000000   1.000000   1.200000
 -0.251590   1.042520   0.038800   1.000000   1.000000   1.000000   1.200000
 -0.723520  -0.522760  -0.819130   1.000000   1.000000   1.000000   1.200000
 -0.419300  -0.689190   1.184460   1.000000   0.000000   0.000000   1.400000
 -0.308820   0.134780   2.539470   0.500000   0.500000   0.500000   1.900000
  1.182340  -0.044670   3.009370   1.000000   0.000000   0.000000   1.400000
 -1.142480  -0.699360   3.578870   1.000000   0.000000   0.000000   1.400000
 -0.699840   1.558560   2.413440   1.000000   0.000000   0.000000   1.400000
 -1.185690   3.467660   1.874530   1.000000   1.000000   0.000000   1.850000
 -0.106650   3.888730   2.688130   1.000000   0.000000   0.000000   1.400000
 -2.463810   3.120330   2.279460   1.000000   0.000000   0.000000   1.400000
 -0.646690   3.177730   0.588280   1.000000   0.000000   0.000000   1.400000
 -1.586770   5.150070   1.445840   1.000000   0.000000   0.000000   1.400000
 -2.833860   5.747940   1.476690   0.000000   1.000000   0.000000   1.850000
 -3.425390   5.458760   0.567910   1.000000   1.000000   1.000000   1.200000
 -2.687040   6.861020   1.479220   1.000000   1.000000   1.000000   1.200000
 -3.402420   5.444730   2.393430   1.000000   1.000000   1.000000   1.200000
  0.864840   5.237260   0.501380   0.000000   0.000000   1.000000   1.540000
  0.727770   5.467300   1.499620   1.000000   1.000000   1.000000   1.200000
  1.601430   5.774880   0.074940   1.000000   1.000000   1.000000   1.200000
 -0.051290   5.377200   0.040680   1.000000   1.000000   1.000000   1.200000
  1.053900   4.225300   0.456120   1.000000   1.000000   1.000000   1.200000
  1.517230   2.309800   4.718310   0.000000   0.000000   1.000000   1.540000
  1.528790   0.608360   3.637640   1.000000   1.000000   1.000000   1.200000
  0.984620   2.889080   4.093610   1.000000   1.000000   1.000000   1.200000
  2.423890   2.709040   4.836840   1.000000   1.000000   1.000000   1.200000
  1.062270   2.285460   5.606540   1.000000   1.000000   1.000000   1.200000
 -3.539630   0.931470   3.731670   0.000000   0.000000   1.000000   1.540000
 -2.065100  -0.447910   3.743770   1.000000   1.000000   1.000000   1.200000
 -3.757350   1.106550   2.768920   1.000000   1.000000   1.000000   1.200000
 -3.023450   1.728340   4.057010   1.000000   1.000000   1.000000   1.200000
 -4.394540   0.877540   4.244710   1.000000   1.000000   1.000000   1.200000
28 bonds follow (x1 y1 z1 x2 y2 z2)
 -3.539630   0.931470   3.731670  -4.394540   0.877540   4.244710
 -3.539630   0.931470   3.731670  -3.023450   1.728340   4.057010
 -3.539630   0.931470   3.731670  -3.757350   1.106550   2.768920
 -1.142480  -0.699360   3.578870  -2.065100  -0.447910   3.743770
  1.517230   2.309800   4.718310   1.062270   2.285460   5.606540
  1.517230   2.309800   4.718310   2.423890   2.709040   4.836840
  1.517230   2.309800   4.718310   0.984620   2.889080   4.093610
  1.182340  -0.044670   3.009370   1.528790   0.608360   3.637640
  0.864840   5.237260   0.501380   1.053900   4.225300   0.456120
  0.864840   5.237260   0.501380  -0.051290   5.377200   0.040680
  0.864840   5.237260   0.501380   1.601430   5.774880   0.074940
  0.864840   5.237260   0.501380   0.727770   5.467300   1.499620
 -2.833860   5.747940   1.476690  -3.402420   5.444730   2.393430
 -2.833860   5.747940   1.476690  -2.687040   6.861020   1.479220
 -2.833860   5.747940   1.476690  -3.425390   5.458760   0.567910
 -1.586770   5.150070   1.445840  -2.833860   5.747940   1.476690
 -1.185690   3.467660   1.874530  -1.586770   5.150070   1.445840
 -1.185690   3.467660   1.874530  -0.646690   3.177730   0.588280
 -1.185690   3.467660   1.874530  -2.463810   3.120330   2.279460
 -1.185690   3.467660   1.874530  -0.106650   3.888730   2.688130
 -0.308820   0.134780   2.539470  -0.699840   1.558560   2.413440
 -0.308820   0.134780   2.539470  -1.142480  -0.699360   3.578870
 -0.308820   0.134780   2.539470   1.182340  -0.044670   3.009370
 -0.419300  -0.689190   1.184460  -0.308820   0.134780   2.539470
 -0.071200  -0.064550  -0.031050  -0.419300  -0.689190   1.184460
 -0.071200  -0.064550  -0.031050  -0.723520  -0.522760  -0.819130
 -0.071200  -0.064550  -0.031050  -0.251590   1.042520   0.038800
 -0.071200  -0.064550  -0.031050   1.000820  -0.292870  -0.267270
