33 atoms follow (x y z r g b radiusScale)
 -0.575960  -0.159590  -0.021600   0.000000   1.000000   0.000000   1.850000
  0.153030  -0.501460  -0.801660   1.000000   1.000000   1.000000   1.200000
 -0.605730   0.962200   0.036280   1.000000   1.000000   1.000000   1.200000
 -1.588060  -0.578590  -0.263200   1.000000   1.000000   1.000000   1.200000
 -0.144500  -0.717620   1.204100   1.000000   0.000000   0.000000   1.400000
 -0.180110   0.171620   2.516140   0.500000   0.500000   0.500000   1.900000
  1.277520   0.135800   3.114600   1.000000   0.000000   0.000000   1.400000
 -1.112630  -0.582800   3.538250   1.000000   0.000000   0.000000   1.400000
 -0.636910   1.562150   2.264570   1.000000   0.000000   0.000000   1.400000
 -1.159080   3.379450   1.816030   1.000000   1.000000   0.000000   1.850000
 -0.062860   3.863320   2.584170   1.000000   0.000000   0.000000   1.400000
 -2.402410   3.077730   2.349390   1.000000   0.000000   0.000000   1.400000
 -0.708970   3.097370   0.489610   1.000000   0.000000   0.000000   1.400000
 -1.611360   5.034000   1.340570   1.000000   0.000000   0.000000   1.400000
 -2.514330   5.888380   1.939010   0.000000   1.000000   0.000000   1.850000
 -3.543510   5.445450   1.940260   1.000000   1.000000   1.000000   1.200000
 -2.523150   6.845710   1.351480   1.000000   1.000000   1.000000   1.200000
 -2.209830   6.112990   2.996010   1.000000   1.000000   1.000000   1.200000
  0.821280   5.260530   0.424710   0.000000   0.000000   1.000000   1.540000
  0.719320   5.387450   1.448070   1.000000   1.000000   1.000000   1.200000
  1.548740   5.832850   0.028230   1.000000   1.000000   1.000000   1.200000
 -0.110130   5.469020   0.022510   1.000000   1.000000   1.000000   1.200000
  0.985210   4.244240   0.271420   1.000000   1.000000   1.000000   1.200000
  1.168580   2.394610   4.959020   0.000000   0.000000   1.000000   1.540000
  1.449310   0.738020   3.858420   1.000000   1.000000   1.000000   1.200000
  0.943320   3.078480   4.258430   1.000000   1.000000   1.000000   1.200000
  2.022910   2.643040   5.409790   1.000000   1.000000   1.000000   1.200000
  0.439600   2.370720   5.640000   1.000000   1.000000   1.000000   1.200000
 -3.694850   0.854280   3.563210   0.000000   0.000000   1.000000   1.540000
 -2.052780  -0.354220   3.604000   1.000000   1.000000   1.000000   1.200000
 -3.864200   0.960930   2.581960   1.000000   1.000000   1.000000   1.200000
 -3.200080   1.676070   3.862210   1.000000   1.000000   1.000000   1.200000
 -4.577070   0.827320   4.031070   1.000000   1.000000   1.000000   1.200000
29 bonds follow (x1 y1 z1 x2 y2 z2)
 -3.694850   0.854280   3.563210  -4.577070   0.827320   4.031070
 -3.694850   0.854280   3.563210  -3.200080   1.676070   3.862210
 -3.694850   0.854280   3.563210  -3.864200   0.960930   2.581960
 -1.112630  -0.582800   3.538250  -2.052780  -0.354220   3.604000
  1.168580   2.394610   4.959020   0.439600   2.370720   5.640000
  1.168580   2.394610   4.959020   2.022910   2.643040   5.409790
  1.168580   2.394610   4.959020   0.943320   3.078480   4.258430
  1.277520   0.135800   3.114600   1.449310   0.738020   3.858420
  0.821280   5.260530   0.424710   0.985210   4.244240   0.271420
  0.821280   5.260530   0.424710  -0.110130   5.469020   0.022510
  0.821280   5.260530   0.424710   1.548740   5.832850   0.028230
  0.821280   5.260530   0.424710   0.719320   5.387450   1.448070
 -2.514330   5.888380   1.939010  -2.209830   6.112990   2.996010
 -2.514330   5.888380   1.939010  -2.523150   6.845710   1.351480
 -2.514330   5.888380   1.939010  -3.543510   5.445450   1.940260
 -1.611360   5.034000   1.340570  -2.514330   5.888380   1.939010
 -1.159080   3.379450   1.816030  -1.611360   5.034000   1.340570
 -1.159080   3.379450   1.816030  -0.708970   3.097370   0.489610
 -1.159080   3.379450   1.816030  -2.402410   3.077730   2.349390
 -1.159080   3.379450   1.816030  -0.062860   3.863320   2.584170
 -0.636910   1.562150   2.264570  -1.159080   3.379450   1.816030
 -0.180110   0.171620   2.516140  -0.636910   1.562150   2.264570
 -0.180110   0.171620   2.516140  -1.112630  -0.582800   3.538250
 -0.180110   0.171620   2.516140   1.277520   0.135800   3.114600
 -0.144500  -0.717620   1.204100  -0.180110   0.171620   2.516140
 -0.575960  -0.159590  -0.021600  -0.144500  -0.717620   1.204100
 -0.575960  -0.159590  -0.021600  -1.588060  -0.578590  -0.263200
 -0.575960  -0.159590  -0.021600  -0.605730   0.962200   0.036280
 -0.575960  -0.159590  -0.021600   0.153030  -0.501460  -0.801660
