33 atoms follow (x y z r g b radiusScale)
 -0.042120   0.037140  -0.027360   0.000000   1.000000   0.000000   1.850000
  1.068510  -0.037410  -0.148440   1.000000   1.000000   1.000000   1.200000
 -0.374270   1.108870   0.033980   1.000000   1.000000   1.000000   1.200000
 -0.548570  -0.489840  -0.875850   1.000000   1.000000   1.000000   1.200000
 -0.420440  -0.653000   1.146850   1.000000   0.000000   0.000000   1.400000
 -0.325190   0.142550   2.518180   0.500000   0.500000   0.500000   1.900000
  1.178630  -0.050100   2.934250   1.000000   0.000000   0.000000   1.400000
 -1.210980  -0.642400   3.549820   1.000000   0.000000   0.000000   1.400000
 -0.625990   1.593220   2.409980   1.000000   0.000000   0.000000   1.400000
 -1.191380   3.426370   1.946920   1.000000   1.000000   0.000000   1.850000
 -0.093420   3.920030   2.704970   1.000000   0.000000   0.000000   1.400000
 -2.430870   3.117640   2.495130   1.000000   0.000000   0.000000   1.400000
 -0.751790   3.108770   0.628900   1.000000   0.000000   0.000000   1.400000
 -1.575230   5.071680   1.375130   1.000000   0.000000   0.000000   1.400000
 -2.821460   5.647250   1.251600   0.000000   1.000000   0.000000   1.850000
 -3.263380   5.408150   0.247200   1.000000   1.000000   1.000000   1.200000
 -2.705210   6.761150   1.336860   1.000000   1.000000   1.000000   1.200000
 -3.516400   5.284750   2.053250   1.000000   1.000000   1.000000   1.200000
  0.929810   5.282320   0.534020   0.000000   0.000000   1.000000   1.540000
  0.712010   5.337540   1.549580   1.000000   1.000000   1.000000   1.200000
  1.189540   6.178690   0.157640   1.000000   1.000000   1.000000   1.200000
  0.043430   4.927220   0.104380   1.000000   1.000000   1.000000   1.200000
  1.654790   4.587220   0.390600   1.000000   1.000000   1.000000   1.200000
  1.560530   2.293840   4.705880   0.000000   0.000000   1.000000   1.540000
  1.561950   0.610040   3.530190   1.000000   1.000000   1.000000   1.200000
  1.042740   2.891320   4.085160   1.000000   1.000000   1.000000   1.200000
  2.480280   2.662410   4.822650   1.000000   1.000000   1.000000   1.200000
  1.108780   2.280140   5.595720   1.000000   1.000000   1.000000   1.200000
 -3.603300   0.951240   3.761670   0.000000   0.000000   1.000000   1.540000
 -2.099300  -0.298770   3.762460   1.000000   1.000000   1.000000   1.200000
 -3.811600   1.153120   2.802720   1.000000   1.000000   1.000000   1.200000
 -3.169360   1.772060   4.142650   1.000000   1.000000   1.000000   1.200000
 -4.459370   0.783840   4.246760   1.000000   1.000000   1.000000   1.200000
28 bonds follow (x1 y1 z1 x2 y2 z2)
 -3.603300   0.951240   3.761670  -4.459370   0.783840   4.246760
 -3.603300   0.951240   3.761670  -3.169360   1.772060   4.142650
 -3.603300   0.951240   3.761670  -3.811600   1.153120   2.802720
 -1.210980  -0.642400   3.549820  -2.099300  -0.298770   3.762460
  1.560530   2.293840   4.705880   1.108780   2.280140   5.595720
  1.560530   2.293840   4.705880   2.480280   2.662410   4.822650
  1.560530   2.293840   4.705880   1.042740   2.891320   4.085160
  1.178630  -0.050100   2.934250   1.561950   0.610040   3.530190
  0.929810   5.282320   0.534020   1.654790   4.587220   0.390600
  0.929810   5.282320   0.534020   0.043430   4.927220   0.104380
  0.929810   5.282320   0.534020   1.189540   6.178690   0.157640
  0.929810   5.282320   0.534020   0.712010   5.337540   1.549580
 -2.821460   5.647250   1.251600  -3.516400   5.284750   2.053250
 -2.821460   5.647250   1.251600  -2.705210   6.761150   1.336860
 -2.821460   5.647250   1.251600  -3.263380   5.408150   0.247200
 -1.575230   5.071680   1.375130  -2.821460   5.647250   1.251600
 -1.191380   3.426370   1.946920  -1.575230   5.071680   1.375130
 -1.191380   3.426370   1.946920  -0.751790   3.108770   0.628900
 -1.191380   3.426370   1.946920  -2.430870   3.117640   2.495130
 -1.191380   3.426370   1.946920  -0.093420   3.920030   2.704970
 -0.325190   0.142550   2.518180  -0.625990   1.593220   2.409980
 -0.325190   0.142550   2.518180  -1.210980  -0.642400   3.549820
 -0.325190   0.142550   2.518180   1.178630  -0.050100   2.934250
 -0.420440  -0.653000   1.146850  -0.325190   0.142550   2.518180
 -0.042120   0.037140  -0.027360  -0.420440  -0.653000   1.146850
 -0.042120   0.037140  -0.027360  -0.548570  -0.489840  -0.875850
 -0.042120   0.037140  -0.027360  -0.374270   1.108870   0.033980
 -0.042120   0.037140  -0.027360   1.068510  -0.037410  -0.148440
