33 atoms follow (x y z r g b radiusScale)
  0.047650  -0.086230   0.030220   0.000000   1.000000   0.000000   1.850000
  1.164280  -0.022220   0.052580   1.000000   1.000000   1.000000   1.200000
 -0.418740   0.935410   0.006120   1.000000   1.000000   1.000000   1.200000
 -0.290320  -0.698870  -0.843210   1.000000   1.000000   1.000000   1.200000
 -0.384900  -0.775880   1.187090   1.000000   0.000000   0.000000   1.400000
 -0.319410   0.019400   2.549350   0.500000   0.500000   0.500000   1.900000
  1.157830  -0.140620   3.028250   1.000000   0.000000   0.000000   1.400000
 -1.245200  -0.727960   3.560840   1.000000   0.000000   0.000000   1.400000
 -0.686650   1.469560   2.353980   1.000000   0.000000   0.000000   1.400000
 -1.095870   3.257040   2.027610   1.000000   1.000000   0.000000   1.850000
 -0.119970   3.797760   2.818750   1.000000   0.000000   0.000000   1.400000
 -2.364680   3.122270   2.540750   1.000000   0.000000   0.000000   1.400000
 -0.956630   3.205970   0.663660   1.000000   0.000000   0.000000   1.400000
 -2.048450   5.791250   1.703070   1.000000   0.000000   0.000000   1.400000
 -3.161410   5.897850   0.811780   0.000000   1.000000   0.000000   1.850000
 -2.840180   5.768630  -0.250060   1.000000   1.000000   1.000000   1.200000
 -3.683560   6.874230   0.951260   1.000000   1.000000   1.000000   1.200000
 -3.792000   5.033910   1.142570   1.000000   1.000000   1.000000   1.200000
  1.622530   5.651580   0.089690   0.000000   0.000000   1.000000   1.540000
  1.487330   5.869890   1.056850   1.000000   1.000000   1.000000   1.200000
 -1.397570   6.519280   1.290080   1.000000   1.000000   1.000000   1.200000
  0.743340   5.704110  -0.383480   1.000000   1.000000   1.000000   1.200000
  1.979000   4.719360   0.013700   1.000000   1.000000   1.000000   1.200000
  1.679020   2.149840   4.635020   0.000000   0.000000   1.000000   1.540000
  1.511430   0.462910   3.710000   1.000000   1.000000   1.000000   1.200000
  1.369530   2.888210   4.029330   1.000000   1.000000   1.000000   1.200000
  2.639750   2.296020   4.864480   1.000000   1.000000   1.000000   1.200000
  1.141140   2.176250   5.476160   1.000000   1.000000   1.000000   1.200000
 -3.555740   0.904660   3.775260   0.000000   0.000000   1.000000   1.540000
 -2.149370  -0.383160   3.733210   1.000000   1.000000   1.000000   1.200000
 -3.761700   1.164480   2.829390   1.000000   1.000000   1.000000   1.200000
 -3.142210   1.706700   4.213690   1.000000   1.000000   1.000000   1.200000
 -4.411400   0.688100   4.242040   1.000000   1.000000   1.000000   1.200000
28 bonds follow (x1 y1 z1 x2 y2 z2)
 -3.555740   0.904660   3.775260  -4.411400   0.688100   4.242040
 -3.555740   0.904660   3.775260  -3.142210   1.706700   4.213690
 -3.555740   0.904660   3.775260  -3.761700   1.164480   2.829390
 -1.245200  -0.727960   3.560840  -2.149370  -0.383160   3.733210
  1.679020   2.149840   4.635020   1.141140   2.176250   5.476160
  1.679020   2.149840   4.635020   2.639750   2.296020   4.864480
  1.679020   2.149840   4.635020   1.369530   2.888210   4.029330
  1.157830  -0.140620   3.028250   1.511430   0.462910   3.710000
  1.622530   5.651580   0.089690   1.979000   4.719360   0.013700
  1.622530   5.651580   0.089690   0.743340   5.704110  -0.383480
 -2.048450   5.791250   1.703070  -1.397570   6.519280   1.290080
  1.622530   5.651580   0.089690   1.487330   5.869890   1.056850
 -3.161410   5.897850   0.811780  -3.792000   5.033910   1.142570
 -3.161410   5.897850   0.811780  -3.683560   6.874230   0.951260
 -3.161410   5.897850   0.811780  -2.840180   5.768630  -0.250060
 -2.048450   5.791250   1.703070  -3.161410   5.897850   0.811780
 -1.095870   3.257040   2.027610  -0.956630   3.205970   0.663660
 -1.095870   3.257040   2.027610  -2.364680   3.122270   2.540750
 -1.095870   3.257040   2.027610  -0.119970   3.797760   2.818750
 -0.686650   1.469560   2.353980  -1.095870   3.257040   2.027610
 -0.319410   0.019400   2.549350  -0.686650   1.469560   2.353980
 -0.319410   0.019400   2.549350  -1.245200  -0.727960   3.560840
 -0.319410   0.019400   2.549350   1.157830  -0.140620   3.028250
 -0.384900  -0.775880   1.187090  -0.319410   0.019400   2.549350
  0.047650  -0.086230   0.030220  -0.384900  -0.775880   1.187090
  0.047650  -0.086230   0.030220  -0.290320  -0.698870  -0.843210
  0.047650  -0.086230   0.030220  -0.418740   0.935410   0.006120
  0.047650  -0.086230   0.030220   1.164280  -0.022220   0.052580
