33 atoms follow (x y z r g b radiusScale)
 -0.004040   0.002430   0.003810   0.000000   1.000000   0.000000   1.850000
  1.115000  -0.002920  -0.008720   1.000000   1.000000   1.000000   1.200000
 -0.401700   1.054750   0.015450   1.000000   1.000000   1.000000   1.200000
 -0.402180  -0.565650  -0.873860   1.000000   1.000000   1.000000   1.200000
 -0.440700  -0.684050   1.158320   1.000000   0.000000   0.000000   1.400000
 -0.332300   0.139770   2.513680   0.500000   0.500000   0.500000   1.900000
  1.150100  -0.078160   2.988650   1.000000   0.000000   0.000000   1.400000
 -1.235090  -0.629360   3.536260   1.000000   0.000000   0.000000   1.400000
 -0.665640   1.578570   2.361870   1.000000   0.000000   0.000000   1.400000
 -1.175630   3.459780   1.961980   1.000000   1.000000   0.000000   1.850000
 -0.005350   3.888180   2.653420   1.000000   0.000000   0.000000   1.400000
 -2.384130   3.094670   2.532640   1.000000   0.000000   0.000000   1.400000
 -0.820060   3.219900   0.601270   1.000000   0.000000   0.000000   1.400000
 -1.594500   5.169660   1.621450   1.000000   0.000000   0.000000   1.400000
 -2.781930   5.546600   1.018070   0.000000   1.000000   0.000000   1.850000
 -2.778500   5.248130  -0.065410   1.000000   1.000000   1.000000   1.200000
 -2.878620   6.661760   1.087680   1.000000   1.000000   1.000000   1.200000
 -3.657950   5.066570   1.526970   1.000000   1.000000   1.000000   1.200000
  0.853770   5.323320   0.516540   0.000000   0.000000   1.000000   1.540000
  0.911430   5.062680   1.525060   1.000000   1.000000   1.000000   1.200000
  0.268820   6.148990   0.443890   1.000000   1.000000   1.000000   1.200000
  0.361850   4.536110   0.039890   1.000000   1.000000   1.000000   1.200000
  1.770920   5.478670   0.123050   1.000000   1.000000   1.000000   1.200000
  1.615930   2.240440   4.686250   0.000000   0.000000   1.000000   1.540000
  1.520110   0.550920   3.628370   1.000000   1.000000   1.000000   1.200000
  1.138430   2.869550   4.064520   1.000000   1.000000   1.000000   1.200000
  2.548630   2.564680   4.828170   1.000000   1.000000   1.000000   1.200000
  1.144100   2.230720   5.565760   1.000000   1.000000   1.000000   1.200000
 -3.608040   0.945860   3.776830   0.000000   0.000000   1.000000   1.540000
 -2.130720  -0.287880   3.725500   1.000000   1.000000   1.000000   1.200000
 -3.816770   1.183400   2.826220   1.000000   1.000000   1.000000   1.200000
 -3.155360   1.744170   4.182360   1.000000   1.000000   1.000000   1.200000
 -4.462860   0.775930   4.262810   1.000000   1.000000   1.000000   1.200000
28 bonds follow (x1 y1 z1 x2 y2 z2)
 -3.608040   0.945860   3.776830  -4.462860   0.775930   4.262810
 -3.608040   0.945860   3.776830  -3.155360   1.744170   4.182360
 -3.608040   0.945860   3.776830  -3.816770   1.183400   2.826220
 -1.235090  -0.629360   3.536260  -2.130720  -0.287880   3.725500
  1.615930   2.240440   4.686250   1.144100   2.230720   5.565760
  1.615930   2.240440   4.686250   2.548630   2.564680   4.828170
  1.615930   2.240440   4.686250   1.138430   2.869550   4.064520
  1.150100  -0.078160   2.988650   1.520110   0.550920   3.628370
  0.853770   5.323320   0.516540   1.770920   5.478670   0.123050
  0.853770   5.323320   0.516540   0.361850   4.536110   0.039890
  0.853770   5.323320   0.516540   0.268820   6.148990   0.443890
  0.853770   5.323320   0.516540   0.911430   5.062680   1.525060
 -2.781930   5.546600   1.018070  -3.657950   5.066570   1.526970
 -2.781930   5.546600   1.018070  -2.878620   6.661760   1.087680
 -2.781930   5.546600   1.018070  -2.778500   5.248130  -0.065410
 -1.594500   5.169660   1.621450  -2.781930   5.546600   1.018070
 -1.175630   3.459780   1.961980  -1.594500   5.169660   1.621450
 -1.175630   3.459780   1.961980  -0.820060   3.219900   0.601270
 -1.175630   3.459780   1.961980  -2.384130   3.094670   2.532640
 -1.175630   3.459780   1.961980  -0.005350   3.888180   2.653420
 -0.332300   0.139770   2.513680  -0.665640   1.578570   2.361870
 -0.332300   0.139770   2.513680  -1.235090  -0.629360   3.536260
 -0.332300   0.139770   2.513680   1.150100  -0.078160   2.988650
 -0.440700  -0.684050   1.158320  -0.332300   0.139770   2.513680
 -0.004040   0.002430   0.003810  -0.440700  -0.684050   1.158320
 -0.004040   0.002430   0.003810  -0.402180  -0.565650  -0.873860
 -0.004040   0.002430   0.003810  -0.401700   1.054750   0.015450
 -0.004040   0.002430   0.003810   1.115000  -0.002920  -0.008720
