33 atoms follow (x y z r g b radiusScale)
 -0.029230   0.021070  -0.040150   0.000000   1.000000   0.000000   1.850000
  1.088420  -0.018560  -0.087090   1.000000   1.000000   1.000000   1.200000
 -0.399910   1.082670  -0.029000   1.000000   1.000000   1.000000   1.200000
 -0.467100  -0.545620  -0.900060   1.000000   1.000000   1.000000   1.200000
 -0.453040  -0.642070   1.131940   1.000000   0.000000   0.000000   1.400000
 -0.301760   0.163620   2.493190   0.500000   0.500000   0.500000   1.900000
  1.179740  -0.081600   2.971000   1.000000   0.000000   0.000000   1.400000
 -1.231530  -0.560200   3.517950   1.000000   0.000000   0.000000   1.400000
 -0.664190   1.599290   2.395980   1.000000   0.000000   0.000000   1.400000
 -1.179630   3.439550   1.955960   1.000000   1.000000   0.000000   1.850000
 -0.056730   3.920280   2.701040   1.000000   0.000000   0.000000   1.400000
 -2.382490   3.121140   2.558440   1.000000   0.000000   0.000000   1.400000
 -0.802740   3.094600   0.621280   1.000000   0.000000   0.000000   1.400000
 -1.603720   5.084650   1.430260   1.000000   0.000000   0.000000   1.400000
 -2.859740   5.589260   1.155230   0.000000   1.000000   0.000000   1.850000
 -3.150620   5.346920   0.097610   1.000000   1.000000   1.000000   1.200000
 -2.822410   6.705260   1.273810   1.000000   1.000000   1.000000   1.200000
 -3.628260   5.167960   1.853900   1.000000   1.000000   1.000000   1.200000
  0.955420   5.251750   0.571660   0.000000   0.000000   1.000000   1.540000
  0.797380   5.182530   1.609760   1.000000   1.000000   1.000000   1.200000
  0.921610   6.211580   0.278780   1.000000   1.000000   1.000000   1.200000
  0.164550   4.712290   0.136020   1.000000   1.000000   1.000000   1.200000
  1.841350   4.826490   0.325990   1.000000   1.000000   1.000000   1.200000
  1.583850   2.286240   4.695510   0.000000   0.000000   1.000000   1.540000
  1.527550   0.501840   3.661370   1.000000   1.000000   1.000000   1.200000
  1.070150   2.894010   4.082180   1.000000   1.000000   1.000000   1.200000
  2.503440   2.651880   4.822500   1.000000   1.000000   1.000000   1.200000
  1.127220   2.261140   5.582960   1.000000   1.000000   1.000000   1.200000
 -3.614690   0.933280   3.776450   0.000000   0.000000   1.000000   1.540000
 -2.119650  -0.178310   3.690550   1.000000   1.000000   1.000000   1.200000
 -3.853870   1.193820   2.839930   1.000000   1.000000   1.000000   1.200000
 -3.215110   1.742480   4.213530   1.000000   1.000000   1.000000   1.200000
 -4.440900   0.664490   4.266230   1.000000   1.000000   1.000000   1.200000
28 bonds follow (x1 y1 z1 x2 y2 z2)
 -3.614690   0.933280   3.776450  -4.440900   0.664490   4.266230
 -3.614690   0.933280   3.776450  -3.215110   1.742480   4.213530
 -3.614690   0.933280   3.776450  -3.853870   1.193820   2.839930
 -1.231530  -0.560200   3.517950  -2.119650  -0.178310   3.690550
  1.583850   2.286240   4.695510   1.127220   2.261140   5.582960
  1.583850   2.286240   4.695510   2.503440   2.651880   4.822500
  1.583850   2.286240   4.695510   1.070150   2.894010   4.082180
  1.179740  -0.081600   2.971000   1.527550   0.501840   3.661370
  0.955420   5.251750   0.571660   1.841350   4.826490   0.325990
  0.955420   5.251750   0.571660   0.164550   4.712290   0.136020
  0.955420   5.251750   0.571660   0.921610   6.211580   0.278780
  0.955420   5.251750   0.571660   0.797380   5.182530   1.609760
 -2.859740   5.589260   1.155230  -3.628260   5.167960   1.853900
 -2.859740   5.589260   1.155230  -2.822410   6.705260   1.273810
 -2.859740   5.589260   1.155230  -3.150620   5.346920   0.097610
 -1.603720   5.084650   1.430260  -2.859740   5.589260   1.155230
 -1.179630   3.439550   1.955960  -1.603720   5.084650   1.430260
 -1.179630   3.439550   1.955960  -0.802740   3.094600   0.621280
 -1.179630   3.439550   1.955960  -2.382490   3.121140   2.558440
 -1.179630   3.439550   1.955960  -0.056730   3.920280   2.701040
 -0.301760   0.163620   2.493190  -0.664190   1.599290   2.395980
 -0.301760   0.163620   2.493190  -1.231530  -0.560200   3.517950
 -0.301760   0.163620   2.493190   1.179740  -0.081600   2.971000
 -0.453040  -0.642070   1.131940  -0.301760   0.163620   2.493190
 -0.029230   0.021070  -0.040150  -0.453040  -0.642070   1.131940
 -0.029230   0.021070  -0.040150  -0.467100  -0.545620  -0.900060
 -0.029230   0.021070  -0.040150  -0.399910   1.082670  -0.029000
 -0.029230   0.021070  -0.040150   1.088420  -0.018560  -0.087090
