33 atoms follow (x y z r g b radiusScale)
 -0.000050   0.000020   0.000060   0.000000   1.000000   0.000000   1.850000
  1.118950  -0.000020  -0.000050   1.000000   1.000000   1.000000   1.200000
 -0.405290   1.049310   0.000200   1.000000   1.000000   1.000000   1.200000
 -0.386660  -0.578380  -0.876020   1.000000   1.000000   1.000000   1.200000
 -0.445580  -0.680430   1.156070   1.000000   0.000000   0.000000   1.400000
 -0.328760   0.129040   2.516270   0.500000   0.500000   0.500000   1.900000
  1.153440  -0.065870   2.993740   1.000000   0.000000   0.000000   1.400000
 -1.241200  -0.623240   3.539850   1.000000   0.000000   0.000000   1.400000
 -0.679870   1.568960   2.367090   1.000000   0.000000   0.000000   1.400000
 -1.150200   3.396660   1.975970   1.000000   1.000000   0.000000   1.850000
 -0.031010   3.843210   2.701960   1.000000   0.000000   0.000000   1.400000
 -2.396750   3.161390   2.528520   1.000000   0.000000   0.000000   1.400000
 -0.858620   3.160810   0.617390   1.000000   0.000000   0.000000   1.400000
 -1.530500   5.169850   1.567300   1.000000   0.000000   0.000000   1.400000
 -2.705590   5.612340   0.975960   0.000000   1.000000   0.000000   1.850000
 -2.734900   5.315000  -0.105500   1.000000   1.000000   1.000000   1.200000
 -2.750880   6.729680   1.053960   1.000000   1.000000   1.000000   1.200000
 -3.580070   5.161180   1.512370   1.000000   1.000000   1.000000   1.200000
  0.755620   5.418460   0.511980   0.000000   0.000000   1.000000   1.540000
  1.275260   5.146610   1.345010   1.000000   1.000000   1.000000   1.200000
 -0.315770   5.577740   0.869380   1.000000   1.000000   1.000000   1.200000
  0.713090   4.624480  -0.125120   1.000000   1.000000   1.000000   1.200000
  1.151120   6.230420   0.073770   1.000000   1.000000   1.000000   1.200000
  1.620770   2.232120   4.685590   0.000000   0.000000   1.000000   1.540000
  1.513540   0.571720   3.635250   1.000000   1.000000   1.000000   1.200000
  1.172810   2.894160   4.076940   1.000000   1.000000   1.000000   1.200000
  2.569160   2.506530   4.829330   1.000000   1.000000   1.000000   1.200000
  1.151700   2.229570   5.566560   1.000000   1.000000   1.000000   1.200000
 -3.597450   0.959220   3.767110   0.000000   0.000000   1.000000   1.540000
 -2.135530  -0.268430   3.722700   1.000000   1.000000   1.000000   1.200000
 -3.833010   1.195350   2.822690   1.000000   1.000000   1.000000   1.200000
 -3.168430   1.771030   4.171490   1.000000   1.000000   1.000000   1.200000
 -4.434610   0.748580   4.267700   1.000000   1.000000   1.000000   1.200000
29 bonds follow (x1 y1 z1 x2 y2 z2)
 -3.597450   0.959220   3.767110  -4.434610   0.748580   4.267700
 -3.597450   0.959220   3.767110  -3.168430   1.771030   4.171490
 -3.597450   0.959220   3.767110  -3.833010   1.195350   2.822690
 -1.241200  -0.623240   3.539850  -2.135530  -0.268430   3.722700
  1.620770   2.232120   4.685590   1.151700   2.229570   5.566560
  1.620770   2.232120   4.685590   2.569160   2.506530   4.829330
  1.620770   2.232120   4.685590   1.172810   2.894160   4.076940
  1.153440  -0.065870   2.993740   1.513540   0.571720   3.635250
  0.755620   5.418460   0.511980   1.151120   6.230420   0.073770
  0.755620   5.418460   0.511980   0.713090   4.624480  -0.125120
  0.755620   5.418460   0.511980  -0.315770   5.577740   0.869380
  0.755620   5.418460   0.511980   1.275260   5.146610   1.345010
 -2.705590   5.612340   0.975960  -3.580070   5.161180   1.512370
 -2.705590   5.612340   0.975960  -2.750880   6.729680   1.053960
 -2.705590   5.612340   0.975960  -2.734900   5.315000  -0.105500
 -1.530500   5.169850   1.567300  -2.705590   5.612340   0.975960
 -1.150200   3.396660   1.975970  -1.530500   5.169850   1.567300
 -1.150200   3.396660   1.975970  -0.858620   3.160810   0.617390
 -1.150200   3.396660   1.975970  -2.396750   3.161390   2.528520
 -1.150200   3.396660   1.975970  -0.031010   3.843210   2.701960
 -0.679870   1.568960   2.367090  -1.150200   3.396660   1.975970
 -0.328760   0.129040   2.516270  -0.679870   1.568960   2.367090
 -0.328760   0.129040   2.516270  -1.241200  -0.623240   3.539850
 -0.328760   0.129040   2.516270   1.153440  -0.065870   2.993740
 -0.445580  -0.680430   1.156070  -0.328760   0.129040   2.516270
 -0.000050   0.000020   0.000060  -0.445580  -0.680430   1.156070
 -0.000050   0.000020   0.000060  -0.386660  -0.578380  -0.876020
 -0.000050   0.000020   0.000060  -0.405290   1.049310   0.000200
 -0.000050   0.000020   0.000060   1.118950  -0.000020  -0.000050
