33 atoms follow (x y z r g b radiusScale)
 -0.537320  -0.229600  -0.025420   0.000000   1.000000   0.000000   1.850000
  0.270640  -0.485810  -0.759610   1.000000   1.000000   1.000000   1.200000
 -0.681950   0.882940   0.035560   1.000000   1.000000   1.000000   1.200000
 -1.483290  -0.746940  -0.336140   1.000000   1.000000   1.000000   1.200000
 -0.138730  -0.753400   1.223150   1.000000   0.000000   0.000000   1.400000
 -0.224990   0.148910   2.529270   0.500000   0.500000   0.500000   1.900000
  1.217460   0.075250   3.147800   1.000000   0.000000   0.000000   1.400000
 -1.140370  -0.581130   3.578470   1.000000   0.000000   0.000000   1.400000
 -0.628210   1.552370   2.270990   1.000000   0.000000   0.000000   1.400000
 -1.190210   3.410640   1.764780   1.000000   1.000000   0.000000   1.850000
 -0.121170   3.848580   2.597380   1.000000   0.000000   0.000000   1.400000
 -2.449160   3.107790   2.268730   1.000000   0.000000   0.000000   1.400000
 -0.745170   3.132810   0.448450   1.000000   0.000000   0.000000   1.400000
 -1.571310   5.092120   1.342270   1.000000   0.000000   0.000000   1.400000
 -2.591390   5.761600   1.996530   0.000000   1.000000   0.000000   1.850000
 -3.582710   5.300580   1.749720   1.000000   1.000000   1.000000   1.200000
 -2.578930   6.829470   1.655950   1.000000   1.000000   1.000000   1.200000
 -2.436760   5.723470   3.107300   1.000000   1.000000   1.000000   1.200000
  0.906930   5.339810   0.480260   0.000000   0.000000   1.000000   1.540000
  0.956330   4.987120   1.454340   1.000000   1.000000   1.000000   1.200000
  1.773100   5.771720   0.191480   1.000000   1.000000   1.000000   1.200000
  0.112820   5.990490   0.445900   1.000000   1.000000   1.000000   1.200000
  0.658390   4.521740  -0.117830   1.000000   1.000000   1.000000   1.200000
  1.257970   2.427430   4.920220   0.000000   0.000000   1.000000   1.540000
  1.408270   0.672450   3.887020   1.000000   1.000000   1.000000   1.200000
  0.910650   3.005050   4.175130   1.000000   1.000000   1.000000   1.200000
  2.111870   2.810660   5.264910   1.000000   1.000000   1.000000   1.200000
  0.590350   2.417240   5.662050   1.000000   1.000000   1.000000   1.200000
 -3.523670   0.899440   3.569690   0.000000   0.000000   1.000000   1.540000
 -2.057350  -0.271420   3.713530   1.000000   1.000000   1.000000   1.200000
 -3.624270   1.097430   2.591540   1.000000   1.000000   1.000000   1.200000
 -3.147280   1.729100   3.991020   1.000000   1.000000   1.000000   1.200000
 -4.428100   0.723620   3.953820   1.000000   1.000000   1.000000   1.200000
28 bonds follow (x1 y1 z1 x2 y2 z2)
 -3.523670   0.899440   3.569690  -4.428100   0.723620   3.953820
 -3.523670   0.899440   3.569690  -3.147280   1.729100   3.991020
 -3.523670   0.899440   3.569690  -3.624270   1.097430   2.591540
 -1.140370  -0.581130   3.578470  -2.057350  -0.271420   3.713530
  1.257970   2.427430   4.920220   0.590350   2.417240   5.662050
  1.257970   2.427430   4.920220   2.111870   2.810660   5.264910
  1.257970   2.427430   4.920220   0.910650   3.005050   4.175130
  1.217460   0.075250   3.147800   1.408270   0.672450   3.887020
  0.906930   5.339810   0.480260   0.658390   4.521740  -0.117830
  0.906930   5.339810   0.480260   0.112820   5.990490   0.445900
  0.906930   5.339810   0.480260   1.773100   5.771720   0.191480
  0.906930   5.339810   0.480260   0.956330   4.987120   1.454340
 -2.591390   5.761600   1.996530  -2.436760   5.723470   3.107300
 -2.591390   5.761600   1.996530  -2.578930   6.829470   1.655950
 -2.591390   5.761600   1.996530  -3.582710   5.300580   1.749720
 -1.571310   5.092120   1.342270  -2.591390   5.761600   1.996530
 -1.190210   3.410640   1.764780  -1.571310   5.092120   1.342270
 -1.190210   3.410640   1.764780  -0.745170   3.132810   0.448450
 -1.190210   3.410640   1.764780  -2.449160   3.107790   2.268730
 -1.190210   3.410640   1.764780  -0.121170   3.848580   2.597380
 -0.224990   0.148910   2.529270  -0.628210   1.552370   2.270990
 -0.224990   0.148910   2.529270  -1.140370  -0.581130   3.578470
 -0.224990   0.148910   2.529270   1.217460   0.075250   3.147800
 -0.138730  -0.753400   1.223150  -0.224990   0.148910   2.529270
 -0.537320  -0.229600  -0.025420  -0.138730  -0.753400   1.223150
 -0.537320  -0.229600  -0.025420  -1.483290  -0.746940  -0.336140
 -0.537320  -0.229600  -0.025420  -0.681950   0.882940   0.035560
 -0.537320  -0.229600  -0.025420   0.270640  -0.485810  -0.759610
