33 atoms follow (x y z r g b radiusScale)
 -0.206810  -0.151670  -0.059750   0.000000   1.000000   0.000000   1.850000
  0.737710  -0.512980  -0.544830   1.000000   1.000000   1.000000   1.200000
 -0.229630   0.969330   0.015350   1.000000   1.000000   1.000000   1.200000
 -1.082850  -0.520490  -0.655250   1.000000   1.000000   1.000000   1.200000
 -0.292980  -0.741710   1.221080   1.000000   0.000000   0.000000   1.400000
 -0.246210   0.179140   2.516020   0.500000   0.500000   0.500000   1.900000
  1.219910   0.017300   3.055110   1.000000   0.000000   0.000000   1.400000
 -1.177320  -0.483070   3.582000   1.000000   0.000000   0.000000   1.400000
 -0.664340   1.571460   2.226110   1.000000   0.000000   0.000000   1.400000
 -1.197130   3.391910   1.808100   1.000000   1.000000   0.000000   1.850000
 -0.120980   3.812540   2.646800   1.000000   0.000000   0.000000   1.400000
 -2.444810   3.108830   2.345760   1.000000   0.000000   0.000000   1.400000
 -0.728430   3.099480   0.493580   1.000000   0.000000   0.000000   1.400000
 -1.616340   5.050280   1.305180   1.000000   0.000000   0.000000   1.400000
 -2.739220   5.745350   1.721210   0.000000   1.000000   0.000000   1.850000
 -3.605640   5.522140   1.046040   1.000000   1.000000   1.000000   1.200000
 -2.507360   6.843260   1.670850   1.000000   1.000000   1.000000   1.200000
 -3.016100   5.474130   2.772790   1.000000   1.000000   1.000000   1.200000
  0.928110   5.278600   0.668260   0.000000   0.000000   1.000000   1.540000
  1.210670   4.550390   1.358340   1.000000   1.000000   1.000000   1.200000
  1.714060   5.661570   0.172030   1.000000   1.000000   1.000000   1.200000
  0.389830   5.990040   1.188140   1.000000   1.000000   1.000000   1.200000
  0.250690   4.812360   0.032430   1.000000   1.000000   1.000000   1.200000
  1.458800   2.386470   4.793770   0.000000   0.000000   1.000000   1.540000
  1.561430   0.682960   3.670600   1.000000   1.000000   1.000000   1.200000
  0.905750   2.954030   4.176260   1.000000   1.000000   1.000000   1.200000
  2.347390   2.821700   4.922930   1.000000   1.000000   1.000000   1.200000
  1.001760   2.329180   5.679630   1.000000   1.000000   1.000000   1.200000
 -3.644150   0.957860   3.728820   0.000000   0.000000   1.000000   1.540000
 -2.084180  -0.135320   3.700800   1.000000   1.000000   1.000000   1.200000
 -3.857880   1.195410   2.779390   1.000000   1.000000   1.000000   1.200000
 -3.251850   1.776810   4.153270   1.000000   1.000000   1.000000   1.200000
 -4.486530   0.713870   4.204630   1.000000   1.000000   1.000000   1.200000
29 bonds follow (x1 y1 z1 x2 y2 z2)
 -3.644150   0.957860   3.728820  -4.486530   0.713870   4.204630
 -3.644150   0.957860   3.728820  -3.251850   1.776810   4.153270
 -3.644150   0.957860   3.728820  -3.857880   1.195410   2.779390
 -1.177320  -0.483070   3.582000  -2.084180  -0.135320   3.700800
  1.458800   2.386470   4.793770   1.001760   2.329180   5.679630
  1.458800   2.386470   4.793770   2.347390   2.821700   4.922930
  1.458800   2.386470   4.793770   0.905750   2.954030   4.176260
  1.219910   0.017300   3.055110   1.561430   0.682960   3.670600
  0.928110   5.278600   0.668260   0.250690   4.812360   0.032430
  0.928110   5.278600   0.668260   0.389830   5.990040   1.188140
  0.928110   5.278600   0.668260   1.714060   5.661570   0.172030
  0.928110   5.278600   0.668260   1.210670   4.550390   1.358340
 -2.739220   5.745350   1.721210  -3.016100   5.474130   2.772790
 -2.739220   5.745350   1.721210  -2.507360   6.843260   1.670850
 -2.739220   5.745350   1.721210  -3.605640   5.522140   1.046040
 -1.616340   5.050280   1.305180  -2.739220   5.745350   1.721210
 -1.197130   3.391910   1.808100  -1.616340   5.050280   1.305180
 -1.197130   3.391910   1.808100  -0.728430   3.099480   0.493580
 -1.197130   3.391910   1.808100  -2.444810   3.108830   2.345760
 -1.197130   3.391910   1.808100  -0.120980   3.812540   2.646800
 -0.664340   1.571460   2.226110  -1.197130   3.391910   1.808100
 -0.246210   0.179140   2.516020  -0.664340   1.571460   2.226110
 -0.246210   0.179140   2.516020  -1.177320  -0.483070   3.582000
 -0.246210   0.179140   2.516020   1.219910   0.017300   3.055110
 -0.292980  -0.741710   1.221080  -0.246210   0.179140   2.516020
 -0.206810  -0.151670  -0.059750  -0.292980  -0.741710   1.221080
 -0.206810  -0.151670  -0.059750  -1.082850  -0.520490  -0.655250
 -0.206810  -0.151670  -0.059750  -0.229630   0.969330   0.015350
 -0.206810  -0.151670  -0.059750   0.737710  -0.512980  -0.544830
