33 atoms follow (x y z r g b radiusScale)
 -0.573630  -0.166370  -0.042580   0.000000   1.000000   0.000000   1.850000
  0.151700  -0.515020  -0.823260   1.000000   1.000000   1.000000   1.200000
 -0.602000   0.955090   0.007910   1.000000   1.000000   1.000000   1.200000
 -1.586760  -0.587950  -0.275950   1.000000   1.000000   1.000000   1.200000
 -0.133340  -0.706920   1.187130   1.000000   0.000000   0.000000   1.400000
 -0.189120   0.169510   2.511780   0.500000   0.500000   0.500000   1.900000
  1.261880   0.140720   3.101590   1.000000   0.000000   0.000000   1.400000
 -1.104220  -0.575120   3.547060   1.000000   0.000000   0.000000   1.400000
 -0.608160   1.577990   2.301410   1.000000   0.000000   0.000000   1.400000
 -1.150780   3.379100   1.824080   1.000000   1.000000   0.000000   1.850000
 -0.062220   3.878800   2.594050   1.000000   0.000000   0.000000   1.400000
 -2.391980   3.063230   2.366100   1.000000   0.000000   0.000000   1.400000
 -0.728020   3.086710   0.496500   1.000000   0.000000   0.000000   1.400000
 -1.612430   5.047960   1.332710   1.000000   0.000000   0.000000   1.400000
 -2.509610   5.909350   1.930910   0.000000   1.000000   0.000000   1.850000
 -3.528540   5.447210   1.996200   1.000000   1.000000   1.000000   1.200000
 -2.564340   6.842240   1.307100   1.000000   1.000000   1.000000   1.200000
 -2.164830   6.185810   2.963520   1.000000   1.000000   1.000000   1.200000
  0.826830   5.241280   0.402140   0.000000   0.000000   1.000000   1.540000
  0.672150   5.360530   1.429840   1.000000   1.000000   1.000000   1.200000
  1.561900   5.831080   0.050730   1.000000   1.000000   1.000000   1.200000
 -0.092570   5.430240  -0.041760   1.000000   1.000000   1.000000   1.200000
  1.008580   4.234710   0.251920   1.000000   1.000000   1.000000   1.200000
  1.155810   2.388670   4.966390   0.000000   0.000000   1.000000   1.540000
  1.458300   0.782610   3.806030   1.000000   1.000000   1.000000   1.200000
  0.918410   3.043600   4.241810   1.000000   1.000000   1.000000   1.200000
  1.971050   2.705850   5.445990   1.000000   1.000000   1.000000   1.200000
  0.400880   2.337030   5.617250   1.000000   1.000000   1.000000   1.200000
 -3.716770   0.823200   3.559840   0.000000   0.000000   1.000000   1.540000
 -2.036490  -0.331370   3.643250   1.000000   1.000000   1.000000   1.200000
 -3.877020   0.965110   2.581160   1.000000   1.000000   1.000000   1.200000
 -3.147400   1.591080   3.871350   1.000000   1.000000   1.000000   1.200000
 -4.596570   0.881610   4.029580   1.000000   1.000000   1.000000   1.200000
29 bonds follow (x1 y1 z1 x2 y2 z2)
 -3.716770   0.823200   3.559840  -4.596570   0.881610   4.029580
 -3.716770   0.823200   3.559840  -3.147400   1.591080   3.871350
 -3.716770   0.823200   3.559840  -3.877020   0.965110   2.581160
 -1.104220  -0.575120   3.547060  -2.036490  -0.331370   3.643250
  1.155810   2.388670   4.966390   0.400880   2.337030   5.617250
  1.155810   2.388670   4.966390   1.971050   2.705850   5.445990
  1.155810   2.388670   4.966390   0.918410   3.043600   4.241810
  1.261880   0.140720   3.101590   1.458300   0.782610   3.806030
  0.826830   5.241280   0.402140   1.008580   4.234710   0.251920
  0.826830   5.241280   0.402140  -0.092570   5.430240  -0.041760
  0.826830   5.241280   0.402140   1.561900   5.831080   0.050730
  0.826830   5.241280   0.402140   0.672150   5.360530   1.429840
 -2.509610   5.909350   1.930910  -2.164830   6.185810   2.963520
 -2.509610   5.909350   1.930910  -2.564340   6.842240   1.307100
 -2.509610   5.909350   1.930910  -3.528540   5.447210   1.996200
 -1.612430   5.047960   1.332710  -2.509610   5.909350   1.930910
 -1.150780   3.379100   1.824080  -1.612430   5.047960   1.332710
 -1.150780   3.379100   1.824080  -0.728020   3.086710   0.496500
 -1.150780   3.379100   1.824080  -2.391980   3.063230   2.366100
 -1.150780   3.379100   1.824080  -0.062220   3.878800   2.594050
 -0.608160   1.577990   2.301410  -1.150780   3.379100   1.824080
 -0.189120   0.169510   2.511780  -0.608160   1.577990   2.301410
 -0.189120   0.169510   2.511780  -1.104220  -0.575120   3.547060
 -0.189120   0.169510   2.511780   1.261880   0.140720   3.101590
 -0.133340  -0.706920   1.187130  -0.189120   0.169510   2.511780
 -0.573630  -0.166370  -0.042580  -0.133340  -0.706920   1.187130
 -0.573630  -0.166370  -0.042580  -1.586760  -0.587950  -0.275950
 -0.573630  -0.166370  -0.042580  -0.602000   0.955090   0.007910
 -0.573630  -0.166370  -0.042580   0.151700  -0.515020  -0.823260
