33 atoms follow (x y z r g b radiusScale)
 -0.533030  -0.235980  -0.028530   0.000000   1.000000   0.000000   1.850000
  0.281340  -0.487930  -0.756970   1.000000   1.000000   1.000000   1.200000
 -0.687170   0.876390   0.028070   1.000000   1.000000   1.000000   1.200000
 -1.472400  -0.763150  -0.342730   1.000000   1.000000   1.000000   1.200000
 -0.137900  -0.753420   1.223250   1.000000   0.000000   0.000000   1.400000
 -0.229470   0.147450   2.527550   0.500000   0.500000   0.500000   1.900000
  1.214710   0.071200   3.148620   1.000000   0.000000   0.000000   1.400000
 -1.144230  -0.578050   3.583690   1.000000   0.000000   0.000000   1.400000
 -0.625160   1.554670   2.274810   1.000000   0.000000   0.000000   1.400000
 -1.191500   3.413340   1.763160   1.000000   1.000000   0.000000   1.850000
 -0.120410   3.853300   2.594740   1.000000   0.000000   0.000000   1.400000
 -2.450570   3.106600   2.261520   1.000000   0.000000   0.000000   1.400000
 -0.743900   3.132370   0.446470   1.000000   0.000000   0.000000   1.400000
 -1.571870   5.096600   1.346720   1.000000   0.000000   0.000000   1.400000
 -2.596970   5.758940   1.997790   0.000000   1.000000   0.000000   1.850000
 -3.586890   5.301060   1.738440   1.000000   1.000000   1.000000   1.200000
 -2.582190   6.830960   1.667700   1.000000   1.000000   1.000000   1.200000
 -2.452890   5.711320   3.109910   1.000000   1.000000   1.000000   1.200000
  0.909230   5.337670   0.485090   0.000000   0.000000   1.000000   1.540000
  0.963380   4.944890   1.449700   1.000000   1.000000   1.000000   1.200000
  1.782540   5.749940   0.197720   1.000000   1.000000   1.000000   1.200000
  0.131980   6.018710   0.489590   1.000000   1.000000   1.000000   1.200000
  0.627920   4.548360  -0.134020   1.000000   1.000000   1.000000   1.200000
  1.262920   2.429990   4.917450   0.000000   0.000000   1.000000   1.540000
  1.403700   0.676280   3.882050   1.000000   1.000000   1.000000   1.200000
  0.907030   3.004570   4.174260   1.000000   1.000000   1.000000   1.200000
  2.114570   2.821520   5.258400   1.000000   1.000000   1.000000   1.200000
  0.598890   2.412800   5.662370   1.000000   1.000000   1.000000   1.200000
 -3.516560   0.896350   3.572870   0.000000   0.000000   1.000000   1.540000
 -2.066330  -0.284580   3.714040   1.000000   1.000000   1.000000   1.200000
 -3.599330   1.102260   2.594400   1.000000   1.000000   1.000000   1.200000
 -3.125100   1.714200   4.003530   1.000000   1.000000   1.000000   1.200000
 -4.430890   0.744020   3.942960   1.000000   1.000000   1.000000   1.200000
28 bonds follow (x1 y1 z1 x2 y2 z2)
 -3.516560   0.896350   3.572870  -4.430890   0.744020   3.942960
 -3.516560   0.896350   3.572870  -3.125100   1.714200   4.003530
 -3.516560   0.896350   3.572870  -3.599330   1.102260   2.594400
 -1.144230  -0.578050   3.583690  -2.066330  -0.284580   3.714040
  1.262920   2.429990   4.917450   0.598890   2.412800   5.662370
  1.262920   2.429990   4.917450   2.114570   2.821520   5.258400
  1.262920   2.429990   4.917450   0.907030   3.004570   4.174260
  1.214710   0.071200   3.148620   1.403700   0.676280   3.882050
  0.909230   5.337670   0.485090   0.627920   4.548360  -0.134020
  0.909230   5.337670   0.485090   0.131980   6.018710   0.489590
  0.909230   5.337670   0.485090   1.782540   5.749940   0.197720
  0.909230   5.337670   0.485090   0.963380   4.944890   1.449700
 -2.596970   5.758940   1.997790  -2.452890   5.711320   3.109910
 -2.596970   5.758940   1.997790  -2.582190   6.830960   1.667700
 -2.596970   5.758940   1.997790  -3.586890   5.301060   1.738440
 -1.571870   5.096600   1.346720  -2.596970   5.758940   1.997790
 -1.191500   3.413340   1.763160  -1.571870   5.096600   1.346720
 -1.191500   3.413340   1.763160  -0.743900   3.132370   0.446470
 -1.191500   3.413340   1.763160  -2.450570   3.106600   2.261520
 -1.191500   3.413340   1.763160  -0.120410   3.853300   2.594740
 -0.229470   0.147450   2.527550  -0.625160   1.554670   2.274810
 -0.229470   0.147450   2.527550  -1.144230  -0.578050   3.583690
 -0.229470   0.147450   2.527550   1.214710   0.071200   3.148620
 -0.137900  -0.753420   1.223250  -0.229470   0.147450   2.527550
 -0.533030  -0.235980  -0.028530  -0.137900  -0.753420   1.223250
 -0.533030  -0.235980  -0.028530  -1.472400  -0.763150  -0.342730
 -0.533030  -0.235980  -0.028530  -0.687170   0.876390   0.028070
 -0.533030  -0.235980  -0.028530   0.281340  -0.487930  -0.756970
