33 atoms follow (x y z r g b radiusScale)
 -0.569150  -0.168200  -0.049710   0.000000   1.000000   0.000000   1.850000
  0.163280  -0.511220  -0.826080   1.000000   1.000000   1.000000   1.200000
 -0.609150   0.953360  -0.000250   1.000000   1.000000   1.000000   1.200000
 -1.576900  -0.599090  -0.289090   1.000000   1.000000   1.000000   1.200000
 -0.131460  -0.702810   1.182990   1.000000   0.000000   0.000000   1.400000
 -0.192260   0.173100   2.506580   0.500000   0.500000   0.500000   1.900000
  1.253680   0.131250   3.097310   1.000000   0.000000   0.000000   1.400000
 -1.092490  -0.576460   3.545490   1.000000   0.000000   0.000000   1.400000
 -0.599440   1.585890   2.321940   1.000000   0.000000   0.000000   1.400000
 -1.154020   3.389580   1.835670   1.000000   1.000000   0.000000   1.850000
 -0.065050   3.892990   2.602540   1.000000   0.000000   0.000000   1.400000
 -2.378820   3.041700   2.377940   1.000000   0.000000   0.000000   1.400000
 -0.752450   3.080430   0.507620   1.000000   0.000000   0.000000   1.400000
 -1.600430   5.060410   1.317790   1.000000   0.000000   0.000000   1.400000
 -2.502800   5.913160   1.925360   0.000000   1.000000   0.000000   1.850000
 -3.501330   5.418120   2.045330   1.000000   1.000000   1.000000   1.200000
 -2.616670   6.825080   1.280770   1.000000   1.000000   1.000000   1.200000
 -2.126680   6.228960   2.935610   1.000000   1.000000   1.000000   1.200000
  0.836540   5.228770   0.381390   0.000000   0.000000   1.000000   1.540000
  0.668010   5.332320   1.404590   1.000000   1.000000   1.000000   1.200000
  1.572770   5.829940   0.049670   1.000000   1.000000   1.000000   1.200000
 -0.074440   5.432870  -0.069870   1.000000   1.000000   1.000000   1.200000
  1.038330   4.228170   0.213160   1.000000   1.000000   1.000000   1.200000
  1.145230   2.385120   4.970880   0.000000   0.000000   1.000000   1.540000
  1.492450   0.806780   3.752390   1.000000   1.000000   1.000000   1.200000
  0.895510   3.005630   4.220380   1.000000   1.000000   1.000000   1.200000
  1.923060   2.765550   5.466360   1.000000   1.000000   1.000000   1.200000
  0.372270   2.312020   5.598370   1.000000   1.000000   1.000000   1.200000
 -3.725040   0.808680   3.549970   0.000000   0.000000   1.000000   1.540000
 -2.010890  -0.306870   3.687680   1.000000   1.000000   1.000000   1.200000
 -3.913170   0.990330   2.583090   1.000000   1.000000   1.000000   1.200000
 -3.156780   1.570120   3.878580   1.000000   1.000000   1.000000   1.200000
 -4.591330   0.833270   4.047320   1.000000   1.000000   1.000000   1.200000
29 bonds follow (x1 y1 z1 x2 y2 z2)
 -3.725040   0.808680   3.549970  -4.591330   0.833270   4.047320
 -3.725040   0.808680   3.549970  -3.156780   1.570120   3.878580
 -3.725040   0.808680   3.549970  -3.913170   0.990330   2.583090
 -1.092490  -0.576460   3.545490  -2.010890  -0.306870   3.687680
  1.145230   2.385120   4.970880   0.372270   2.312020   5.598370
  1.145230   2.385120   4.970880   1.923060   2.765550   5.466360
  1.145230   2.385120   4.970880   0.895510   3.005630   4.220380
  1.253680   0.131250   3.097310   1.492450   0.806780   3.752390
  0.836540   5.228770   0.381390   1.038330   4.228170   0.213160
  0.836540   5.228770   0.381390  -0.074440   5.432870  -0.069870
  0.836540   5.228770   0.381390   1.572770   5.829940   0.049670
  0.836540   5.228770   0.381390   0.668010   5.332320   1.404590
 -2.502800   5.913160   1.925360  -2.126680   6.228960   2.935610
 -2.502800   5.913160   1.925360  -2.616670   6.825080   1.280770
 -2.502800   5.913160   1.925360  -3.501330   5.418120   2.045330
 -1.600430   5.060410   1.317790  -2.502800   5.913160   1.925360
 -1.154020   3.389580   1.835670  -1.600430   5.060410   1.317790
 -1.154020   3.389580   1.835670  -0.752450   3.080430   0.507620
 -1.154020   3.389580   1.835670  -2.378820   3.041700   2.377940
 -1.154020   3.389580   1.835670  -0.065050   3.892990   2.602540
 -0.599440   1.585890   2.321940  -1.154020   3.389580   1.835670
 -0.192260   0.173100   2.506580  -0.599440   1.585890   2.321940
 -0.192260   0.173100   2.506580  -1.092490  -0.576460   3.545490
 -0.192260   0.173100   2.506580   1.253680   0.131250   3.097310
 -0.131460  -0.702810   1.182990  -0.192260   0.173100   2.506580
 -0.569150  -0.168200  -0.049710  -0.131460  -0.702810   1.182990
 -0.569150  -0.168200  -0.049710  -1.576900  -0.599090  -0.289090
 -0.569150  -0.168200  -0.049710  -0.609150   0.953360  -0.000250
 -0.569150  -0.168200  -0.049710   0.163280  -0.511220  -0.826080
