33 atoms follow (x y z r g b radiusScale)
 -0.149060  -0.115410  -0.029580   0.000000   1.000000   0.000000   1.850000
  0.825150  -0.469900  -0.457160   1.000000   1.000000   1.000000   1.200000
 -0.165580   1.002880   0.085190   1.000000   1.000000   1.000000   1.200000
 -0.982380  -0.445260  -0.704030   1.000000   1.000000   1.000000   1.200000
 -0.346020  -0.751660   1.216980   1.000000   0.000000   0.000000   1.400000
 -0.263130   0.150240   2.525750   0.500000   0.500000   0.500000   1.900000
  1.222510   0.008920   3.027050   1.000000   0.000000   0.000000   1.400000
 -1.190890  -0.543480   3.576210   1.000000   0.000000   0.000000   1.400000
 -0.656000   1.561750   2.280830   1.000000   0.000000   0.000000   1.400000
 -1.215200   3.409360   1.830460   1.000000   1.000000   0.000000   1.850000
 -0.154530   3.858300   2.663730   1.000000   0.000000   0.000000   1.400000
 -2.470510   3.107440   2.348020   1.000000   0.000000   0.000000   1.400000
 -0.749260   3.138920   0.517770   1.000000   0.000000   0.000000   1.400000
 -1.566290   5.096530   1.322000   1.000000   0.000000   0.000000   1.400000
 -2.756440   5.718510   1.654900   0.000000   1.000000   0.000000   1.850000
 -3.546100   5.465320   0.899440   1.000000   1.000000   1.000000   1.200000
 -2.592850   6.828000   1.659930   1.000000   1.000000   1.000000   1.200000
 -3.104990   5.391650   2.670320   1.000000   1.000000   1.000000   1.200000
  0.939270   5.289160   0.605280   0.000000   0.000000   1.000000   1.540000
  1.095940   4.769010   1.486660   1.000000   1.000000   1.000000   1.200000
  1.773760   5.769200   0.300170   1.000000   1.000000   1.000000   1.200000
  0.156360   5.934040   0.781630   1.000000   1.000000   1.000000   1.200000
  0.598010   4.597880  -0.095190   1.000000   1.000000   1.000000   1.200000
  1.483090   2.354350   4.777550   0.000000   0.000000   1.000000   1.540000
  1.510450   0.619950   3.723530   1.000000   1.000000   1.000000   1.200000
  0.966140   2.942730   4.147140   1.000000   1.000000   1.000000   1.200000
  2.410110   2.711000   4.872990   1.000000   1.000000   1.000000   1.200000
  1.043140   2.370570   5.673330   1.000000   1.000000   1.000000   1.200000
 -3.574330   0.957970   3.718250   0.000000   0.000000   1.000000   1.540000
 -2.090850  -0.180660   3.724350   1.000000   1.000000   1.000000   1.200000
 -3.780850   1.107290   2.749240   1.000000   1.000000   1.000000   1.200000
 -3.186960   1.814910   4.067900   1.000000   1.000000   1.000000   1.200000
 -4.422610   0.759190   4.204250   1.000000   1.000000   1.000000   1.200000
28 bonds follow (x1 y1 z1 x2 y2 z2)
 -3.574330   0.957970   3.718250  -4.422610   0.759190   4.204250
 -3.574330   0.957970   3.718250  -3.186960   1.814910   4.067900
 -3.574330   0.957970   3.718250  -3.780850   1.107290   2.749240
 -1.190890  -0.543480   3.576210  -2.090850  -0.180660   3.724350
  1.483090   2.354350   4.777550   1.043140   2.370570   5.673330
  1.483090   2.354350   4.777550   2.410110   2.711000   4.872990
  1.483090   2.354350   4.777550   0.966140   2.942730   4.147140
  1.222510   0.008920   3.027050   1.510450   0.619950   3.723530
  0.939270   5.289160   0.605280   0.598010   4.597880  -0.095190
  0.939270   5.289160   0.605280   0.156360   5.934040   0.781630
  0.939270   5.289160   0.605280   1.773760   5.769200   0.300170
  0.939270   5.289160   0.605280   1.095940   4.769010   1.486660
 -2.756440   5.718510   1.654900  -3.104990   5.391650   2.670320
 -2.756440   5.718510   1.654900  -2.592850   6.828000   1.659930
 -2.756440   5.718510   1.654900  -3.546100   5.465320   0.899440
 -1.566290   5.096530   1.322000  -2.756440   5.718510   1.654900
 -1.215200   3.409360   1.830460  -1.566290   5.096530   1.322000
 -1.215200   3.409360   1.830460  -0.749260   3.138920   0.517770
 -1.215200   3.409360   1.830460  -2.470510   3.107440   2.348020
 -1.215200   3.409360   1.830460  -0.154530   3.858300   2.663730
 -0.263130   0.150240   2.525750  -0.656000   1.561750   2.280830
 -0.263130   0.150240   2.525750  -1.190890  -0.543480   3.576210
 -0.263130   0.150240   2.525750   1.222510   0.008920   3.027050
 -0.346020  -0.751660   1.216980  -0.263130   0.150240   2.525750
 -0.149060  -0.115410  -0.029580  -0.346020  -0.751660   1.216980
 -0.149060  -0.115410  -0.029580  -0.982380  -0.445260  -0.704030
 -0.149060  -0.115410  -0.029580  -0.165580   1.002880   0.085190
 -0.149060  -0.115410  -0.029580   0.825150  -0.469900  -0.457160
