33 atoms follow (x y z r g b radiusScale)
 -0.006450   0.004270  -0.001730   0.000000   1.000000   0.000000   1.850000
  1.112470  -0.009640  -0.020100   1.000000   1.000000   1.000000   1.200000
 -0.397640   1.058920   0.008940   1.000000   1.000000   1.000000   1.200000
 -0.412350  -0.562920  -0.876560   1.000000   1.000000   1.000000   1.200000
 -0.443180  -0.676630   1.155620   1.000000   0.000000   0.000000   1.400000
 -0.329980   0.146690   2.511780   0.500000   0.500000   0.500000   1.900000
  1.152670  -0.085500   2.985970   1.000000   0.000000   0.000000   1.400000
 -1.231240  -0.627270   3.533680   1.000000   0.000000   0.000000   1.400000
 -0.636580   1.588000   2.349770   1.000000   0.000000   0.000000   1.400000
 -1.170920   3.480300   1.956150   1.000000   1.000000   0.000000   1.850000
 -0.029590   3.885190   2.704350   1.000000   0.000000   0.000000   1.400000
 -2.377630   3.113180   2.515920   1.000000   0.000000   0.000000   1.400000
 -0.876830   3.205940   0.589780   1.000000   0.000000   0.000000   1.400000
 -1.562840   5.181050   1.583030   1.000000   0.000000   0.000000   1.400000
 -2.808430   5.494320   1.055970   0.000000   1.000000   0.000000   1.850000
 -2.846980   5.205040  -0.028600   1.000000   1.000000   1.000000   1.200000
 -2.963260   6.600090   1.148020   1.000000   1.000000   1.000000   1.200000
 -3.621490   4.957180   1.610530   1.000000   1.000000   1.000000   1.200000
  0.896730   5.299580   0.525020   0.000000   0.000000   1.000000   1.540000
  0.844330   5.107780   1.550100   1.000000   1.000000   1.000000   1.200000
  0.501260   6.220670   0.349220   1.000000   1.000000   1.000000   1.200000
  0.292560   4.582250   0.063210   1.000000   1.000000   1.000000   1.200000
  1.848260   5.237700   0.196440   1.000000   1.000000   1.000000   1.200000
  1.605720   2.254550   4.682900   0.000000   0.000000   1.000000   1.540000
  1.519620   0.535710   3.633590   1.000000   1.000000   1.000000   1.200000
  1.124640   2.888120   4.070060   1.000000   1.000000   1.000000   1.200000
  2.541510   2.573080   4.817090   1.000000   1.000000   1.000000   1.200000
  1.143170   2.242690   5.567280   1.000000   1.000000   1.000000   1.200000
 -3.619630   0.931870   3.787030   0.000000   0.000000   1.000000   1.540000
 -2.134100  -0.301280   3.710570   1.000000   1.000000   1.000000   1.200000
 -3.824010   1.181790   2.838580   1.000000   1.000000   1.000000   1.200000
 -3.170950   1.725560   4.205230   1.000000   1.000000   1.000000   1.200000
 -4.476240   0.752460   4.266500   1.000000   1.000000   1.000000   1.200000
28 bonds follow (x1 y1 z1 x2 y2 z2)
 -3.619630   0.931870   3.787030  -4.476240   0.752460   4.266500
 -3.619630   0.931870   3.787030  -3.170950   1.725560   4.205230
 -3.619630   0.931870   3.787030  -3.824010   1.181790   2.838580
 -1.231240  -0.627270   3.533680  -2.134100  -0.301280   3.710570
  1.605720   2.254550   4.682900   1.143170   2.242690   5.567280
  1.605720   2.254550   4.682900   2.541510   2.573080   4.817090
  1.605720   2.254550   4.682900   1.124640   2.888120   4.070060
  1.152670  -0.085500   2.985970   1.519620   0.535710   3.633590
  0.896730   5.299580   0.525020   1.848260   5.237700   0.196440
  0.896730   5.299580   0.525020   0.292560   4.582250   0.063210
  0.896730   5.299580   0.525020   0.501260   6.220670   0.349220
  0.896730   5.299580   0.525020   0.844330   5.107780   1.550100
 -2.808430   5.494320   1.055970  -3.621490   4.957180   1.610530
 -2.808430   5.494320   1.055970  -2.963260   6.600090   1.148020
 -2.808430   5.494320   1.055970  -2.846980   5.205040  -0.028600
 -1.562840   5.181050   1.583030  -2.808430   5.494320   1.055970
 -1.170920   3.480300   1.956150  -1.562840   5.181050   1.583030
 -1.170920   3.480300   1.956150  -0.876830   3.205940   0.589780
 -1.170920   3.480300   1.956150  -2.377630   3.113180   2.515920
 -1.170920   3.480300   1.956150  -0.029590   3.885190   2.704350
 -0.329980   0.146690   2.511780  -0.636580   1.588000   2.349770
 -0.329980   0.146690   2.511780  -1.231240  -0.627270   3.533680
 -0.329980   0.146690   2.511780   1.152670  -0.085500   2.985970
 -0.443180  -0.676630   1.155620  -0.329980   0.146690   2.511780
 -0.006450   0.004270  -0.001730  -0.443180  -0.676630   1.155620
 -0.006450   0.004270  -0.001730  -0.412350  -0.562920  -0.876560
 -0.006450   0.004270  -0.001730  -0.397640   1.058920   0.008940
 -0.006450   0.004270  -0.001730   1.112470  -0.009640  -0.020100
