33 atoms follow (x y z r g b radiusScale)
  0.011450  -0.005920  -0.012220   0.000000   1.000000   0.000000   1.850000
  1.129860  -0.008660   0.007850   1.000000   1.000000   1.000000   1.200000
 -0.396360   1.040870  -0.020720   1.000000   1.000000   1.000000   1.200000
 -0.364450  -0.589540  -0.889880   1.000000   1.000000   1.000000   1.200000
 -0.457470  -0.686340   1.139360   1.000000   0.000000   0.000000   1.400000
 -0.306970   0.055880   2.528950   0.500000   0.500000   0.500000   1.900000
  1.177740  -0.048920   3.011480   1.000000   0.000000   0.000000   1.400000
 -1.265360  -0.624780   3.560170   1.000000   0.000000   0.000000   1.400000
 -0.670310   1.508110   2.378520   1.000000   0.000000   0.000000   1.400000
 -1.104740   3.259460   2.009180   1.000000   1.000000   0.000000   1.850000
 -0.079970   3.773770   2.759940   1.000000   0.000000   0.000000   1.400000
 -2.387340   3.199610   2.523910   1.000000   0.000000   0.000000   1.400000
 -0.919870   3.095660   0.652420   1.000000   0.000000   0.000000   1.400000
 -1.738890   5.452240   1.633260   1.000000   0.000000   0.000000   1.400000
 -2.906110   5.727040   0.894690   0.000000   1.000000   0.000000   1.850000
 -2.785620   5.374190  -0.161150   1.000000   1.000000   1.000000   1.200000
 -3.107810   6.828090   0.897720   1.000000   1.000000   1.000000   1.200000
 -3.758330   5.186000   1.390170   1.000000   1.000000   1.000000   1.200000
  1.114710   5.602170   0.320310   0.000000   0.000000   1.000000   1.540000
  1.356420   5.252810   1.225560   1.000000   1.000000   1.000000   1.200000
 -0.925280   5.968740   1.345730   1.000000   1.000000   1.000000   1.200000
  0.575710   4.909020  -0.159110   1.000000   1.000000   1.000000   1.200000
  1.945560   5.805700  -0.189970   1.000000   1.000000   1.000000   1.200000
  1.628510   2.217960   4.677050   0.000000   0.000000   1.000000   1.540000
  1.495470   0.626470   3.649680   1.000000   1.000000   1.000000   1.200000
  1.258310   2.955820   4.106180   1.000000   1.000000   1.000000   1.200000
  2.602510   2.376700   4.827620   1.000000   1.000000   1.000000   1.200000
  1.161850   2.219610   5.559240   1.000000   1.000000   1.000000   1.200000
 -3.575780   0.979660   3.749890   0.000000   0.000000   1.000000   1.540000
 -2.149530  -0.211170   3.713450   1.000000   1.000000   1.000000   1.200000
 -3.867880   1.210990   2.820730   1.000000   1.000000   1.000000   1.200000
 -3.200610   1.814790   4.159670   1.000000   1.000000   1.000000   1.200000
 -4.368600   0.681520   4.277780   1.000000   1.000000   1.000000   1.200000
28 bonds follow (x1 y1 z1 x2 y2 z2)
 -3.575780   0.979660   3.749890  -4.368600   0.681520   4.277780
 -3.575780   0.979660   3.749890  -3.200610   1.814790   4.159670
 -3.575780   0.979660   3.749890  -3.867880   1.210990   2.820730
 -1.265360  -0.624780   3.560170  -2.149530  -0.211170   3.713450
  1.628510   2.217960   4.677050   1.161850   2.219610   5.559240
  1.628510   2.217960   4.677050   2.602510   2.376700   4.827620
  1.628510   2.217960   4.677050   1.258310   2.955820   4.106180
  1.177740  -0.048920   3.011480   1.495470   0.626470   3.649680
  1.114710   5.602170   0.320310   1.945560   5.805700  -0.189970
  1.114710   5.602170   0.320310   0.575710   4.909020  -0.159110
 -1.738890   5.452240   1.633260  -0.925280   5.968740   1.345730
  1.114710   5.602170   0.320310   1.356420   5.252810   1.225560
 -2.906110   5.727040   0.894690  -3.758330   5.186000   1.390170
 -2.906110   5.727040   0.894690  -3.107810   6.828090   0.897720
 -2.906110   5.727040   0.894690  -2.785620   5.374190  -0.161150
 -1.738890   5.452240   1.633260  -2.906110   5.727040   0.894690
 -1.104740   3.259460   2.009180  -0.919870   3.095660   0.652420
 -1.104740   3.259460   2.009180  -2.387340   3.199610   2.523910
 -1.104740   3.259460   2.009180  -0.079970   3.773770   2.759940
 -0.670310   1.508110   2.378520  -1.104740   3.259460   2.009180
 -0.306970   0.055880   2.528950  -0.670310   1.508110   2.378520
 -0.306970   0.055880   2.528950  -1.265360  -0.624780   3.560170
 -0.306970   0.055880   2.528950   1.177740  -0.048920   3.011480
 -0.457470  -0.686340   1.139360  -0.306970   0.055880   2.528950
  0.011450  -0.005920  -0.012220  -0.457470  -0.686340   1.139360
  0.011450  -0.005920  -0.012220  -0.364450  -0.589540  -0.889880
  0.011450  -0.005920  -0.012220  -0.396360   1.040870  -0.020720
  0.011450  -0.005920  -0.012220   1.129860  -0.008660   0.007850
