33 atoms follow (x y z r g b radiusScale)
 -0.217520  -0.250120  -0.073000   0.000000   1.000000   0.000000   1.850000
  0.819060  -0.364380  -0.486030   1.000000   1.000000   1.000000   1.200000
 -0.522810   0.831620  -0.032400   1.000000   1.000000   1.000000   1.200000
 -0.927310  -0.839410  -0.710130   1.000000   1.000000   1.000000   1.200000
 -0.259520  -0.817330   1.217260   1.000000   0.000000   0.000000   1.400000
 -0.256010   0.148570   2.483320   0.500000   0.500000   0.500000   1.900000
  1.229200   0.049380   2.999040   1.000000   0.000000   0.000000   1.400000
 -1.102990  -0.602120   3.570790   1.000000   0.000000   0.000000   1.400000
 -0.682640   1.553100   2.263790   1.000000   0.000000   0.000000   1.400000
 -1.110350   3.447150   1.928090   1.000000   1.000000   0.000000   1.850000
  0.123990   3.830450   2.526940   1.000000   0.000000   0.000000   1.400000
 -2.263500   3.191450   2.658880   1.000000   0.000000   0.000000   1.400000
 -0.945730   3.184300   0.538090   1.000000   0.000000   0.000000   1.400000
 -1.475210   5.162530   1.603990   1.000000   0.000000   0.000000   1.400000
 -2.709300   5.743620   1.818160   0.000000   1.000000   0.000000   1.850000
 -3.033750   5.608670   2.882810   1.000000   1.000000   1.000000   1.200000
 -3.481230   5.288780   1.142430   1.000000   1.000000   1.000000   1.200000
 -2.622770   6.839130   1.591110   1.000000   1.000000   1.000000   1.200000
  0.810900   5.166810   0.240430   0.000000   0.000000   1.000000   1.540000
  0.855170   5.166880   1.283020   1.000000   1.000000   1.000000   1.200000
  1.492340   5.776790  -0.177010   1.000000   1.000000   1.000000   1.200000
 -0.164700   5.445860   0.014110   1.000000   1.000000   1.000000   1.200000
  0.914340   4.187850  -0.063840   1.000000   1.000000   1.000000   1.200000
  0.962630   2.512070   4.890610   0.000000   0.000000   1.000000   1.540000
  1.461320   0.545000   3.788330   1.000000   1.000000   1.000000   1.200000
  1.555450   2.993580   4.242000   1.000000   1.000000   1.000000   1.200000
  1.240990   2.746720   5.820330   1.000000   1.000000   1.000000   1.200000
  0.031010   2.848480   4.738210   1.000000   1.000000   1.000000   1.200000
 -3.604690   0.894220   3.388810   0.000000   0.000000   1.000000   1.540000
 -2.037040  -0.352980   3.670910   1.000000   1.000000   1.000000   1.200000
 -3.666850   1.302440   2.475560   1.000000   1.000000   1.000000   1.200000
 -3.203310   1.593320   3.987410   1.000000   1.000000   1.000000   1.200000
 -4.526940   0.689200   3.711980   1.000000   1.000000   1.000000   1.200000
28 bonds follow (x1 y1 z1 x2 y2 z2)
 -3.604690   0.894220   3.388810  -4.526940   0.689200   3.711980
 -3.604690   0.894220   3.388810  -3.203310   1.593320   3.987410
 -3.604690   0.894220   3.388810  -3.666850   1.302440   2.475560
 -1.102990  -0.602120   3.570790  -2.037040  -0.352980   3.670910
  0.962630   2.512070   4.890610   0.031010   2.848480   4.738210
  0.962630   2.512070   4.890610   1.240990   2.746720   5.820330
  0.962630   2.512070   4.890610   1.555450   2.993580   4.242000
  1.229200   0.049380   2.999040   1.461320   0.545000   3.788330
  0.810900   5.166810   0.240430   0.914340   4.187850  -0.063840
  0.810900   5.166810   0.240430  -0.164700   5.445860   0.014110
  0.810900   5.166810   0.240430   1.492340   5.776790  -0.177010
  0.810900   5.166810   0.240430   0.855170   5.166880   1.283020
 -2.709300   5.743620   1.818160  -2.622770   6.839130   1.591110
 -2.709300   5.743620   1.818160  -3.481230   5.288780   1.142430
 -2.709300   5.743620   1.818160  -3.033750   5.608670   2.882810
 -1.475210   5.162530   1.603990  -2.709300   5.743620   1.818160
 -1.110350   3.447150   1.928090  -1.475210   5.162530   1.603990
 -1.110350   3.447150   1.928090  -0.945730   3.184300   0.538090
 -1.110350   3.447150   1.928090  -2.263500   3.191450   2.658880
 -1.110350   3.447150   1.928090   0.123990   3.830450   2.526940
 -0.256010   0.148570   2.483320  -0.682640   1.553100   2.263790
 -0.256010   0.148570   2.483320  -1.102990  -0.602120   3.570790
 -0.256010   0.148570   2.483320   1.229200   0.049380   2.999040
 -0.259520  -0.817330   1.217260  -0.256010   0.148570   2.483320
 -0.217520  -0.250120  -0.073000  -0.259520  -0.817330   1.217260
 -0.217520  -0.250120  -0.073000  -0.927310  -0.839410  -0.710130
 -0.217520  -0.250120  -0.073000  -0.522810   0.831620  -0.032400
 -0.217520  -0.250120  -0.073000   0.819060  -0.364380  -0.486030
