33 atoms follow (x y z r g b radiusScale)
 -0.139710  -0.110330  -0.025970   0.000000   1.000000   0.000000   1.850000
  0.842180  -0.457460  -0.441740   1.000000   1.000000   1.000000   1.200000
 -0.163210   1.007720   0.093960   1.000000   1.000000   1.000000   1.200000
 -0.961250  -0.439870  -0.714220   1.000000   1.000000   1.000000   1.200000
 -0.352200  -0.753660   1.214800   1.000000   0.000000   0.000000   1.400000
 -0.270630   0.146330   2.526930   0.500000   0.500000   0.500000   1.900000
  1.216270   0.010850   3.020560   1.000000   0.000000   0.000000   1.400000
 -1.187970  -0.562140   3.579000   1.000000   0.000000   0.000000   1.400000
 -0.654620   1.560730   2.293850   1.000000   0.000000   0.000000   1.400000
 -1.216610   3.414540   1.836050   1.000000   1.000000   0.000000   1.850000
 -0.156180   3.875370   2.664490   1.000000   0.000000   0.000000   1.400000
 -2.473680   3.098390   2.340230   1.000000   0.000000   0.000000   1.400000
 -0.751910   3.144070   0.521130   1.000000   0.000000   0.000000   1.400000
 -1.562530   5.099600   1.337630   1.000000   0.000000   0.000000   1.400000
 -2.758840   5.718310   1.641300   0.000000   1.000000   0.000000   1.850000
 -3.531170   5.459670   0.869570   1.000000   1.000000   1.000000   1.200000
 -2.599730   6.828830   1.644810   1.000000   1.000000   1.000000   1.200000
 -3.129160   5.392970   2.649040   1.000000   1.000000   1.000000   1.200000
  0.944510   5.289370   0.589240   0.000000   0.000000   1.000000   1.540000
  1.085310   4.832360   1.522280   1.000000   1.000000   1.000000   1.200000
  1.757080   5.801090   0.291880   1.000000   1.000000   1.000000   1.200000
  0.114140   5.913930   0.697020   1.000000   1.000000   1.000000   1.200000
  0.667990   4.546910  -0.068310   1.000000   1.000000   1.000000   1.200000
  1.487000   2.351390   4.772250   0.000000   0.000000   1.000000   1.540000
  1.499600   0.574890   3.755330   1.000000   1.000000   1.000000   1.200000
  0.978680   2.965470   4.160320   1.000000   1.000000   1.000000   1.200000
  2.422390   2.683840   4.871420   1.000000   1.000000   1.000000   1.200000
  1.052720   2.349040   5.670780   1.000000   1.000000   1.000000   1.200000
 -3.561710   0.961140   3.714190   0.000000   0.000000   1.000000   1.540000
 -2.088030  -0.204960   3.733520   1.000000   1.000000   1.000000   1.200000
 -3.777590   1.099690   2.745750   1.000000   1.000000   1.000000   1.200000
 -3.182890   1.825480   4.054440   1.000000   1.000000   1.000000   1.200000
 -4.403630   0.755050   4.208260   1.000000   1.000000   1.000000   1.200000
28 bonds follow (x1 y1 z1 x2 y2 z2)
 -3.561710   0.961140   3.714190  -4.403630   0.755050   4.208260
 -3.561710   0.961140   3.714190  -3.182890   1.825480   4.054440
 -3.561710   0.961140   3.714190  -3.777590   1.099690   2.745750
 -1.187970  -0.562140   3.579000  -2.088030  -0.204960   3.733520
  1.487000   2.351390   4.772250   1.052720   2.349040   5.670780
  1.487000   2.351390   4.772250   2.422390   2.683840   4.871420
  1.487000   2.351390   4.772250   0.978680   2.965470   4.160320
  1.216270   0.010850   3.020560   1.499600   0.574890   3.755330
  0.944510   5.289370   0.589240   0.667990   4.546910  -0.068310
  0.944510   5.289370   0.589240   0.114140   5.913930   0.697020
  0.944510   5.289370   0.589240   1.757080   5.801090   0.291880
  0.944510   5.289370   0.589240   1.085310   4.832360   1.522280
 -2.758840   5.718310   1.641300  -3.129160   5.392970   2.649040
 -2.758840   5.718310   1.641300  -2.599730   6.828830   1.644810
 -2.758840   5.718310   1.641300  -3.531170   5.459670   0.869570
 -1.562530   5.099600   1.337630  -2.758840   5.718310   1.641300
 -1.216610   3.414540   1.836050  -1.562530   5.099600   1.337630
 -1.216610   3.414540   1.836050  -0.751910   3.144070   0.521130
 -1.216610   3.414540   1.836050  -2.473680   3.098390   2.340230
 -1.216610   3.414540   1.836050  -0.156180   3.875370   2.664490
 -0.270630   0.146330   2.526930  -0.654620   1.560730   2.293850
 -0.270630   0.146330   2.526930  -1.187970  -0.562140   3.579000
 -0.270630   0.146330   2.526930   1.216270   0.010850   3.020560
 -0.352200  -0.753660   1.214800  -0.270630   0.146330   2.526930
 -0.139710  -0.110330  -0.025970  -0.352200  -0.753660   1.214800
 -0.139710  -0.110330  -0.025970  -0.961250  -0.439870  -0.714220
 -0.139710  -0.110330  -0.025970  -0.163210   1.007720   0.093960
 -0.139710  -0.110330  -0.025970   0.842180  -0.457460  -0.441740
