33 atoms follow (x y z r g b radiusScale)
 -0.003550   0.002050   0.003860   0.000000   1.000000   0.000000   1.850000
  1.115500  -0.001690  -0.007020   1.000000   1.000000   1.000000   1.200000
 -0.402470   1.053910   0.014900   1.000000   1.000000   1.000000   1.200000
 -0.399610  -0.566690  -0.874290   1.000000   1.000000   1.000000   1.200000
 -0.440920  -0.684810   1.158020   1.000000   0.000000   0.000000   1.400000
 -0.332330   0.138320   2.514110   0.500000   0.500000   0.500000   1.900000
  1.150570  -0.076320   2.989460   1.000000   0.000000   0.000000   1.400000
 -1.236280  -0.629110   3.537070   1.000000   0.000000   0.000000   1.400000
 -0.668930   1.576610   2.363450   1.000000   0.000000   0.000000   1.400000
 -1.177380   3.455840   1.963530   1.000000   1.000000   0.000000   1.850000
 -0.003050   3.883930   2.651190   1.000000   0.000000   0.000000   1.400000
 -2.388130   3.098020   2.535840   1.000000   0.000000   0.000000   1.400000
 -0.814090   3.215420   0.603410   1.000000   0.000000   0.000000   1.400000
 -1.599410   5.159670   1.626640   1.000000   0.000000   0.000000   1.400000
 -2.775070   5.556480   1.011670   0.000000   1.000000   0.000000   1.850000
 -2.764200   5.259450  -0.072090   1.000000   1.000000   1.000000   1.200000
 -2.849450   6.673370   1.082400   1.000000   1.000000   1.000000   1.200000
 -3.664200   5.092000   1.511470   1.000000   1.000000   1.000000   1.200000
  0.851550   5.337500   0.509680   0.000000   0.000000   1.000000   1.540000
  0.944480   5.057830   1.511750   1.000000   1.000000   1.000000   1.200000
  0.199800   6.134540   0.471820   1.000000   1.000000   1.000000   1.200000
  0.396030   4.529330   0.029520   1.000000   1.000000   1.000000   1.200000
  1.746600   5.555140   0.101390   1.000000   1.000000   1.000000   1.200000
  1.617480   2.238220   4.686690   0.000000   0.000000   1.000000   1.540000
  1.518950   0.554470   3.628900   1.000000   1.000000   1.000000   1.200000
  1.142180   2.868860   4.064770   1.000000   1.000000   1.000000   1.200000
  2.550960   2.559650   4.829740   1.000000   1.000000   1.000000   1.200000
  1.144740   2.228740   5.565680   1.000000   1.000000   1.000000   1.200000
 -3.605690   0.948760   3.774680   0.000000   0.000000   1.000000   1.540000
 -2.130550  -0.283590   3.726950   1.000000   1.000000   1.000000   1.200000
 -3.817640   1.184850   2.824470   1.000000   1.000000   1.000000   1.200000
 -3.154900   1.748980   4.178620   1.000000   1.000000   1.000000   1.200000
 -4.458540   0.775820   4.262940   1.000000   1.000000   1.000000   1.200000
28 bonds follow (x1 y1 z1 x2 y2 z2)
 -3.605690   0.948760   3.774680  -4.458540   0.775820   4.262940
 -3.605690   0.948760   3.774680  -3.154900   1.748980   4.178620
 -3.605690   0.948760   3.774680  -3.817640   1.184850   2.824470
 -1.236280  -0.629110   3.537070  -2.130550  -0.283590   3.726950
  1.617480   2.238220   4.686690   1.144740   2.228740   5.565680
  1.617480   2.238220   4.686690   2.550960   2.559650   4.829740
  1.617480   2.238220   4.686690   1.142180   2.868860   4.064770
  1.150570  -0.076320   2.989460   1.518950   0.554470   3.628900
  0.851550   5.337500   0.509680   1.746600   5.555140   0.101390
  0.851550   5.337500   0.509680   0.396030   4.529330   0.029520
  0.851550   5.337500   0.509680   0.199800   6.134540   0.471820
  0.851550   5.337500   0.509680   0.944480   5.057830   1.511750
 -2.775070   5.556480   1.011670  -3.664200   5.092000   1.511470
 -2.775070   5.556480   1.011670  -2.849450   6.673370   1.082400
 -2.775070   5.556480   1.011670  -2.764200   5.259450  -0.072090
 -1.599410   5.159670   1.626640  -2.775070   5.556480   1.011670
 -1.177380   3.455840   1.963530  -1.599410   5.159670   1.626640
 -1.177380   3.455840   1.963530  -0.814090   3.215420   0.603410
 -1.177380   3.455840   1.963530  -2.388130   3.098020   2.535840
 -1.177380   3.455840   1.963530  -0.003050   3.883930   2.651190
 -0.332330   0.138320   2.514110  -0.668930   1.576610   2.363450
 -0.332330   0.138320   2.514110  -1.236280  -0.629110   3.537070
 -0.332330   0.138320   2.514110   1.150570  -0.076320   2.989460
 -0.440920  -0.684810   1.158020  -0.332330   0.138320   2.514110
 -0.003550   0.002050   0.003860  -0.440920  -0.684810   1.158020
 -0.003550   0.002050   0.003860  -0.399610  -0.566690  -0.874290
 -0.003550   0.002050   0.003860  -0.402470   1.053910   0.014900
 -0.003550   0.002050   0.003860   1.115500  -0.001690  -0.007020
