33 atoms follow (x y z r g b radiusScale)
  0.074720  -0.135040   0.023880   0.000000   1.000000   0.000000   1.850000
  1.187890  -0.044060   0.082450   1.000000   1.000000   1.000000   1.200000
 -0.410020   0.875170  -0.048030   1.000000   1.000000   1.000000   1.200000
 -0.219420  -0.783530  -0.838860   1.000000   1.000000   1.000000   1.200000
 -0.386860  -0.790230   1.189770   1.000000   0.000000   0.000000   1.400000
 -0.315540   0.020450   2.547070   0.500000   0.500000   0.500000   1.900000
  1.142330  -0.163950   3.060460   1.000000   0.000000   0.000000   1.400000
 -1.243260  -0.728660   3.555620   1.000000   0.000000   0.000000   1.400000
 -0.633660   1.482450   2.325620   1.000000   0.000000   0.000000   1.400000
 -1.123490   3.240440   2.052980   1.000000   1.000000   0.000000   1.850000
 -0.130540   3.784500   2.822600   1.000000   0.000000   0.000000   1.400000
 -2.400120   3.131410   2.555260   1.000000   0.000000   0.000000   1.400000
 -0.918510   3.263720   0.697770   1.000000   0.000000   0.000000   1.400000
 -2.119940   5.873930   1.673300   1.000000   0.000000   0.000000   1.400000
 -3.249640   5.958180   0.806660   0.000000   1.000000   0.000000   1.850000
 -2.942570   5.987330  -0.264300   1.000000   1.000000   1.000000   1.200000
 -3.857630   6.861170   1.058430   1.000000   1.000000   1.000000   1.200000
 -3.801190   5.015660   1.039910   1.000000   1.000000   1.000000   1.200000
  1.776120   5.619510   0.030000   0.000000   0.000000   1.000000   1.540000
  1.676520   6.037680   0.930650   1.000000   1.000000   1.000000   1.200000
 -1.606010   6.669730   1.379220   1.000000   1.000000   1.000000   1.200000
  0.995700   5.874250  -0.536550   1.000000   1.000000   1.000000   1.200000
  1.775270   4.630290   0.146540   1.000000   1.000000   1.000000   1.200000
  1.688180   2.126670   4.614280   0.000000   0.000000   1.000000   1.540000
  1.539570   0.537360   3.617380   1.000000   1.000000   1.000000   1.200000
  1.415340   2.828180   3.948240   1.000000   1.000000   1.000000   1.200000
  2.665270   2.215570   4.800670   1.000000   1.000000   1.000000   1.200000
  1.184280   2.276560   5.462740   1.000000   1.000000   1.000000   1.200000
 -3.558780   0.844780   3.796960   0.000000   0.000000   1.000000   1.540000
 -2.155780  -0.413550   3.733680   1.000000   1.000000   1.000000   1.200000
 -3.800630   1.192840   2.888700   1.000000   1.000000   1.000000   1.200000
 -3.177560   1.614140   4.314340   1.000000   1.000000   1.000000   1.200000
 -4.387290   0.526580   4.254680   1.000000   1.000000   1.000000   1.200000
28 bonds follow (x1 y1 z1 x2 y2 z2)
 -3.558780   0.844780   3.796960  -4.387290   0.526580   4.254680
 -3.558780   0.844780   3.796960  -3.177560   1.614140   4.314340
 -3.558780   0.844780   3.796960  -3.800630   1.192840   2.888700
 -1.243260  -0.728660   3.555620  -2.155780  -0.413550   3.733680
  1.688180   2.126670   4.614280   1.184280   2.276560   5.462740
  1.688180   2.126670   4.614280   2.665270   2.215570   4.800670
  1.688180   2.126670   4.614280   1.415340   2.828180   3.948240
  1.142330  -0.163950   3.060460   1.539570   0.537360   3.617380
  1.776120   5.619510   0.030000   1.775270   4.630290   0.146540
  1.776120   5.619510   0.030000   0.995700   5.874250  -0.536550
 -2.119940   5.873930   1.673300  -1.606010   6.669730   1.379220
  1.776120   5.619510   0.030000   1.676520   6.037680   0.930650
 -3.249640   5.958180   0.806660  -3.801190   5.015660   1.039910
 -3.249640   5.958180   0.806660  -3.857630   6.861170   1.058430
 -3.249640   5.958180   0.806660  -2.942570   5.987330  -0.264300
 -2.119940   5.873930   1.673300  -3.249640   5.958180   0.806660
 -1.123490   3.240440   2.052980  -0.918510   3.263720   0.697770
 -1.123490   3.240440   2.052980  -2.400120   3.131410   2.555260
 -1.123490   3.240440   2.052980  -0.130540   3.784500   2.822600
 -0.633660   1.482450   2.325620  -1.123490   3.240440   2.052980
 -0.315540   0.020450   2.547070  -0.633660   1.482450   2.325620
 -0.315540   0.020450   2.547070  -1.243260  -0.728660   3.555620
 -0.315540   0.020450   2.547070   1.142330  -0.163950   3.060460
 -0.386860  -0.790230   1.189770  -0.315540   0.020450   2.547070
  0.074720  -0.135040   0.023880  -0.386860  -0.790230   1.189770
  0.074720  -0.135040   0.023880  -0.219420  -0.783530  -0.838860
  0.074720  -0.135040   0.023880  -0.410020   0.875170  -0.048030
  0.074720  -0.135040   0.023880   1.187890  -0.044060   0.082450
