33 atoms follow (x y z r g b radiusScale)
 -0.377450  -0.049660  -0.037990   0.000000   1.000000   0.000000   1.850000
  0.585830  -0.214430  -0.589050   1.000000   1.000000   1.000000   1.200000
 -0.586890   1.045750   0.097260   1.000000   1.000000   1.000000   1.200000
 -1.209930  -0.536540  -0.610030   1.000000   1.000000   1.000000   1.200000
 -0.291880  -0.711940   1.207360   1.000000   0.000000   0.000000   1.400000
 -0.169840   0.167860   2.520370   0.500000   0.500000   0.500000   1.900000
  1.293300  -0.030170   3.070750   1.000000   0.000000   0.000000   1.400000
 -1.001880  -0.630460   3.584460   1.000000   0.000000   0.000000   1.400000
 -0.668330   1.540970   2.285980   1.000000   0.000000   0.000000   1.400000
 -1.179250   3.437920   1.870340   1.000000   1.000000   0.000000   1.850000
  0.041570   3.810100   2.491590   1.000000   0.000000   0.000000   1.400000
 -2.360950   3.206520   2.551970   1.000000   0.000000   0.000000   1.400000
 -0.938120   3.107160   0.505780   1.000000   0.000000   0.000000   1.400000
 -1.519780   5.128510   1.391650   1.000000   0.000000   0.000000   1.400000
 -2.564400   5.904640   1.860280   0.000000   1.000000   0.000000   1.850000
 -3.080860   5.410950   2.724670   1.000000   1.000000   1.000000   1.200000
 -3.305490   6.071260   1.034450   1.000000   1.000000   1.000000   1.200000
 -2.158240   6.898510   2.190110   1.000000   1.000000   1.000000   1.200000
  0.856300   5.123060   0.316690   0.000000   0.000000   1.000000   1.540000
  1.419410   4.400270   0.786030   1.000000   1.000000   1.000000   1.200000
  1.406870   5.709020  -0.289300   1.000000   1.000000   1.000000   1.200000
  0.377600   5.667850   1.065120   1.000000   1.000000   1.000000   1.200000
  0.090430   4.635500  -0.196070   1.000000   1.000000   1.000000   1.200000
  1.022070   2.520850   5.018240   0.000000   0.000000   1.000000   1.540000
  1.451770   0.156510   3.998670   1.000000   1.000000   1.000000   1.200000
  1.029160   2.949640   4.110590   1.000000   1.000000   1.000000   1.200000
  1.678720   3.002550   5.597030   1.000000   1.000000   1.000000   1.200000
  0.112030   2.644840   5.413470   1.000000   1.000000   1.000000   1.200000
 -3.660460   0.739920   3.417550   0.000000   0.000000   1.000000   1.540000
 -1.964590  -0.560930   3.592090   1.000000   1.000000   1.000000   1.200000
 -3.611320   1.038010   2.461840   1.000000   1.000000   1.000000   1.200000
 -3.290130   1.490490   3.970670   1.000000   1.000000   1.000000   1.200000
 -4.622620   0.615430   3.656300   1.000000   1.000000   1.000000   1.200000
28 bonds follow (x1 y1 z1 x2 y2 z2)
 -3.660460   0.739920   3.417550  -4.622620   0.615430   3.656300
 -3.660460   0.739920   3.417550  -3.290130   1.490490   3.970670
 -3.660460   0.739920   3.417550  -3.611320   1.038010   2.461840
 -1.001880  -0.630460   3.584460  -1.964590  -0.560930   3.592090
  1.022070   2.520850   5.018240   0.112030   2.644840   5.413470
  1.022070   2.520850   5.018240   1.678720   3.002550   5.597030
  1.022070   2.520850   5.018240   1.029160   2.949640   4.110590
  1.293300  -0.030170   3.070750   1.451770   0.156510   3.998670
  0.856300   5.123060   0.316690   0.090430   4.635500  -0.196070
  0.856300   5.123060   0.316690   0.377600   5.667850   1.065120
  0.856300   5.123060   0.316690   1.406870   5.709020  -0.289300
  0.856300   5.123060   0.316690   1.419410   4.400270   0.786030
 -2.564400   5.904640   1.860280  -2.158240   6.898510   2.190110
 -2.564400   5.904640   1.860280  -3.305490   6.071260   1.034450
 -2.564400   5.904640   1.860280  -3.080860   5.410950   2.724670
 -1.519780   5.128510   1.391650  -2.564400   5.904640   1.860280
 -1.179250   3.437920   1.870340  -1.519780   5.128510   1.391650
 -1.179250   3.437920   1.870340  -0.938120   3.107160   0.505780
 -1.179250   3.437920   1.870340  -2.360950   3.206520   2.551970
 -1.179250   3.437920   1.870340   0.041570   3.810100   2.491590
 -0.169840   0.167860   2.520370  -0.668330   1.540970   2.285980
 -0.169840   0.167860   2.520370  -1.001880  -0.630460   3.584460
 -0.169840   0.167860   2.520370   1.293300  -0.030170   3.070750
 -0.291880  -0.711940   1.207360  -0.169840   0.167860   2.520370
 -0.377450  -0.049660  -0.037990  -0.291880  -0.711940   1.207360
 -0.377450  -0.049660  -0.037990  -1.209930  -0.536540  -0.610030
 -0.377450  -0.049660  -0.037990  -0.586890   1.045750   0.097260
 -0.377450  -0.049660  -0.037990   0.585830  -0.214430  -0.589050
