33 atoms follow (x y z r g b radiusScale)
 -0.216900  -0.246500  -0.074180   0.000000   1.000000   0.000000   1.850000
  0.821680  -0.338200  -0.486430   1.000000   1.000000   1.000000   1.200000
 -0.541870   0.829630  -0.031200   1.000000   1.000000   1.000000   1.200000
 -0.913420  -0.844480  -0.717580   1.000000   1.000000   1.000000   1.200000
 -0.252070  -0.818410   1.214860   1.000000   0.000000   0.000000   1.400000
 -0.265660   0.151350   2.482180   0.500000   0.500000   0.500000   1.900000
  1.207080   0.028260   3.008160   1.000000   0.000000   0.000000   1.400000
 -1.092460  -0.607910   3.570930   1.000000   0.000000   0.000000   1.400000
 -0.665210   1.561120   2.262650   1.000000   0.000000   0.000000   1.400000
 -1.101460   3.446130   1.925850   1.000000   1.000000   0.000000   1.850000
  0.129110   3.840720   2.526820   1.000000   0.000000   0.000000   1.400000
 -2.252120   3.187550   2.655700   1.000000   0.000000   0.000000   1.400000
 -0.951070   3.193270   0.536270   1.000000   0.000000   0.000000   1.400000
 -1.487240   5.164470   1.600260   1.000000   0.000000   0.000000   1.400000
 -2.721250   5.754400   1.808880   0.000000   1.000000   0.000000   1.850000
 -3.032710   5.656750   2.881180   1.000000   1.000000   1.000000   1.200000
 -3.501430   5.277410   1.158260   1.000000   1.000000   1.000000   1.200000
 -2.635770   6.842150   1.543200   1.000000   1.000000   1.000000   1.200000
  0.802790   5.163750   0.245860   0.000000   0.000000   1.000000   1.540000
  0.861440   5.186790   1.286260   1.000000   1.000000   1.000000   1.200000
  1.474350   5.778550  -0.180850   1.000000   1.000000   1.000000   1.200000
 -0.168760   5.415210   0.023610   1.000000   1.000000   1.000000   1.200000
  0.914560   4.178870  -0.045790   1.000000   1.000000   1.000000   1.200000
  0.966970   2.508820   4.900210   0.000000   0.000000   1.000000   1.540000
  1.446340   0.500670   3.808630   1.000000   1.000000   1.000000   1.200000
  1.573780   2.948840   4.235050   1.000000   1.000000   1.000000   1.200000
  1.234730   2.796960   5.818350   1.000000   1.000000   1.000000   1.200000
  0.041640   2.848200   4.716010   1.000000   1.000000   1.000000   1.200000
 -3.600870   0.893090   3.392540   0.000000   0.000000   1.000000   1.540000
 -2.037850  -0.414820   3.657460   1.000000   1.000000   1.000000   1.200000
 -3.723410   1.311250   2.490460   1.000000   1.000000   1.000000   1.200000
 -3.180840   1.593010   3.977230   1.000000   1.000000   1.000000   1.200000
 -4.497890   0.661280   3.764780   1.000000   1.000000   1.000000   1.200000
28 bonds follow (x1 y1 z1 x2 y2 z2)
 -3.600870   0.893090   3.392540  -4.497890   0.661280   3.764780
 -3.600870   0.893090   3.392540  -3.180840   1.593010   3.977230
 -3.600870   0.893090   3.392540  -3.723410   1.311250   2.490460
 -1.092460  -0.607910   3.570930  -2.037850  -0.414820   3.657460
  0.966970   2.508820   4.900210   0.041640   2.848200   4.716010
  0.966970   2.508820   4.900210   1.234730   2.796960   5.818350
  0.966970   2.508820   4.900210   1.573780   2.948840   4.235050
  1.207080   0.028260   3.008160   1.446340   0.500670   3.808630
  0.802790   5.163750   0.245860   0.914560   4.178870  -0.045790
  0.802790   5.163750   0.245860  -0.168760   5.415210   0.023610
  0.802790   5.163750   0.245860   1.474350   5.778550  -0.180850
  0.802790   5.163750   0.245860   0.861440   5.186790   1.286260
 -2.721250   5.754400   1.808880  -2.635770   6.842150   1.543200
 -2.721250   5.754400   1.808880  -3.501430   5.277410   1.158260
 -2.721250   5.754400   1.808880  -3.032710   5.656750   2.881180
 -1.487240   5.164470   1.600260  -2.721250   5.754400   1.808880
 -1.101460   3.446130   1.925850  -1.487240   5.164470   1.600260
 -1.101460   3.446130   1.925850  -0.951070   3.193270   0.536270
 -1.101460   3.446130   1.925850  -2.252120   3.187550   2.655700
 -1.101460   3.446130   1.925850   0.129110   3.840720   2.526820
 -0.265660   0.151350   2.482180  -0.665210   1.561120   2.262650
 -0.265660   0.151350   2.482180  -1.092460  -0.607910   3.570930
 -0.265660   0.151350   2.482180   1.207080   0.028260   3.008160
 -0.252070  -0.818410   1.214860  -0.265660   0.151350   2.482180
 -0.216900  -0.246500  -0.074180  -0.252070  -0.818410   1.214860
 -0.216900  -0.246500  -0.074180  -0.913420  -0.844480  -0.717580
 -0.216900  -0.246500  -0.074180  -0.541870   0.829630  -0.031200
 -0.216900  -0.246500  -0.074180   0.821680  -0.338200  -0.486430
