33 atoms follow (x y z r g b radiusScale)
 -0.003920   0.002330   0.003850   0.000000   1.000000   0.000000   1.850000
  1.115120  -0.002570  -0.008260   1.000000   1.000000   1.000000   1.200000
 -0.401890   1.054540   0.015380   1.000000   1.000000   1.000000   1.200000
 -0.401550  -0.565890  -0.873940   1.000000   1.000000   1.000000   1.200000
 -0.440730  -0.684280   1.158270   1.000000   0.000000   0.000000   1.400000
 -0.332320   0.139390   2.513790   0.500000   0.500000   0.500000   1.900000
  1.150190  -0.077700   2.988850   1.000000   0.000000   0.000000   1.400000
 -1.235380  -0.629310   3.536450   1.000000   0.000000   0.000000   1.400000
 -0.666560   1.578090   2.362300   1.000000   0.000000   0.000000   1.400000
 -1.176140   3.458740   1.962390   1.000000   1.000000   0.000000   1.850000
 -0.004620   3.887300   2.652450   1.000000   0.000000   0.000000   1.400000
 -2.385130   3.095270   2.533520   1.000000   0.000000   0.000000   1.400000
 -0.818200   3.219070   0.601840   1.000000   0.000000   0.000000   1.400000
 -1.595770   5.167260   1.622950   1.000000   0.000000   0.000000   1.400000
 -2.780360   5.549220   1.016330   0.000000   1.000000   0.000000   1.850000
 -2.774830   5.250910  -0.067110   1.000000   1.000000   1.000000   1.200000
 -2.871520   6.664830   1.086110   1.000000   1.000000   1.000000   1.200000
 -3.659520   5.072910   1.523020   1.000000   1.000000   1.000000   1.200000
  0.853000   5.326490   0.515010   0.000000   0.000000   1.000000   1.540000
  0.919400   5.061260   1.520610   1.000000   1.000000   1.000000   1.200000
  0.251780   6.146920   0.450130   1.000000   1.000000   1.000000   1.200000
  0.370710   4.534950   0.038170   1.000000   1.000000   1.000000   1.200000
  1.765040   5.496980   0.117830   1.000000   1.000000   1.000000   1.200000
  1.616350   2.239840   4.686380   0.000000   0.000000   1.000000   1.540000
  1.519880   0.551820   3.628450   1.000000   1.000000   1.000000   1.200000
  1.139320   2.869230   4.064520   1.000000   1.000000   1.000000   1.200000
  2.549190   2.563540   4.828610   1.000000   1.000000   1.000000   1.200000
  1.144250   2.230200   5.565740   1.000000   1.000000   1.000000   1.200000
 -3.607430   0.946620   3.776270   0.000000   0.000000   1.000000   1.540000
 -2.130620  -0.286840   3.725950   1.000000   1.000000   1.000000   1.200000
 -3.816900   1.183740   2.825730   1.000000   1.000000   1.000000   1.200000
 -3.155130   1.745380   4.181350   1.000000   1.000000   1.000000   1.200000
 -4.461790   0.776050   4.262820   1.000000   1.000000   1.000000   1.200000
28 bonds follow (x1 y1 z1 x2 y2 z2)
 -3.607430   0.946620   3.776270  -4.461790   0.776050   4.262820
 -3.607430   0.946620   3.776270  -3.155130   1.745380   4.181350
 -3.607430   0.946620   3.776270  -3.816900   1.183740   2.825730
 -1.235380  -0.629310   3.536450  -2.130620  -0.286840   3.725950
  1.616350   2.239840   4.686380   1.144250   2.230200   5.565740
  1.616350   2.239840   4.686380   2.549190   2.563540   4.828610
  1.616350   2.239840   4.686380   1.139320   2.869230   4.064520
  1.150190  -0.077700   2.988850   1.519880   0.551820   3.628450
  0.853000   5.326490   0.515010   1.765040   5.496980   0.117830
  0.853000   5.326490   0.515010   0.370710   4.534950   0.038170
  0.853000   5.326490   0.515010   0.251780   6.146920   0.450130
  0.853000   5.326490   0.515010   0.919400   5.061260   1.520610
 -2.780360   5.549220   1.016330  -3.659520   5.072910   1.523020
 -2.780360   5.549220   1.016330  -2.871520   6.664830   1.086110
 -2.780360   5.549220   1.016330  -2.774830   5.250910  -0.067110
 -1.595770   5.167260   1.622950  -2.780360   5.549220   1.016330
 -1.176140   3.458740   1.962390  -1.595770   5.167260   1.622950
 -1.176140   3.458740   1.962390  -0.818200   3.219070   0.601840
 -1.176140   3.458740   1.962390  -2.385130   3.095270   2.533520
 -1.176140   3.458740   1.962390  -0.004620   3.887300   2.652450
 -0.332320   0.139390   2.513790  -0.666560   1.578090   2.362300
 -0.332320   0.139390   2.513790  -1.235380  -0.629310   3.536450
 -0.332320   0.139390   2.513790   1.150190  -0.077700   2.988850
 -0.440730  -0.684280   1.158270  -0.332320   0.139390   2.513790
 -0.003920   0.002330   0.003850  -0.440730  -0.684280   1.158270
 -0.003920   0.002330   0.003850  -0.401550  -0.565890  -0.873940
 -0.003920   0.002330   0.003850  -0.401890   1.054540   0.015380
 -0.003920   0.002330   0.003850   1.115120  -0.002570  -0.008260
