33 atoms follow (x y z r g b radiusScale)
  0.000290  -0.000050  -0.000320   0.000000   1.000000   0.000000   1.850000
  1.119210  -0.000370   0.000000   1.000000   1.000000   1.000000   1.200000
 -0.404630   1.049020  -0.001100   1.000000   1.000000   1.000000   1.200000
 -0.386560  -0.578940  -0.875970   1.000000   1.000000   1.000000   1.200000
 -0.446090  -0.679770   1.156420   1.000000   0.000000   0.000000   1.400000
 -0.327930   0.128110   2.516200   0.500000   0.500000   0.500000   1.900000
  1.152980  -0.065420   2.993990   1.000000   0.000000   0.000000   1.400000
 -1.241210  -0.622590   3.539690   1.000000   0.000000   0.000000   1.400000
 -0.681300   1.570110   2.367150   1.000000   0.000000   0.000000   1.400000
 -1.143030   3.383830   1.978110   1.000000   1.000000   0.000000   1.850000
 -0.037430   3.842130   2.706080   1.000000   0.000000   0.000000   1.400000
 -2.396180   3.167710   2.526130   1.000000   0.000000   0.000000   1.400000
 -0.866600   3.159610   0.619730   1.000000   0.000000   0.000000   1.400000
 -1.506510   5.184910   1.552830   1.000000   0.000000   0.000000   1.400000
 -2.704450   5.619830   0.968820   0.000000   1.000000   0.000000   1.850000
 -2.739150   5.314120  -0.107610   1.000000   1.000000   1.000000   1.200000
 -2.758060   6.734290   1.051430   1.000000   1.000000   1.000000   1.200000
 -3.551450   5.148870   1.530660   1.000000   1.000000   1.000000   1.200000
  0.745150   5.420740   0.515500   0.000000   0.000000   1.000000   1.540000
  1.285670   5.166200   1.325830   1.000000   1.000000   1.000000   1.200000
 -0.559880   5.493890   1.002980   1.000000   1.000000   1.000000   1.200000
  0.724730   4.649540  -0.131270   1.000000   1.000000   1.000000   1.200000
  1.100610   6.247490   0.086850   1.000000   1.000000   1.000000   1.200000
  1.620700   2.231900   4.685490   0.000000   0.000000   1.000000   1.540000
  1.515830   0.572590   3.634500   1.000000   1.000000   1.000000   1.200000
  1.176150   2.896630   4.077740   1.000000   1.000000   1.000000   1.200000
  2.570330   2.503030   4.828390   1.000000   1.000000   1.000000   1.200000
  1.152430   2.231290   5.566940   1.000000   1.000000   1.000000   1.200000
 -3.597410   0.959530   3.766970   0.000000   0.000000   1.000000   1.540000
 -2.135930  -0.269990   3.722970   1.000000   1.000000   1.000000   1.200000
 -3.834180   1.195270   2.822920   1.000000   1.000000   1.000000   1.200000
 -3.169570   1.771210   4.172350   1.000000   1.000000   1.000000   1.200000
 -4.433560   0.746190   4.268150   1.000000   1.000000   1.000000   1.200000
29 bonds follow (x1 y1 z1 x2 y2 z2)
 -3.597410   0.959530   3.766970  -4.433560   0.746190   4.268150
 -3.597410   0.959530   3.766970  -3.169570   1.771210   4.172350
 -3.597410   0.959530   3.766970  -3.834180   1.195270   2.822920
 -1.241210  -0.622590   3.539690  -2.135930  -0.269990   3.722970
  1.620700   2.231900   4.685490   1.152430   2.231290   5.566940
  1.620700   2.231900   4.685490   2.570330   2.503030   4.828390
  1.620700   2.231900   4.685490   1.176150   2.896630   4.077740
  1.152980  -0.065420   2.993990   1.515830   0.572590   3.634500
  0.745150   5.420740   0.515500   1.100610   6.247490   0.086850
  0.745150   5.420740   0.515500   0.724730   4.649540  -0.131270
 -1.506510   5.184910   1.552830  -0.559880   5.493890   1.002980
  0.745150   5.420740   0.515500   1.285670   5.166200   1.325830
 -2.704450   5.619830   0.968820  -3.551450   5.148870   1.530660
 -2.704450   5.619830   0.968820  -2.758060   6.734290   1.051430
 -2.704450   5.619830   0.968820  -2.739150   5.314120  -0.107610
 -1.506510   5.184910   1.552830  -2.704450   5.619830   0.968820
 -1.143030   3.383830   1.978110  -1.506510   5.184910   1.552830
 -1.143030   3.383830   1.978110  -0.866600   3.159610   0.619730
 -1.143030   3.383830   1.978110  -2.396180   3.167710   2.526130
 -1.143030   3.383830   1.978110  -0.037430   3.842130   2.706080
 -0.681300   1.570110   2.367150  -1.143030   3.383830   1.978110
 -0.327930   0.128110   2.516200  -0.681300   1.570110   2.367150
 -0.327930   0.128110   2.516200  -1.241210  -0.622590   3.539690
 -0.327930   0.128110   2.516200   1.152980  -0.065420   2.993990
 -0.446090  -0.679770   1.156420  -0.327930   0.128110   2.516200
  0.000290  -0.000050  -0.000320  -0.446090  -0.679770   1.156420
  0.000290  -0.000050  -0.000320  -0.386560  -0.578940  -0.875970
  0.000290  -0.000050  -0.000320  -0.404630   1.049020  -0.001100
  0.000290  -0.000050  -0.000320   1.119210  -0.000370   0.000000
