33 atoms follow (x y z r g b radiusScale)
  0.290460  -0.169510   0.077890   0.000000   1.000000   0.000000   1.850000
  1.386470  -0.298390   0.265340   1.000000   1.000000   1.000000   1.200000
  0.009450   0.916740   0.032260   1.000000   1.000000   1.000000   1.200000
 -0.017310  -0.694660  -0.859970   1.000000   1.000000   1.000000   1.200000
 -0.411350  -0.783140   1.143780   1.000000   0.000000   0.000000   1.400000
 -0.278850  -0.001060   2.513010   0.500000   0.500000   0.500000   1.900000
  1.211960  -0.155000   2.948380   1.000000   0.000000   0.000000   1.400000
 -1.224490  -0.713220   3.520680   1.000000   0.000000   0.000000   1.400000
 -0.701110   1.441200   2.400500   1.000000   0.000000   0.000000   1.400000
 -1.148810   3.191790   2.168010   1.000000   1.000000   0.000000   1.850000
 -0.336090   3.734370   3.127680   1.000000   0.000000   0.000000   1.400000
 -2.481840   3.017750   2.456230   1.000000   0.000000   0.000000   1.400000
 -0.782560   3.321520   0.856290   1.000000   0.000000   0.000000   1.400000
 -2.363480   6.261130   1.462810   1.000000   0.000000   0.000000   1.400000
 -3.646800   6.167910   0.905690   0.000000   1.000000   0.000000   1.850000
 -3.780640   6.962000   0.130660   1.000000   1.000000   1.000000   1.200000
 -4.439900   6.282950   1.676320   1.000000   1.000000   1.000000   1.200000
 -3.744430   5.145910   0.448970   1.000000   1.000000   1.000000   1.200000
  2.298230   5.251260  -0.174120   0.000000   0.000000   1.000000   1.540000
  2.187790   5.932310   0.548070   1.000000   1.000000   1.000000   1.200000
 -2.226230   7.175070   1.835900   1.000000   1.000000   1.000000   1.200000
  2.252540   5.700800  -1.065010   1.000000   1.000000   1.000000   1.200000
  1.560840   4.581870  -0.102890   1.000000   1.000000   1.000000   1.200000
  1.828080   2.184360   4.450240   0.000000   0.000000   1.000000   1.540000
  1.621800   0.535860   3.514400   1.000000   1.000000   1.000000   1.200000
  1.531890   2.878720   3.786820   1.000000   1.000000   1.000000   1.200000
  2.774510   2.368920   4.709760   1.000000   1.000000   1.000000   1.200000
  1.251150   2.265430   5.262040   1.000000   1.000000   1.000000   1.200000
 -3.667440   0.803070   3.842420   0.000000   0.000000   1.000000   1.540000
 -2.105900  -0.329270   3.718990   1.000000   1.000000   1.000000   1.200000
 -3.697560   1.286570   2.963190   1.000000   1.000000   1.000000   1.200000
 -3.449280   1.473800   4.551050   1.000000   1.000000   1.000000   1.200000
 -4.566450   0.414040   4.033780   1.000000   1.000000   1.000000   1.200000
28 bonds follow (x1 y1 z1 x2 y2 z2)
 -3.667440   0.803070   3.842420  -4.566450   0.414040   4.033780
 -3.667440   0.803070   3.842420  -3.449280   1.473800   4.551050
 -3.667440   0.803070   3.842420  -3.697560   1.286570   2.963190
 -1.224490  -0.713220   3.520680  -2.105900  -0.329270   3.718990
  1.828080   2.184360   4.450240   1.251150   2.265430   5.262040
  1.828080   2.184360   4.450240   2.774510   2.368920   4.709760
  1.828080   2.184360   4.450240   1.531890   2.878720   3.786820
  1.211960  -0.155000   2.948380   1.621800   0.535860   3.514400
  2.298230   5.251260  -0.174120   1.560840   4.581870  -0.102890
  2.298230   5.251260  -0.174120   2.252540   5.700800  -1.065010
 -2.363480   6.261130   1.462810  -2.226230   7.175070   1.835900
  2.298230   5.251260  -0.174120   2.187790   5.932310   0.548070
 -3.646800   6.167910   0.905690  -3.744430   5.145910   0.448970
 -3.646800   6.167910   0.905690  -4.439900   6.282950   1.676320
 -3.646800   6.167910   0.905690  -3.780640   6.962000   0.130660
 -2.363480   6.261130   1.462810  -3.646800   6.167910   0.905690
 -1.148810   3.191790   2.168010  -0.782560   3.321520   0.856290
 -1.148810   3.191790   2.168010  -2.481840   3.017750   2.456230
 -1.148810   3.191790   2.168010  -0.336090   3.734370   3.127680
 -0.701110   1.441200   2.400500  -1.148810   3.191790   2.168010
 -0.278850  -0.001060   2.513010  -0.701110   1.441200   2.400500
 -0.278850  -0.001060   2.513010  -1.224490  -0.713220   3.520680
 -0.278850  -0.001060   2.513010   1.211960  -0.155000   2.948380
 -0.411350  -0.783140   1.143780  -0.278850  -0.001060   2.513010
  0.290460  -0.169510   0.077890  -0.411350  -0.783140   1.143780
  0.290460  -0.169510   0.077890  -0.017310  -0.694660  -0.859970
  0.290460  -0.169510   0.077890   0.009450   0.916740   0.032260
  0.290460  -0.169510   0.077890   1.386470  -0.298390   0.265340
