33 atoms follow (x y z r g b radiusScale)
 -0.083330  -0.085250  -0.030980   0.000000   1.000000   0.000000   1.850000
  0.966570  -0.352200  -0.320690   1.000000   1.000000   1.000000   1.200000
 -0.219260   1.027360   0.052510   1.000000   1.000000   1.000000   1.200000
 -0.788710  -0.510460  -0.791890   1.000000   1.000000   1.000000   1.200000
 -0.391770  -0.709020   1.195870   1.000000   0.000000   0.000000   1.400000
 -0.316070   0.141930   2.535630   0.500000   0.500000   0.500000   1.900000
  1.169760  -0.034280   3.015150   1.000000   0.000000   0.000000   1.400000
 -1.136900  -0.682440   3.588010   1.000000   0.000000   0.000000   1.400000
 -0.692900   1.569230   2.385720   1.000000   0.000000   0.000000   1.400000
 -1.185730   3.450170   1.868160   1.000000   1.000000   0.000000   1.850000
 -0.117890   3.899640   2.687220   1.000000   0.000000   0.000000   1.400000
 -2.457070   3.089430   2.267260   1.000000   0.000000   0.000000   1.400000
 -0.681630   3.156030   0.568430   1.000000   0.000000   0.000000   1.400000
 -1.601840   5.152080   1.443260   1.000000   0.000000   0.000000   1.400000
 -2.839560   5.772180   1.525150   0.000000   1.000000   0.000000   1.850000
 -3.477110   5.487110   0.647330   1.000000   1.000000   1.000000   1.200000
 -2.673970   6.882380   1.511080   1.000000   1.000000   1.000000   1.200000
 -3.370150   5.488180   2.470100   1.000000   1.000000   1.000000   1.200000
  0.908010   5.254380   0.508930   0.000000   0.000000   1.000000   1.540000
  0.859400   5.406080   1.533860   1.000000   1.000000   1.000000   1.200000
  1.677210   5.741500   0.076370   1.000000   1.000000   1.000000   1.200000
 -0.010820   5.548760   0.131890   1.000000   1.000000   1.000000   1.200000
  0.959760   4.222290   0.361650   1.000000   1.000000   1.000000   1.200000
  1.509250   2.311370   4.738220   0.000000   0.000000   1.000000   1.540000
  1.547690   0.634000   3.603620   1.000000   1.000000   1.000000   1.200000
  0.994360   2.875740   4.085200   1.000000   1.000000   1.000000   1.200000
  2.433240   2.678720   4.824340   1.000000   1.000000   1.000000   1.200000
  1.063110   2.362860   5.629590   1.000000   1.000000   1.000000   1.200000
 -3.523210   0.942930   3.713770   0.000000   0.000000   1.000000   1.540000
 -2.040050  -0.396810   3.804030   1.000000   1.000000   1.000000   1.200000
 -3.762600   1.109610   2.754840   1.000000   1.000000   1.000000   1.200000
 -3.042160   1.762890   4.035600   1.000000   1.000000   1.000000   1.200000
 -4.365710   0.841200   4.239670   1.000000   1.000000   1.000000   1.200000
28 bonds follow (x1 y1 z1 x2 y2 z2)
 -3.523210   0.942930   3.713770  -4.365710   0.841200   4.239670
 -3.523210   0.942930   3.713770  -3.042160   1.762890   4.035600
 -3.523210   0.942930   3.713770  -3.762600   1.109610   2.754840
 -1.136900  -0.682440   3.588010  -2.040050  -0.396810   3.804030
  1.509250   2.311370   4.738220   1.063110   2.362860   5.629590
  1.509250   2.311370   4.738220   2.433240   2.678720   4.824340
  1.509250   2.311370   4.738220   0.994360   2.875740   4.085200
  1.169760  -0.034280   3.015150   1.547690   0.634000   3.603620
  0.908010   5.254380   0.508930   0.959760   4.222290   0.361650
  0.908010   5.254380   0.508930  -0.010820   5.548760   0.131890
  0.908010   5.254380   0.508930   1.677210   5.741500   0.076370
  0.908010   5.254380   0.508930   0.859400   5.406080   1.533860
 -2.839560   5.772180   1.525150  -3.370150   5.488180   2.470100
 -2.839560   5.772180   1.525150  -2.673970   6.882380   1.511080
 -2.839560   5.772180   1.525150  -3.477110   5.487110   0.647330
 -1.601840   5.152080   1.443260  -2.839560   5.772180   1.525150
 -1.185730   3.450170   1.868160  -1.601840   5.152080   1.443260
 -1.185730   3.450170   1.868160  -0.681630   3.156030   0.568430
 -1.185730   3.450170   1.868160  -2.457070   3.089430   2.267260
 -1.185730   3.450170   1.868160  -0.117890   3.899640   2.687220
 -0.316070   0.141930   2.535630  -0.692900   1.569230   2.385720
 -0.316070   0.141930   2.535630  -1.136900  -0.682440   3.588010
 -0.316070   0.141930   2.535630   1.169760  -0.034280   3.015150
 -0.391770  -0.709020   1.195870  -0.316070   0.141930   2.535630
 -0.083330  -0.085250  -0.030980  -0.391770  -0.709020   1.195870
 -0.083330  -0.085250  -0.030980  -0.788710  -0.510460  -0.791890
 -0.083330  -0.085250  -0.030980  -0.219260   1.027360   0.052510
 -0.083330  -0.085250  -0.030980   0.966570  -0.352200  -0.320690
