33 atoms follow (x y z r g b radiusScale)
 -0.534460  -0.112510  -0.015780   0.000000   1.000000   0.000000   1.850000
  0.328670  -0.248820  -0.718900   1.000000   1.000000   1.000000   1.200000
 -0.765190   0.979010   0.121790   1.000000   1.000000   1.000000   1.200000
 -1.422570  -0.660450  -0.426850   1.000000   1.000000   1.000000   1.200000
 -0.190400  -0.719370   1.211520   1.000000   0.000000   0.000000   1.400000
 -0.153620   0.170290   2.529200   0.500000   0.500000   0.500000   1.900000
  1.317730  -0.004680   3.073750   1.000000   0.000000   0.000000   1.400000
 -1.102100  -0.614460   3.501260   1.000000   0.000000   0.000000   1.400000
 -0.581910   1.572840   2.308810   1.000000   0.000000   0.000000   1.400000
 -1.184900   3.441890   1.857120   1.000000   1.000000   0.000000   1.850000
 -0.097540   3.923780   2.618600   1.000000   0.000000   0.000000   1.400000
 -2.412880   3.176470   2.441030   1.000000   0.000000   0.000000   1.400000
 -0.789480   3.084360   0.539480   1.000000   0.000000   0.000000   1.400000
 -1.604010   5.090880   1.293250   1.000000   0.000000   0.000000   1.400000
 -2.524330   5.899610   1.933030   0.000000   1.000000   0.000000   1.850000
 -3.353260   5.295810   2.385750   1.000000   1.000000   1.000000   1.200000
 -2.956050   6.610470   1.179990   1.000000   1.000000   1.000000   1.200000
 -2.016800   6.491730   2.742250   1.000000   1.000000   1.000000   1.200000
  0.891740   5.140250   0.296820   0.000000   0.000000   1.000000   1.540000
  1.045340   5.023360   1.306840   1.000000   1.000000   1.000000   1.200000
  1.664730   5.597300  -0.161510   1.000000   1.000000   1.000000   1.200000
  0.001410   5.664460   0.196450   1.000000   1.000000   1.000000   1.200000
  0.706130   4.187420  -0.089570   1.000000   1.000000   1.000000   1.200000
  1.073340   2.422750   4.972620   0.000000   0.000000   1.000000   1.540000
  1.570380   0.522410   3.838000   1.000000   1.000000   1.000000   1.200000
  0.852500   3.056780   4.225770   1.000000   1.000000   1.000000   1.200000
  1.859750   2.775080   5.476200   1.000000   1.000000   1.000000   1.200000
  0.294410   2.377690   5.596260   1.000000   1.000000   1.000000   1.200000
 -3.638180   0.767780   3.487930   0.000000   0.000000   1.000000   1.540000
 -2.027150  -0.314460   3.579490   1.000000   1.000000   1.000000   1.200000
 -3.868230   0.867170   2.519890   1.000000   1.000000   1.000000   1.200000
 -3.355050   1.670580   3.822630   1.000000   1.000000   1.000000   1.200000
 -4.451250   0.468560   3.983620   1.000000   1.000000   1.000000   1.200000
28 bonds follow (x1 y1 z1 x2 y2 z2)
 -3.638180   0.767780   3.487930  -4.451250   0.468560   3.983620
 -3.638180   0.767780   3.487930  -3.355050   1.670580   3.822630
 -3.638180   0.767780   3.487930  -3.868230   0.867170   2.519890
 -1.102100  -0.614460   3.501260  -2.027150  -0.314460   3.579490
  1.073340   2.422750   4.972620   0.294410   2.377690   5.596260
  1.073340   2.422750   4.972620   1.859750   2.775080   5.476200
  1.073340   2.422750   4.972620   0.852500   3.056780   4.225770
  1.317730  -0.004680   3.073750   1.570380   0.522410   3.838000
  0.891740   5.140250   0.296820   0.706130   4.187420  -0.089570
  0.891740   5.140250   0.296820   0.001410   5.664460   0.196450
  0.891740   5.140250   0.296820   1.664730   5.597300  -0.161510
  0.891740   5.140250   0.296820   1.045340   5.023360   1.306840
 -2.524330   5.899610   1.933030  -2.016800   6.491730   2.742250
 -2.524330   5.899610   1.933030  -2.956050   6.610470   1.179990
 -2.524330   5.899610   1.933030  -3.353260   5.295810   2.385750
 -1.604010   5.090880   1.293250  -2.524330   5.899610   1.933030
 -1.184900   3.441890   1.857120  -1.604010   5.090880   1.293250
 -1.184900   3.441890   1.857120  -0.789480   3.084360   0.539480
 -1.184900   3.441890   1.857120  -2.412880   3.176470   2.441030
 -1.184900   3.441890   1.857120  -0.097540   3.923780   2.618600
 -0.153620   0.170290   2.529200  -0.581910   1.572840   2.308810
 -0.153620   0.170290   2.529200  -1.102100  -0.614460   3.501260
 -0.153620   0.170290   2.529200   1.317730  -0.004680   3.073750
 -0.190400  -0.719370   1.211520  -0.153620   0.170290   2.529200
 -0.534460  -0.112510  -0.015780  -0.190400  -0.719370   1.211520
 -0.534460  -0.112510  -0.015780  -1.422570  -0.660450  -0.426850
 -0.534460  -0.112510  -0.015780  -0.765190   0.979010   0.121790
 -0.534460  -0.112510  -0.015780   0.328670  -0.248820  -0.718900
