33 atoms follow (x y z r g b radiusScale)
 -0.518170  -0.253100  -0.035600   0.000000   1.000000   0.000000   1.850000
  0.318180  -0.483340  -0.745970   1.000000   1.000000   1.000000   1.200000
 -0.700740   0.854800   0.019480   1.000000   1.000000   1.000000   1.200000
 -1.436920  -0.803020  -0.370610   1.000000   1.000000   1.000000   1.200000
 -0.141630  -0.759570   1.226990   1.000000   0.000000   0.000000   1.400000
 -0.236960   0.149600   2.528170   0.500000   0.500000   0.500000   1.900000
  1.203300   0.053710   3.151840   1.000000   0.000000   0.000000   1.400000
 -1.146490  -0.570890   3.586470   1.000000   0.000000   0.000000   1.400000
 -0.631040   1.559020   2.278130   1.000000   0.000000   0.000000   1.400000
 -1.190700   3.420430   1.761670   1.000000   1.000000   0.000000   1.850000
 -0.115890   3.867150   2.586240   1.000000   0.000000   0.000000   1.400000
 -2.451340   3.090180   2.236300   1.000000   0.000000   0.000000   1.400000
 -0.740910   3.131440   0.445410   1.000000   0.000000   0.000000   1.400000
 -1.575000   5.115790   1.355730   1.000000   0.000000   0.000000   1.400000
 -2.619540   5.759490   2.000430   0.000000   1.000000   0.000000   1.850000
 -3.602090   5.311010   1.700470   1.000000   1.000000   1.000000   1.200000
 -2.598840   6.841600   1.708110   1.000000   1.000000   1.000000   1.200000
 -2.505500   5.674100   3.113830   1.000000   1.000000   1.000000   1.200000
  0.915480   5.326480   0.503610   0.000000   0.000000   1.000000   1.540000
  1.009600   4.838050   1.414550   1.000000   1.000000   1.000000   1.200000
  1.798310   5.695530   0.189490   1.000000   1.000000   1.000000   1.200000
  0.205570   6.063030   0.642200   1.000000   1.000000   1.000000   1.200000
  0.503180   4.631700  -0.160860   1.000000   1.000000   1.000000   1.200000
  1.277520   2.437640   4.907480   0.000000   0.000000   1.000000   1.540000
  1.422510   0.689670   3.849260   1.000000   1.000000   1.000000   1.200000
  0.896320   3.003140   4.169890   1.000000   1.000000   1.000000   1.200000
  2.126190   2.849680   5.231500   1.000000   1.000000   1.000000   1.200000
  0.627790   2.408650   5.664600   1.000000   1.000000   1.000000   1.200000
 -3.501910   0.893150   3.581350   0.000000   0.000000   1.000000   1.540000
 -2.077190  -0.303880   3.708150   1.000000   1.000000   1.000000   1.200000
 -3.556490   1.141240   2.609930   1.000000   1.000000   1.000000   1.200000
 -3.076420   1.671680   4.050600   1.000000   1.000000   1.000000   1.200000
 -4.430180   0.781990   3.930440   1.000000   1.000000   1.000000   1.200000
28 bonds follow (x1 y1 z1 x2 y2 z2)
 -3.501910   0.893150   3.581350  -4.430180   0.781990   3.930440
 -3.501910   0.893150   3.581350  -3.076420   1.671680   4.050600
 -3.501910   0.893150   3.581350  -3.556490   1.141240   2.609930
 -1.146490  -0.570890   3.586470  -2.077190  -0.303880   3.708150
  1.277520   2.437640   4.907480   0.627790   2.408650   5.664600
  1.277520   2.437640   4.907480   2.126190   2.849680   5.231500
  1.277520   2.437640   4.907480   0.896320   3.003140   4.169890
  1.203300   0.053710   3.151840   1.422510   0.689670   3.849260
  0.915480   5.326480   0.503610   0.503180   4.631700  -0.160860
  0.915480   5.326480   0.503610   0.205570   6.063030   0.642200
  0.915480   5.326480   0.503610   1.798310   5.695530   0.189490
  0.915480   5.326480   0.503610   1.009600   4.838050   1.414550
 -2.619540   5.759490   2.000430  -2.505500   5.674100   3.113830
 -2.619540   5.759490   2.000430  -2.598840   6.841600   1.708110
 -2.619540   5.759490   2.000430  -3.602090   5.311010   1.700470
 -1.575000   5.115790   1.355730  -2.619540   5.759490   2.000430
 -1.190700   3.420430   1.761670  -1.575000   5.115790   1.355730
 -1.190700   3.420430   1.761670  -0.740910   3.131440   0.445410
 -1.190700   3.420430   1.761670  -2.451340   3.090180   2.236300
 -1.190700   3.420430   1.761670  -0.115890   3.867150   2.586240
 -0.236960   0.149600   2.528170  -0.631040   1.559020   2.278130
 -0.236960   0.149600   2.528170  -1.146490  -0.570890   3.586470
 -0.236960   0.149600   2.528170   1.203300   0.053710   3.151840
 -0.141630  -0.759570   1.226990  -0.236960   0.149600   2.528170
 -0.518170  -0.253100  -0.035600  -0.141630  -0.759570   1.226990
 -0.518170  -0.253100  -0.035600  -1.436920  -0.803020  -0.370610
 -0.518170  -0.253100  -0.035600  -0.700740   0.854800   0.019480
 -0.518170  -0.253100  -0.035600   0.318180  -0.483340  -0.745970
