33 atoms follow (x y z r g b radiusScale)
 -0.011000   0.006540  -0.011510   0.000000   1.000000   0.000000   1.850000
  1.107780  -0.014910  -0.031480   1.000000   1.000000   1.000000   1.200000
 -0.396190   1.063720  -0.004390   1.000000   1.000000   1.000000   1.200000
 -0.421500  -0.562760  -0.882810   1.000000   1.000000   1.000000   1.200000
 -0.450350  -0.666650   1.149540   1.000000   0.000000   0.000000   1.400000
 -0.321520   0.152500   2.506580   0.500000   0.500000   0.500000   1.900000
  1.157770  -0.090890   2.986700   1.000000   0.000000   0.000000   1.400000
 -1.228710  -0.615220   3.529100   1.000000   0.000000   0.000000   1.400000
 -0.603330   1.598900   2.338690   1.000000   0.000000   0.000000   1.400000
 -1.185460   3.472700   1.961690   1.000000   1.000000   0.000000   1.850000
 -0.056920   3.879900   2.727560   1.000000   0.000000   0.000000   1.400000
 -2.413330   3.152920   2.527530   1.000000   0.000000   0.000000   1.400000
 -0.895310   3.185060   0.594290   1.000000   0.000000   0.000000   1.400000
 -1.536740   5.159980   1.530050   1.000000   0.000000   0.000000   1.400000
 -2.819650   5.458890   1.099000   0.000000   1.000000   0.000000   1.850000
 -2.928000   5.192320   0.013290   1.000000   1.000000   1.000000   1.200000
 -2.986490   6.559870   1.226670   1.000000   1.000000   1.000000   1.200000
 -3.589810   4.901100   1.693480   1.000000   1.000000   1.000000   1.200000
  0.958800   5.310140   0.516990   0.000000   0.000000   1.000000   1.540000
  0.850230   5.167040   1.552230   1.000000   1.000000   1.000000   1.200000
  0.676200   6.262850   0.282910   1.000000   1.000000   1.000000   1.200000
  0.280260   4.634290   0.077910   1.000000   1.000000   1.000000   1.200000
  1.903660   5.118370   0.223010   1.000000   1.000000   1.000000   1.200000
  1.597410   2.266000   4.684390   0.000000   0.000000   1.000000   1.540000
  1.523680   0.531800   3.633160   1.000000   1.000000   1.000000   1.200000
  1.111470   2.895810   4.071720   1.000000   1.000000   1.000000   1.200000
  2.534490   2.584850   4.808730   1.000000   1.000000   1.000000   1.200000
  1.142680   2.260380   5.572850   1.000000   1.000000   1.000000   1.200000
 -3.625990   0.925240   3.790920   0.000000   0.000000   1.000000   1.540000
 -2.134510  -0.291810   3.697770   1.000000   1.000000   1.000000   1.200000
 -3.847520   1.191970   2.850980   1.000000   1.000000   1.000000   1.200000
 -3.198880   1.721910   4.225360   1.000000   1.000000   1.000000   1.200000
 -4.471110   0.704670   4.273690   1.000000   1.000000   1.000000   1.200000
28 bonds follow (x1 y1 z1 x2 y2 z2)
 -3.625990   0.925240   3.790920  -4.471110   0.704670   4.273690
 -3.625990   0.925240   3.790920  -3.198880   1.721910   4.225360
 -3.625990   0.925240   3.790920  -3.847520   1.191970   2.850980
 -1.228710  -0.615220   3.529100  -2.134510  -0.291810   3.697770
  1.597410   2.266000   4.684390   1.142680   2.260380   5.572850
  1.597410   2.266000   4.684390   2.534490   2.584850   4.808730
  1.597410   2.266000   4.684390   1.111470   2.895810   4.071720
  1.157770  -0.090890   2.986700   1.523680   0.531800   3.633160
  0.958800   5.310140   0.516990   1.903660   5.118370   0.223010
  0.958800   5.310140   0.516990   0.280260   4.634290   0.077910
  0.958800   5.310140   0.516990   0.676200   6.262850   0.282910
  0.958800   5.310140   0.516990   0.850230   5.167040   1.552230
 -2.819650   5.458890   1.099000  -3.589810   4.901100   1.693480
 -2.819650   5.458890   1.099000  -2.986490   6.559870   1.226670
 -2.819650   5.458890   1.099000  -2.928000   5.192320   0.013290
 -1.536740   5.159980   1.530050  -2.819650   5.458890   1.099000
 -1.185460   3.472700   1.961690  -1.536740   5.159980   1.530050
 -1.185460   3.472700   1.961690  -0.895310   3.185060   0.594290
 -1.185460   3.472700   1.961690  -2.413330   3.152920   2.527530
 -1.185460   3.472700   1.961690  -0.056920   3.879900   2.727560
 -0.321520   0.152500   2.506580  -0.603330   1.598900   2.338690
 -0.321520   0.152500   2.506580  -1.228710  -0.615220   3.529100
 -0.321520   0.152500   2.506580   1.157770  -0.090890   2.986700
 -0.450350  -0.666650   1.149540  -0.321520   0.152500   2.506580
 -0.011000   0.006540  -0.011510  -0.450350  -0.666650   1.149540
 -0.011000   0.006540  -0.011510  -0.421500  -0.562760  -0.882810
 -0.011000   0.006540  -0.011510  -0.396190   1.063720  -0.004390
 -0.011000   0.006540  -0.011510   1.107780  -0.014910  -0.031480
