33 atoms follow (x y z r g b radiusScale)
 -0.169180  -0.127530  -0.039190   0.000000   1.000000   0.000000   1.850000
  0.791150  -0.494470  -0.487500   1.000000   1.000000   1.000000   1.200000
 -0.179090   0.992330   0.057710   1.000000   1.000000   1.000000   1.200000
 -1.022340  -0.466910  -0.683760   1.000000   1.000000   1.000000   1.200000
 -0.330020  -0.744780   1.220910   1.000000   0.000000   0.000000   1.400000
 -0.252220   0.161210   2.521450   0.500000   0.500000   0.500000   1.900000
  1.228640   0.007170   3.042270   1.000000   0.000000   0.000000   1.400000
 -1.191110  -0.511810   3.573650   1.000000   0.000000   0.000000   1.400000
 -0.660600   1.564190   2.256340   1.000000   0.000000   0.000000   1.400000
 -1.210140   3.401910   1.818420   1.000000   1.000000   0.000000   1.850000
 -0.145390   3.826420   2.665500   1.000000   0.000000   0.000000   1.400000
 -2.456720   3.120980   2.353920   1.000000   0.000000   0.000000   1.400000
 -0.742710   3.121050   0.511680   1.000000   0.000000   0.000000   1.400000
 -1.586140   5.084710   1.303100   1.000000   0.000000   0.000000   1.400000
 -2.751230   5.724380   1.680930   0.000000   1.000000   0.000000   1.850000
 -3.575460   5.486140   0.958370   1.000000   1.000000   1.000000   1.200000
 -2.569080   6.831850   1.675220   1.000000   1.000000   1.000000   1.200000
 -3.069480   5.409700   2.709720   1.000000   1.000000   1.000000   1.200000
  0.934330   5.286130   0.630880   0.000000   0.000000   1.000000   1.540000
  1.114860   4.661700   1.439760   1.000000   1.000000   1.000000   1.200000
  1.779960   5.714310   0.282020   1.000000   1.000000   1.000000   1.200000
  0.245870   5.976370   0.953770   1.000000   1.000000   1.000000   1.200000
  0.449330   4.701310  -0.083360   1.000000   1.000000   1.000000   1.200000
  1.474340   2.362000   4.786400   0.000000   0.000000   1.000000   1.540000
  1.556320   0.683630   3.654380   1.000000   1.000000   1.000000   1.200000
  0.942300   2.907880   4.131060   1.000000   1.000000   1.000000   1.200000
  2.383140   2.764340   4.877510   1.000000   1.000000   1.000000   1.200000
  1.021490   2.396360   5.675300   1.000000   1.000000   1.000000   1.200000
 -3.601340   0.953090   3.724740   0.000000   0.000000   1.000000   1.540000
 -2.088930  -0.143440   3.716720   1.000000   1.000000   1.000000   1.200000
 -3.800560   1.134240   2.759680   1.000000   1.000000   1.000000   1.200000
 -3.198630   1.791290   4.101190   1.000000   1.000000   1.000000   1.200000
 -4.455280   0.758210   4.202370   1.000000   1.000000   1.000000   1.200000
28 bonds follow (x1 y1 z1 x2 y2 z2)
 -3.601340   0.953090   3.724740  -4.455280   0.758210   4.202370
 -3.601340   0.953090   3.724740  -3.198630   1.791290   4.101190
 -3.601340   0.953090   3.724740  -3.800560   1.134240   2.759680
 -1.191110  -0.511810   3.573650  -2.088930  -0.143440   3.716720
  1.474340   2.362000   4.786400   1.021490   2.396360   5.675300
  1.474340   2.362000   4.786400   2.383140   2.764340   4.877510
  1.474340   2.362000   4.786400   0.942300   2.907880   4.131060
  1.228640   0.007170   3.042270   1.556320   0.683630   3.654380
  0.934330   5.286130   0.630880   0.449330   4.701310  -0.083360
  0.934330   5.286130   0.630880   0.245870   5.976370   0.953770
  0.934330   5.286130   0.630880   1.779960   5.714310   0.282020
  0.934330   5.286130   0.630880   1.114860   4.661700   1.439760
 -2.751230   5.724380   1.680930  -3.069480   5.409700   2.709720
 -2.751230   5.724380   1.680930  -2.569080   6.831850   1.675220
 -2.751230   5.724380   1.680930  -3.575460   5.486140   0.958370
 -1.586140   5.084710   1.303100  -2.751230   5.724380   1.680930
 -1.210140   3.401910   1.818420  -1.586140   5.084710   1.303100
 -1.210140   3.401910   1.818420  -0.742710   3.121050   0.511680
 -1.210140   3.401910   1.818420  -2.456720   3.120980   2.353920
 -1.210140   3.401910   1.818420  -0.145390   3.826420   2.665500
 -0.252220   0.161210   2.521450  -0.660600   1.564190   2.256340
 -0.252220   0.161210   2.521450  -1.191110  -0.511810   3.573650
 -0.252220   0.161210   2.521450   1.228640   0.007170   3.042270
 -0.330020  -0.744780   1.220910  -0.252220   0.161210   2.521450
 -0.169180  -0.127530  -0.039190  -0.330020  -0.744780   1.220910
 -0.169180  -0.127530  -0.039190  -1.022340  -0.466910  -0.683760
 -0.169180  -0.127530  -0.039190  -0.179090   0.992330   0.057710
 -0.169180  -0.127530  -0.039190   0.791150  -0.494470  -0.487500
