33 atoms follow (x y z r g b radiusScale)
 -0.486590  -0.090010  -0.046200   0.000000   1.000000   0.000000   1.850000
  0.437040  -0.112590  -0.683010   1.000000   1.000000   1.000000   1.200000
 -0.831630   0.966300   0.112650   1.000000   1.000000   1.000000   1.200000
 -1.282090  -0.702260  -0.546850   1.000000   1.000000   1.000000   1.200000
 -0.191720  -0.712570   1.185430   1.000000   0.000000   0.000000   1.400000
 -0.193060   0.151630   2.526600   0.500000   0.500000   0.500000   1.900000
  1.270210  -0.056320   3.065790   1.000000   0.000000   0.000000   1.400000
 -1.074740  -0.612330   3.572590   1.000000   0.000000   0.000000   1.400000
 -0.586450   1.570610   2.376780   1.000000   0.000000   0.000000   1.400000
 -1.193650   3.467070   1.865560   1.000000   1.000000   0.000000   1.850000
 -0.044330   3.951080   2.543950   1.000000   0.000000   0.000000   1.400000
 -2.387010   3.114380   2.458820   1.000000   0.000000   0.000000   1.400000
 -0.871180   3.103210   0.535720   1.000000   0.000000   0.000000   1.400000
 -1.606010   5.120450   1.322860   1.000000   0.000000   0.000000   1.400000
 -2.550390   5.942850   1.910990   0.000000   1.000000   0.000000   1.850000
 -3.252410   5.351240   2.555350   1.000000   1.000000   1.000000   1.200000
 -3.135280   6.458970   1.104590   1.000000   1.000000   1.000000   1.200000
 -2.037380   6.719710   2.539300   1.000000   1.000000   1.000000   1.200000
  0.895510   5.088430   0.303330   0.000000   0.000000   1.000000   1.540000
  1.225900   4.528940   1.123460   1.000000   1.000000   1.000000   1.200000
  1.656080   5.533430  -0.180310   1.000000   1.000000   1.000000   1.200000
  0.199130   5.765320   0.673350   1.000000   1.000000   1.000000   1.200000
  0.362830   4.444230  -0.297960   1.000000   1.000000   1.000000   1.200000
  1.045140   2.450230   5.013430   0.000000   0.000000   1.000000   1.540000
  1.515350   0.392300   3.877290   1.000000   1.000000   1.000000   1.200000
  0.933380   2.915150   4.129830   1.000000   1.000000   1.000000   1.200000
  1.851740   2.822870   5.469590   1.000000   1.000000   1.000000   1.200000
  0.245400   2.654750   5.576120   1.000000   1.000000   1.000000   1.200000
 -3.527450   0.749540   3.412490   0.000000   0.000000   1.000000   1.540000
 -2.010080  -0.353420   3.682040   1.000000   1.000000   1.000000   1.200000
 -3.765200   0.846330   2.446040   1.000000   1.000000   1.000000   1.200000
 -3.122650   1.618720   3.713380   1.000000   1.000000   1.000000   1.200000
 -4.363400   0.588840   3.933350   1.000000   1.000000   1.000000   1.200000
28 bonds follow (x1 y1 z1 x2 y2 z2)
 -3.527450   0.749540   3.412490  -4.363400   0.588840   3.933350
 -3.527450   0.749540   3.412490  -3.122650   1.618720   3.713380
 -3.527450   0.749540   3.412490  -3.765200   0.846330   2.446040
 -1.074740  -0.612330   3.572590  -2.010080  -0.353420   3.682040
  1.045140   2.450230   5.013430   0.245400   2.654750   5.576120
  1.045140   2.450230   5.013430   1.851740   2.822870   5.469590
  1.045140   2.450230   5.013430   0.933380   2.915150   4.129830
  1.270210  -0.056320   3.065790   1.515350   0.392300   3.877290
  0.895510   5.088430   0.303330   0.362830   4.444230  -0.297960
  0.895510   5.088430   0.303330   0.199130   5.765320   0.673350
  0.895510   5.088430   0.303330   1.656080   5.533430  -0.180310
  0.895510   5.088430   0.303330   1.225900   4.528940   1.123460
 -2.550390   5.942850   1.910990  -2.037380   6.719710   2.539300
 -2.550390   5.942850   1.910990  -3.135280   6.458970   1.104590
 -2.550390   5.942850   1.910990  -3.252410   5.351240   2.555350
 -1.606010   5.120450   1.322860  -2.550390   5.942850   1.910990
 -1.193650   3.467070   1.865560  -1.606010   5.120450   1.322860
 -1.193650   3.467070   1.865560  -0.871180   3.103210   0.535720
 -1.193650   3.467070   1.865560  -2.387010   3.114380   2.458820
 -1.193650   3.467070   1.865560  -0.044330   3.951080   2.543950
 -0.193060   0.151630   2.526600  -0.586450   1.570610   2.376780
 -0.193060   0.151630   2.526600  -1.074740  -0.612330   3.572590
 -0.193060   0.151630   2.526600   1.270210  -0.056320   3.065790
 -0.191720  -0.712570   1.185430  -0.193060   0.151630   2.526600
 -0.486590  -0.090010  -0.046200  -0.191720  -0.712570   1.185430
 -0.486590  -0.090010  -0.046200  -1.282090  -0.702260  -0.546850
 -0.486590  -0.090010  -0.046200  -0.831630   0.966300   0.112650
 -0.486590  -0.090010  -0.046200   0.437040  -0.112590  -0.683010
