33 atoms follow (x y z r g b radiusScale)
 -0.251670  -0.172780  -0.066240   0.000000   1.000000   0.000000   1.850000
  0.687210  -0.499370  -0.585790   1.000000   1.000000   1.000000   1.200000
 -0.316740   0.947370  -0.001990   1.000000   1.000000   1.000000   1.200000
 -1.134940  -0.589710  -0.618490   1.000000   1.000000   1.000000   1.200000
 -0.252610  -0.754020   1.222110   1.000000   0.000000   0.000000   1.400000
 -0.252690   0.178200   2.502260   0.500000   0.500000   0.500000   1.900000
  1.210790   0.048120   3.062390   1.000000   0.000000   0.000000   1.400000
 -1.161480  -0.479370   3.597890   1.000000   0.000000   0.000000   1.400000
 -0.660160   1.576180   2.220770   1.000000   0.000000   0.000000   1.400000
 -1.192130   3.370240   1.806260   1.000000   1.000000   0.000000   1.850000
 -0.104190   3.854710   2.601660   1.000000   0.000000   0.000000   1.400000
 -2.441320   3.050990   2.324660   1.000000   0.000000   0.000000   1.400000
 -0.726530   3.120560   0.480740   1.000000   0.000000   0.000000   1.400000
 -1.615520   5.038870   1.328040   1.000000   0.000000   0.000000   1.400000
 -2.710180   5.761770   1.758610   0.000000   1.000000   0.000000   1.850000
 -3.605410   5.526710   1.124820   1.000000   1.000000   1.000000   1.200000
 -2.471170   6.854960   1.662260   1.000000   1.000000   1.000000   1.200000
 -2.950400   5.528030   2.829300   1.000000   1.000000   1.000000   1.200000
  0.932440   5.276490   0.683370   0.000000   0.000000   1.000000   1.540000
  1.328110   4.513670   1.249630   1.000000   1.000000   1.000000   1.200000
  1.614440   5.723480   0.099790   1.000000   1.000000   1.000000   1.200000
  0.462690   5.923890   1.336070   1.000000   1.000000   1.000000   1.200000
  0.157130   4.838270   0.110070   1.000000   1.000000   1.000000   1.200000
  1.440270   2.415190   4.800870   0.000000   0.000000   1.000000   1.540000
  1.470160   0.628620   3.792880   1.000000   1.000000   1.000000   1.200000
  0.881790   3.058030   4.268310   1.000000   1.000000   1.000000   1.200000
  2.334300   2.819100   4.978890   1.000000   1.000000   1.000000   1.200000
  0.993990   2.226760   5.673470   1.000000   1.000000   1.000000   1.200000
 -3.673960   0.970010   3.726540   0.000000   0.000000   1.000000   1.540000
 -2.080390  -0.167600   3.705310   1.000000   1.000000   1.000000   1.200000
 -3.882070   1.232820   2.782430   1.000000   1.000000   1.000000   1.200000
 -3.316530   1.785710   4.184850   1.000000   1.000000   1.000000   1.200000
 -4.513780   0.680000   4.180870   1.000000   1.000000   1.000000   1.200000
29 bonds follow (x1 y1 z1 x2 y2 z2)
 -3.673960   0.970010   3.726540  -4.513780   0.680000   4.180870
 -3.673960   0.970010   3.726540  -3.316530   1.785710   4.184850
 -3.673960   0.970010   3.726540  -3.882070   1.232820   2.782430
 -1.161480  -0.479370   3.597890  -2.080390  -0.167600   3.705310
  1.440270   2.415190   4.800870   0.993990   2.226760   5.673470
  1.440270   2.415190   4.800870   2.334300   2.819100   4.978890
  1.440270   2.415190   4.800870   0.881790   3.058030   4.268310
  1.210790   0.048120   3.062390   1.470160   0.628620   3.792880
  0.932440   5.276490   0.683370   0.157130   4.838270   0.110070
  0.932440   5.276490   0.683370   0.462690   5.923890   1.336070
  0.932440   5.276490   0.683370   1.614440   5.723480   0.099790
  0.932440   5.276490   0.683370   1.328110   4.513670   1.249630
 -2.710180   5.761770   1.758610  -2.950400   5.528030   2.829300
 -2.710180   5.761770   1.758610  -2.471170   6.854960   1.662260
 -2.710180   5.761770   1.758610  -3.605410   5.526710   1.124820
 -1.615520   5.038870   1.328040  -2.710180   5.761770   1.758610
 -1.192130   3.370240   1.806260  -1.615520   5.038870   1.328040
 -1.192130   3.370240   1.806260  -0.726530   3.120560   0.480740
 -1.192130   3.370240   1.806260  -2.441320   3.050990   2.324660
 -1.192130   3.370240   1.806260  -0.104190   3.854710   2.601660
 -0.660160   1.576180   2.220770  -1.192130   3.370240   1.806260
 -0.252690   0.178200   2.502260  -0.660160   1.576180   2.220770
 -0.252690   0.178200   2.502260  -1.161480  -0.479370   3.597890
 -0.252690   0.178200   2.502260   1.210790   0.048120   3.062390
 -0.252610  -0.754020   1.222110  -0.252690   0.178200   2.502260
 -0.251670  -0.172780  -0.066240  -0.252610  -0.754020   1.222110
 -0.251670  -0.172780  -0.066240  -1.134940  -0.589710  -0.618490
 -0.251670  -0.172780  -0.066240  -0.316740   0.947370  -0.001990
 -0.251670  -0.172780  -0.066240   0.687210  -0.499370  -0.585790
