33 atoms follow (x y z r g b radiusScale)
  0.360070  -0.149920   0.076030   0.000000   1.000000   0.000000   1.850000
  1.441270  -0.257470   0.343590   1.000000   1.000000   1.000000   1.200000
  0.080480   0.927080  -0.063450   1.000000   1.000000   1.000000   1.200000
  0.114320  -0.753650  -0.833710   1.000000   1.000000   1.000000   1.200000
 -0.419150  -0.690820   1.125850   1.000000   0.000000   0.000000   1.400000
 -0.301800   0.016960   2.530670   0.500000   0.500000   0.500000   1.900000
  1.177700  -0.142100   2.992470   1.000000   0.000000   0.000000   1.400000
 -1.187390  -0.776510   3.533240   1.000000   0.000000   0.000000   1.400000
 -0.713740   1.465200   2.422960   1.000000   0.000000   0.000000   1.400000
 -1.164370   3.216030   2.185420   1.000000   1.000000   0.000000   1.850000
 -0.428460   3.674200   3.251760   1.000000   0.000000   0.000000   1.400000
 -2.516020   3.089220   2.364280   1.000000   0.000000   0.000000   1.400000
 -0.654980   3.283970   0.912860   1.000000   0.000000   0.000000   1.400000
 -2.441850   6.425880   1.412300   1.000000   0.000000   0.000000   1.400000
 -3.766100   6.223250   0.958730   0.000000   1.000000   0.000000   1.850000
 -4.126980   7.089180   0.345770   1.000000   1.000000   1.000000   1.200000
 -4.454510   6.045940   1.817710   1.000000   1.000000   1.000000   1.200000
 -3.715450   5.287000   0.327340   1.000000   1.000000   1.000000   1.200000
  2.403550   5.050680  -0.226120   0.000000   0.000000   1.000000   1.540000
  2.026160   5.636630   0.492500   1.000000   1.000000   1.000000   1.200000
 -2.494800   6.998470   2.057460   1.000000   1.000000   1.000000   1.200000
  2.130130   5.444360  -1.106330   1.000000   1.000000   1.000000   1.200000
  1.965960   4.150450  -0.148150   1.000000   1.000000   1.000000   1.200000
  1.829680   2.175370   4.324800   0.000000   0.000000   1.000000   1.540000
  1.625380   0.591630   3.476390   1.000000   1.000000   1.000000   1.200000
  1.526020   2.882450   3.680060   1.000000   1.000000   1.000000   1.200000
  2.799050   2.305930   4.525080   1.000000   1.000000   1.000000   1.200000
  1.304130   2.277200   5.168110   1.000000   1.000000   1.000000   1.200000
 -3.548760   0.731110   3.793470   0.000000   0.000000   1.000000   1.540000
 -2.088230  -0.433770   3.727930   1.000000   1.000000   1.000000   1.200000
 -3.692320   1.259370   2.952580   1.000000   1.000000   1.000000   1.200000
 -3.354580   1.373520   4.534010   1.000000   1.000000   1.000000   1.200000
 -4.376670   0.219310   4.015840   1.000000   1.000000   1.000000   1.200000
28 bonds follow (x1 y1 z1 x2 y2 z2)
 -3.548760   0.731110   3.793470  -4.376670   0.219310   4.015840
 -3.548760   0.731110   3.793470  -3.354580   1.373520   4.534010
 -3.548760   0.731110   3.793470  -3.692320   1.259370   2.952580
 -1.187390  -0.776510   3.533240  -2.088230  -0.433770   3.727930
  1.829680   2.175370   4.324800   1.304130   2.277200   5.168110
  1.829680   2.175370   4.324800   2.799050   2.305930   4.525080
  1.829680   2.175370   4.324800   1.526020   2.882450   3.680060
  1.177700  -0.142100   2.992470   1.625380   0.591630   3.476390
  2.403550   5.050680  -0.226120   1.965960   4.150450  -0.148150
  2.403550   5.050680  -0.226120   2.130130   5.444360  -1.106330
 -2.441850   6.425880   1.412300  -2.494800   6.998470   2.057460
  2.403550   5.050680  -0.226120   2.026160   5.636630   0.492500
 -3.766100   6.223250   0.958730  -3.715450   5.287000   0.327340
 -3.766100   6.223250   0.958730  -4.454510   6.045940   1.817710
 -3.766100   6.223250   0.958730  -4.126980   7.089180   0.345770
 -2.441850   6.425880   1.412300  -3.766100   6.223250   0.958730
 -1.164370   3.216030   2.185420  -0.654980   3.283970   0.912860
 -1.164370   3.216030   2.185420  -2.516020   3.089220   2.364280
 -1.164370   3.216030   2.185420  -0.428460   3.674200   3.251760
 -0.713740   1.465200   2.422960  -1.164370   3.216030   2.185420
 -0.301800   0.016960   2.530670  -0.713740   1.465200   2.422960
 -0.301800   0.016960   2.530670  -1.187390  -0.776510   3.533240
 -0.301800   0.016960   2.530670   1.177700  -0.142100   2.992470
 -0.419150  -0.690820   1.125850  -0.301800   0.016960   2.530670
  0.360070  -0.149920   0.076030  -0.419150  -0.690820   1.125850
  0.360070  -0.149920   0.076030   0.114320  -0.753650  -0.833710
  0.360070  -0.149920   0.076030   0.080480   0.927080  -0.063450
  0.360070  -0.149920   0.076030   1.441270  -0.257470   0.343590
