33 atoms follow (x y z r g b radiusScale)
 -0.039720   0.036250  -0.034200   0.000000   1.000000   0.000000   1.850000
  1.072150  -0.028370  -0.147690   1.000000   1.000000   1.000000   1.200000
 -0.383370   1.105000   0.017390   1.000000   1.000000   1.000000   1.200000
 -0.535650  -0.503070  -0.881020   1.000000   1.000000   1.000000   1.200000
 -0.419750  -0.648060   1.142920   1.000000   0.000000   0.000000   1.400000
 -0.325640   0.144140   2.515470   0.500000   0.500000   0.500000   1.900000
  1.177260  -0.050620   2.932430   1.000000   0.000000   0.000000   1.400000
 -1.217930  -0.628540   3.549150   1.000000   0.000000   0.000000   1.400000
 -0.626760   1.596230   2.412600   1.000000   0.000000   0.000000   1.400000
 -1.183990   3.421210   1.951090   1.000000   1.000000   0.000000   1.850000
 -0.084800   3.922520   2.701950   1.000000   0.000000   0.000000   1.400000
 -2.419600   3.120290   2.505890   1.000000   0.000000   0.000000   1.400000
 -0.757150   3.109030   0.625890   1.000000   0.000000   0.000000   1.400000
 -1.588980   5.067570   1.378260   1.000000   0.000000   0.000000   1.400000
 -2.832610   5.650160   1.233250   0.000000   1.000000   0.000000   1.850000
 -3.256860   5.413670   0.220800   1.000000   1.000000   1.000000   1.200000
 -2.711910   6.763240   1.322360   1.000000   1.000000   1.000000   1.200000
 -3.541480   5.289470   2.022870   1.000000   1.000000   1.000000   1.200000
  0.930910   5.269430   0.546340   0.000000   0.000000   1.000000   1.540000
  0.721250   5.310990   1.574280   1.000000   1.000000   1.000000   1.200000
  1.132650   6.191640   0.180520   1.000000   1.000000   1.000000   1.200000
  0.045740   4.884480   0.119630   1.000000   1.000000   1.000000   1.200000
  1.687520   4.615170   0.380900   1.000000   1.000000   1.000000   1.200000
  1.564040   2.294350   4.704180   0.000000   0.000000   1.000000   1.540000
  1.551090   0.582450   3.562890   1.000000   1.000000   1.000000   1.200000
  1.046750   2.898300   4.089760   1.000000   1.000000   1.000000   1.200000
  2.484120   2.660860   4.824950   1.000000   1.000000   1.000000   1.200000
  1.112500   2.271220   5.594030   1.000000   1.000000   1.000000   1.200000
 -3.604860   0.947640   3.764500   0.000000   0.000000   1.000000   1.540000
 -2.106310  -0.280430   3.759630   1.000000   1.000000   1.000000   1.200000
 -3.805570   1.151070   2.804130   1.000000   1.000000   1.000000   1.200000
 -3.171300   1.767360   4.148720   1.000000   1.000000   1.000000   1.200000
 -4.465030   0.782680   4.243110   1.000000   1.000000   1.000000   1.200000
28 bonds follow (x1 y1 z1 x2 y2 z2)
 -3.604860   0.947640   3.764500  -4.465030   0.782680   4.243110
 -3.604860   0.947640   3.764500  -3.171300   1.767360   4.148720
 -3.604860   0.947640   3.764500  -3.805570   1.151070   2.804130
 -1.217930  -0.628540   3.549150  -2.106310  -0.280430   3.759630
  1.564040   2.294350   4.704180   1.112500   2.271220   5.594030
  1.564040   2.294350   4.704180   2.484120   2.660860   4.824950
  1.564040   2.294350   4.704180   1.046750   2.898300   4.089760
  1.177260  -0.050620   2.932430   1.551090   0.582450   3.562890
  0.930910   5.269430   0.546340   1.687520   4.615170   0.380900
  0.930910   5.269430   0.546340   0.045740   4.884480   0.119630
  0.930910   5.269430   0.546340   1.132650   6.191640   0.180520
  0.930910   5.269430   0.546340   0.721250   5.310990   1.574280
 -2.832610   5.650160   1.233250  -3.541480   5.289470   2.022870
 -2.832610   5.650160   1.233250  -2.711910   6.763240   1.322360
 -2.832610   5.650160   1.233250  -3.256860   5.413670   0.220800
 -1.588980   5.067570   1.378260  -2.832610   5.650160   1.233250
 -1.183990   3.421210   1.951090  -1.588980   5.067570   1.378260
 -1.183990   3.421210   1.951090  -0.757150   3.109030   0.625890
 -1.183990   3.421210   1.951090  -2.419600   3.120290   2.505890
 -1.183990   3.421210   1.951090  -0.084800   3.922520   2.701950
 -0.325640   0.144140   2.515470  -0.626760   1.596230   2.412600
 -0.325640   0.144140   2.515470  -1.217930  -0.628540   3.549150
 -0.325640   0.144140   2.515470   1.177260  -0.050620   2.932430
 -0.419750  -0.648060   1.142920  -0.325640   0.144140   2.515470
 -0.039720   0.036250  -0.034200  -0.419750  -0.648060   1.142920
 -0.039720   0.036250  -0.034200  -0.535650  -0.503070  -0.881020
 -0.039720   0.036250  -0.034200  -0.383370   1.105000   0.017390
 -0.039720   0.036250  -0.034200   1.072150  -0.028370  -0.147690
