33 atoms follow (x y z r g b radiusScale)
 -0.220860  -0.246450  -0.069090   0.000000   1.000000   0.000000   1.850000
  0.807140  -0.410780  -0.486390   1.000000   1.000000   1.000000   1.200000
 -0.481680   0.847310  -0.036370   1.000000   1.000000   1.000000   1.200000
 -0.959380  -0.812980  -0.694410   1.000000   1.000000   1.000000   1.200000
 -0.276650  -0.805770   1.224100   1.000000   0.000000   0.000000   1.400000
 -0.234710   0.144170   2.492600   0.500000   0.500000   0.500000   1.900000
  1.266560   0.083860   2.984090   1.000000   0.000000   0.000000   1.400000
 -1.123510  -0.588910   3.562410   1.000000   0.000000   0.000000   1.400000
 -0.702340   1.526130   2.250580   1.000000   0.000000   0.000000   1.400000
 -1.129130   3.450240   1.931840   1.000000   1.000000   0.000000   1.850000
  0.119090   3.798980   2.524680   1.000000   0.000000   0.000000   1.400000
 -2.283070   3.202150   2.659550   1.000000   0.000000   0.000000   1.400000
 -0.931860   3.161820   0.555580   1.000000   0.000000   0.000000   1.400000
 -1.454360   5.165350   1.598970   1.000000   0.000000   0.000000   1.400000
 -2.695100   5.732270   1.833280   0.000000   1.000000   0.000000   1.850000
 -3.032650   5.527350   2.882690   1.000000   1.000000   1.000000   1.200000
 -3.452720   5.313910   1.118690   1.000000   1.000000   1.000000   1.200000
 -2.609770   6.839450   1.677510   1.000000   1.000000   1.000000   1.200000
  0.820790   5.175680   0.233730   0.000000   0.000000   1.000000   1.540000
  0.902580   5.150280   1.268490   1.000000   1.000000   1.000000   1.200000
  1.520220   5.762320  -0.186440   1.000000   1.000000   1.000000   1.200000
 -0.138100   5.496480   0.040290   1.000000   1.000000   1.000000   1.200000
  0.864960   4.192080  -0.092660   1.000000   1.000000   1.000000   1.200000
  0.957780   2.515160   4.876530   0.000000   0.000000   1.000000   1.540000
  1.492770   0.615630   3.753090   1.000000   1.000000   1.000000   1.200000
  1.508850   3.061720   4.242550   1.000000   1.000000   1.000000   1.200000
  1.247840   2.708980   5.811830   1.000000   1.000000   1.000000   1.200000
  0.006780   2.809960   4.765650   1.000000   1.000000   1.000000   1.200000
 -3.616540   0.892340   3.389200   0.000000   0.000000   1.000000   1.540000
 -2.032810  -0.274860   3.704300   1.000000   1.000000   1.000000   1.200000
 -3.558910   1.252560   2.455120   1.000000   1.000000   1.000000   1.200000
 -3.262390   1.610910   3.994380   1.000000   1.000000   1.000000   1.200000
 -4.577510   0.736440   3.611150   1.000000   1.000000   1.000000   1.200000
28 bonds follow (x1 y1 z1 x2 y2 z2)
 -3.616540   0.892340   3.389200  -4.577510   0.736440   3.611150
 -3.616540   0.892340   3.389200  -3.262390   1.610910   3.994380
 -3.616540   0.892340   3.389200  -3.558910   1.252560   2.455120
 -1.123510  -0.588910   3.562410  -2.032810  -0.274860   3.704300
  0.957780   2.515160   4.876530   0.006780   2.809960   4.765650
  0.957780   2.515160   4.876530   1.247840   2.708980   5.811830
  0.957780   2.515160   4.876530   1.508850   3.061720   4.242550
  1.266560   0.083860   2.984090   1.492770   0.615630   3.753090
  0.820790   5.175680   0.233730   0.864960   4.192080  -0.092660
  0.820790   5.175680   0.233730  -0.138100   5.496480   0.040290
  0.820790   5.175680   0.233730   1.520220   5.762320  -0.186440
  0.820790   5.175680   0.233730   0.902580   5.150280   1.268490
 -2.695100   5.732270   1.833280  -2.609770   6.839450   1.677510
 -2.695100   5.732270   1.833280  -3.452720   5.313910   1.118690
 -2.695100   5.732270   1.833280  -3.032650   5.527350   2.882690
 -1.454360   5.165350   1.598970  -2.695100   5.732270   1.833280
 -1.129130   3.450240   1.931840  -1.454360   5.165350   1.598970
 -1.129130   3.450240   1.931840  -0.931860   3.161820   0.555580
 -1.129130   3.450240   1.931840  -2.283070   3.202150   2.659550
 -1.129130   3.450240   1.931840   0.119090   3.798980   2.524680
 -0.234710   0.144170   2.492600  -0.702340   1.526130   2.250580
 -0.234710   0.144170   2.492600  -1.123510  -0.588910   3.562410
 -0.234710   0.144170   2.492600   1.266560   0.083860   2.984090
 -0.276650  -0.805770   1.224100  -0.234710   0.144170   2.492600
 -0.220860  -0.246450  -0.069090  -0.276650  -0.805770   1.224100
 -0.220860  -0.246450  -0.069090  -0.959380  -0.812980  -0.694410
 -0.220860  -0.246450  -0.069090  -0.481680   0.847310  -0.036370
 -0.220860  -0.246450  -0.069090   0.807140  -0.410780  -0.486390
