33 atoms follow (x y z r g b radiusScale)
 -0.483560  -0.089060  -0.048620   0.000000   1.000000   0.000000   1.850000
  0.441600  -0.108860  -0.682460   1.000000   1.000000   1.000000   1.200000
 -0.831390   0.967070   0.110680   1.000000   1.000000   1.000000   1.200000
 -1.276170  -0.701840  -0.552810   1.000000   1.000000   1.000000   1.200000
 -0.191850  -0.712130   1.183850   1.000000   0.000000   0.000000   1.400000
 -0.195720   0.151270   2.526910   0.500000   0.500000   0.500000   1.900000
  1.266590  -0.056390   3.064940   1.000000   0.000000   0.000000   1.400000
 -1.070090  -0.615590   3.577550   1.000000   0.000000   0.000000   1.400000
 -0.586190   1.570580   2.379300   1.000000   0.000000   0.000000   1.400000
 -1.193870   3.464490   1.865710   1.000000   1.000000   0.000000   1.850000
 -0.044110   3.953860   2.539800   1.000000   0.000000   0.000000   1.400000
 -2.385440   3.111880   2.461560   1.000000   0.000000   0.000000   1.400000
 -0.877160   3.105740   0.533850   1.000000   0.000000   0.000000   1.400000
 -1.603590   5.121040   1.327130   1.000000   0.000000   0.000000   1.400000
 -2.550010   5.943340   1.908710   0.000000   1.000000   0.000000   1.850000
 -3.246580   5.355720   2.561850   1.000000   1.000000   1.000000   1.200000
 -3.140880   6.447620   1.099130   1.000000   1.000000   1.000000   1.200000
 -2.040040   6.730130   2.526910   1.000000   1.000000   1.000000   1.200000
  0.897630   5.089310   0.302940   0.000000   0.000000   1.000000   1.540000
  1.235720   4.512030   1.104340   1.000000   1.000000   1.000000   1.200000
  1.654470   5.541720  -0.185210   1.000000   1.000000   1.000000   1.200000
  0.215270   5.758400   0.696520   1.000000   1.000000   1.000000   1.200000
  0.348100   4.458680  -0.307740   1.000000   1.000000   1.000000   1.200000
  1.044750   2.452760   5.015010   0.000000   0.000000   1.000000   1.540000
  1.509760   0.373200   3.887000   1.000000   1.000000   1.000000   1.200000
  0.935200   2.915160   4.129820   1.000000   1.000000   1.000000   1.200000
  1.848170   2.829400   5.473660   1.000000   1.000000   1.000000   1.200000
  0.241980   2.657120   5.573610   1.000000   1.000000   1.000000   1.200000
 -3.525360   0.752210   3.408570   0.000000   0.000000   1.000000   1.540000
 -2.007990  -0.366260   3.684920   1.000000   1.000000   1.000000   1.200000
 -3.769950   0.853260   2.444300   1.000000   1.000000   1.000000   1.200000
 -3.129430   1.623720   3.714110   1.000000   1.000000   1.000000   1.200000
 -4.355890   0.576410   3.933320   1.000000   1.000000   1.000000   1.200000
28 bonds follow (x1 y1 z1 x2 y2 z2)
 -3.525360   0.752210   3.408570  -4.355890   0.576410   3.933320
 -3.525360   0.752210   3.408570  -3.129430   1.623720   3.714110
 -3.525360   0.752210   3.408570  -3.769950   0.853260   2.444300
 -1.070090  -0.615590   3.577550  -2.007990  -0.366260   3.684920
  1.044750   2.452760   5.015010   0.241980   2.657120   5.573610
  1.044750   2.452760   5.015010   1.848170   2.829400   5.473660
  1.044750   2.452760   5.015010   0.935200   2.915160   4.129820
  1.266590  -0.056390   3.064940   1.509760   0.373200   3.887000
  0.897630   5.089310   0.302940   0.348100   4.458680  -0.307740
  0.897630   5.089310   0.302940   0.215270   5.758400   0.696520
  0.897630   5.089310   0.302940   1.654470   5.541720  -0.185210
  0.897630   5.089310   0.302940   1.235720   4.512030   1.104340
 -2.550010   5.943340   1.908710  -2.040040   6.730130   2.526910
 -2.550010   5.943340   1.908710  -3.140880   6.447620   1.099130
 -2.550010   5.943340   1.908710  -3.246580   5.355720   2.561850
 -1.603590   5.121040   1.327130  -2.550010   5.943340   1.908710
 -1.193870   3.464490   1.865710  -1.603590   5.121040   1.327130
 -1.193870   3.464490   1.865710  -0.877160   3.105740   0.533850
 -1.193870   3.464490   1.865710  -2.385440   3.111880   2.461560
 -1.193870   3.464490   1.865710  -0.044110   3.953860   2.539800
 -0.195720   0.151270   2.526910  -0.586190   1.570580   2.379300
 -0.195720   0.151270   2.526910  -1.070090  -0.615590   3.577550
 -0.195720   0.151270   2.526910   1.266590  -0.056390   3.064940
 -0.191850  -0.712130   1.183850  -0.195720   0.151270   2.526910
 -0.483560  -0.089060  -0.048620  -0.191850  -0.712130   1.183850
 -0.483560  -0.089060  -0.048620  -1.276170  -0.701840  -0.552810
 -0.483560  -0.089060  -0.048620  -0.831390   0.967070   0.110680
 -0.483560  -0.089060  -0.048620   0.441600  -0.108860  -0.682460
