33 atoms follow (x y z r g b radiusScale)
 -0.328360  -0.194460  -0.051770   0.000000   1.000000   0.000000   1.850000
  0.616340  -0.425500  -0.610580   1.000000   1.000000   1.000000   1.200000
 -0.490470   0.915950   0.027300   1.000000   1.000000   1.000000   1.200000
 -1.188730  -0.685070  -0.578340   1.000000   1.000000   1.000000   1.200000
 -0.228060  -0.787700   1.227660   1.000000   0.000000   0.000000   1.400000
 -0.242450   0.154960   2.505500   0.500000   0.500000   0.500000   1.900000
  1.217660   0.090100   3.094340   1.000000   0.000000   0.000000   1.400000
 -1.162720  -0.509420   3.590220   1.000000   0.000000   0.000000   1.400000
 -0.635990   1.557110   2.222760   1.000000   0.000000   0.000000   1.400000
 -1.190150   3.387900   1.786830   1.000000   1.000000   0.000000   1.850000
 -0.124340   3.859290   2.612950   1.000000   0.000000   0.000000   1.400000
 -2.425390   2.996770   2.279980   1.000000   0.000000   0.000000   1.400000
 -0.753330   3.135630   0.461930   1.000000   0.000000   0.000000   1.400000
 -1.590190   5.078720   1.360670   1.000000   0.000000   0.000000   1.400000
 -2.686600   5.778430   1.825470   0.000000   1.000000   0.000000   1.850000
 -3.603900   5.490570   1.248270   1.000000   1.000000   1.000000   1.200000
 -2.493400   6.875510   1.685990   1.000000   1.000000   1.000000   1.200000
 -2.861540   5.569920   2.913560   1.000000   1.000000   1.000000   1.200000
  0.956830   5.302440   0.629230   0.000000   0.000000   1.000000   1.540000
  1.448310   4.515070   1.074680   1.000000   1.000000   1.000000   1.200000
  1.588320   5.992740   0.255640   1.000000   1.000000   1.000000   1.200000
  0.324660   5.693390   1.359270   1.000000   1.000000   1.000000   1.200000
  0.332970   4.900920  -0.085180   1.000000   1.000000   1.000000   1.200000
  1.393310   2.424580   4.826010   0.000000   0.000000   1.000000   1.540000
  1.466710   0.791500   3.719300   1.000000   1.000000   1.000000   1.200000
  0.894600   2.991730   4.162960   1.000000   1.000000   1.000000   1.200000
  2.311630   2.795110   4.947410   1.000000   1.000000   1.000000   1.200000
  0.918360   2.451750   5.703320   1.000000   1.000000   1.000000   1.200000
 -3.681660   0.958360   3.721690   0.000000   0.000000   1.000000   1.540000
 -2.039470  -0.125150   3.771800   1.000000   1.000000   1.000000   1.200000
 -3.748380   1.184180   2.746630   1.000000   1.000000   1.000000   1.200000
 -3.316010   1.770240   4.181250   1.000000   1.000000   1.000000   1.200000
 -4.597080   0.774190   4.074380   1.000000   1.000000   1.000000   1.200000
28 bonds follow (x1 y1 z1 x2 y2 z2)
 -3.681660   0.958360   3.721690  -4.597080   0.774190   4.074380
 -3.681660   0.958360   3.721690  -3.316010   1.770240   4.181250
 -3.681660   0.958360   3.721690  -3.748380   1.184180   2.746630
 -1.162720  -0.509420   3.590220  -2.039470  -0.125150   3.771800
  1.393310   2.424580   4.826010   0.918360   2.451750   5.703320
  1.393310   2.424580   4.826010   2.311630   2.795110   4.947410
  1.393310   2.424580   4.826010   0.894600   2.991730   4.162960
  1.217660   0.090100   3.094340   1.466710   0.791500   3.719300
  0.956830   5.302440   0.629230   0.332970   4.900920  -0.085180
  0.956830   5.302440   0.629230   0.324660   5.693390   1.359270
  0.956830   5.302440   0.629230   1.588320   5.992740   0.255640
  0.956830   5.302440   0.629230   1.448310   4.515070   1.074680
 -2.686600   5.778430   1.825470  -2.861540   5.569920   2.913560
 -2.686600   5.778430   1.825470  -2.493400   6.875510   1.685990
 -2.686600   5.778430   1.825470  -3.603900   5.490570   1.248270
 -1.590190   5.078720   1.360670  -2.686600   5.778430   1.825470
 -1.190150   3.387900   1.786830  -1.590190   5.078720   1.360670
 -1.190150   3.387900   1.786830  -0.753330   3.135630   0.461930
 -1.190150   3.387900   1.786830  -2.425390   2.996770   2.279980
 -1.190150   3.387900   1.786830  -0.124340   3.859290   2.612950
 -0.242450   0.154960   2.505500  -0.635990   1.557110   2.222760
 -0.242450   0.154960   2.505500  -1.162720  -0.509420   3.590220
 -0.242450   0.154960   2.505500   1.217660   0.090100   3.094340
 -0.228060  -0.787700   1.227660  -0.242450   0.154960   2.505500
 -0.328360  -0.194460  -0.051770  -0.228060  -0.787700   1.227660
 -0.328360  -0.194460  -0.051770  -1.188730  -0.685070  -0.578340
 -0.328360  -0.194460  -0.051770  -0.490470   0.915950   0.027300
 -0.328360  -0.194460  -0.051770   0.616340  -0.425500  -0.610580
