33 atoms follow (x y z r g b radiusScale)
 -0.461570  -0.078300  -0.055440   0.000000   1.000000   0.000000   1.850000
  0.480960  -0.103800  -0.662460   1.000000   1.000000   1.000000   1.200000
 -0.813950   0.979110   0.092640   1.000000   1.000000   1.000000   1.200000
 -1.240930  -0.696280  -0.573490   1.000000   1.000000   1.000000   1.200000
 -0.202550  -0.699700   1.184740   1.000000   0.000000   0.000000   1.400000
 -0.210360   0.148020   2.525940   0.500000   0.500000   0.500000   1.900000
  1.262080  -0.055570   3.062320   1.000000   0.000000   0.000000   1.400000
 -1.040440  -0.644970   3.601840   1.000000   0.000000   0.000000   1.400000
 -0.586840   1.572790   2.376370   1.000000   0.000000   0.000000   1.400000
 -1.190530   3.453810   1.861650   1.000000   1.000000   0.000000   1.850000
 -0.043530   3.950050   2.525420   1.000000   0.000000   0.000000   1.400000
 -2.379050   3.114030   2.485740   1.000000   0.000000   0.000000   1.400000
 -0.910880   3.106660   0.515620   1.000000   0.000000   0.000000   1.400000
 -1.585820   5.118930   1.357710   1.000000   0.000000   0.000000   1.400000
 -2.552120   5.945840   1.895960   0.000000   1.000000   0.000000   1.850000
 -3.214580   5.388950   2.608170   1.000000   1.000000   1.000000   1.200000
 -3.175280   6.365780   1.062020   1.000000   1.000000   1.000000   1.200000
 -2.055800   6.795770   2.438240   1.000000   1.000000   1.000000   1.200000
  0.911550   5.099620   0.295220   0.000000   0.000000   1.000000   1.540000
  1.310080   4.433810   0.963920   1.000000   1.000000   1.000000   1.200000
  1.618070   5.604750  -0.215450   1.000000   1.000000   1.000000   1.200000
  0.296940   5.720330   0.855440   1.000000   1.000000   1.000000   1.200000
  0.268000   4.556280  -0.328490   1.000000   1.000000   1.000000   1.200000
  1.042770   2.474510   5.020420   0.000000   0.000000   1.000000   1.540000
  1.430870   0.231590   3.961940   1.000000   1.000000   1.000000   1.200000
  0.937680   2.940660   4.136720   1.000000   1.000000   1.000000   1.200000
  1.814590   2.881300   5.506500   1.000000   1.000000   1.000000   1.200000
  0.216060   2.634030   5.558380   1.000000   1.000000   1.000000   1.200000
 -3.530270   0.764550   3.389520   0.000000   0.000000   1.000000   1.540000
 -1.979350  -0.423310   3.715700   1.000000   1.000000   1.000000   1.200000
 -3.808790   0.930050   2.443670   1.000000   1.000000   1.000000   1.200000
 -3.191160   1.634970   3.758720   1.000000   1.000000   1.000000   1.200000
 -4.328580   0.477810   3.915640   1.000000   1.000000   1.000000   1.200000
28 bonds follow (x1 y1 z1 x2 y2 z2)
 -3.530270   0.764550   3.389520  -4.328580   0.477810   3.915640
 -3.530270   0.764550   3.389520  -3.191160   1.634970   3.758720
 -3.530270   0.764550   3.389520  -3.808790   0.930050   2.443670
 -1.040440  -0.644970   3.601840  -1.979350  -0.423310   3.715700
  1.042770   2.474510   5.020420   0.216060   2.634030   5.558380
  1.042770   2.474510   5.020420   1.814590   2.881300   5.506500
  1.042770   2.474510   5.020420   0.937680   2.940660   4.136720
  1.262080  -0.055570   3.062320   1.430870   0.231590   3.961940
  0.911550   5.099620   0.295220   0.268000   4.556280  -0.328490
  0.911550   5.099620   0.295220   0.296940   5.720330   0.855440
  0.911550   5.099620   0.295220   1.618070   5.604750  -0.215450
  0.911550   5.099620   0.295220   1.310080   4.433810   0.963920
 -2.552120   5.945840   1.895960  -2.055800   6.795770   2.438240
 -2.552120   5.945840   1.895960  -3.175280   6.365780   1.062020
 -2.552120   5.945840   1.895960  -3.214580   5.388950   2.608170
 -1.585820   5.118930   1.357710  -2.552120   5.945840   1.895960
 -1.190530   3.453810   1.861650  -1.585820   5.118930   1.357710
 -1.190530   3.453810   1.861650  -0.910880   3.106660   0.515620
 -1.190530   3.453810   1.861650  -2.379050   3.114030   2.485740
 -1.190530   3.453810   1.861650  -0.043530   3.950050   2.525420
 -0.210360   0.148020   2.525940  -0.586840   1.572790   2.376370
 -0.210360   0.148020   2.525940  -1.040440  -0.644970   3.601840
 -0.210360   0.148020   2.525940   1.262080  -0.055570   3.062320
 -0.202550  -0.699700   1.184740  -0.210360   0.148020   2.525940
 -0.461570  -0.078300  -0.055440  -0.202550  -0.699700   1.184740
 -0.461570  -0.078300  -0.055440  -1.240930  -0.696280  -0.573490
 -0.461570  -0.078300  -0.055440  -0.813950   0.979110   0.092640
 -0.461570  -0.078300  -0.055440   0.480960  -0.103800  -0.662460
