33 atoms follow (x y z r g b radiusScale)
 -0.016500   0.009220  -0.019280   0.000000   1.000000   0.000000   1.850000
  1.102130  -0.016990  -0.039460   1.000000   1.000000   1.000000   1.200000
 -0.396510   1.068290  -0.013220   1.000000   1.000000   1.000000   1.200000
 -0.430740  -0.561060  -0.888050   1.000000   1.000000   1.000000   1.200000
 -0.457130  -0.659130   1.144540   1.000000   0.000000   0.000000   1.400000
 -0.311410   0.157650   2.499610   0.500000   0.500000   0.500000   1.900000
  1.162380  -0.094160   2.988890   1.000000   0.000000   0.000000   1.400000
 -1.226430  -0.596350   3.521570   1.000000   0.000000   0.000000   1.400000
 -0.600290   1.606030   2.340520   1.000000   0.000000   0.000000   1.400000
 -1.203170   3.450080   1.969180   1.000000   1.000000   0.000000   1.850000
 -0.068890   3.889130   2.703900   1.000000   0.000000   0.000000   1.400000
 -2.435290   3.163180   2.551570   1.000000   0.000000   0.000000   1.400000
 -0.863980   3.170720   0.613390   1.000000   0.000000   0.000000   1.400000
 -1.532050   5.145650   1.488950   1.000000   0.000000   0.000000   1.400000
 -2.826770   5.467410   1.124050   0.000000   1.000000   0.000000   1.850000
 -2.997560   5.209220   0.044010   1.000000   1.000000   1.000000   1.200000
 -2.979940   6.568800   1.264010   1.000000   1.000000   1.000000   1.200000
 -3.576790   4.917390   1.751870   1.000000   1.000000   1.000000   1.200000
  0.985040   5.306160   0.522670   0.000000   0.000000   1.000000   1.540000
  0.847940   5.194380   1.556510   1.000000   1.000000   1.000000   1.200000
  0.776050   6.260230   0.263090   1.000000   1.000000   1.000000   1.200000
  0.260550   4.670470   0.098220   1.000000   1.000000   1.000000   1.200000
  1.915240   5.038210   0.244650   1.000000   1.000000   1.000000   1.200000
  1.594210   2.270650   4.689800   0.000000   0.000000   1.000000   1.540000
  1.535260   0.534350   3.625750   1.000000   1.000000   1.000000   1.200000
  1.098770   2.883520   4.066060   1.000000   1.000000   1.000000   1.200000
  2.525840   2.607710   4.807830   1.000000   1.000000   1.000000   1.200000
  1.139950   2.275030   5.578590   1.000000   1.000000   1.000000   1.200000
 -3.625400   0.926800   3.788120   0.000000   0.000000   1.000000   1.540000
 -2.129530  -0.262150   3.690020   1.000000   1.000000   1.000000   1.200000
 -3.868070   1.203230   2.856570   1.000000   1.000000   1.000000   1.200000
 -3.219310   1.727850   4.234120   1.000000   1.000000   1.000000   1.200000
 -4.454750   0.664750   4.277350   1.000000   1.000000   1.000000   1.200000
28 bonds follow (x1 y1 z1 x2 y2 z2)
 -3.625400   0.926800   3.788120  -4.454750   0.664750   4.277350
 -3.625400   0.926800   3.788120  -3.219310   1.727850   4.234120
 -3.625400   0.926800   3.788120  -3.868070   1.203230   2.856570
 -1.226430  -0.596350   3.521570  -2.129530  -0.262150   3.690020
  1.594210   2.270650   4.689800   1.139950   2.275030   5.578590
  1.594210   2.270650   4.689800   2.525840   2.607710   4.807830
  1.594210   2.270650   4.689800   1.098770   2.883520   4.066060
  1.162380  -0.094160   2.988890   1.535260   0.534350   3.625750
  0.985040   5.306160   0.522670   1.915240   5.038210   0.244650
  0.985040   5.306160   0.522670   0.260550   4.670470   0.098220
  0.985040   5.306160   0.522670   0.776050   6.260230   0.263090
  0.985040   5.306160   0.522670   0.847940   5.194380   1.556510
 -2.826770   5.467410   1.124050  -3.576790   4.917390   1.751870
 -2.826770   5.467410   1.124050  -2.979940   6.568800   1.264010
 -2.826770   5.467410   1.124050  -2.997560   5.209220   0.044010
 -1.532050   5.145650   1.488950  -2.826770   5.467410   1.124050
 -1.203170   3.450080   1.969180  -1.532050   5.145650   1.488950
 -1.203170   3.450080   1.969180  -0.863980   3.170720   0.613390
 -1.203170   3.450080   1.969180  -2.435290   3.163180   2.551570
 -1.203170   3.450080   1.969180  -0.068890   3.889130   2.703900
 -0.311410   0.157650   2.499610  -0.600290   1.606030   2.340520
 -0.311410   0.157650   2.499610  -1.226430  -0.596350   3.521570
 -0.311410   0.157650   2.499610   1.162380  -0.094160   2.988890
 -0.457130  -0.659130   1.144540  -0.311410   0.157650   2.499610
 -0.016500   0.009220  -0.019280  -0.457130  -0.659130   1.144540
 -0.016500   0.009220  -0.019280  -0.430740  -0.561060  -0.888050
 -0.016500   0.009220  -0.019280  -0.396510   1.068290  -0.013220
 -0.016500   0.009220  -0.019280   1.102130  -0.016990  -0.039460
