33 atoms follow (x y z r g b radiusScale)
 -0.002360   0.001230   0.002950   0.000000   1.000000   0.000000   1.850000
  1.116750  -0.000370  -0.003960   1.000000   1.000000   1.000000   1.200000
 -0.404250   1.052040   0.011400   1.000000   1.000000   1.000000   1.200000
 -0.393570  -0.570180  -0.875630   1.000000   1.000000   1.000000   1.200000
 -0.442170  -0.684980   1.156620   1.000000   0.000000   0.000000   1.400000
 -0.331890   0.135380   2.515110   0.500000   0.500000   0.500000   1.900000
  1.152490  -0.072010   2.991320   1.000000   0.000000   0.000000   1.400000
 -1.239190  -0.627950   3.539150   1.000000   0.000000   0.000000   1.400000
 -0.673650   1.571700   2.365810   1.000000   0.000000   0.000000   1.400000
 -1.176690   3.446710   1.966320   1.000000   1.000000   0.000000   1.850000
 -0.004330   3.867870   2.661450   1.000000   0.000000   0.000000   1.400000
 -2.396500   3.114860   2.539360   1.000000   0.000000   0.000000   1.400000
 -0.815510   3.194980   0.607820   1.000000   0.000000   0.000000   1.400000
 -1.605970   5.136940   1.628860   1.000000   0.000000   0.000000   1.400000
 -2.752500   5.575040   1.001090   0.000000   1.000000   0.000000   1.850000
 -2.736930   5.287190  -0.085610   1.000000   1.000000   1.000000   1.200000
 -2.780850   6.695340   1.076530   1.000000   1.000000   1.000000   1.200000
 -3.671940   5.150310   1.479520   1.000000   1.000000   1.000000   1.200000
  0.846060   5.377360   0.493060   0.000000   0.000000   1.000000   1.540000
  1.039680   5.061690   1.466360   1.000000   1.000000   1.000000   1.200000
  0.041810   6.032990   0.560250   1.000000   1.000000   1.000000   1.200000
  0.496020   4.532610  -0.005150   1.000000   1.000000   1.000000   1.200000
  1.650700   5.789870   0.047530   1.000000   1.000000   1.000000   1.200000
  1.619880   2.234610   4.686900   0.000000   0.000000   1.000000   1.540000
  1.514150   0.562500   3.632040   1.000000   1.000000   1.000000   1.200000
  1.152150   2.873470   4.067700   1.000000   1.000000   1.000000   1.200000
  2.557510   2.542660   4.831670   1.000000   1.000000   1.000000   1.200000
  1.146800   2.225550   5.565600   1.000000   1.000000   1.000000   1.200000
 -3.601110   0.954330   3.770530   0.000000   0.000000   1.000000   1.540000
 -2.131240  -0.273480   3.726630   1.000000   1.000000   1.000000   1.200000
 -3.822180   1.189030   2.822120   1.000000   1.000000   1.000000   1.200000
 -3.157580   1.759650   4.172580   1.000000   1.000000   1.000000   1.200000
 -4.448330   0.769410   4.264160   1.000000   1.000000   1.000000   1.200000
28 bonds follow (x1 y1 z1 x2 y2 z2)
 -3.601110   0.954330   3.770530  -4.448330   0.769410   4.264160
 -3.601110   0.954330   3.770530  -3.157580   1.759650   4.172580
 -3.601110   0.954330   3.770530  -3.822180   1.189030   2.822120
 -1.239190  -0.627950   3.539150  -2.131240  -0.273480   3.726630
  1.619880   2.234610   4.686900   1.146800   2.225550   5.565600
  1.619880   2.234610   4.686900   2.557510   2.542660   4.831670
  1.619880   2.234610   4.686900   1.152150   2.873470   4.067700
  1.152490  -0.072010   2.991320   1.514150   0.562500   3.632040
  0.846060   5.377360   0.493060   1.650700   5.789870   0.047530
  0.846060   5.377360   0.493060   0.496020   4.532610  -0.005150
  0.846060   5.377360   0.493060   0.041810   6.032990   0.560250
  0.846060   5.377360   0.493060   1.039680   5.061690   1.466360
 -2.752500   5.575040   1.001090  -3.671940   5.150310   1.479520
 -2.752500   5.575040   1.001090  -2.780850   6.695340   1.076530
 -2.752500   5.575040   1.001090  -2.736930   5.287190  -0.085610
 -1.605970   5.136940   1.628860  -2.752500   5.575040   1.001090
 -1.176690   3.446710   1.966320  -1.605970   5.136940   1.628860
 -1.176690   3.446710   1.966320  -0.815510   3.194980   0.607820
 -1.176690   3.446710   1.966320  -2.396500   3.114860   2.539360
 -1.176690   3.446710   1.966320  -0.004330   3.867870   2.661450
 -0.331890   0.135380   2.515110  -0.673650   1.571700   2.365810
 -0.331890   0.135380   2.515110  -1.239190  -0.627950   3.539150
 -0.331890   0.135380   2.515110   1.152490  -0.072010   2.991320
 -0.442170  -0.684980   1.156620  -0.331890   0.135380   2.515110
 -0.002360   0.001230   0.002950  -0.442170  -0.684980   1.156620
 -0.002360   0.001230   0.002950  -0.393570  -0.570180  -0.875630
 -0.002360   0.001230   0.002950  -0.404250   1.052040   0.011400
 -0.002360   0.001230   0.002950   1.116750  -0.000370  -0.003960
