33 atoms follow (x y z r g b radiusScale)
 -0.471260  -0.083550  -0.054710   0.000000   1.000000   0.000000   1.850000
  0.464080  -0.102260  -0.674300   1.000000   1.000000   1.000000   1.200000
 -0.824350   0.970490   0.101100   1.000000   1.000000   1.000000   1.200000
 -1.254830  -0.700380  -0.568160   1.000000   1.000000   1.000000   1.200000
 -0.195670  -0.706400   1.182280   1.000000   0.000000   0.000000   1.400000
 -0.205580   0.149160   2.526450   0.500000   0.500000   0.500000   1.900000
  1.260390  -0.056200   3.062690   1.000000   0.000000   0.000000   1.400000
 -1.052330  -0.631560   3.594240   1.000000   0.000000   0.000000   1.400000
 -0.585850   1.571770   2.382310   1.000000   0.000000   0.000000   1.400000
 -1.192320   3.456520   1.864080   1.000000   1.000000   0.000000   1.850000
 -0.044780   3.957200   2.528620   1.000000   0.000000   0.000000   1.400000
 -2.381480   3.108690   2.474920   1.000000   0.000000   0.000000   1.400000
 -0.898740   3.110020   0.524170   1.000000   0.000000   0.000000   1.400000
 -1.593710   5.120870   1.345290   1.000000   0.000000   0.000000   1.400000
 -2.549770   5.944600   1.900580   0.000000   1.000000   0.000000   1.850000
 -3.227770   5.374630   2.588990   1.000000   1.000000   1.000000   1.200000
 -3.160300   6.400450   1.075860   1.000000   1.000000   1.000000   1.200000
 -2.048330   6.769260   2.476360   1.000000   1.000000   1.000000   1.200000
  0.906000   5.093370   0.297270   0.000000   0.000000   1.000000   1.540000
  1.280800   4.455940   1.030010   1.000000   1.000000   1.000000   1.200000
  1.632650   5.577830  -0.202060   1.000000   1.000000   1.000000   1.200000
  0.266560   5.748730   0.797750   1.000000   1.000000   1.000000   1.200000
  0.312930   4.524620  -0.321880   1.000000   1.000000   1.000000   1.200000
  1.043590   2.464530   5.019270   0.000000   0.000000   1.000000   1.540000
  1.469420   0.293300   3.930820   1.000000   1.000000   1.000000   1.200000
  0.938670   2.925800   4.132880   1.000000   1.000000   1.000000   1.200000
  1.830760   2.857690   5.491990   1.000000   1.000000   1.000000   1.200000
  0.227360   2.650850   5.564700   1.000000   1.000000   1.000000   1.200000
 -3.524030   0.761230   3.395650   0.000000   0.000000   1.000000   1.540000
 -1.993990  -0.408420   3.700160   1.000000   1.000000   1.000000   1.200000
 -3.792450   0.892620   2.441570   1.000000   1.000000   1.000000   1.200000
 -3.165080   1.637230   3.731590   1.000000   1.000000   1.000000   1.200000
 -4.332780   0.518890   3.928050   1.000000   1.000000   1.000000   1.200000
28 bonds follow (x1 y1 z1 x2 y2 z2)
 -3.524030   0.761230   3.395650  -4.332780   0.518890   3.928050
 -3.524030   0.761230   3.395650  -3.165080   1.637230   3.731590
 -3.524030   0.761230   3.395650  -3.792450   0.892620   2.441570
 -1.052330  -0.631560   3.594240  -1.993990  -0.408420   3.700160
  1.043590   2.464530   5.019270   0.227360   2.650850   5.564700
  1.043590   2.464530   5.019270   1.830760   2.857690   5.491990
  1.043590   2.464530   5.019270   0.938670   2.925800   4.132880
  1.260390  -0.056200   3.062690   1.469420   0.293300   3.930820
  0.906000   5.093370   0.297270   0.312930   4.524620  -0.321880
  0.906000   5.093370   0.297270   0.266560   5.748730   0.797750
  0.906000   5.093370   0.297270   1.632650   5.577830  -0.202060
  0.906000   5.093370   0.297270   1.280800   4.455940   1.030010
 -2.549770   5.944600   1.900580  -2.048330   6.769260   2.476360
 -2.549770   5.944600   1.900580  -3.160300   6.400450   1.075860
 -2.549770   5.944600   1.900580  -3.227770   5.374630   2.588990
 -1.593710   5.120870   1.345290  -2.549770   5.944600   1.900580
 -1.192320   3.456520   1.864080  -1.593710   5.120870   1.345290
 -1.192320   3.456520   1.864080  -0.898740   3.110020   0.524170
 -1.192320   3.456520   1.864080  -2.381480   3.108690   2.474920
 -1.192320   3.456520   1.864080  -0.044780   3.957200   2.528620
 -0.205580   0.149160   2.526450  -0.585850   1.571770   2.382310
 -0.205580   0.149160   2.526450  -1.052330  -0.631560   3.594240
 -0.205580   0.149160   2.526450   1.260390  -0.056200   3.062690
 -0.195670  -0.706400   1.182280  -0.205580   0.149160   2.526450
 -0.471260  -0.083550  -0.054710  -0.195670  -0.706400   1.182280
 -0.471260  -0.083550  -0.054710  -1.254830  -0.700380  -0.568160
 -0.471260  -0.083550  -0.054710  -0.824350   0.970490   0.101100
 -0.471260  -0.083550  -0.054710   0.464080  -0.102260  -0.674300
