33 atoms follow (x y z r g b radiusScale)
 -0.045210   0.036740  -0.017970   0.000000   1.000000   0.000000   1.850000
  1.063390  -0.052420  -0.147080   1.000000   1.000000   1.000000   1.200000
 -0.361600   1.112900   0.054140   1.000000   1.000000   1.000000   1.200000
 -0.564250  -0.472790  -0.869230   1.000000   1.000000   1.000000   1.200000
 -0.424210  -0.659540   1.151930   1.000000   0.000000   0.000000   1.400000
 -0.322260   0.140560   2.520900   0.500000   0.500000   0.500000   1.900000
  1.181810  -0.050490   2.939600   1.000000   0.000000   0.000000   1.400000
 -1.201390  -0.657100   3.547850   1.000000   0.000000   0.000000   1.400000
 -0.631810   1.588130   2.407840   1.000000   0.000000   0.000000   1.400000
 -1.196640   3.432350   1.940750   1.000000   1.000000   0.000000   1.850000
 -0.105470   3.918850   2.710970   1.000000   0.000000   0.000000   1.400000
 -2.440990   3.115680   2.478500   1.000000   0.000000   0.000000   1.400000
 -0.748890   3.108240   0.630710   1.000000   0.000000   0.000000   1.400000
 -1.558590   5.079800   1.374020   1.000000   0.000000   0.000000   1.400000
 -2.811000   5.644630   1.274280   0.000000   1.000000   0.000000   1.850000
 -3.268980   5.397560   0.279060   1.000000   1.000000   1.000000   1.200000
 -2.703580   6.759220   1.356090   1.000000   1.000000   1.000000   1.200000
 -3.485730   5.275420   2.090210   1.000000   1.000000   1.000000   1.200000
  0.928830   5.294210   0.519040   0.000000   0.000000   1.000000   1.540000
  0.696130   5.375220   1.538080   1.000000   1.000000   1.000000   1.200000
  1.258020   6.170870   0.132070   1.000000   1.000000   1.000000   1.200000
  0.031350   4.978940   0.069910   1.000000   1.000000   1.000000   1.200000
  1.614160   4.559830   0.402340   1.000000   1.000000   1.000000   1.200000
  1.556270   2.293600   4.707170   0.000000   0.000000   1.000000   1.540000
  1.576480   0.633250   3.499580   1.000000   1.000000   1.000000   1.200000
  1.037710   2.885550   4.081830   1.000000   1.000000   1.000000   1.200000
  2.475080   2.665540   4.821330   1.000000   1.000000   1.000000   1.200000
  1.103930   2.286630   5.596790   1.000000   1.000000   1.000000   1.200000
 -3.601470   0.954440   3.758470   0.000000   0.000000   1.000000   1.540000
 -2.089530  -0.316270   3.761070   1.000000   1.000000   1.000000   1.200000
 -3.821740   1.158640   2.802770   1.000000   1.000000   1.000000   1.200000
 -3.166820   1.775530   4.137600   1.000000   1.000000   1.000000   1.200000
 -4.450770   0.780820   4.253310   1.000000   1.000000   1.000000   1.200000
28 bonds follow (x1 y1 z1 x2 y2 z2)
 -3.601470   0.954440   3.758470  -4.450770   0.780820   4.253310
 -3.601470   0.954440   3.758470  -3.166820   1.775530   4.137600
 -3.601470   0.954440   3.758470  -3.821740   1.158640   2.802770
 -1.201390  -0.657100   3.547850  -2.089530  -0.316270   3.761070
  1.556270   2.293600   4.707170   1.103930   2.286630   5.596790
  1.556270   2.293600   4.707170   2.475080   2.665540   4.821330
  1.556270   2.293600   4.707170   1.037710   2.885550   4.081830
  1.181810  -0.050490   2.939600   1.576480   0.633250   3.499580
  0.928830   5.294210   0.519040   1.614160   4.559830   0.402340
  0.928830   5.294210   0.519040   0.031350   4.978940   0.069910
  0.928830   5.294210   0.519040   1.258020   6.170870   0.132070
  0.928830   5.294210   0.519040   0.696130   5.375220   1.538080
 -2.811000   5.644630   1.274280  -3.485730   5.275420   2.090210
 -2.811000   5.644630   1.274280  -2.703580   6.759220   1.356090
 -2.811000   5.644630   1.274280  -3.268980   5.397560   0.279060
 -1.558590   5.079800   1.374020  -2.811000   5.644630   1.274280
 -1.196640   3.432350   1.940750  -1.558590   5.079800   1.374020
 -1.196640   3.432350   1.940750  -0.748890   3.108240   0.630710
 -1.196640   3.432350   1.940750  -2.440990   3.115680   2.478500
 -1.196640   3.432350   1.940750  -0.105470   3.918850   2.710970
 -0.322260   0.140560   2.520900  -0.631810   1.588130   2.407840
 -0.322260   0.140560   2.520900  -1.201390  -0.657100   3.547850
 -0.322260   0.140560   2.520900   1.181810  -0.050490   2.939600
 -0.424210  -0.659540   1.151930  -0.322260   0.140560   2.520900
 -0.045210   0.036740  -0.017970  -0.424210  -0.659540   1.151930
 -0.045210   0.036740  -0.017970  -0.564250  -0.472790  -0.869230
 -0.045210   0.036740  -0.017970  -0.361600   1.112900   0.054140
 -0.045210   0.036740  -0.017970   1.063390  -0.052420  -0.147080
