33 atoms follow (x y z r g b radiusScale)
 -0.347960  -0.199600  -0.045240   0.000000   1.000000   0.000000   1.850000
  0.598350  -0.406860  -0.610920   1.000000   1.000000   1.000000   1.200000
 -0.534020   0.905710   0.036060   1.000000   1.000000   1.000000   1.200000
 -1.199740  -0.708410  -0.568420   1.000000   1.000000   1.000000   1.200000
 -0.228180  -0.792430   1.232780   1.000000   0.000000   0.000000   1.400000
 -0.235400   0.149500   2.513160   0.500000   0.500000   0.500000   1.900000
  1.222140   0.096030   3.101560   1.000000   0.000000   0.000000   1.400000
 -1.166420  -0.523580   3.581330   1.000000   0.000000   0.000000   1.400000
 -0.623090   1.550070   2.219200   1.000000   0.000000   0.000000   1.400000
 -1.190360   3.392840   1.780150   1.000000   1.000000   0.000000   1.850000
 -0.129530   3.847130   2.620620   1.000000   0.000000   0.000000   1.400000
 -2.428160   3.010070   2.268410   1.000000   0.000000   0.000000   1.400000
 -0.750900   3.143180   0.458490   1.000000   0.000000   0.000000   1.400000
 -1.587470   5.093620   1.366330   1.000000   0.000000   0.000000   1.400000
 -2.684770   5.780910   1.843360   0.000000   1.000000   0.000000   1.850000
 -3.606600   5.477510   1.281200   1.000000   1.000000   1.000000   1.200000
 -2.508860   6.879490   1.697480   1.000000   1.000000   1.000000   1.200000
 -2.841090   5.573860   2.934840   1.000000   1.000000   1.000000   1.200000
  0.955890   5.302010   0.612940   0.000000   0.000000   1.000000   1.540000
  1.473020   4.537440   1.051910   1.000000   1.000000   1.000000   1.200000
  1.565450   6.046100   0.302010   1.000000   1.000000   1.000000   1.200000
  0.273710   5.641340   1.331530   1.000000   1.000000   1.000000   1.200000
  0.382840   4.904580  -0.150730   1.000000   1.000000   1.000000   1.200000
  1.379260   2.426680   4.830610   0.000000   0.000000   1.000000   1.540000
  1.491730   0.807740   3.703730   1.000000   1.000000   1.000000   1.200000
  0.896760   2.966310   4.133740   1.000000   1.000000   1.000000   1.200000
  2.303590   2.786370   4.939760   1.000000   1.000000   1.000000   1.200000
  0.897460   2.515990   5.699840   1.000000   1.000000   1.000000   1.200000
 -3.675920   0.953320   3.719110   0.000000   0.000000   1.000000   1.540000
 -2.039680  -0.139240   3.772690   1.000000   1.000000   1.000000   1.200000
 -3.709350   1.160940   2.738170   1.000000   1.000000   1.000000   1.200000
 -3.315040   1.769960   4.174190   1.000000   1.000000   1.000000   1.200000
 -4.605720   0.790440   4.043720   1.000000   1.000000   1.000000   1.200000
28 bonds follow (x1 y1 z1 x2 y2 z2)
 -3.675920   0.953320   3.719110  -4.605720   0.790440   4.043720
 -3.675920   0.953320   3.719110  -3.315040   1.769960   4.174190
 -3.675920   0.953320   3.719110  -3.709350   1.160940   2.738170
 -1.166420  -0.523580   3.581330  -2.039680  -0.139240   3.772690
  1.379260   2.426680   4.830610   0.897460   2.515990   5.699840
  1.379260   2.426680   4.830610   2.303590   2.786370   4.939760
  1.379260   2.426680   4.830610   0.896760   2.966310   4.133740
  1.222140   0.096030   3.101560   1.491730   0.807740   3.703730
  0.955890   5.302010   0.612940   0.382840   4.904580  -0.150730
  0.955890   5.302010   0.612940   0.273710   5.641340   1.331530
  0.955890   5.302010   0.612940   1.565450   6.046100   0.302010
  0.955890   5.302010   0.612940   1.473020   4.537440   1.051910
 -2.684770   5.780910   1.843360  -2.841090   5.573860   2.934840
 -2.684770   5.780910   1.843360  -2.508860   6.879490   1.697480
 -2.684770   5.780910   1.843360  -3.606600   5.477510   1.281200
 -1.587470   5.093620   1.366330  -2.684770   5.780910   1.843360
 -1.190360   3.392840   1.780150  -1.587470   5.093620   1.366330
 -1.190360   3.392840   1.780150  -0.750900   3.143180   0.458490
 -1.190360   3.392840   1.780150  -2.428160   3.010070   2.268410
 -1.190360   3.392840   1.780150  -0.129530   3.847130   2.620620
 -0.235400   0.149500   2.513160  -0.623090   1.550070   2.219200
 -0.235400   0.149500   2.513160  -1.166420  -0.523580   3.581330
 -0.235400   0.149500   2.513160   1.222140   0.096030   3.101560
 -0.228180  -0.792430   1.232780  -0.235400   0.149500   2.513160
 -0.347960  -0.199600  -0.045240  -0.228180  -0.792430   1.232780
 -0.347960  -0.199600  -0.045240  -1.199740  -0.708410  -0.568420
 -0.347960  -0.199600  -0.045240  -0.534020   0.905710   0.036060
 -0.347960  -0.199600  -0.045240   0.598350  -0.406860  -0.610920
