33 atoms follow (x y z r g b radiusScale)
 -0.506800  -0.095240  -0.027870   0.000000   1.000000   0.000000   1.850000
  0.402060  -0.153260  -0.683540   1.000000   1.000000   1.000000   1.200000
 -0.822160   0.972200   0.122880   1.000000   1.000000   1.000000   1.200000
 -1.328730  -0.695510  -0.499560   1.000000   1.000000   1.000000   1.200000
 -0.195120  -0.712580   1.201100   1.000000   0.000000   0.000000   1.400000
 -0.173000   0.157200   2.525230   0.500000   0.500000   0.500000   1.900000
  1.300500  -0.048320   3.071760   1.000000   0.000000   0.000000   1.400000
 -1.102370  -0.599510   3.534660   1.000000   0.000000   0.000000   1.400000
 -0.585710   1.567340   2.348300   1.000000   0.000000   0.000000   1.400000
 -1.189010   3.478650   1.858320   1.000000   1.000000   0.000000   1.850000
 -0.054840   3.925000   2.584160   1.000000   0.000000   0.000000   1.400000
 -2.399210   3.146710   2.446380   1.000000   0.000000   0.000000   1.400000
 -0.829740   3.080220   0.543860   1.000000   0.000000   0.000000   1.400000
 -1.622020   5.112510   1.303040   1.000000   0.000000   0.000000   1.400000
 -2.548270   5.931370   1.924870   0.000000   1.000000   0.000000   1.850000
 -3.296780   5.330990   2.505050   1.000000   1.000000   1.000000   1.200000
 -3.080770   6.526760   1.137320   1.000000   1.000000   1.000000   1.200000
 -2.019200   6.637750   2.620550   1.000000   1.000000   1.000000   1.200000
  0.885950   5.093760   0.305170   0.000000   0.000000   1.000000   1.540000
  1.160530   4.702640   1.221350   1.000000   1.000000   1.000000   1.200000
  1.664680   5.519520  -0.174900   1.000000   1.000000   1.000000   1.200000
  0.122310   5.775120   0.489260   1.000000   1.000000   1.000000   1.200000
  0.465020   4.315660  -0.244150   1.000000   1.000000   1.000000   1.200000
  1.050350   2.436750   4.997520   0.000000   0.000000   1.000000   1.540000
  1.549370   0.482330   3.832240   1.000000   1.000000   1.000000   1.200000
  0.908730   2.952220   4.147400   1.000000   1.000000   1.000000   1.200000
  1.866740   2.787070   5.453320   1.000000   1.000000   1.000000   1.200000
  0.265520   2.593430   5.595120   1.000000   1.000000   1.000000   1.200000
 -3.558640   0.737180   3.443440   0.000000   0.000000   1.000000   1.540000
 -2.018690  -0.291610   3.669770   1.000000   1.000000   1.000000   1.200000
 -3.757710   0.826810   2.467320   1.000000   1.000000   1.000000   1.200000
 -3.133310   1.598040   3.741820   1.000000   1.000000   1.000000   1.200000
 -4.418350   0.617760   3.935570   1.000000   1.000000   1.000000   1.200000
28 bonds follow (x1 y1 z1 x2 y2 z2)
 -3.558640   0.737180   3.443440  -4.418350   0.617760   3.935570
 -3.558640   0.737180   3.443440  -3.133310   1.598040   3.741820
 -3.558640   0.737180   3.443440  -3.757710   0.826810   2.467320
 -1.102370  -0.599510   3.534660  -2.018690  -0.291610   3.669770
  1.050350   2.436750   4.997520   0.265520   2.593430   5.595120
  1.050350   2.436750   4.997520   1.866740   2.787070   5.453320
  1.050350   2.436750   4.997520   0.908730   2.952220   4.147400
  1.300500  -0.048320   3.071760   1.549370   0.482330   3.832240
  0.885950   5.093760   0.305170   0.465020   4.315660  -0.244150
  0.885950   5.093760   0.305170   0.122310   5.775120   0.489260
  0.885950   5.093760   0.305170   1.664680   5.519520  -0.174900
  0.885950   5.093760   0.305170   1.160530   4.702640   1.221350
 -2.548270   5.931370   1.924870  -2.019200   6.637750   2.620550
 -2.548270   5.931370   1.924870  -3.080770   6.526760   1.137320
 -2.548270   5.931370   1.924870  -3.296780   5.330990   2.505050
 -1.622020   5.112510   1.303040  -2.548270   5.931370   1.924870
 -1.189010   3.478650   1.858320  -1.622020   5.112510   1.303040
 -1.189010   3.478650   1.858320  -0.829740   3.080220   0.543860
 -1.189010   3.478650   1.858320  -2.399210   3.146710   2.446380
 -1.189010   3.478650   1.858320  -0.054840   3.925000   2.584160
 -0.173000   0.157200   2.525230  -0.585710   1.567340   2.348300
 -0.173000   0.157200   2.525230  -1.102370  -0.599510   3.534660
 -0.173000   0.157200   2.525230   1.300500  -0.048320   3.071760
 -0.195120  -0.712580   1.201100  -0.173000   0.157200   2.525230
 -0.506800  -0.095240  -0.027870  -0.195120  -0.712580   1.201100
 -0.506800  -0.095240  -0.027870  -1.328730  -0.695510  -0.499560
 -0.506800  -0.095240  -0.027870  -0.822160   0.972200   0.122880
 -0.506800  -0.095240  -0.027870   0.402060  -0.153260  -0.683540
