33 atoms follow (x y z r g b radiusScale)
 -0.029520   0.021570  -0.040730   0.000000   1.000000   0.000000   1.850000
  1.088030  -0.018440  -0.089490   1.000000   1.000000   1.000000   1.200000
 -0.400020   1.083060  -0.029170   1.000000   1.000000   1.000000   1.200000
 -0.468770  -0.545040  -0.900050   1.000000   1.000000   1.000000   1.200000
 -0.452010  -0.641640   1.131810   1.000000   0.000000   0.000000   1.400000
 -0.302280   0.163250   2.493560   0.500000   0.500000   0.500000   1.900000
  1.179970  -0.080470   2.969510   1.000000   0.000000   0.000000   1.400000
 -1.231790  -0.560480   3.518630   1.000000   0.000000   0.000000   1.400000
 -0.665050   1.598990   2.397950   1.000000   0.000000   0.000000   1.400000
 -1.177880   3.438540   1.955530   1.000000   1.000000   0.000000   1.850000
 -0.056610   3.921280   2.701960   1.000000   0.000000   0.000000   1.400000
 -2.380570   3.120760   2.556850   1.000000   0.000000   0.000000   1.400000
 -0.802030   3.093770   0.620860   1.000000   0.000000   0.000000   1.400000
 -1.605990   5.083030   1.428630   1.000000   0.000000   0.000000   1.400000
 -2.860750   5.593470   1.156370   0.000000   1.000000   0.000000   1.850000
 -3.155160   5.351730   0.099690   1.000000   1.000000   1.000000   1.200000
 -2.816940   6.709250   1.274040   1.000000   1.000000   1.000000   1.200000
 -3.629250   5.176570   1.857580   1.000000   1.000000   1.000000   1.200000
  0.953570   5.250070   0.572950   0.000000   0.000000   1.000000   1.540000
  0.795110   5.183060   1.610940   1.000000   1.000000   1.000000   1.200000
  0.925810   6.210600   0.278100   1.000000   1.000000   1.000000   1.200000
  0.160490   4.714120   0.136770   1.000000   1.000000   1.000000   1.200000
  1.839950   4.819880   0.327380   1.000000   1.000000   1.000000   1.200000
  1.583360   2.286830   4.695550   0.000000   0.000000   1.000000   1.540000
  1.526630   0.500310   3.662620   1.000000   1.000000   1.000000   1.200000
  1.069410   2.895610   4.083470   1.000000   1.000000   1.000000   1.200000
  2.502830   2.652560   4.823160   1.000000   1.000000   1.000000   1.200000
  1.126840   2.259800   5.583000   1.000000   1.000000   1.000000   1.200000
 -3.614380   0.933330   3.776200   0.000000   0.000000   1.000000   1.540000
 -2.119590  -0.178470   3.692490   1.000000   1.000000   1.000000   1.200000
 -3.851480   1.192240   2.838660   1.000000   1.000000   1.000000   1.200000
 -3.213440   1.742700   4.211830   1.000000   1.000000   1.000000   1.200000
 -4.442240   0.668340   4.265280   1.000000   1.000000   1.000000   1.200000
28 bonds follow (x1 y1 z1 x2 y2 z2)
 -3.614380   0.933330   3.776200  -4.442240   0.668340   4.265280
 -3.614380   0.933330   3.776200  -3.213440   1.742700   4.211830
 -3.614380   0.933330   3.776200  -3.851480   1.192240   2.838660
 -1.231790  -0.560480   3.518630  -2.119590  -0.178470   3.692490
  1.583360   2.286830   4.695550   1.126840   2.259800   5.583000
  1.583360   2.286830   4.695550   2.502830   2.652560   4.823160
  1.583360   2.286830   4.695550   1.069410   2.895610   4.083470
  1.179970  -0.080470   2.969510   1.526630   0.500310   3.662620
  0.953570   5.250070   0.572950   1.839950   4.819880   0.327380
  0.953570   5.250070   0.572950   0.160490   4.714120   0.136770
  0.953570   5.250070   0.572950   0.925810   6.210600   0.278100
  0.953570   5.250070   0.572950   0.795110   5.183060   1.610940
 -2.860750   5.593470   1.156370  -3.629250   5.176570   1.857580
 -2.860750   5.593470   1.156370  -2.816940   6.709250   1.274040
 -2.860750   5.593470   1.156370  -3.155160   5.351730   0.099690
 -1.605990   5.083030   1.428630  -2.860750   5.593470   1.156370
 -1.177880   3.438540   1.955530  -1.605990   5.083030   1.428630
 -1.177880   3.438540   1.955530  -0.802030   3.093770   0.620860
 -1.177880   3.438540   1.955530  -2.380570   3.120760   2.556850
 -1.177880   3.438540   1.955530  -0.056610   3.921280   2.701960
 -0.302280   0.163250   2.493560  -0.665050   1.598990   2.397950
 -0.302280   0.163250   2.493560  -1.231790  -0.560480   3.518630
 -0.302280   0.163250   2.493560   1.179970  -0.080470   2.969510
 -0.452010  -0.641640   1.131810  -0.302280   0.163250   2.493560
 -0.029520   0.021570  -0.040730  -0.452010  -0.641640   1.131810
 -0.029520   0.021570  -0.040730  -0.468770  -0.545040  -0.900050
 -0.029520   0.021570  -0.040730  -0.400020   1.083060  -0.029170
 -0.029520   0.021570  -0.040730   1.088030  -0.018440  -0.089490
