33 atoms follow (x y z r g b radiusScale)
  0.368900  -0.138660   0.092630   0.000000   1.000000   0.000000   1.850000
  1.442990  -0.243400   0.389620   1.000000   1.000000   1.000000   1.200000
  0.085430   0.939670  -0.041260   1.000000   1.000000   1.000000   1.200000
  0.153590  -0.726570  -0.834210   1.000000   1.000000   1.000000   1.200000
 -0.433350  -0.691410   1.117650   1.000000   0.000000   0.000000   1.400000
 -0.297520   0.020090   2.521780   0.500000   0.500000   0.500000   1.900000
  1.167250  -0.142440   2.998270   1.000000   0.000000   0.000000   1.400000
 -1.181900  -0.777710   3.526380   1.000000   0.000000   0.000000   1.400000
 -0.739990   1.458800   2.438390   1.000000   0.000000   0.000000   1.400000
 -1.157370   3.205670   2.194500   1.000000   1.000000   0.000000   1.850000
 -0.445790   3.685080   3.277610   1.000000   0.000000   0.000000   1.400000
 -2.509590   3.093250   2.333810   1.000000   0.000000   0.000000   1.400000
 -0.640020   3.287610   0.920490   1.000000   0.000000   0.000000   1.400000
 -2.470370   6.456320   1.407970   1.000000   0.000000   0.000000   1.400000
 -3.776880   6.225840   0.962030   0.000000   1.000000   0.000000   1.850000
 -4.195010   7.116570   0.420390   1.000000   1.000000   1.000000   1.200000
 -4.444820   5.983880   1.843730   1.000000   1.000000   1.000000   1.200000
 -3.755790   5.335920   0.291560   1.000000   1.000000   1.000000   1.200000
  2.411840   5.006540  -0.234860   0.000000   0.000000   1.000000   1.540000
  2.028310   5.573760   0.495640   1.000000   1.000000   1.000000   1.200000
 -2.425040   7.062340   2.128340   1.000000   1.000000   1.000000   1.200000
  2.115400   5.379440  -1.116370   1.000000   1.000000   1.000000   1.200000
  2.042960   4.081730  -0.140530   1.000000   1.000000   1.000000   1.200000
  1.842540   2.190850   4.309810   0.000000   0.000000   1.000000   1.540000
  1.593310   0.590770   3.508300   1.000000   1.000000   1.000000   1.200000
  1.533140   2.903800   3.673510   1.000000   1.000000   1.000000   1.200000
  2.808840   2.331770   4.517550   1.000000   1.000000   1.000000   1.200000
  1.311900   2.277350   5.152200   1.000000   1.000000   1.000000   1.200000
 -3.525020   0.723470   3.778270   0.000000   0.000000   1.000000   1.540000
 -2.080440  -0.438240   3.737740   1.000000   1.000000   1.000000   1.200000
 -3.697230   1.276690   2.959150   1.000000   1.000000   1.000000   1.200000
 -3.318050   1.340980   4.535900   1.000000   1.000000   1.000000   1.200000
 -4.335960   0.187150   4.002940   1.000000   1.000000   1.000000   1.200000
28 bonds follow (x1 y1 z1 x2 y2 z2)
 -3.525020   0.723470   3.778270  -4.335960   0.187150   4.002940
 -3.525020   0.723470   3.778270  -3.318050   1.340980   4.535900
 -3.525020   0.723470   3.778270  -3.697230   1.276690   2.959150
 -1.181900  -0.777710   3.526380  -2.080440  -0.438240   3.737740
  1.842540   2.190850   4.309810   1.311900   2.277350   5.152200
  1.842540   2.190850   4.309810   2.808840   2.331770   4.517550
  1.842540   2.190850   4.309810   1.533140   2.903800   3.673510
  1.167250  -0.142440   2.998270   1.593310   0.590770   3.508300
  2.411840   5.006540  -0.234860   2.042960   4.081730  -0.140530
  2.411840   5.006540  -0.234860   2.115400   5.379440  -1.116370
 -2.470370   6.456320   1.407970  -2.425040   7.062340   2.128340
  2.411840   5.006540  -0.234860   2.028310   5.573760   0.495640
 -3.776880   6.225840   0.962030  -3.755790   5.335920   0.291560
 -3.776880   6.225840   0.962030  -4.444820   5.983880   1.843730
 -3.776880   6.225840   0.962030  -4.195010   7.116570   0.420390
 -2.470370   6.456320   1.407970  -3.776880   6.225840   0.962030
 -1.157370   3.205670   2.194500  -0.640020   3.287610   0.920490
 -1.157370   3.205670   2.194500  -2.509590   3.093250   2.333810
 -1.157370   3.205670   2.194500  -0.445790   3.685080   3.277610
 -0.739990   1.458800   2.438390  -1.157370   3.205670   2.194500
 -0.297520   0.020090   2.521780  -0.739990   1.458800   2.438390
 -0.297520   0.020090   2.521780  -1.181900  -0.777710   3.526380
 -0.297520   0.020090   2.521780   1.167250  -0.142440   2.998270
 -0.433350  -0.691410   1.117650  -0.297520   0.020090   2.521780
  0.368900  -0.138660   0.092630  -0.433350  -0.691410   1.117650
  0.368900  -0.138660   0.092630   0.153590  -0.726570  -0.834210
  0.368900  -0.138660   0.092630   0.085430   0.939670  -0.041260
  0.368900  -0.138660   0.092630   1.442990  -0.243400   0.389620
