33 atoms follow (x y z r g b radiusScale)
 -0.397720  -0.044640  -0.034770   0.000000   1.000000   0.000000   1.850000
  0.569160  -0.172020  -0.590120   1.000000   1.000000   1.000000   1.200000
 -0.647630   1.041340   0.099330   1.000000   1.000000   1.000000   1.200000
 -1.211680  -0.567750  -0.602110   1.000000   1.000000   1.000000   1.200000
 -0.280850  -0.703130   1.208410   1.000000   0.000000   0.000000   1.400000
 -0.178050   0.167720   2.525500   0.500000   0.500000   0.500000   1.900000
  1.294140  -0.044210   3.075280   1.000000   0.000000   0.000000   1.400000
 -1.002180  -0.653990   3.583220   1.000000   0.000000   0.000000   1.400000
 -0.645600   1.550440   2.287140   1.000000   0.000000   0.000000   1.400000
 -1.181920   3.442870   1.864350   1.000000   1.000000   0.000000   1.850000
  0.021780   3.822700   2.498140   1.000000   0.000000   0.000000   1.400000
 -2.366610   3.201390   2.539510   1.000000   0.000000   0.000000   1.400000
 -0.926280   3.098640   0.512040   1.000000   0.000000   0.000000   1.400000
 -1.536160   5.137550   1.378650   1.000000   0.000000   0.000000   1.400000
 -2.563690   5.919500   1.867420   0.000000   1.000000   0.000000   1.850000
 -3.103980   5.402510   2.703500   1.000000   1.000000   1.000000   1.200000
 -3.291040   6.140490   1.041780   1.000000   1.000000   1.000000   1.200000
 -2.140120   6.889000   2.244960   1.000000   1.000000   1.000000   1.200000
  0.864230   5.114340   0.313760   0.000000   0.000000   1.000000   1.540000
  1.428190   4.394170   0.790430   1.000000   1.000000   1.000000   1.200000
  1.416030   5.713630  -0.280060   1.000000   1.000000   1.000000   1.200000
  0.377720   5.651140   1.065140   1.000000   1.000000   1.000000   1.200000
  0.117190   4.626120  -0.210390   1.000000   1.000000   1.000000   1.200000
  1.028540   2.518230   5.017130   0.000000   0.000000   1.000000   1.540000
  1.418150   0.087660   4.017340   1.000000   1.000000   1.000000   1.200000
  0.973740   2.962040   4.118710   1.000000   1.000000   1.000000   1.200000
  1.697690   3.012710   5.570140   1.000000   1.000000   1.000000   1.200000
  0.137920   2.601080   5.463550   1.000000   1.000000   1.000000   1.200000
 -3.635600   0.739430   3.409390   0.000000   0.000000   1.000000   1.540000
 -1.955240  -0.507410   3.657350   1.000000   1.000000   1.000000   1.200000
 -3.676700   1.042750   2.455290   1.000000   1.000000   1.000000   1.200000
 -3.265780   1.507470   3.938860   1.000000   1.000000   1.000000   1.200000
 -4.566050   0.554890   3.722910   1.000000   1.000000   1.000000   1.200000
28 bonds follow (x1 y1 z1 x2 y2 z2)
 -3.635600   0.739430   3.409390  -4.566050   0.554890   3.722910
 -3.635600   0.739430   3.409390  -3.265780   1.507470   3.938860
 -3.635600   0.739430   3.409390  -3.676700   1.042750   2.455290
 -1.002180  -0.653990   3.583220  -1.955240  -0.507410   3.657350
  1.028540   2.518230   5.017130   0.137920   2.601080   5.463550
  1.028540   2.518230   5.017130   1.697690   3.012710   5.570140
  1.028540   2.518230   5.017130   0.973740   2.962040   4.118710
  1.294140  -0.044210   3.075280   1.418150   0.087660   4.017340
  0.864230   5.114340   0.313760   0.117190   4.626120  -0.210390
  0.864230   5.114340   0.313760   0.377720   5.651140   1.065140
  0.864230   5.114340   0.313760   1.416030   5.713630  -0.280060
  0.864230   5.114340   0.313760   1.428190   4.394170   0.790430
 -2.563690   5.919500   1.867420  -2.140120   6.889000   2.244960
 -2.563690   5.919500   1.867420  -3.291040   6.140490   1.041780
 -2.563690   5.919500   1.867420  -3.103980   5.402510   2.703500
 -1.536160   5.137550   1.378650  -2.563690   5.919500   1.867420
 -1.181920   3.442870   1.864350  -1.536160   5.137550   1.378650
 -1.181920   3.442870   1.864350  -0.926280   3.098640   0.512040
 -1.181920   3.442870   1.864350  -2.366610   3.201390   2.539510
 -1.181920   3.442870   1.864350   0.021780   3.822700   2.498140
 -0.178050   0.167720   2.525500  -0.645600   1.550440   2.287140
 -0.178050   0.167720   2.525500  -1.002180  -0.653990   3.583220
 -0.178050   0.167720   2.525500   1.294140  -0.044210   3.075280
 -0.280850  -0.703130   1.208410  -0.178050   0.167720   2.525500
 -0.397720  -0.044640  -0.034770  -0.280850  -0.703130   1.208410
 -0.397720  -0.044640  -0.034770  -1.211680  -0.567750  -0.602110
 -0.397720  -0.044640  -0.034770  -0.647630   1.041340   0.099330
 -0.397720  -0.044640  -0.034770   0.569160  -0.172020  -0.590120
