33 atoms follow (x y z r g b radiusScale)
 -0.000670   0.000280   0.000780   0.000000   1.000000   0.000000   1.850000
  1.118420   0.000040  -0.001060   1.000000   1.000000   1.000000   1.200000
 -0.405180   1.050090   0.003290   1.000000   1.000000   1.000000   1.200000
 -0.387890  -0.576460  -0.876120   1.000000   1.000000   1.000000   1.200000
 -0.444630  -0.681900   1.155720   1.000000   0.000000   0.000000   1.400000
 -0.330010   0.130810   2.516180   0.500000   0.500000   0.500000   1.900000
  1.153930  -0.067050   2.993200   1.000000   0.000000   0.000000   1.400000
 -1.241240  -0.624680   3.540210   1.000000   0.000000   0.000000   1.400000
 -0.677630   1.567990   2.366930   1.000000   0.000000   0.000000   1.400000
 -1.161760   3.418880   1.971820   1.000000   1.000000   0.000000   1.850000
 -0.020220   3.846730   2.692210   1.000000   0.000000   0.000000   1.400000
 -2.398480   3.148410   2.533330   1.000000   0.000000   0.000000   1.400000
 -0.843570   3.165470   0.613800   1.000000   0.000000   0.000000   1.400000
 -1.568640   5.142790   1.596910   1.000000   0.000000   0.000000   1.400000
 -2.718590   5.601060   0.984670   0.000000   1.000000   0.000000   1.850000
 -2.725220   5.312470  -0.101330   1.000000   1.000000   1.000000   1.200000
 -2.738050   6.720920   1.062550   1.000000   1.000000   1.000000   1.200000
 -3.626760   5.177280   1.485330   1.000000   1.000000   1.000000   1.200000
  0.795250   5.415550   0.496790   0.000000   0.000000   1.000000   1.540000
  1.220680   5.109720   1.383280   1.000000   1.000000   1.000000   1.200000
 -0.175810   5.739980   0.749190   1.000000   1.000000   1.000000   1.200000
  0.669450   4.581950  -0.094190   1.000000   1.000000   1.000000   1.200000
  1.330220   6.138180   0.039670   1.000000   1.000000   1.000000   1.200000
  1.620810   2.232550   4.685920   0.000000   0.000000   1.000000   1.540000
  1.510670   0.570010   3.635990   1.000000   1.000000   1.000000   1.200000
  1.167070   2.888540   4.074740   1.000000   1.000000   1.000000   1.200000
  2.566510   2.515030   4.830600   1.000000   1.000000   1.000000   1.200000
  1.150340   2.226550   5.566020   1.000000   1.000000   1.000000   1.200000
 -3.597790   0.958570   3.767500   0.000000   0.000000   1.000000   1.540000
 -2.134230  -0.267090   3.723000   1.000000   1.000000   1.000000   1.200000
 -3.830270   1.194180   2.822130   1.000000   1.000000   1.000000   1.200000
 -3.165570   1.769440   4.170640   1.000000   1.000000   1.000000   1.200000
 -4.437030   0.753550   4.266800   1.000000   1.000000   1.000000   1.200000
28 bonds follow (x1 y1 z1 x2 y2 z2)
 -3.597790   0.958570   3.767500  -4.437030   0.753550   4.266800
 -3.597790   0.958570   3.767500  -3.165570   1.769440   4.170640
 -3.597790   0.958570   3.767500  -3.830270   1.194180   2.822130
 -1.241240  -0.624680   3.540210  -2.134230  -0.267090   3.723000
  1.620810   2.232550   4.685920   1.150340   2.226550   5.566020
  1.620810   2.232550   4.685920   2.566510   2.515030   4.830600
  1.620810   2.232550   4.685920   1.167070   2.888540   4.074740
  1.153930  -0.067050   2.993200   1.510670   0.570010   3.635990
  0.795250   5.415550   0.496790   1.330220   6.138180   0.039670
  0.795250   5.415550   0.496790   0.669450   4.581950  -0.094190
  0.795250   5.415550   0.496790  -0.175810   5.739980   0.749190
  0.795250   5.415550   0.496790   1.220680   5.109720   1.383280
 -2.718590   5.601060   0.984670  -3.626760   5.177280   1.485330
 -2.718590   5.601060   0.984670  -2.738050   6.720920   1.062550
 -2.718590   5.601060   0.984670  -2.725220   5.312470  -0.101330
 -1.568640   5.142790   1.596910  -2.718590   5.601060   0.984670
 -1.161760   3.418880   1.971820  -1.568640   5.142790   1.596910
 -1.161760   3.418880   1.971820  -0.843570   3.165470   0.613800
 -1.161760   3.418880   1.971820  -2.398480   3.148410   2.533330
 -1.161760   3.418880   1.971820  -0.020220   3.846730   2.692210
 -0.330010   0.130810   2.516180  -0.677630   1.567990   2.366930
 -0.330010   0.130810   2.516180  -1.241240  -0.624680   3.540210
 -0.330010   0.130810   2.516180   1.153930  -0.067050   2.993200
 -0.444630  -0.681900   1.155720  -0.330010   0.130810   2.516180
 -0.000670   0.000280   0.000780  -0.444630  -0.681900   1.155720
 -0.000670   0.000280   0.000780  -0.387890  -0.576460  -0.876120
 -0.000670   0.000280   0.000780  -0.405180   1.050090   0.003290
 -0.000670   0.000280   0.000780   1.118420   0.000040  -0.001060
