33 atoms follow (x y z r g b radiusScale)
  0.092970  -0.159760   0.032430   0.000000   1.000000   0.000000   1.850000
  1.204050  -0.076820   0.135420   1.000000   1.000000   1.000000   1.200000
 -0.377310   0.854540  -0.064170   1.000000   1.000000   1.000000   1.200000
 -0.176110  -0.814160  -0.834110   1.000000   1.000000   1.000000   1.200000
 -0.414900  -0.798020   1.187480   1.000000   0.000000   0.000000   1.400000
 -0.298690   0.025840   2.526510   0.500000   0.500000   0.500000   1.900000
  1.142240  -0.166050   3.084360   1.000000   0.000000   0.000000   1.400000
 -1.238990  -0.692760   3.530550   1.000000   0.000000   0.000000   1.400000
 -0.644630   1.480840   2.327370   1.000000   0.000000   0.000000   1.400000
 -1.130600   3.215930   2.073990   1.000000   1.000000   0.000000   1.850000
 -0.135190   3.775670   2.845880   1.000000   0.000000   0.000000   1.400000
 -2.410810   3.109810   2.556700   1.000000   0.000000   0.000000   1.400000
 -0.903860   3.286420   0.722720   1.000000   0.000000   0.000000   1.400000
 -2.156700   5.916670   1.630950   1.000000   0.000000   0.000000   1.400000
 -3.304960   5.995620   0.816810   0.000000   1.000000   0.000000   1.850000
 -3.013950   6.105150  -0.258630   1.000000   1.000000   1.000000   1.200000
 -3.975620   6.838330   1.122130   1.000000   1.000000   1.000000   1.200000
 -3.818000   5.012490   1.002940   1.000000   1.000000   1.000000   1.200000
  1.868790   5.589800  -0.004030   0.000000   0.000000   1.000000   1.540000
  1.800510   6.109160   0.849860   1.000000   1.000000   1.000000   1.200000
 -1.716060   6.835950   1.568910   1.000000   1.000000   1.000000   1.200000
  1.177430   5.945870  -0.634790   1.000000   1.000000   1.000000   1.200000
  1.627400   4.636400   0.204680   1.000000   1.000000   1.000000   1.200000
  1.703840   2.131780   4.593900   0.000000   0.000000   1.000000   1.540000
  1.522130   0.506990   3.692220   1.000000   1.000000   1.000000   1.200000
  1.426910   2.844600   3.942390   1.000000   1.000000   1.000000   1.200000
  2.677340   2.229910   4.794170   1.000000   1.000000   1.000000   1.200000
  1.187140   2.249960   5.440060   1.000000   1.000000   1.000000   1.200000
 -3.565440   0.819810   3.810840   0.000000   0.000000   1.000000   1.540000
 -2.148350  -0.347090   3.675860   1.000000   1.000000   1.000000   1.200000
 -3.834780   1.198960   2.923900   1.000000   1.000000   1.000000   1.200000
 -3.239020   1.579330   4.375720   1.000000   1.000000   1.000000   1.200000
 -4.357960   0.399100   4.248350   1.000000   1.000000   1.000000   1.200000
28 bonds follow (x1 y1 z1 x2 y2 z2)
 -3.565440   0.819810   3.810840  -4.357960   0.399100   4.248350
 -3.565440   0.819810   3.810840  -3.239020   1.579330   4.375720
 -3.565440   0.819810   3.810840  -3.834780   1.198960   2.923900
 -1.238990  -0.692760   3.530550  -2.148350  -0.347090   3.675860
  1.703840   2.131780   4.593900   1.187140   2.249960   5.440060
  1.703840   2.131780   4.593900   2.677340   2.229910   4.794170
  1.703840   2.131780   4.593900   1.426910   2.844600   3.942390
  1.142240  -0.166050   3.084360   1.522130   0.506990   3.692220
  1.868790   5.589800  -0.004030   1.627400   4.636400   0.204680
  1.868790   5.589800  -0.004030   1.177430   5.945870  -0.634790
 -2.156700   5.916670   1.630950  -1.716060   6.835950   1.568910
  1.868790   5.589800  -0.004030   1.800510   6.109160   0.849860
 -3.304960   5.995620   0.816810  -3.818000   5.012490   1.002940
 -3.304960   5.995620   0.816810  -3.975620   6.838330   1.122130
 -3.304960   5.995620   0.816810  -3.013950   6.105150  -0.258630
 -2.156700   5.916670   1.630950  -3.304960   5.995620   0.816810
 -1.130600   3.215930   2.073990  -0.903860   3.286420   0.722720
 -1.130600   3.215930   2.073990  -2.410810   3.109810   2.556700
 -1.130600   3.215930   2.073990  -0.135190   3.775670   2.845880
 -0.644630   1.480840   2.327370  -1.130600   3.215930   2.073990
 -0.298690   0.025840   2.526510  -0.644630   1.480840   2.327370
 -0.298690   0.025840   2.526510  -1.238990  -0.692760   3.530550
 -0.298690   0.025840   2.526510   1.142240  -0.166050   3.084360
 -0.414900  -0.798020   1.187480  -0.298690   0.025840   2.526510
  0.092970  -0.159760   0.032430  -0.414900  -0.798020   1.187480
  0.092970  -0.159760   0.032430  -0.176110  -0.814160  -0.834110
  0.092970  -0.159760   0.032430  -0.377310   0.854540  -0.064170
  0.092970  -0.159760   0.032430   1.204050  -0.076820   0.135420
