33 atoms follow (x y z r g b radiusScale)
 -0.065790  -0.043140  -0.021770   0.000000   1.000000   0.000000   1.850000
  1.016950  -0.249310  -0.225450   1.000000   1.000000   1.000000   1.200000
 -0.267770   1.060350   0.050930   1.000000   1.000000   1.000000   1.200000
 -0.686460  -0.505410  -0.832080   1.000000   1.000000   1.000000   1.200000
 -0.438710  -0.682680   1.179120   1.000000   0.000000   0.000000   1.400000
 -0.299790   0.129190   2.539340   0.500000   0.500000   0.500000   1.900000
  1.195610  -0.044160   2.999680   1.000000   0.000000   0.000000   1.400000
 -1.152180  -0.703180   3.565020   1.000000   0.000000   0.000000   1.400000
 -0.703250   1.548180   2.423450   1.000000   0.000000   0.000000   1.400000
 -1.184280   3.468960   1.883760   1.000000   1.000000   0.000000   1.850000
 -0.113890   3.897260   2.705340   1.000000   0.000000   0.000000   1.400000
 -2.461480   3.138300   2.297070   1.000000   0.000000   0.000000   1.400000
 -0.664510   3.174020   0.589990   1.000000   0.000000   0.000000   1.400000
 -1.564090   5.143440   1.435710   1.000000   0.000000   0.000000   1.400000
 -2.822310   5.717400   1.444440   0.000000   1.000000   0.000000   1.850000
 -3.383320   5.429410   0.516210   1.000000   1.000000   1.000000   1.200000
 -2.691690   6.832310   1.464950   1.000000   1.000000   1.000000   1.200000
 -3.406940   5.392020   2.343250   1.000000   1.000000   1.000000   1.200000
  0.862330   5.246840   0.493630   0.000000   0.000000   1.000000   1.540000
  0.646680   5.475400   1.481330   1.000000   1.000000   1.000000   1.200000
  1.537940   5.876550   0.089790   1.000000   1.000000   1.000000   1.200000
 -0.052090   5.278840   0.004440   1.000000   1.000000   1.000000   1.200000
  1.156510   4.263710   0.475040   1.000000   1.000000   1.000000   1.200000
  1.523420   2.313360   4.705120   0.000000   0.000000   1.000000   1.540000
  1.521180   0.541940   3.699680   1.000000   1.000000   1.000000   1.200000
  0.983060   2.931540   4.126890   1.000000   1.000000   1.000000   1.200000
  2.426310   2.709570   4.855760   1.000000   1.000000   1.000000   1.200000
  1.069860   2.210790   5.588520   1.000000   1.000000   1.000000   1.200000
 -3.556290   0.931590   3.741890   0.000000   0.000000   1.000000   1.540000
 -2.077570  -0.448860   3.710920   1.000000   1.000000   1.000000   1.200000
 -3.775700   1.118910   2.782050   1.000000   1.000000   1.000000   1.200000
 -3.043790   1.725660   4.078600   1.000000   1.000000   1.000000   1.200000
 -4.409540   0.861630   4.255650   1.000000   1.000000   1.000000   1.200000
28 bonds follow (x1 y1 z1 x2 y2 z2)
 -3.556290   0.931590   3.741890  -4.409540   0.861630   4.255650
 -3.556290   0.931590   3.741890  -3.043790   1.725660   4.078600
 -3.556290   0.931590   3.741890  -3.775700   1.118910   2.782050
 -1.152180  -0.703180   3.565020  -2.077570  -0.448860   3.710920
  1.523420   2.313360   4.705120   1.069860   2.210790   5.588520
  1.523420   2.313360   4.705120   2.426310   2.709570   4.855760
  1.523420   2.313360   4.705120   0.983060   2.931540   4.126890
  1.195610  -0.044160   2.999680   1.521180   0.541940   3.699680
  0.862330   5.246840   0.493630   1.156510   4.263710   0.475040
  0.862330   5.246840   0.493630  -0.052090   5.278840   0.004440
  0.862330   5.246840   0.493630   1.537940   5.876550   0.089790
  0.862330   5.246840   0.493630   0.646680   5.475400   1.481330
 -2.822310   5.717400   1.444440  -3.406940   5.392020   2.343250
 -2.822310   5.717400   1.444440  -2.691690   6.832310   1.464950
 -2.822310   5.717400   1.444440  -3.383320   5.429410   0.516210
 -1.564090   5.143440   1.435710  -2.822310   5.717400   1.444440
 -1.184280   3.468960   1.883760  -1.564090   5.143440   1.435710
 -1.184280   3.468960   1.883760  -0.664510   3.174020   0.589990
 -1.184280   3.468960   1.883760  -2.461480   3.138300   2.297070
 -1.184280   3.468960   1.883760  -0.113890   3.897260   2.705340
 -0.299790   0.129190   2.539340  -0.703250   1.548180   2.423450
 -0.299790   0.129190   2.539340  -1.152180  -0.703180   3.565020
 -0.299790   0.129190   2.539340   1.195610  -0.044160   2.999680
 -0.438710  -0.682680   1.179120  -0.299790   0.129190   2.539340
 -0.065790  -0.043140  -0.021770  -0.438710  -0.682680   1.179120
 -0.065790  -0.043140  -0.021770  -0.686460  -0.505410  -0.832080
 -0.065790  -0.043140  -0.021770  -0.267770   1.060350   0.050930
 -0.065790  -0.043140  -0.021770   1.016950  -0.249310  -0.225450
