33 atoms follow (x y z r g b radiusScale)
 -0.354050  -0.065480  -0.052530   0.000000   1.000000   0.000000   1.850000
  0.599080  -0.272460  -0.606830   1.000000   1.000000   1.000000   1.200000
 -0.519760   1.037920   0.079240   1.000000   1.000000   1.000000   1.200000
 -1.207320  -0.519700  -0.620890   1.000000   1.000000   1.000000   1.200000
 -0.291160  -0.719960   1.198670   1.000000   0.000000   0.000000   1.400000
 -0.176570   0.166310   2.517320   0.500000   0.500000   0.500000   1.900000
  1.293570  -0.005530   3.058620   1.000000   0.000000   0.000000   1.400000
 -1.006240  -0.608990   3.595490   1.000000   0.000000   0.000000   1.400000
 -0.682350   1.536740   2.293860   1.000000   0.000000   0.000000   1.400000
 -1.172490   3.431740   1.871510   1.000000   1.000000   0.000000   1.850000
  0.054640   3.806440   2.490390   1.000000   0.000000   0.000000   1.400000
 -2.351630   3.194530   2.567460   1.000000   0.000000   0.000000   1.400000
 -0.958870   3.107780   0.503830   1.000000   0.000000   0.000000   1.400000
 -1.508640   5.116810   1.420010   1.000000   0.000000   0.000000   1.400000
 -2.565510   5.889310   1.852870   0.000000   1.000000   0.000000   1.850000
 -3.066320   5.432530   2.746120   1.000000   1.000000   1.000000   1.200000
 -3.315170   5.997280   1.024340   1.000000   1.000000   1.000000   1.200000
 -2.176750   6.908090   2.123810   1.000000   1.000000   1.000000   1.200000
  0.860340   5.139890   0.308850   0.000000   0.000000   1.000000   1.540000
  1.385180   4.408000   0.808670   1.000000   1.000000   1.000000   1.200000
  1.441920   5.696530  -0.294110   1.000000   1.000000   1.000000   1.200000
  0.391190   5.708450   1.040690   1.000000   1.000000   1.000000   1.200000
  0.091090   4.664410  -0.205970   1.000000   1.000000   1.000000   1.200000
  1.014760   2.521030   5.017390   0.000000   0.000000   1.000000   1.540000
  1.478860   0.266140   3.960560   1.000000   1.000000   1.000000   1.200000
  1.107180   2.949000   4.113700   1.000000   1.000000   1.000000   1.200000
  1.657800   2.961860   5.642130   1.000000   1.000000   1.000000   1.200000
  0.087910   2.697790   5.348150   1.000000   1.000000   1.000000   1.200000
 -3.680340   0.749580   3.418700   0.000000   0.000000   1.000000   1.540000
 -1.969610  -0.581790   3.578110   1.000000   1.000000   1.000000   1.200000
 -3.571020   1.067360   2.474010   1.000000   1.000000   1.000000   1.200000
 -3.312730   1.474460   4.006630   1.000000   1.000000   1.000000   1.200000
 -4.658100   0.659200   3.603430   1.000000   1.000000   1.000000   1.200000
28 bonds follow (x1 y1 z1 x2 y2 z2)
 -3.680340   0.749580   3.418700  -4.658100   0.659200   3.603430
 -3.680340   0.749580   3.418700  -3.312730   1.474460   4.006630
 -3.680340   0.749580   3.418700  -3.571020   1.067360   2.474010
 -1.006240  -0.608990   3.595490  -1.969610  -0.581790   3.578110
  1.014760   2.521030   5.017390   0.087910   2.697790   5.348150
  1.014760   2.521030   5.017390   1.657800   2.961860   5.642130
  1.014760   2.521030   5.017390   1.107180   2.949000   4.113700
  1.293570  -0.005530   3.058620   1.478860   0.266140   3.960560
  0.860340   5.139890   0.308850   0.091090   4.664410  -0.205970
  0.860340   5.139890   0.308850   0.391190   5.708450   1.040690
  0.860340   5.139890   0.308850   1.441920   5.696530  -0.294110
  0.860340   5.139890   0.308850   1.385180   4.408000   0.808670
 -2.565510   5.889310   1.852870  -2.176750   6.908090   2.123810
 -2.565510   5.889310   1.852870  -3.315170   5.997280   1.024340
 -2.565510   5.889310   1.852870  -3.066320   5.432530   2.746120
 -1.508640   5.116810   1.420010  -2.565510   5.889310   1.852870
 -1.172490   3.431740   1.871510  -1.508640   5.116810   1.420010
 -1.172490   3.431740   1.871510  -0.958870   3.107780   0.503830
 -1.172490   3.431740   1.871510  -2.351630   3.194530   2.567460
 -1.172490   3.431740   1.871510   0.054640   3.806440   2.490390
 -0.176570   0.166310   2.517320  -0.682350   1.536740   2.293860
 -0.176570   0.166310   2.517320  -1.006240  -0.608990   3.595490
 -0.176570   0.166310   2.517320   1.293570  -0.005530   3.058620
 -0.291160  -0.719960   1.198670  -0.176570   0.166310   2.517320
 -0.354050  -0.065480  -0.052530  -0.291160  -0.719960   1.198670
 -0.354050  -0.065480  -0.052530  -1.207320  -0.519700  -0.620890
 -0.354050  -0.065480  -0.052530  -0.519760   1.037920   0.079240
 -0.354050  -0.065480  -0.052530   0.599080  -0.272460  -0.606830
