33 atoms follow (x y z r g b radiusScale)
  0.066750  -0.121050   0.022520   0.000000   1.000000   0.000000   1.850000
  1.180890  -0.031730   0.063570   1.000000   1.000000   1.000000   1.200000
 -0.415760   0.890040  -0.036060   1.000000   1.000000   1.000000   1.200000
 -0.241780  -0.766840  -0.837920   1.000000   1.000000   1.000000   1.200000
 -0.379950  -0.784140   1.190320   1.000000   0.000000   0.000000   1.400000
 -0.320530   0.016190   2.552490   0.500000   0.500000   0.500000   1.900000
  1.147860  -0.159000   3.047360   1.000000   0.000000   0.000000   1.400000
 -1.246260  -0.736890   3.562960   1.000000   0.000000   0.000000   1.400000
 -0.641950   1.477210   2.330420   1.000000   0.000000   0.000000   1.400000
 -1.121450   3.255020   2.042170   1.000000   1.000000   0.000000   1.850000
 -0.122290   3.789650   2.830360   1.000000   0.000000   0.000000   1.400000
 -2.382450   3.130670   2.549690   1.000000   0.000000   0.000000   1.400000
 -0.932670   3.243170   0.679180   1.000000   0.000000   0.000000   1.400000
 -2.101880   5.862530   1.675360   1.000000   0.000000   0.000000   1.400000
 -3.218460   5.935400   0.812070   0.000000   1.000000   0.000000   1.850000
 -2.902380   5.933400  -0.259600   1.000000   1.000000   1.000000   1.200000
 -3.812040   6.859230   1.032370   1.000000   1.000000   1.000000   1.200000
 -3.823130   5.020460   1.067060   1.000000   1.000000   1.000000   1.200000
  1.734410   5.631900   0.046020   0.000000   0.000000   1.000000   1.540000
  1.598260   5.994590   0.968070   1.000000   1.000000   1.000000   1.200000
 -1.563760   6.494960   1.429630   1.000000   1.000000   1.000000   1.200000
  0.902080   5.826360  -0.475630   1.000000   1.000000   1.000000   1.200000
  1.823300   4.634810   0.113690   1.000000   1.000000   1.000000   1.200000
  1.684240   2.131540   4.620840   0.000000   0.000000   1.000000   1.540000
  1.528320   0.522010   3.640710   1.000000   1.000000   1.000000   1.200000
  1.404610   2.842800   3.969600   1.000000   1.000000   1.000000   1.200000
  2.658750   2.228850   4.816520   1.000000   1.000000   1.000000   1.200000
  1.172250   2.252920   5.469330   1.000000   1.000000   1.000000   1.200000
 -3.557550   0.860620   3.790870   0.000000   0.000000   1.000000   1.540000
 -2.154840  -0.416630   3.739740   1.000000   1.000000   1.000000   1.200000
 -3.779800   1.181830   2.868170   1.000000   1.000000   1.000000   1.200000
 -3.155390   1.635770   4.282900   1.000000   1.000000   1.000000   1.200000
 -4.400070   0.586560   4.251410   1.000000   1.000000   1.000000   1.200000
28 bonds follow (x1 y1 z1 x2 y2 z2)
 -3.557550   0.860620   3.790870  -4.400070   0.586560   4.251410
 -3.557550   0.860620   3.790870  -3.155390   1.635770   4.282900
 -3.557550   0.860620   3.790870  -3.779800   1.181830   2.868170
 -1.246260  -0.736890   3.562960  -2.154840  -0.416630   3.739740
  1.684240   2.131540   4.620840   1.172250   2.252920   5.469330
  1.684240   2.131540   4.620840   2.658750   2.228850   4.816520
  1.684240   2.131540   4.620840   1.404610   2.842800   3.969600
  1.147860  -0.159000   3.047360   1.528320   0.522010   3.640710
  1.734410   5.631900   0.046020   1.823300   4.634810   0.113690
  1.734410   5.631900   0.046020   0.902080   5.826360  -0.475630
 -2.101880   5.862530   1.675360  -1.563760   6.494960   1.429630
  1.734410   5.631900   0.046020   1.598260   5.994590   0.968070
 -3.218460   5.935400   0.812070  -3.823130   5.020460   1.067060
 -3.218460   5.935400   0.812070  -3.812040   6.859230   1.032370
 -3.218460   5.935400   0.812070  -2.902380   5.933400  -0.259600
 -2.101880   5.862530   1.675360  -3.218460   5.935400   0.812070
 -1.121450   3.255020   2.042170  -0.932670   3.243170   0.679180
 -1.121450   3.255020   2.042170  -2.382450   3.130670   2.549690
 -1.121450   3.255020   2.042170  -0.122290   3.789650   2.830360
 -0.641950   1.477210   2.330420  -1.121450   3.255020   2.042170
 -0.320530   0.016190   2.552490  -0.641950   1.477210   2.330420
 -0.320530   0.016190   2.552490  -1.246260  -0.736890   3.562960
 -0.320530   0.016190   2.552490   1.147860  -0.159000   3.047360
 -0.379950  -0.784140   1.190320  -0.320530   0.016190   2.552490
  0.066750  -0.121050   0.022520  -0.379950  -0.784140   1.190320
  0.066750  -0.121050   0.022520  -0.241780  -0.766840  -0.837920
  0.066750  -0.121050   0.022520  -0.415760   0.890040  -0.036060
  0.066750  -0.121050   0.022520   1.180890  -0.031730   0.063570
