33 atoms follow (x y z r g b radiusScale)
 -0.575830  -0.160640  -0.025570   0.000000   1.000000   0.000000   1.850000
  0.152150  -0.505350  -0.805810   1.000000   1.000000   1.000000   1.200000
 -0.604700   0.960610   0.029840   1.000000   1.000000   1.000000   1.200000
 -1.588620  -0.580100  -0.264560   1.000000   1.000000   1.000000   1.200000
 -0.142210  -0.715240   1.200950   1.000000   0.000000   0.000000   1.400000
 -0.181890   0.170660   2.514710   0.500000   0.500000   0.500000   1.900000
  1.276520   0.137630   3.112280   1.000000   0.000000   0.000000   1.400000
 -1.112710  -0.581400   3.541090   1.000000   0.000000   0.000000   1.400000
 -0.631150   1.565760   2.270970   1.000000   0.000000   0.000000   1.400000
 -1.157240   3.378790   1.817130   1.000000   1.000000   0.000000   1.850000
 -0.062580   3.865720   2.585150   1.000000   0.000000   0.000000   1.400000
 -2.401090   3.076790   2.352260   1.000000   0.000000   0.000000   1.400000
 -0.710650   3.095540   0.490140   1.000000   0.000000   0.000000   1.400000
 -1.612860   5.035320   1.340760   1.000000   0.000000   0.000000   1.400000
 -2.513130   5.892570   1.937340   0.000000   1.000000   0.000000   1.850000
 -3.542230   5.448490   1.949040   1.000000   1.000000   1.000000   1.200000
 -2.528160   6.845860   1.342220   1.000000   1.000000   1.000000   1.200000
 -2.202970   6.126770   2.990740   1.000000   1.000000   1.000000   1.200000
  0.821330   5.256230   0.420880   0.000000   0.000000   1.000000   1.540000
  0.709460   5.386170   1.454560   1.000000   1.000000   1.000000   1.200000
  1.551090   5.829120   0.031440   1.000000   1.000000   1.000000   1.200000
 -0.109690   5.462620   0.007860   1.000000   1.000000   1.000000   1.200000
  0.991330   4.249970   0.270690   1.000000   1.000000   1.000000   1.200000
  1.166430   2.393760   4.960300   0.000000   0.000000   1.000000   1.540000
  1.445500   0.745380   3.852620   1.000000   1.000000   1.000000   1.200000
  0.939360   3.074920   4.257560   1.000000   1.000000   1.000000   1.200000
  2.015210   2.650620   5.416720   1.000000   1.000000   1.000000   1.200000
  0.432990   2.364060   5.636270   1.000000   1.000000   1.000000   1.200000
 -3.699280   0.848420   3.563370   0.000000   0.000000   1.000000   1.540000
 -2.052490  -0.355090   3.609390   1.000000   1.000000   1.000000   1.200000
 -3.864160   0.958620   2.581690   1.000000   1.000000   1.000000   1.200000
 -3.187760   1.659730   3.863240   1.000000   1.000000   1.000000   1.200000
 -4.583270   0.842890   4.028740   1.000000   1.000000   1.000000   1.200000
29 bonds follow (x1 y1 z1 x2 y2 z2)
 -3.699280   0.848420   3.563370  -4.583270   0.842890   4.028740
 -3.699280   0.848420   3.563370  -3.187760   1.659730   3.863240
 -3.699280   0.848420   3.563370  -3.864160   0.958620   2.581690
 -1.112710  -0.581400   3.541090  -2.052490  -0.355090   3.609390
  1.166430   2.393760   4.960300   0.432990   2.364060   5.636270
  1.166430   2.393760   4.960300   2.015210   2.650620   5.416720
  1.166430   2.393760   4.960300   0.939360   3.074920   4.257560
  1.276520   0.137630   3.112280   1.445500   0.745380   3.852620
  0.821330   5.256230   0.420880   0.991330   4.249970   0.270690
  0.821330   5.256230   0.420880  -0.109690   5.462620   0.007860
  0.821330   5.256230   0.420880   1.551090   5.829120   0.031440
  0.821330   5.256230   0.420880   0.709460   5.386170   1.454560
 -2.513130   5.892570   1.937340  -2.202970   6.126770   2.990740
 -2.513130   5.892570   1.937340  -2.528160   6.845860   1.342220
 -2.513130   5.892570   1.937340  -3.542230   5.448490   1.949040
 -1.612860   5.035320   1.340760  -2.513130   5.892570   1.937340
 -1.157240   3.378790   1.817130  -1.612860   5.035320   1.340760
 -1.157240   3.378790   1.817130  -0.710650   3.095540   0.490140
 -1.157240   3.378790   1.817130  -2.401090   3.076790   2.352260
 -1.157240   3.378790   1.817130  -0.062580   3.865720   2.585150
 -0.631150   1.565760   2.270970  -1.157240   3.378790   1.817130
 -0.181890   0.170660   2.514710  -0.631150   1.565760   2.270970
 -0.181890   0.170660   2.514710  -1.112710  -0.581400   3.541090
 -0.181890   0.170660   2.514710   1.276520   0.137630   3.112280
 -0.142210  -0.715240   1.200950  -0.181890   0.170660   2.514710
 -0.575830  -0.160640  -0.025570  -0.142210  -0.715240   1.200950
 -0.575830  -0.160640  -0.025570  -1.588620  -0.580100  -0.264560
 -0.575830  -0.160640  -0.025570  -0.604700   0.960610   0.029840
 -0.575830  -0.160640  -0.025570   0.152150  -0.505350  -0.805810
