33 atoms follow (x y z r g b radiusScale)
  0.041050  -0.072960   0.033040   0.000000   1.000000   0.000000   1.850000
  1.158130  -0.019130   0.053920   1.000000   1.000000   1.000000   1.200000
 -0.415610   0.952880   0.026140   1.000000   1.000000   1.000000   1.200000
 -0.305250  -0.666090  -0.850200   1.000000   1.000000   1.000000   1.200000
 -0.393410  -0.775270   1.183180   1.000000   0.000000   0.000000   1.400000
 -0.315150   0.025120   2.545030   0.500000   0.500000   0.500000   1.900000
  1.159000  -0.133180   3.025610   1.000000   0.000000   0.000000   1.400000
 -1.243690  -0.715730   3.555450   1.000000   0.000000   0.000000   1.400000
 -0.702750   1.472430   2.363350   1.000000   0.000000   0.000000   1.400000
 -1.096010   3.241670   2.029290   1.000000   1.000000   0.000000   1.850000
 -0.113390   3.802920   2.803420   1.000000   0.000000   0.000000   1.400000
 -2.360040   3.123300   2.536670   1.000000   0.000000   0.000000   1.400000
 -0.953220   3.198860   0.664340   1.000000   0.000000   0.000000   1.400000
 -2.023990   5.772280   1.693250   1.000000   0.000000   0.000000   1.400000
 -3.134880   5.872460   0.822870   0.000000   1.000000   0.000000   1.850000
 -2.817820   5.721490  -0.238670   1.000000   1.000000   1.000000   1.200000
 -3.616350   6.876400   0.934410   1.000000   1.000000   1.000000   1.200000
 -3.828690   5.061380   1.159030   1.000000   1.000000   1.000000   1.200000
  1.580840   5.658190   0.106770   0.000000   0.000000   1.000000   1.540000
  1.433900   5.804900   1.084130   1.000000   1.000000   1.000000   1.200000
 -1.362790   6.444190   1.387630   1.000000   1.000000   1.000000   1.200000
  0.684410   5.633650  -0.334090   1.000000   1.000000   1.000000   1.200000
  2.019870   4.775180  -0.028180   1.000000   1.000000   1.000000   1.200000
  1.676790   2.157050   4.641990   0.000000   0.000000   1.000000   1.540000
  1.512220   0.470960   3.709490   1.000000   1.000000   1.000000   1.200000
  1.352130   2.895060   4.043270   1.000000   1.000000   1.000000   1.200000
  2.632220   2.323190   4.879280   1.000000   1.000000   1.000000   1.200000
  1.134600   2.161400   5.480840   1.000000   1.000000   1.000000   1.200000
 -3.555430   0.922500   3.768520   0.000000   0.000000   1.000000   1.540000
 -2.143050  -0.372660   3.742760   1.000000   1.000000   1.000000   1.200000
 -3.766440   1.164100   2.819090   1.000000   1.000000   1.000000   1.200000
 -3.145360   1.735010   4.190470   1.000000   1.000000   1.000000   1.200000
 -4.407390   0.707250   4.242310   1.000000   1.000000   1.000000   1.200000
28 bonds follow (x1 y1 z1 x2 y2 z2)
 -3.555430   0.922500   3.768520  -4.407390   0.707250   4.242310
 -3.555430   0.922500   3.768520  -3.145360   1.735010   4.190470
 -3.555430   0.922500   3.768520  -3.766440   1.164100   2.819090
 -1.243690  -0.715730   3.555450  -2.143050  -0.372660   3.742760
  1.676790   2.157050   4.641990   1.134600   2.161400   5.480840
  1.676790   2.157050   4.641990   2.632220   2.323190   4.879280
  1.676790   2.157050   4.641990   1.352130   2.895060   4.043270
  1.159000  -0.133180   3.025610   1.512220   0.470960   3.709490
  1.580840   5.658190   0.106770   2.019870   4.775180  -0.028180
  1.580840   5.658190   0.106770   0.684410   5.633650  -0.334090
 -2.023990   5.772280   1.693250  -1.362790   6.444190   1.387630
  1.580840   5.658190   0.106770   1.433900   5.804900   1.084130
 -3.134880   5.872460   0.822870  -3.828690   5.061380   1.159030
 -3.134880   5.872460   0.822870  -3.616350   6.876400   0.934410
 -3.134880   5.872460   0.822870  -2.817820   5.721490  -0.238670
 -2.023990   5.772280   1.693250  -3.134880   5.872460   0.822870
 -1.096010   3.241670   2.029290  -0.953220   3.198860   0.664340
 -1.096010   3.241670   2.029290  -2.360040   3.123300   2.536670
 -1.096010   3.241670   2.029290  -0.113390   3.802920   2.803420
 -0.702750   1.472430   2.363350  -1.096010   3.241670   2.029290
 -0.315150   0.025120   2.545030  -0.702750   1.472430   2.363350
 -0.315150   0.025120   2.545030  -1.243690  -0.715730   3.555450
 -0.315150   0.025120   2.545030   1.159000  -0.133180   3.025610
 -0.393410  -0.775270   1.183180  -0.315150   0.025120   2.545030
  0.041050  -0.072960   0.033040  -0.393410  -0.775270   1.183180
  0.041050  -0.072960   0.033040  -0.305250  -0.666090  -0.850200
  0.041050  -0.072960   0.033040  -0.415610   0.952880   0.026140
  0.041050  -0.072960   0.033040   1.158130  -0.019130   0.053920
