33 atoms follow (x y z r g b radiusScale)
 -0.571610  -0.168110  -0.047680   0.000000   1.000000   0.000000   1.850000
  0.155420  -0.514590  -0.826890   1.000000   1.000000   1.000000   1.200000
 -0.604080   0.954390   0.002330   1.000000   1.000000   1.000000   1.200000
 -1.582830  -0.592870  -0.282770   1.000000   1.000000   1.000000   1.200000
 -0.131400  -0.704480   1.183550   1.000000   0.000000   0.000000   1.400000
 -0.191190   0.170960   2.510110   0.500000   0.500000   0.500000   1.900000
  1.254960   0.137760   3.098410   1.000000   0.000000   0.000000   1.400000
 -1.097780  -0.574260   3.546510   1.000000   0.000000   0.000000   1.400000
 -0.601890   1.581770   2.313400   1.000000   0.000000   0.000000   1.400000
 -1.151250   3.383000   1.829470   1.000000   1.000000   0.000000   1.850000
 -0.063090   3.885750   2.598840   1.000000   0.000000   0.000000   1.400000
 -2.385120   3.052630   2.372030   1.000000   0.000000   0.000000   1.400000
 -0.740030   3.083010   0.501530   1.000000   0.000000   0.000000   1.400000
 -1.607210   5.054600   1.325130   1.000000   0.000000   0.000000   1.400000
 -2.507420   5.913530   1.928450   0.000000   1.000000   0.000000   1.850000
 -3.516590   5.435960   2.020790   1.000000   1.000000   1.000000   1.200000
 -2.589230   6.836640   1.293450   1.000000   1.000000   1.000000   1.200000
 -2.145540   6.209120   2.949610   1.000000   1.000000   1.000000   1.200000
  0.831310   5.234090   0.391720   0.000000   0.000000   1.000000   1.540000
  0.664240   5.347210   1.415110   1.000000   1.000000   1.000000   1.200000
  1.566450   5.834350   0.052990   1.000000   1.000000   1.000000   1.200000
 -0.079430   5.429340  -0.055450   1.000000   1.000000   1.000000   1.200000
  1.021530   4.235290   0.236440   1.000000   1.000000   1.000000   1.200000
  1.150550   2.386450   4.968900   0.000000   0.000000   1.000000   1.540000
  1.477130   0.796820   3.777290   1.000000   1.000000   1.000000   1.200000
  0.907020   3.023600   4.230600   1.000000   1.000000   1.000000   1.200000
  1.946870   2.736870   5.457210   1.000000   1.000000   1.000000   1.200000
  0.385900   2.325130   5.607690   1.000000   1.000000   1.000000   1.200000
 -3.722100   0.814420   3.555530   0.000000   0.000000   1.000000   1.540000
 -2.022780  -0.316490   3.665030   1.000000   1.000000   1.000000   1.200000
 -3.892590   0.976800   2.581800   1.000000   1.000000   1.000000   1.200000
 -3.145410   1.573290   3.875500   1.000000   1.000000   1.000000   1.200000
 -4.595680   0.869040   4.037260   1.000000   1.000000   1.000000   1.200000
29 bonds follow (x1 y1 z1 x2 y2 z2)
 -3.722100   0.814420   3.555530  -4.595680   0.869040   4.037260
 -3.722100   0.814420   3.555530  -3.145410   1.573290   3.875500
 -3.722100   0.814420   3.555530  -3.892590   0.976800   2.581800
 -1.097780  -0.574260   3.546510  -2.022780  -0.316490   3.665030
  1.150550   2.386450   4.968900   0.385900   2.325130   5.607690
  1.150550   2.386450   4.968900   1.946870   2.736870   5.457210
  1.150550   2.386450   4.968900   0.907020   3.023600   4.230600
  1.254960   0.137760   3.098410   1.477130   0.796820   3.777290
  0.831310   5.234090   0.391720   1.021530   4.235290   0.236440
  0.831310   5.234090   0.391720  -0.079430   5.429340  -0.055450
  0.831310   5.234090   0.391720   1.566450   5.834350   0.052990
  0.831310   5.234090   0.391720   0.664240   5.347210   1.415110
 -2.507420   5.913530   1.928450  -2.145540   6.209120   2.949610
 -2.507420   5.913530   1.928450  -2.589230   6.836640   1.293450
 -2.507420   5.913530   1.928450  -3.516590   5.435960   2.020790
 -1.607210   5.054600   1.325130  -2.507420   5.913530   1.928450
 -1.151250   3.383000   1.829470  -1.607210   5.054600   1.325130
 -1.151250   3.383000   1.829470  -0.740030   3.083010   0.501530
 -1.151250   3.383000   1.829470  -2.385120   3.052630   2.372030
 -1.151250   3.383000   1.829470  -0.063090   3.885750   2.598840
 -0.601890   1.581770   2.313400  -1.151250   3.383000   1.829470
 -0.191190   0.170960   2.510110  -0.601890   1.581770   2.313400
 -0.191190   0.170960   2.510110  -1.097780  -0.574260   3.546510
 -0.191190   0.170960   2.510110   1.254960   0.137760   3.098410
 -0.131400  -0.704480   1.183550  -0.191190   0.170960   2.510110
 -0.571610  -0.168110  -0.047680  -0.131400  -0.704480   1.183550
 -0.571610  -0.168110  -0.047680  -1.582830  -0.592870  -0.282770
 -0.571610  -0.168110  -0.047680  -0.604080   0.954390   0.002330
 -0.571610  -0.168110  -0.047680   0.155420  -0.514590  -0.826890
