33 atoms follow (x y z r g b radiusScale)
  0.001760  -0.000500  -0.001860   0.000000   1.000000   0.000000   1.850000
  1.120540  -0.003090   0.000520   1.000000   1.000000   1.000000   1.200000
 -0.402430   1.048990  -0.006390   1.000000   1.000000   1.000000   1.200000
 -0.386260  -0.581480  -0.875600   1.000000   1.000000   1.000000   1.200000
 -0.448170  -0.676660   1.157330   1.000000   0.000000   0.000000   1.400000
 -0.324840   0.123960   2.516270   0.500000   0.500000   0.500000   1.900000
  1.151710  -0.063120   2.995280   1.000000   0.000000   0.000000   1.400000
 -1.240960  -0.619630   3.538860   1.000000   0.000000   0.000000   1.400000
 -0.686130   1.571010   2.368050   1.000000   0.000000   0.000000   1.400000
 -1.112100   3.328500   1.986400   1.000000   1.000000   0.000000   1.850000
 -0.062090   3.837030   2.727410   1.000000   0.000000   0.000000   1.400000
 -2.391960   3.194240   2.515580   1.000000   0.000000   0.000000   1.400000
 -0.900960   3.151970   0.627180   1.000000   0.000000   0.000000   1.400000
 -1.526520   5.219620   1.558400   1.000000   0.000000   0.000000   1.400000
 -2.726800   5.643930   0.948730   0.000000   1.000000   0.000000   1.850000
 -2.756550   5.315830  -0.119040   1.000000   1.000000   1.000000   1.200000
 -2.802220   6.756310   1.030610   1.000000   1.000000   1.000000   1.200000
 -3.526190   5.135130   1.553020   1.000000   1.000000   1.000000   1.200000
  0.787400   5.443830   0.489800   0.000000   0.000000   1.000000   1.540000
  1.308360   5.197050   1.307740   1.000000   1.000000   1.000000   1.200000
 -0.733020   5.765810   1.032820   1.000000   1.000000   1.000000   1.200000
  0.750150   4.680050  -0.155130   1.000000   1.000000   1.000000   1.200000
  1.131810   6.275960   0.064870   1.000000   1.000000   1.000000   1.200000
  1.620570   2.231020   4.684750   0.000000   0.000000   1.000000   1.540000
  1.523180   0.576310   3.631270   1.000000   1.000000   1.000000   1.200000
  1.188100   2.908160   4.081400   1.000000   1.000000   1.000000   1.200000
  2.575540   2.485310   4.825460   1.000000   1.000000   1.000000   1.200000
  1.155500   2.238940   5.568080   1.000000   1.000000   1.000000   1.200000
 -3.596930   0.960650   3.766330   0.000000   0.000000   1.000000   1.540000
 -2.139850  -0.273110   3.722800   1.000000   1.000000   1.000000   1.200000
 -3.839330   1.197770   2.824010   1.000000   1.000000   1.000000   1.200000
 -3.174870   1.774450   4.173740   1.000000   1.000000   1.000000   1.200000
 -4.428760   0.736170   4.269810   1.000000   1.000000   1.000000   1.200000
28 bonds follow (x1 y1 z1 x2 y2 z2)
 -3.596930   0.960650   3.766330  -4.428760   0.736170   4.269810
 -3.596930   0.960650   3.766330  -3.174870   1.774450   4.173740
 -3.596930   0.960650   3.766330  -3.839330   1.197770   2.824010
 -1.240960  -0.619630   3.538860  -2.139850  -0.273110   3.722800
  1.620570   2.231020   4.684750   1.155500   2.238940   5.568080
  1.620570   2.231020   4.684750   2.575540   2.485310   4.825460
  1.620570   2.231020   4.684750   1.188100   2.908160   4.081400
  1.151710  -0.063120   2.995280   1.523180   0.576310   3.631270
  0.787400   5.443830   0.489800   1.131810   6.275960   0.064870
  0.787400   5.443830   0.489800   0.750150   4.680050  -0.155130
 -1.526520   5.219620   1.558400  -0.733020   5.765810   1.032820
  0.787400   5.443830   0.489800   1.308360   5.197050   1.307740
 -2.726800   5.643930   0.948730  -3.526190   5.135130   1.553020
 -2.726800   5.643930   0.948730  -2.802220   6.756310   1.030610
 -2.726800   5.643930   0.948730  -2.756550   5.315830  -0.119040
 -1.526520   5.219620   1.558400  -2.726800   5.643930   0.948730
 -1.112100   3.328500   1.986400  -0.900960   3.151970   0.627180
 -1.112100   3.328500   1.986400  -2.391960   3.194240   2.515580
 -1.112100   3.328500   1.986400  -0.062090   3.837030   2.727410
 -0.686130   1.571010   2.368050  -1.112100   3.328500   1.986400
 -0.324840   0.123960   2.516270  -0.686130   1.571010   2.368050
 -0.324840   0.123960   2.516270  -1.240960  -0.619630   3.538860
 -0.324840   0.123960   2.516270   1.151710  -0.063120   2.995280
 -0.448170  -0.676660   1.157330  -0.324840   0.123960   2.516270
  0.001760  -0.000500  -0.001860  -0.448170  -0.676660   1.157330
  0.001760  -0.000500  -0.001860  -0.386260  -0.581480  -0.875600
  0.001760  -0.000500  -0.001860  -0.402430   1.048990  -0.006390
  0.001760  -0.000500  -0.001860   1.120540  -0.003090   0.000520
