33 atoms follow (x y z r g b radiusScale)
  0.396240  -0.095720   0.118550   0.000000   1.000000   0.000000   1.850000
  1.458090  -0.201910   0.457520   1.000000   1.000000   1.000000   1.200000
  0.108670   0.984530   0.010700   1.000000   1.000000   1.000000   1.200000
  0.226370  -0.653040  -0.835710   1.000000   1.000000   1.000000   1.200000
 -0.445520  -0.690470   1.092270   1.000000   0.000000   0.000000   1.400000
 -0.309830  -0.003420   2.512220   0.500000   0.500000   0.500000   1.900000
  1.169990  -0.127530   2.979230   1.000000   0.000000   0.000000   1.400000
 -1.191420  -0.798140   3.516410   1.000000   0.000000   0.000000   1.400000
 -0.752920   1.440750   2.469540   1.000000   0.000000   0.000000   1.400000
 -1.163830   3.193280   2.213040   1.000000   1.000000   0.000000   1.850000
 -0.475140   3.703520   3.285280   1.000000   0.000000   0.000000   1.400000
 -2.526500   3.084800   2.273920   1.000000   0.000000   0.000000   1.400000
 -0.541700   3.305980   0.992190   1.000000   0.000000   0.000000   1.400000
 -2.521530   6.534690   1.405600   1.000000   0.000000   0.000000   1.400000
 -3.830590   6.252010   0.992180   0.000000   1.000000   0.000000   1.850000
 -4.382120   7.162550   0.638010   1.000000   1.000000   1.000000   1.200000
 -4.393730   5.788290   1.854810   1.000000   1.000000   1.000000   1.200000
 -3.759620   5.491120   0.177250   1.000000   1.000000   1.000000   1.200000
  2.429040   4.869400  -0.254670   0.000000   0.000000   1.000000   1.540000
  2.025370   5.408800   0.481410   1.000000   1.000000   1.000000   1.200000
 -2.522520   7.188440   2.076400   1.000000   1.000000   1.000000   1.200000
  2.052180   5.188010  -1.120790   1.000000   1.000000   1.000000   1.200000
  2.131870   3.921700  -0.120450   1.000000   1.000000   1.000000   1.200000
  1.886200   2.263490   4.288230   0.000000   0.000000   1.000000   1.540000
  1.556410   0.558170   3.570650   1.000000   1.000000   1.000000   1.200000
  1.565100   2.977410   3.661130   1.000000   1.000000   1.000000   1.200000
  2.848250   2.424100   4.502980   1.000000   1.000000   1.000000   1.200000
  1.351580   2.330030   5.130560   1.000000   1.000000   1.000000   1.200000
 -3.492140   0.714670   3.757880   0.000000   0.000000   1.000000   1.540000
 -2.113070  -0.490950   3.689780   1.000000   1.000000   1.000000   1.200000
 -3.521110   1.264770   2.918390   1.000000   1.000000   1.000000   1.200000
 -3.303270   1.326210   4.525510   1.000000   1.000000   1.000000   1.200000
 -4.379720   0.279170   3.897340   1.000000   1.000000   1.000000   1.200000
28 bonds follow (x1 y1 z1 x2 y2 z2)
 -3.492140   0.714670   3.757880  -4.379720   0.279170   3.897340
 -3.492140   0.714670   3.757880  -3.303270   1.326210   4.525510
 -3.492140   0.714670   3.757880  -3.521110   1.264770   2.918390
 -1.191420  -0.798140   3.516410  -2.113070  -0.490950   3.689780
  1.886200   2.263490   4.288230   1.351580   2.330030   5.130560
  1.886200   2.263490   4.288230   2.848250   2.424100   4.502980
  1.886200   2.263490   4.288230   1.565100   2.977410   3.661130
  1.169990  -0.127530   2.979230   1.556410   0.558170   3.570650
  2.429040   4.869400  -0.254670   2.131870   3.921700  -0.120450
  2.429040   4.869400  -0.254670   2.052180   5.188010  -1.120790
 -2.521530   6.534690   1.405600  -2.522520   7.188440   2.076400
  2.429040   4.869400  -0.254670   2.025370   5.408800   0.481410
 -3.830590   6.252010   0.992180  -3.759620   5.491120   0.177250
 -3.830590   6.252010   0.992180  -4.393730   5.788290   1.854810
 -3.830590   6.252010   0.992180  -4.382120   7.162550   0.638010
 -2.521530   6.534690   1.405600  -3.830590   6.252010   0.992180
 -1.163830   3.193280   2.213040  -0.541700   3.305980   0.992190
 -1.163830   3.193280   2.213040  -2.526500   3.084800   2.273920
 -1.163830   3.193280   2.213040  -0.475140   3.703520   3.285280
 -0.752920   1.440750   2.469540  -1.163830   3.193280   2.213040
 -0.309830  -0.003420   2.512220  -0.752920   1.440750   2.469540
 -0.309830  -0.003420   2.512220  -1.191420  -0.798140   3.516410
 -0.309830  -0.003420   2.512220   1.169990  -0.127530   2.979230
 -0.445520  -0.690470   1.092270  -0.309830  -0.003420   2.512220
  0.396240  -0.095720   0.118550  -0.445520  -0.690470   1.092270
  0.396240  -0.095720   0.118550   0.226370  -0.653040  -0.835710
  0.396240  -0.095720   0.118550   0.108670   0.984530   0.010700
  0.396240  -0.095720   0.118550   1.458090  -0.201910   0.457520
