33 atoms follow (x y z r g b radiusScale)
 -0.508160  -0.095720  -0.026850   0.000000   1.000000   0.000000   1.850000
  0.398930  -0.156430  -0.684290   1.000000   1.000000   1.000000   1.200000
 -0.820750   0.973130   0.123450   1.000000   1.000000   1.000000   1.200000
 -1.332510  -0.693920  -0.496680   1.000000   1.000000   1.000000   1.200000
 -0.195420  -0.712880   1.201870   1.000000   0.000000   0.000000   1.400000
 -0.171450   0.157930   2.525630   0.500000   0.500000   0.500000   1.900000
  1.301910  -0.046990   3.071970   1.000000   0.000000   0.000000   1.400000
 -1.103580  -0.599280   3.532000   1.000000   0.000000   0.000000   1.400000
 -0.585410   1.566830   2.345980   1.000000   0.000000   0.000000   1.400000
 -1.188850   3.478430   1.857680   1.000000   1.000000   0.000000   1.850000
 -0.056200   3.923470   2.587250   1.000000   0.000000   0.000000   1.400000
 -2.399710   3.149610   2.445740   1.000000   0.000000   0.000000   1.400000
 -0.827080   3.078910   0.544140   1.000000   0.000000   0.000000   1.400000
 -1.622550   5.111560   1.302180   1.000000   0.000000   0.000000   1.400000
 -2.547910   5.930290   1.925750   0.000000   1.000000   0.000000   1.850000
 -3.299810   5.329870   2.500950   1.000000   1.000000   1.000000   1.200000
 -3.076170   6.531100   1.139640   1.000000   1.000000   1.000000   1.200000
 -2.018550   6.631690   2.626160   1.000000   1.000000   1.000000   1.200000
  0.885950   5.095360   0.305230   0.000000   0.000000   1.000000   1.540000
  1.155770   4.717190   1.224270   1.000000   1.000000   1.000000   1.200000
  1.666010   5.519940  -0.175490   1.000000   1.000000   1.000000   1.200000
  0.117030   5.770610   0.474870   1.000000   1.000000   1.000000   1.200000
  0.470890   4.304570  -0.240140   1.000000   1.000000   1.000000   1.200000
  1.050920   2.436020   4.996190   0.000000   0.000000   1.000000   1.540000
  1.553430   0.484850   3.830730   1.000000   1.000000   1.000000   1.200000
  0.906540   2.956990   4.149950   1.000000   1.000000   1.000000   1.200000
  1.867150   2.785370   5.453030   1.000000   1.000000   1.000000   1.200000
  0.266790   2.586180   5.596400   1.000000   1.000000   1.000000   1.200000
 -3.561750   0.737180   3.445700   0.000000   0.000000   1.000000   1.540000
 -2.019320  -0.290350   3.668370   1.000000   1.000000   1.000000   1.200000
 -3.759490   0.826910   2.469300   1.000000   1.000000   1.000000   1.200000
 -3.138730   1.598740   3.745240   1.000000   1.000000   1.000000   1.200000
 -4.421930   0.615030   3.936350   1.000000   1.000000   1.000000   1.200000
28 bonds follow (x1 y1 z1 x2 y2 z2)
 -3.561750   0.737180   3.445700  -4.421930   0.615030   3.936350
 -3.561750   0.737180   3.445700  -3.138730   1.598740   3.745240
 -3.561750   0.737180   3.445700  -3.759490   0.826910   2.469300
 -1.103580  -0.599280   3.532000  -2.019320  -0.290350   3.668370
  1.050920   2.436020   4.996190   0.266790   2.586180   5.596400
  1.050920   2.436020   4.996190   1.867150   2.785370   5.453030
  1.050920   2.436020   4.996190   0.906540   2.956990   4.149950
  1.301910  -0.046990   3.071970   1.553430   0.484850   3.830730
  0.885950   5.095360   0.305230   0.470890   4.304570  -0.240140
  0.885950   5.095360   0.305230   0.117030   5.770610   0.474870
  0.885950   5.095360   0.305230   1.666010   5.519940  -0.175490
  0.885950   5.095360   0.305230   1.155770   4.717190   1.224270
 -2.547910   5.930290   1.925750  -2.018550   6.631690   2.626160
 -2.547910   5.930290   1.925750  -3.076170   6.531100   1.139640
 -2.547910   5.930290   1.925750  -3.299810   5.329870   2.500950
 -1.622550   5.111560   1.302180  -2.547910   5.930290   1.925750
 -1.188850   3.478430   1.857680  -1.622550   5.111560   1.302180
 -1.188850   3.478430   1.857680  -0.827080   3.078910   0.544140
 -1.188850   3.478430   1.857680  -2.399710   3.149610   2.445740
 -1.188850   3.478430   1.857680  -0.056200   3.923470   2.587250
 -0.171450   0.157930   2.525630  -0.585410   1.566830   2.345980
 -0.171450   0.157930   2.525630  -1.103580  -0.599280   3.532000
 -0.171450   0.157930   2.525630   1.301910  -0.046990   3.071970
 -0.195420  -0.712880   1.201870  -0.171450   0.157930   2.525630
 -0.508160  -0.095720  -0.026850  -0.195420  -0.712880   1.201870
 -0.508160  -0.095720  -0.026850  -1.332510  -0.693920  -0.496680
 -0.508160  -0.095720  -0.026850  -0.820750   0.973130   0.123450
 -0.508160  -0.095720  -0.026850   0.398930  -0.156430  -0.684290
