33 atoms follow (x y z r g b radiusScale)
  0.422030  -0.034500   0.105990   0.000000   1.000000   0.000000   1.850000
  1.497320  -0.174580   0.381000   1.000000   1.000000   1.000000   1.200000
  0.151950   1.053820   0.058620   1.000000   1.000000   1.000000   1.200000
  0.187790  -0.549160  -0.858920   1.000000   1.000000   1.000000   1.200000
 -0.377400  -0.658320   1.096260   1.000000   0.000000   0.000000   1.400000
 -0.315320  -0.013800   2.533750   0.500000   0.500000   0.500000   1.900000
  1.187030  -0.099410   2.922780   1.000000   0.000000   0.000000   1.400000
 -1.216690  -0.881750   3.478240   1.000000   0.000000   0.000000   1.400000
 -0.743730   1.429310   2.475420   1.000000   0.000000   0.000000   1.400000
 -1.125610   3.184530   2.219320   1.000000   1.000000   0.000000   1.850000
 -0.556490   3.694820   3.364690   1.000000   0.000000   0.000000   1.400000
 -2.481770   3.039020   2.214110   1.000000   0.000000   0.000000   1.400000
 -0.429120   3.297920   1.034060   1.000000   0.000000   0.000000   1.400000
 -2.587330   6.657580   1.394030   1.000000   0.000000   0.000000   1.400000
 -3.911590   6.277860   1.045490   0.000000   1.000000   0.000000   1.850000
 -4.601330   7.149290   0.929680   1.000000   1.000000   1.000000   1.200000
 -4.307050   5.573290   1.816130   1.000000   1.000000   1.000000   1.200000
 -3.775540   5.762270   0.061380   1.000000   1.000000   1.000000   1.200000
  2.401330   4.632040  -0.264760   0.000000   0.000000   1.000000   1.540000
  2.121660   5.266730   0.458290   1.000000   1.000000   1.000000   1.200000
 -2.722570   7.282270   2.196270   1.000000   1.000000   1.000000   1.200000
  2.015440   4.948610  -1.133660   1.000000   1.000000   1.000000   1.200000
  2.018770   3.732430  -0.055400   1.000000   1.000000   1.000000   1.200000
  1.912270   2.362530   4.262930   0.000000   0.000000   1.000000   1.540000
  1.615900   0.651560   3.383920   1.000000   1.000000   1.000000   1.200000
  1.555180   3.015550   3.589560   1.000000   1.000000   1.000000   1.200000
  2.883670   2.543550   4.407870   1.000000   1.000000   1.000000   1.200000
  1.423450   2.512160   5.121800   1.000000   1.000000   1.000000   1.200000
 -3.576290   0.768850   3.744880   0.000000   0.000000   1.000000   1.540000
 -2.094670  -0.535830   3.738520   1.000000   1.000000   1.000000   1.200000
 -3.580240   1.349150   2.924860   1.000000   1.000000   1.000000   1.200000
 -3.430030   1.356880   4.539820   1.000000   1.000000   1.000000   1.200000
 -4.467990   0.328070   3.834470   1.000000   1.000000   1.000000   1.200000
28 bonds follow (x1 y1 z1 x2 y2 z2)
 -3.576290   0.768850   3.744880  -4.467990   0.328070   3.834470
 -3.576290   0.768850   3.744880  -3.430030   1.356880   4.539820
 -3.576290   0.768850   3.744880  -3.580240   1.349150   2.924860
 -1.216690  -0.881750   3.478240  -2.094670  -0.535830   3.738520
  1.912270   2.362530   4.262930   1.423450   2.512160   5.121800
  1.912270   2.362530   4.262930   2.883670   2.543550   4.407870
  1.912270   2.362530   4.262930   1.555180   3.015550   3.589560
  1.187030  -0.099410   2.922780   1.615900   0.651560   3.383920
  2.401330   4.632040  -0.264760   2.018770   3.732430  -0.055400
  2.401330   4.632040  -0.264760   2.015440   4.948610  -1.133660
 -2.587330   6.657580   1.394030  -2.722570   7.282270   2.196270
  2.401330   4.632040  -0.264760   2.121660   5.266730   0.458290
 -3.911590   6.277860   1.045490  -3.775540   5.762270   0.061380
 -3.911590   6.277860   1.045490  -4.307050   5.573290   1.816130
 -3.911590   6.277860   1.045490  -4.601330   7.149290   0.929680
 -2.587330   6.657580   1.394030  -3.911590   6.277860   1.045490
 -1.125610   3.184530   2.219320  -0.429120   3.297920   1.034060
 -1.125610   3.184530   2.219320  -2.481770   3.039020   2.214110
 -1.125610   3.184530   2.219320  -0.556490   3.694820   3.364690
 -0.743730   1.429310   2.475420  -1.125610   3.184530   2.219320
 -0.315320  -0.013800   2.533750  -0.743730   1.429310   2.475420
 -0.315320  -0.013800   2.533750  -1.216690  -0.881750   3.478240
 -0.315320  -0.013800   2.533750   1.187030  -0.099410   2.922780
 -0.377400  -0.658320   1.096260  -0.315320  -0.013800   2.533750
  0.422030  -0.034500   0.105990  -0.377400  -0.658320   1.096260
  0.422030  -0.034500   0.105990   0.187790  -0.549160  -0.858920
  0.422030  -0.034500   0.105990   0.151950   1.053820   0.058620
  0.422030  -0.034500   0.105990   1.497320  -0.174580   0.381000
