33 atoms follow (x y z r g b radiusScale)
 -0.011750   0.006890  -0.012690   0.000000   1.000000   0.000000   1.850000
  1.106990  -0.015300  -0.032660   1.000000   1.000000   1.000000   1.200000
 -0.396140   1.064270  -0.005950   1.000000   1.000000   1.000000   1.200000
 -0.422790  -0.562650  -0.883570   1.000000   1.000000   1.000000   1.200000
 -0.451380  -0.665460   1.148830   1.000000   0.000000   0.000000   1.400000
 -0.320120   0.153190   2.505620   0.500000   0.500000   0.500000   1.900000
  1.158380  -0.091480   2.987020   1.000000   0.000000   0.000000   1.400000
 -1.228310  -0.612830   3.528110   1.000000   0.000000   0.000000   1.400000
 -0.601050   1.600270   2.338140   1.000000   0.000000   0.000000   1.400000
 -1.188230   3.469250   1.963020   1.000000   1.000000   0.000000   1.850000
 -0.059600   3.880750   2.725350   1.000000   0.000000   0.000000   1.400000
 -2.418220   3.156300   2.530900   1.000000   0.000000   0.000000   1.400000
 -0.892460   3.183470   0.596710   1.000000   0.000000   0.000000   1.400000
 -1.534180   5.157740   1.523450   1.000000   0.000000   0.000000   1.400000
 -2.821420   5.457910   1.103380   0.000000   1.000000   0.000000   1.850000
 -2.937650   5.193110   0.018140   1.000000   1.000000   1.000000   1.200000
 -2.986440   6.558530   1.234360   1.000000   1.000000   1.000000   1.200000
 -3.587010   4.899470   1.703070   1.000000   1.000000   1.000000   1.200000
  0.964120   5.310790   0.517050   0.000000   0.000000   1.000000   1.540000
  0.852490   5.171000   1.551190   1.000000   1.000000   1.000000   1.200000
  0.697860   6.262220   0.276700   1.000000   1.000000   1.000000   1.200000
  0.279910   4.639280   0.081210   1.000000   1.000000   1.000000   1.200000
  1.906170   5.108330   0.225820   1.000000   1.000000   1.000000   1.200000
  1.596800   2.266880   4.685080   0.000000   0.000000   1.000000   1.540000
  1.525220   0.532160   3.632090   1.000000   1.000000   1.000000   1.200000
  1.109550   2.894600   4.071060   1.000000   1.000000   1.000000   1.200000
  2.533360   2.587670   4.808350   1.000000   1.000000   1.000000   1.200000
  1.142430   2.262830   5.573750   1.000000   1.000000   1.000000   1.200000
 -3.626210   0.925140   3.790790   0.000000   0.000000   1.000000   1.540000
 -2.133910  -0.288430   3.696470   1.000000   1.000000   1.000000   1.200000
 -3.850840   1.193780   2.852150   1.000000   1.000000   1.000000   1.200000
 -3.202300   1.722470   4.227120   1.000000   1.000000   1.000000   1.200000
 -4.469220   0.698400   4.274440   1.000000   1.000000   1.000000   1.200000
28 bonds follow (x1 y1 z1 x2 y2 z2)
 -3.626210   0.925140   3.790790  -4.469220   0.698400   4.274440
 -3.626210   0.925140   3.790790  -3.202300   1.722470   4.227120
 -3.626210   0.925140   3.790790  -3.850840   1.193780   2.852150
 -1.228310  -0.612830   3.528110  -2.133910  -0.288430   3.696470
  1.596800   2.266880   4.685080   1.142430   2.262830   5.573750
  1.596800   2.266880   4.685080   2.533360   2.587670   4.808350
  1.596800   2.266880   4.685080   1.109550   2.894600   4.071060
  1.158380  -0.091480   2.987020   1.525220   0.532160   3.632090
  0.964120   5.310790   0.517050   1.906170   5.108330   0.225820
  0.964120   5.310790   0.517050   0.279910   4.639280   0.081210
  0.964120   5.310790   0.517050   0.697860   6.262220   0.276700
  0.964120   5.310790   0.517050   0.852490   5.171000   1.551190
 -2.821420   5.457910   1.103380  -3.587010   4.899470   1.703070
 -2.821420   5.457910   1.103380  -2.986440   6.558530   1.234360
 -2.821420   5.457910   1.103380  -2.937650   5.193110   0.018140
 -1.534180   5.157740   1.523450  -2.821420   5.457910   1.103380
 -1.188230   3.469250   1.963020  -1.534180   5.157740   1.523450
 -1.188230   3.469250   1.963020  -0.892460   3.183470   0.596710
 -1.188230   3.469250   1.963020  -2.418220   3.156300   2.530900
 -1.188230   3.469250   1.963020  -0.059600   3.880750   2.725350
 -0.320120   0.153190   2.505620  -0.601050   1.600270   2.338140
 -0.320120   0.153190   2.505620  -1.228310  -0.612830   3.528110
 -0.320120   0.153190   2.505620   1.158380  -0.091480   2.987020
 -0.451380  -0.665460   1.148830  -0.320120   0.153190   2.505620
 -0.011750   0.006890  -0.012690  -0.451380  -0.665460   1.148830
 -0.011750   0.006890  -0.012690  -0.422790  -0.562650  -0.883570
 -0.011750   0.006890  -0.012690  -0.396140   1.064270  -0.005950
 -0.011750   0.006890  -0.012690   1.106990  -0.015300  -0.032660
