33 atoms follow (x y z r g b radiusScale)
 -0.519710  -0.251680  -0.035220   0.000000   1.000000   0.000000   1.850000
  0.314470  -0.484530  -0.747410   1.000000   1.000000   1.000000   1.200000
 -0.699550   0.856340   0.019230   1.000000   1.000000   1.000000   1.200000
 -1.440450  -0.800060  -0.367490   1.000000   1.000000   1.000000   1.200000
 -0.140770  -0.758560   1.226380   1.000000   0.000000   0.000000   1.400000
 -0.236770   0.148890   2.527710   0.500000   0.500000   0.500000   1.900000
  1.204570   0.055650   3.151520   1.000000   0.000000   0.000000   1.400000
 -1.147000  -0.571270   3.587160   1.000000   0.000000   0.000000   1.400000
 -0.629440   1.558900   2.278420   1.000000   0.000000   0.000000   1.400000
 -1.191140   3.419830   1.761690   1.000000   1.000000   0.000000   1.850000
 -0.116340   3.866050   2.586940   1.000000   0.000000   0.000000   1.400000
 -2.451490   3.092540   2.238780   1.000000   0.000000   0.000000   1.400000
 -0.741080   3.131350   0.445030   1.000000   0.000000   0.000000   1.400000
 -1.574530   5.113800   1.355140   1.000000   0.000000   0.000000   1.400000
 -2.617130   5.758920   2.000310   0.000000   1.000000   0.000000   1.850000
 -3.600550   5.309800   1.704510   1.000000   1.000000   1.000000   1.200000
 -2.597190   6.839830   1.704360   1.000000   1.000000   1.000000   1.200000
 -2.500430   5.677610   3.113680   1.000000   1.000000   1.000000   1.200000
  0.914890   5.327860   0.501810   0.000000   0.000000   1.000000   1.540000
  1.001770   4.847940   1.417340   1.000000   1.000000   1.000000   1.200000
  1.799260   5.700900   0.193370   1.000000   1.000000   1.000000   1.200000
  0.200100   6.058430   0.626800   1.000000   1.000000   1.000000   1.200000
  0.513840   4.623200  -0.160710   1.000000   1.000000   1.000000   1.200000
  1.276200   2.436920   4.908560   0.000000   0.000000   1.000000   1.540000
  1.418550   0.688690   3.853330   1.000000   1.000000   1.000000   1.200000
  0.897340   3.003210   4.170290   1.000000   1.000000   1.000000   1.200000
  2.124780   2.847600   5.234460   1.000000   1.000000   1.000000   1.200000
  0.624860   2.408380   5.664280   1.000000   1.000000   1.000000   1.200000
 -3.502660   0.892870   3.580640   0.000000   0.000000   1.000000   1.540000
 -2.077490  -0.303840   3.709650   1.000000   1.000000   1.000000   1.200000
 -3.557670   1.135660   2.607960   1.000000   1.000000   1.000000   1.200000
 -3.079160   1.675040   4.045700   1.000000   1.000000   1.000000   1.200000
 -4.430790   0.780930   3.929900   1.000000   1.000000   1.000000   1.200000
28 bonds follow (x1 y1 z1 x2 y2 z2)
 -3.502660   0.892870   3.580640  -4.430790   0.780930   3.929900
 -3.502660   0.892870   3.580640  -3.079160   1.675040   4.045700
 -3.502660   0.892870   3.580640  -3.557670   1.135660   2.607960
 -1.147000  -0.571270   3.587160  -2.077490  -0.303840   3.709650
  1.276200   2.436920   4.908560   0.624860   2.408380   5.664280
  1.276200   2.436920   4.908560   2.124780   2.847600   5.234460
  1.276200   2.436920   4.908560   0.897340   3.003210   4.170290
  1.204570   0.055650   3.151520   1.418550   0.688690   3.853330
  0.914890   5.327860   0.501810   0.513840   4.623200  -0.160710
  0.914890   5.327860   0.501810   0.200100   6.058430   0.626800
  0.914890   5.327860   0.501810   1.799260   5.700900   0.193370
  0.914890   5.327860   0.501810   1.001770   4.847940   1.417340
 -2.617130   5.758920   2.000310  -2.500430   5.677610   3.113680
 -2.617130   5.758920   2.000310  -2.597190   6.839830   1.704360
 -2.617130   5.758920   2.000310  -3.600550   5.309800   1.704510
 -1.574530   5.113800   1.355140  -2.617130   5.758920   2.000310
 -1.191140   3.419830   1.761690  -1.574530   5.113800   1.355140
 -1.191140   3.419830   1.761690  -0.741080   3.131350   0.445030
 -1.191140   3.419830   1.761690  -2.451490   3.092540   2.238780
 -1.191140   3.419830   1.761690  -0.116340   3.866050   2.586940
 -0.236770   0.148890   2.527710  -0.629440   1.558900   2.278420
 -0.236770   0.148890   2.527710  -1.147000  -0.571270   3.587160
 -0.236770   0.148890   2.527710   1.204570   0.055650   3.151520
 -0.140770  -0.758560   1.226380  -0.236770   0.148890   2.527710
 -0.519710  -0.251680  -0.035220  -0.140770  -0.758560   1.226380
 -0.519710  -0.251680  -0.035220  -1.440450  -0.800060  -0.367490
 -0.519710  -0.251680  -0.035220  -0.699550   0.856340   0.019230
 -0.519710  -0.251680  -0.035220   0.314470  -0.484530  -0.747410
