33 atoms follow (x y z r g b radiusScale)
  0.237880  -0.178360   0.043010   0.000000   1.000000   0.000000   1.850000
  1.343460  -0.252240   0.196330   1.000000   1.000000   1.000000   1.200000
 -0.091360   0.893900  -0.015620   1.000000   1.000000   1.000000   1.200000
 -0.076080  -0.745430  -0.867850   1.000000   1.000000   1.000000   1.200000
 -0.404750  -0.800670   1.144250   1.000000   0.000000   0.000000   1.400000
 -0.300820  -0.006800   2.507680   0.500000   0.500000   0.500000   1.900000
  1.187230  -0.137660   2.951470   1.000000   0.000000   0.000000   1.400000
 -1.256650  -0.674310   3.546750   1.000000   0.000000   0.000000   1.400000
 -0.625170   1.453750   2.343820   1.000000   0.000000   0.000000   1.400000
 -1.144130   3.195660   2.147520   1.000000   1.000000   0.000000   1.850000
 -0.271150   3.732610   3.056130   1.000000   0.000000   0.000000   1.400000
 -2.450130   2.980200   2.524930   1.000000   0.000000   0.000000   1.400000
 -0.836750   3.275710   0.817670   1.000000   0.000000   0.000000   1.400000
 -2.297580   6.140300   1.513630   1.000000   0.000000   0.000000   1.400000
 -3.560990   6.138500   0.867910   0.000000   1.000000   0.000000   1.850000
 -3.543390   6.772720  -0.048910   1.000000   1.000000   1.000000   1.200000
 -4.364300   6.474880   1.567710   1.000000   1.000000   1.000000   1.200000
 -3.684770   5.061260   0.615280   1.000000   1.000000   1.000000   1.200000
  2.184990   5.372330  -0.125440   0.000000   0.000000   1.000000   1.540000
  2.291960   6.059650   0.587950   1.000000   1.000000   1.000000   1.200000
 -2.159190   7.178730   1.644260   1.000000   1.000000   1.000000   1.200000
  2.155080   5.826390  -1.011750   1.000000   1.000000   1.000000   1.200000
  1.345100   4.857450   0.015880   1.000000   1.000000   1.000000   1.200000
  1.813780   2.205290   4.531580   0.000000   0.000000   1.000000   1.540000
  1.550780   0.545750   3.553680   1.000000   1.000000   1.000000   1.200000
  1.554510   2.939320   3.896950   1.000000   1.000000   1.000000   1.200000
  2.769040   2.319890   4.797630   1.000000   1.000000   1.000000   1.200000
  1.242830   2.278750   5.347660   1.000000   1.000000   1.000000   1.200000
 -3.673590   0.836750   3.841650   0.000000   0.000000   1.000000   1.540000
 -2.147010  -0.287990   3.712930   1.000000   1.000000   1.000000   1.200000
 -3.808190   1.336760   2.982810   1.000000   1.000000   1.000000   1.200000
 -3.450730   1.502820   4.552900   1.000000   1.000000   1.000000   1.200000
 -4.516060   0.362520   4.087860   1.000000   1.000000   1.000000   1.200000
28 bonds follow (x1 y1 z1 x2 y2 z2)
 -3.673590   0.836750   3.841650  -4.516060   0.362520   4.087860
 -3.673590   0.836750   3.841650  -3.450730   1.502820   4.552900
 -3.673590   0.836750   3.841650  -3.808190   1.336760   2.982810
 -1.256650  -0.674310   3.546750  -2.147010  -0.287990   3.712930
  1.813780   2.205290   4.531580   1.242830   2.278750   5.347660
  1.813780   2.205290   4.531580   2.769040   2.319890   4.797630
  1.813780   2.205290   4.531580   1.554510   2.939320   3.896950
  1.187230  -0.137660   2.951470   1.550780   0.545750   3.553680
  2.184990   5.372330  -0.125440   1.345100   4.857450   0.015880
  2.184990   5.372330  -0.125440   2.155080   5.826390  -1.011750
 -2.297580   6.140300   1.513630  -2.159190   7.178730   1.644260
  2.184990   5.372330  -0.125440   2.291960   6.059650   0.587950
 -3.560990   6.138500   0.867910  -3.684770   5.061260   0.615280
 -3.560990   6.138500   0.867910  -4.364300   6.474880   1.567710
 -3.560990   6.138500   0.867910  -3.543390   6.772720  -0.048910
 -2.297580   6.140300   1.513630  -3.560990   6.138500   0.867910
 -1.144130   3.195660   2.147520  -0.836750   3.275710   0.817670
 -1.144130   3.195660   2.147520  -2.450130   2.980200   2.524930
 -1.144130   3.195660   2.147520  -0.271150   3.732610   3.056130
 -0.625170   1.453750   2.343820  -1.144130   3.195660   2.147520
 -0.300820  -0.006800   2.507680  -0.625170   1.453750   2.343820
 -0.300820  -0.006800   2.507680  -1.256650  -0.674310   3.546750
 -0.300820  -0.006800   2.507680   1.187230  -0.137660   2.951470
 -0.404750  -0.800670   1.144250  -0.300820  -0.006800   2.507680
  0.237880  -0.178360   0.043010  -0.404750  -0.800670   1.144250
  0.237880  -0.178360   0.043010  -0.076080  -0.745430  -0.867850
  0.237880  -0.178360   0.043010  -0.091360   0.893900  -0.015620
  0.237880  -0.178360   0.043010   1.343460  -0.252240   0.196330
