33 atoms follow (x y z r g b radiusScale)
 -0.041620   0.037050  -0.028830   0.000000   1.000000   0.000000   1.850000
  1.069270  -0.035360  -0.148460   1.000000   1.000000   1.000000   1.200000
 -0.376200   1.108010   0.030590   1.000000   1.000000   1.000000   1.200000
 -0.545970  -0.492610  -0.876920   1.000000   1.000000   1.000000   1.200000
 -0.420110  -0.651960   1.146030   1.000000   0.000000   0.000000   1.400000
 -0.325430   0.142860   2.517680   0.500000   0.500000   0.500000   1.900000
  1.178270  -0.050130   2.933670   1.000000   0.000000   0.000000   1.400000
 -1.212470  -0.639730   3.549870   1.000000   0.000000   0.000000   1.400000
 -0.625730   1.593910   2.410470   1.000000   0.000000   0.000000   1.400000
 -1.190090   3.425290   1.947860   1.000000   1.000000   0.000000   1.850000
 -0.091580   3.920450   2.704210   1.000000   0.000000   0.000000   1.400000
 -2.428780   3.118150   2.497480   1.000000   0.000000   0.000000   1.400000
 -0.752650   3.108880   0.628350   1.000000   0.000000   0.000000   1.400000
 -1.577980   5.070650   1.375600   1.000000   0.000000   0.000000   1.400000
 -2.823630   5.647880   1.247860   0.000000   1.000000   0.000000   1.850000
 -3.262260   5.409560   0.241900   1.000000   1.000000   1.000000   1.200000
 -2.706210   6.761430   1.333840   1.000000   1.000000   1.000000   1.200000
 -3.521490   5.285980   2.047170   1.000000   1.000000   1.000000   1.200000
  0.930230   5.279570   0.536510   0.000000   0.000000   1.000000   1.540000
  0.713920   5.331900   1.553390   1.000000   1.000000   1.000000   1.200000
  1.178050   6.182890   0.161570   1.000000   1.000000   1.000000   1.200000
  0.044470   4.918700   0.108680   1.000000   1.000000   1.000000   1.200000
  1.658210   4.594880   0.389390   1.000000   1.000000   1.000000   1.200000
  1.561230   2.293930   4.705570   0.000000   0.000000   1.000000   1.540000
  1.559640   0.604970   3.536450   1.000000   1.000000   1.000000   1.200000
  1.043540   2.892620   4.086010   1.000000   1.000000   1.000000   1.200000
  2.481080   2.662030   4.823070   1.000000   1.000000   1.000000   1.200000
  1.109560   2.278520   5.595440   1.000000   1.000000   1.000000   1.200000
 -3.603610   0.950570   3.762230   0.000000   0.000000   1.000000   1.540000
 -2.100770  -0.295400   3.762190   1.000000   1.000000   1.000000   1.200000
 -3.810150   1.152510   2.802900   1.000000   1.000000   1.000000   1.200000
 -3.169730   1.771230   4.143700   1.000000   1.000000   1.000000   1.200000
 -4.460660   0.783950   4.245870   1.000000   1.000000   1.000000   1.200000
28 bonds follow (x1 y1 z1 x2 y2 z2)
 -3.603610   0.950570   3.762230  -4.460660   0.783950   4.245870
 -3.603610   0.950570   3.762230  -3.169730   1.771230   4.143700
 -3.603610   0.950570   3.762230  -3.810150   1.152510   2.802900
 -1.212470  -0.639730   3.549870  -2.100770  -0.295400   3.762190
  1.561230   2.293930   4.705570   1.109560   2.278520   5.595440
  1.561230   2.293930   4.705570   2.481080   2.662030   4.823070
  1.561230   2.293930   4.705570   1.043540   2.892620   4.086010
  1.178270  -0.050130   2.933670   1.559640   0.604970   3.536450
  0.930230   5.279570   0.536510   1.658210   4.594880   0.389390
  0.930230   5.279570   0.536510   0.044470   4.918700   0.108680
  0.930230   5.279570   0.536510   1.178050   6.182890   0.161570
  0.930230   5.279570   0.536510   0.713920   5.331900   1.553390
 -2.823630   5.647880   1.247860  -3.521490   5.285980   2.047170
 -2.823630   5.647880   1.247860  -2.706210   6.761430   1.333840
 -2.823630   5.647880   1.247860  -3.262260   5.409560   0.241900
 -1.577980   5.070650   1.375600  -2.823630   5.647880   1.247860
 -1.190090   3.425290   1.947860  -1.577980   5.070650   1.375600
 -1.190090   3.425290   1.947860  -0.752650   3.108880   0.628350
 -1.190090   3.425290   1.947860  -2.428780   3.118150   2.497480
 -1.190090   3.425290   1.947860  -0.091580   3.920450   2.704210
 -0.325430   0.142860   2.517680  -0.625730   1.593910   2.410470
 -0.325430   0.142860   2.517680  -1.212470  -0.639730   3.549870
 -0.325430   0.142860   2.517680   1.178270  -0.050130   2.933670
 -0.420110  -0.651960   1.146030  -0.325430   0.142860   2.517680
 -0.041620   0.037050  -0.028830  -0.420110  -0.651960   1.146030
 -0.041620   0.037050  -0.028830  -0.545970  -0.492610  -0.876920
 -0.041620   0.037050  -0.028830  -0.376200   1.108010   0.030590
 -0.041620   0.037050  -0.028830   1.069270  -0.035360  -0.148460
