33 atoms follow (x y z r g b radiusScale)
 -0.561890  -0.162580  -0.045060   0.000000   1.000000   0.000000   1.850000
  0.195150  -0.478700  -0.810220   1.000000   1.000000   1.000000   1.200000
 -0.632070   0.956530   0.015690   1.000000   1.000000   1.000000   1.200000
 -1.553610  -0.616760  -0.309180   1.000000   1.000000   1.000000   1.200000
 -0.139830  -0.705040   1.187740   1.000000   0.000000   0.000000   1.400000
 -0.189050   0.180160   2.500670   0.500000   0.500000   0.500000   1.900000
  1.269760   0.101600   3.096080   1.000000   0.000000   0.000000   1.400000
 -1.083570  -0.593860   3.538670   1.000000   0.000000   0.000000   1.400000
 -0.600860   1.594320   2.327870   1.000000   0.000000   0.000000   1.400000
 -1.166300   3.411490   1.849240   1.000000   1.000000   0.000000   1.850000
 -0.074060   3.914890   2.606690   1.000000   0.000000   0.000000   1.400000
 -2.380700   3.028130   2.398290   1.000000   0.000000   0.000000   1.400000
 -0.778560   3.082790   0.525070   1.000000   0.000000   0.000000   1.400000
 -1.578020   5.065430   1.303640   1.000000   0.000000   0.000000   1.400000
 -2.489360   5.898380   1.919360   0.000000   1.000000   0.000000   1.850000
 -3.452530   5.356510   2.112890   1.000000   1.000000   1.000000   1.200000
 -2.683390   6.773110   1.243380   1.000000   1.000000   1.000000   1.200000
 -2.076990   6.275990   2.893880   1.000000   1.000000   1.000000   1.200000
  0.855640   5.215060   0.351330   0.000000   0.000000   1.000000   1.540000
  0.716520   5.289850   1.390530   1.000000   1.000000   1.000000   1.200000
  1.590030   5.818220   0.019950   1.000000   1.000000   1.000000   1.200000
 -0.067290   5.440510  -0.067920   1.000000   1.000000   1.000000   1.200000
  1.022850   4.227640   0.152300   1.000000   1.000000   1.000000   1.200000
  1.130320   2.387660   4.972390   0.000000   0.000000   1.000000   1.540000
  1.508320   0.789160   3.735510   1.000000   1.000000   1.000000   1.200000
  0.866650   2.992560   4.214310   1.000000   1.000000   1.000000   1.200000
  1.870780   2.815430   5.486170   1.000000   1.000000   1.000000   1.200000
  0.346820   2.272230   5.580370   1.000000   1.000000   1.000000   1.200000
 -3.722190   0.805350   3.532680   0.000000   0.000000   1.000000   1.540000
 -1.988460  -0.293570   3.704080   1.000000   1.000000   1.000000   1.200000
 -3.976640   1.009420   2.586670   1.000000   1.000000   1.000000   1.200000
 -3.243800   1.615060   3.885080   1.000000   1.000000   1.000000   1.200000
 -4.556110   0.667180   4.065050   1.000000   1.000000   1.000000   1.200000
28 bonds follow (x1 y1 z1 x2 y2 z2)
 -3.722190   0.805350   3.532680  -4.556110   0.667180   4.065050
 -3.722190   0.805350   3.532680  -3.243800   1.615060   3.885080
 -3.722190   0.805350   3.532680  -3.976640   1.009420   2.586670
 -1.083570  -0.593860   3.538670  -1.988460  -0.293570   3.704080
  1.130320   2.387660   4.972390   0.346820   2.272230   5.580370
  1.130320   2.387660   4.972390   1.870780   2.815430   5.486170
  1.130320   2.387660   4.972390   0.866650   2.992560   4.214310
  1.269760   0.101600   3.096080   1.508320   0.789160   3.735510
  0.855640   5.215060   0.351330   1.022850   4.227640   0.152300
  0.855640   5.215060   0.351330  -0.067290   5.440510  -0.067920
  0.855640   5.215060   0.351330   1.590030   5.818220   0.019950
  0.855640   5.215060   0.351330   0.716520   5.289850   1.390530
 -2.489360   5.898380   1.919360  -2.076990   6.275990   2.893880
 -2.489360   5.898380   1.919360  -2.683390   6.773110   1.243380
 -2.489360   5.898380   1.919360  -3.452530   5.356510   2.112890
 -1.578020   5.065430   1.303640  -2.489360   5.898380   1.919360
 -1.166300   3.411490   1.849240  -1.578020   5.065430   1.303640
 -1.166300   3.411490   1.849240  -0.778560   3.082790   0.525070
 -1.166300   3.411490   1.849240  -2.380700   3.028130   2.398290
 -1.166300   3.411490   1.849240  -0.074060   3.914890   2.606690
 -0.189050   0.180160   2.500670  -0.600860   1.594320   2.327870
 -0.189050   0.180160   2.500670  -1.083570  -0.593860   3.538670
 -0.189050   0.180160   2.500670   1.269760   0.101600   3.096080
 -0.139830  -0.705040   1.187740  -0.189050   0.180160   2.500670
 -0.561890  -0.162580  -0.045060  -0.139830  -0.705040   1.187740
 -0.561890  -0.162580  -0.045060  -1.553610  -0.616760  -0.309180
 -0.561890  -0.162580  -0.045060  -0.632070   0.956530   0.015690
 -0.561890  -0.162580  -0.045060   0.195150  -0.478700  -0.810220
