33 atoms follow (x y z r g b radiusScale)
 -0.067080  -0.049490  -0.025020   0.000000   1.000000   0.000000   1.850000
  1.012950  -0.261260  -0.236940   1.000000   1.000000   1.000000   1.200000
 -0.263890   1.055140   0.046080   1.000000   1.000000   1.000000   1.200000
 -0.695670  -0.511870  -0.829130   1.000000   1.000000   1.000000   1.200000
 -0.433790  -0.683860   1.180280   1.000000   0.000000   0.000000   1.400000
 -0.302070   0.130530   2.539730   0.500000   0.500000   0.500000   1.900000
  1.191950  -0.044370   3.002430   1.000000   0.000000   0.000000   1.400000
 -1.149650  -0.702630   3.569270   1.000000   0.000000   0.000000   1.400000
 -0.702310   1.550660   2.421520   1.000000   0.000000   0.000000   1.400000
 -1.185160   3.470220   1.880910   1.000000   1.000000   0.000000   1.850000
 -0.111000   3.893580   2.699280   1.000000   0.000000   0.000000   1.400000
 -2.462460   3.134280   2.291420   1.000000   0.000000   0.000000   1.400000
 -0.656530   3.176620   0.590100   1.000000   0.000000   0.000000   1.400000
 -1.570150   5.144300   1.439390   1.000000   0.000000   0.000000   1.400000
 -2.826140   5.726250   1.453300   0.000000   1.000000   0.000000   1.850000
 -3.393720   5.437280   0.529710   1.000000   1.000000   1.000000   1.200000
 -2.688440   6.840120   1.468570   1.000000   1.000000   1.000000   1.200000
 -3.406350   5.407710   2.356920   1.000000   1.000000   1.000000   1.200000
  0.861820   5.242470   0.495560   0.000000   0.000000   1.000000   1.540000
  0.663080   5.475900   1.491920   1.000000   1.000000   1.000000   1.200000
  1.551250   5.847370   0.085940   1.000000   1.000000   1.000000   1.200000
 -0.059520   5.302480   0.012260   1.000000   1.000000   1.000000   1.200000
  1.122610   4.250110   0.473270   1.000000   1.000000   1.000000   1.200000
  1.521650   2.312550   4.708240   0.000000   0.000000   1.000000   1.540000
  1.521830   0.558760   3.686420   1.000000   1.000000   1.000000   1.200000
  0.982860   2.920840   4.117960   1.000000   1.000000   1.000000   1.200000
  2.425000   2.710750   4.851130   1.000000   1.000000   1.000000   1.200000
  1.067530   2.228530   5.593290   1.000000   1.000000   1.000000   1.200000
 -3.551560   0.930910   3.739460   0.000000   0.000000   1.000000   1.540000
 -2.075050  -0.452440   3.718410   1.000000   1.000000   1.000000   1.200000
 -3.769240   1.114030   2.778320   1.000000   1.000000   1.000000   1.200000
 -3.036300   1.724820   4.072610   1.000000   1.000000   1.000000   1.200000
 -4.406070   0.868740   4.252200   1.000000   1.000000   1.000000   1.200000
28 bonds follow (x1 y1 z1 x2 y2 z2)
 -3.551560   0.930910   3.739460  -4.406070   0.868740   4.252200
 -3.551560   0.930910   3.739460  -3.036300   1.724820   4.072610
 -3.551560   0.930910   3.739460  -3.769240   1.114030   2.778320
 -1.149650  -0.702630   3.569270  -2.075050  -0.452440   3.718410
  1.521650   2.312550   4.708240   1.067530   2.228530   5.593290
  1.521650   2.312550   4.708240   2.425000   2.710750   4.851130
  1.521650   2.312550   4.708240   0.982860   2.920840   4.117960
  1.191950  -0.044370   3.002430   1.521830   0.558760   3.686420
  0.861820   5.242470   0.495560   1.122610   4.250110   0.473270
  0.861820   5.242470   0.495560  -0.059520   5.302480   0.012260
  0.861820   5.242470   0.495560   1.551250   5.847370   0.085940
  0.861820   5.242470   0.495560   0.663080   5.475900   1.491920
 -2.826140   5.726250   1.453300  -3.406350   5.407710   2.356920
 -2.826140   5.726250   1.453300  -2.688440   6.840120   1.468570
 -2.826140   5.726250   1.453300  -3.393720   5.437280   0.529710
 -1.570150   5.144300   1.439390  -2.826140   5.726250   1.453300
 -1.185160   3.470220   1.880910  -1.570150   5.144300   1.439390
 -1.185160   3.470220   1.880910  -0.656530   3.176620   0.590100
 -1.185160   3.470220   1.880910  -2.462460   3.134280   2.291420
 -1.185160   3.470220   1.880910  -0.111000   3.893580   2.699280
 -0.302070   0.130530   2.539730  -0.702310   1.550660   2.421520
 -0.302070   0.130530   2.539730  -1.149650  -0.702630   3.569270
 -0.302070   0.130530   2.539730   1.191950  -0.044370   3.002430
 -0.433790  -0.683860   1.180280  -0.302070   0.130530   2.539730
 -0.067080  -0.049490  -0.025020  -0.433790  -0.683860   1.180280
 -0.067080  -0.049490  -0.025020  -0.695670  -0.511870  -0.829130
 -0.067080  -0.049490  -0.025020  -0.263890   1.055140   0.046080
 -0.067080  -0.049490  -0.025020   1.012950  -0.261260  -0.236940
