33 atoms follow (x y z r g b radiusScale)
 -0.385670  -0.046490  -0.035170   0.000000   1.000000   0.000000   1.850000
  0.579340  -0.196890  -0.586130   1.000000   1.000000   1.000000   1.200000
 -0.611670   1.047020   0.099460   1.000000   1.000000   1.000000   1.200000
 -1.210370  -0.548350  -0.605360   1.000000   1.000000   1.000000   1.200000
 -0.288630  -0.708020   1.209150   1.000000   0.000000   0.000000   1.400000
 -0.172270   0.168170   2.521660   0.500000   0.500000   0.500000   1.900000
  1.294990  -0.037010   3.073330   1.000000   0.000000   0.000000   1.400000
 -1.001610  -0.640400   3.583300   1.000000   0.000000   0.000000   1.400000
 -0.659870   1.544310   2.284920   1.000000   0.000000   0.000000   1.400000
 -1.180680   3.439800   1.868750   1.000000   1.000000   0.000000   1.850000
  0.034170   3.813500   2.493180   1.000000   0.000000   0.000000   1.400000
 -2.363330   3.206430   2.546700   1.000000   0.000000   0.000000   1.400000
 -0.932130   3.104330   0.508100   1.000000   0.000000   0.000000   1.400000
 -1.526010   5.133400   1.384920   1.000000   0.000000   0.000000   1.400000
 -2.563860   5.910410   1.862920   0.000000   1.000000   0.000000   1.850000
 -3.088370   5.406140   2.715930   1.000000   1.000000   1.000000   1.200000
 -3.301130   6.098760   1.038090   1.000000   1.000000   1.000000   1.200000
 -2.151870   6.894910   2.213380   1.000000   1.000000   1.000000   1.200000
  0.859190   5.118990   0.317260   0.000000   0.000000   1.000000   1.540000
  1.419470   4.405620   0.782090   1.000000   1.000000   1.000000   1.200000
  1.407670   5.711280  -0.284680   1.000000   1.000000   1.000000   1.200000
  0.375890   5.653770   1.065930   1.000000   1.000000   1.000000   1.200000
  0.085030   4.622360  -0.203200   1.000000   1.000000   1.000000   1.200000
  1.024740   2.520130   5.017840   0.000000   0.000000   1.000000   1.540000
  1.433260   0.125920   4.008860   1.000000   1.000000   1.000000   1.200000
  1.004670   2.953920   4.112810   1.000000   1.000000   1.000000   1.200000
  1.685550   3.010300   5.584620   1.000000   1.000000   1.000000   1.200000
  0.122220   2.625750   5.434910   1.000000   1.000000   1.000000   1.200000
 -3.651260   0.738820   3.414950   0.000000   0.000000   1.000000   1.540000
 -1.961140  -0.540370   3.612960   1.000000   1.000000   1.000000   1.200000
 -3.635140   1.037370   2.458340   1.000000   1.000000   1.000000   1.200000
 -3.280320   1.496140   3.958400   1.000000   1.000000   1.000000   1.200000
 -4.603130   0.593310   3.681470   1.000000   1.000000   1.000000   1.200000
28 bonds follow (x1 y1 z1 x2 y2 z2)
 -3.651260   0.738820   3.414950  -4.603130   0.593310   3.681470
 -3.651260   0.738820   3.414950  -3.280320   1.496140   3.958400
 -3.651260   0.738820   3.414950  -3.635140   1.037370   2.458340
 -1.001610  -0.640400   3.583300  -1.961140  -0.540370   3.612960
  1.024740   2.520130   5.017840   0.122220   2.625750   5.434910
  1.024740   2.520130   5.017840   1.685550   3.010300   5.584620
  1.024740   2.520130   5.017840   1.004670   2.953920   4.112810
  1.294990  -0.037010   3.073330   1.433260   0.125920   4.008860
  0.859190   5.118990   0.317260   0.085030   4.622360  -0.203200
  0.859190   5.118990   0.317260   0.375890   5.653770   1.065930
  0.859190   5.118990   0.317260   1.407670   5.711280  -0.284680
  0.859190   5.118990   0.317260   1.419470   4.405620   0.782090
 -2.563860   5.910410   1.862920  -2.151870   6.894910   2.213380
 -2.563860   5.910410   1.862920  -3.301130   6.098760   1.038090
 -2.563860   5.910410   1.862920  -3.088370   5.406140   2.715930
 -1.526010   5.133400   1.384920  -2.563860   5.910410   1.862920
 -1.180680   3.439800   1.868750  -1.526010   5.133400   1.384920
 -1.180680   3.439800   1.868750  -0.932130   3.104330   0.508100
 -1.180680   3.439800   1.868750  -2.363330   3.206430   2.546700
 -1.180680   3.439800   1.868750   0.034170   3.813500   2.493180
 -0.172270   0.168170   2.521660  -0.659870   1.544310   2.284920
 -0.172270   0.168170   2.521660  -1.001610  -0.640400   3.583300
 -0.172270   0.168170   2.521660   1.294990  -0.037010   3.073330
 -0.288630  -0.708020   1.209150  -0.172270   0.168170   2.521660
 -0.385670  -0.046490  -0.035170  -0.288630  -0.708020   1.209150
 -0.385670  -0.046490  -0.035170  -1.210370  -0.548350  -0.605360
 -0.385670  -0.046490  -0.035170  -0.611670   1.047020   0.099460
 -0.385670  -0.046490  -0.035170   0.579340  -0.196890  -0.586130
