33 atoms follow (x y z r g b radiusScale)
  0.271270  -0.169810   0.075960   0.000000   1.000000   0.000000   1.850000
  1.370150  -0.290280   0.250650   1.000000   1.000000   1.000000   1.200000
 -0.020890   0.914560   0.047450   1.000000   1.000000   1.000000   1.200000
 -0.038720  -0.683450  -0.867340   1.000000   1.000000   1.000000   1.200000
 -0.416930  -0.807230   1.140010   1.000000   0.000000   0.000000   1.400000
 -0.277840  -0.007840   2.504460   0.500000   0.500000   0.500000   1.900000
  1.211100  -0.152400   2.949310   1.000000   0.000000   0.000000   1.400000
 -1.234070  -0.694760   3.525400   1.000000   0.000000   0.000000   1.400000
 -0.698970   1.437410   2.391120   1.000000   0.000000   0.000000   1.400000
 -1.146300   3.203200   2.161460   1.000000   1.000000   0.000000   1.850000
 -0.306820   3.743490   3.117360   1.000000   0.000000   0.000000   1.400000
 -2.454740   2.983970   2.474670   1.000000   0.000000   0.000000   1.400000
 -0.817900   3.305520   0.829850   1.000000   0.000000   0.000000   1.400000
 -2.335720   6.207670   1.484400   1.000000   0.000000   0.000000   1.400000
 -3.623520   6.166400   0.887020   0.000000   1.000000   0.000000   1.850000
 -3.737200   6.883970   0.042130   1.000000   1.000000   1.000000   1.200000
 -4.391930   6.346720   1.669170   1.000000   1.000000   1.000000   1.200000
 -3.668580   5.111290   0.500950   1.000000   1.000000   1.000000   1.200000
  2.261560   5.295630  -0.156410   0.000000   0.000000   1.000000   1.540000
  2.228570   5.997630   0.554010   1.000000   1.000000   1.000000   1.200000
 -2.205140   7.241200   1.749550   1.000000   1.000000   1.000000   1.200000
  2.224530   5.758190  -1.040990   1.000000   1.000000   1.000000   1.200000
  1.453900   4.715350  -0.072320   1.000000   1.000000   1.000000   1.200000
  1.826680   2.194920   4.485440   0.000000   0.000000   1.000000   1.540000
  1.612780   0.544100   3.512590   1.000000   1.000000   1.000000   1.200000
  1.543450   2.897690   3.825810   1.000000   1.000000   1.000000   1.200000
  2.775140   2.360150   4.750510   1.000000   1.000000   1.000000   1.200000
  1.248830   2.280170   5.296080   1.000000   1.000000   1.000000   1.200000
 -3.678510   0.825570   3.839980   0.000000   0.000000   1.000000   1.540000
 -2.107040  -0.282270   3.708670   1.000000   1.000000   1.000000   1.200000
 -3.770080   1.338510   2.982870   1.000000   1.000000   1.000000   1.200000
 -3.452520   1.475540   4.564860   1.000000   1.000000   1.000000   1.200000
 -4.546630   0.384580   4.057720   1.000000   1.000000   1.000000   1.200000
28 bonds follow (x1 y1 z1 x2 y2 z2)
 -3.678510   0.825570   3.839980  -4.546630   0.384580   4.057720
 -3.678510   0.825570   3.839980  -3.452520   1.475540   4.564860
 -3.678510   0.825570   3.839980  -3.770080   1.338510   2.982870
 -1.234070  -0.694760   3.525400  -2.107040  -0.282270   3.708670
  1.826680   2.194920   4.485440   1.248830   2.280170   5.296080
  1.826680   2.194920   4.485440   2.775140   2.360150   4.750510
  1.826680   2.194920   4.485440   1.543450   2.897690   3.825810
  1.211100  -0.152400   2.949310   1.612780   0.544100   3.512590
  2.261560   5.295630  -0.156410   1.453900   4.715350  -0.072320
  2.261560   5.295630  -0.156410   2.224530   5.758190  -1.040990
 -2.335720   6.207670   1.484400  -2.205140   7.241200   1.749550
  2.261560   5.295630  -0.156410   2.228570   5.997630   0.554010
 -3.623520   6.166400   0.887020  -3.668580   5.111290   0.500950
 -3.623520   6.166400   0.887020  -4.391930   6.346720   1.669170
 -3.623520   6.166400   0.887020  -3.737200   6.883970   0.042130
 -2.335720   6.207670   1.484400  -3.623520   6.166400   0.887020
 -1.146300   3.203200   2.161460  -0.817900   3.305520   0.829850
 -1.146300   3.203200   2.161460  -2.454740   2.983970   2.474670
 -1.146300   3.203200   2.161460  -0.306820   3.743490   3.117360
 -0.698970   1.437410   2.391120  -1.146300   3.203200   2.161460
 -0.277840  -0.007840   2.504460  -0.698970   1.437410   2.391120
 -0.277840  -0.007840   2.504460  -1.234070  -0.694760   3.525400
 -0.277840  -0.007840   2.504460   1.211100  -0.152400   2.949310
 -0.416930  -0.807230   1.140010  -0.277840  -0.007840   2.504460
  0.271270  -0.169810   0.075960  -0.416930  -0.807230   1.140010
  0.271270  -0.169810   0.075960  -0.038720  -0.683450  -0.867340
  0.271270  -0.169810   0.075960  -0.020890   0.914560   0.047450
  0.271270  -0.169810   0.075960   1.370150  -0.290280   0.250650
