33 atoms follow (x y z r g b radiusScale)
  0.178710  -0.192130   0.012280   0.000000   1.000000   0.000000   1.850000
  1.287990  -0.186120   0.156440   1.000000   1.000000   1.000000   1.200000
 -0.218610   0.849150  -0.115600   1.000000   1.000000   1.000000   1.200000
 -0.104030  -0.844590  -0.851790   1.000000   1.000000   1.000000   1.200000
 -0.418820  -0.775390   1.155340   1.000000   0.000000   0.000000   1.400000
 -0.300870   0.014150   2.513740   0.500000   0.500000   0.500000   1.900000
  1.158710  -0.141430   3.025610   1.000000   0.000000   0.000000   1.400000
 -1.272920  -0.636470   3.533700   1.000000   0.000000   0.000000   1.400000
 -0.615480   1.471180   2.305430   1.000000   0.000000   0.000000   1.400000
 -1.123170   3.185190   2.117150   1.000000   1.000000   0.000000   1.850000
 -0.222630   3.728700   2.999980   1.000000   0.000000   0.000000   1.400000
 -2.422660   3.028010   2.564980   1.000000   0.000000   0.000000   1.400000
 -0.879710   3.251300   0.767690   1.000000   0.000000   0.000000   1.400000
 -2.244320   6.059500   1.549370   1.000000   0.000000   0.000000   1.400000
 -3.466730   6.080380   0.843600   0.000000   1.000000   0.000000   1.850000
 -3.303620   6.496360  -0.185810   1.000000   1.000000   1.000000   1.200000
 -4.226730   6.693640   1.395370   1.000000   1.000000   1.000000   1.200000
 -3.797980   5.011960   0.759450   1.000000   1.000000   1.000000   1.200000
  2.072790   5.469810  -0.079330   0.000000   0.000000   1.000000   1.540000
  2.204240   6.131230   0.654610   1.000000   1.000000   1.000000   1.200000
 -1.962490   6.992600   1.754520   1.000000   1.000000   1.000000   1.200000
  1.843570   5.945420  -0.924870   1.000000   1.000000   1.000000   1.200000
  1.329720   4.852780   0.167720   1.000000   1.000000   1.000000   1.200000
  1.771970   2.181740   4.569420   0.000000   0.000000   1.000000   1.540000
  1.561910   0.594870   3.536360   1.000000   1.000000   1.000000   1.200000
  1.482630   2.876970   3.903970   1.000000   1.000000   1.000000   1.200000
  2.731840   2.333110   4.799020   1.000000   1.000000   1.000000   1.200000
  1.223510   2.289180   5.396860   1.000000   1.000000   1.000000   1.200000
 -3.630150   0.799000   3.848910   0.000000   0.000000   1.000000   1.540000
 -2.166350  -0.256480   3.726080   1.000000   1.000000   1.000000   1.200000
 -3.738150   1.204520   2.937620   1.000000   1.000000   1.000000   1.200000
 -3.371210   1.534910   4.475900   1.000000   1.000000   1.000000   1.200000
 -4.498560   0.405530   4.142470   1.000000   1.000000   1.000000   1.200000
28 bonds follow (x1 y1 z1 x2 y2 z2)
 -3.630150   0.799000   3.848910  -4.498560   0.405530   4.142470
 -3.630150   0.799000   3.848910  -3.371210   1.534910   4.475900
 -3.630150   0.799000   3.848910  -3.738150   1.204520   2.937620
 -1.272920  -0.636470   3.533700  -2.166350  -0.256480   3.726080
  1.771970   2.181740   4.569420   1.223510   2.289180   5.396860
  1.771970   2.181740   4.569420   2.731840   2.333110   4.799020
  1.771970   2.181740   4.569420   1.482630   2.876970   3.903970
  1.158710  -0.141430   3.025610   1.561910   0.594870   3.536360
  2.072790   5.469810  -0.079330   1.329720   4.852780   0.167720
  2.072790   5.469810  -0.079330   1.843570   5.945420  -0.924870
 -2.244320   6.059500   1.549370  -1.962490   6.992600   1.754520
  2.072790   5.469810  -0.079330   2.204240   6.131230   0.654610
 -3.466730   6.080380   0.843600  -3.797980   5.011960   0.759450
 -3.466730   6.080380   0.843600  -4.226730   6.693640   1.395370
 -3.466730   6.080380   0.843600  -3.303620   6.496360  -0.185810
 -2.244320   6.059500   1.549370  -3.466730   6.080380   0.843600
 -1.123170   3.185190   2.117150  -0.879710   3.251300   0.767690
 -1.123170   3.185190   2.117150  -2.422660   3.028010   2.564980
 -1.123170   3.185190   2.117150  -0.222630   3.728700   2.999980
 -0.615480   1.471180   2.305430  -1.123170   3.185190   2.117150
 -0.300870   0.014150   2.513740  -0.615480   1.471180   2.305430
 -0.300870   0.014150   2.513740  -1.272920  -0.636470   3.533700
 -0.300870   0.014150   2.513740   1.158710  -0.141430   3.025610
 -0.418820  -0.775390   1.155340  -0.300870   0.014150   2.513740
  0.178710  -0.192130   0.012280  -0.418820  -0.775390   1.155340
  0.178710  -0.192130   0.012280  -0.104030  -0.844590  -0.851790
  0.178710  -0.192130   0.012280  -0.218610   0.849150  -0.115600
  0.178710  -0.192130   0.012280   1.287990  -0.186120   0.156440
