33 atoms follow (x y z r g b radiusScale)
 -0.005420   0.003510   0.001540   0.000000   1.000000   0.000000   1.850000
  1.113570  -0.007290  -0.015240   1.000000   1.000000   1.000000   1.200000
 -0.399360   1.057200   0.012850   1.000000   1.000000   1.000000   1.200000
 -0.408590  -0.563420  -0.874700   1.000000   1.000000   1.000000   1.200000
 -0.441470  -0.680120   1.157430   1.000000   0.000000   0.000000   1.400000
 -0.331510   0.144140   2.512610   0.500000   0.500000   0.500000   1.900000
  1.150880  -0.082920   2.986720   1.000000   0.000000   0.000000   1.400000
 -1.232380  -0.628940   3.534560   1.000000   0.000000   0.000000   1.400000
 -0.650510   1.584010   2.355260   1.000000   0.000000   0.000000   1.400000
 -1.170680   3.473030   1.957560   1.000000   1.000000   0.000000   1.850000
 -0.018400   3.889680   2.680170   1.000000   0.000000   0.000000   1.400000
 -2.375810   3.099870   2.521130   1.000000   0.000000   0.000000   1.400000
 -0.852820   3.216320   0.594020   1.000000   0.000000   0.000000   1.400000
 -1.576770   5.184510   1.599860   1.000000   0.000000   0.000000   1.400000
 -2.798520   5.514580   1.040330   0.000000   1.000000   0.000000   1.850000
 -2.818400   5.219810  -0.043980   1.000000   1.000000   1.000000   1.200000
 -2.939270   6.624190   1.118200   1.000000   1.000000   1.000000   1.200000
 -3.637870   4.997990   1.575190   1.000000   1.000000   1.000000   1.200000
  0.874670   5.301210   0.525590   0.000000   0.000000   1.000000   1.540000
  0.852440   5.090540   1.547980   1.000000   1.000000   1.000000   1.200000
  0.409590   6.188240   0.389890   1.000000   1.000000   1.000000   1.200000
  0.302650   4.564070   0.055970   1.000000   1.000000   1.000000   1.200000
  1.823430   5.303290   0.176280   1.000000   1.000000   1.000000   1.200000
  1.610040   2.248580   4.684190   0.000000   0.000000   1.000000   1.540000
  1.520460   0.541050   3.630590   1.000000   1.000000   1.000000   1.200000
  1.129770   2.879250   4.067020   1.000000   1.000000   1.000000   1.200000
  2.543770   2.571810   4.821690   1.000000   1.000000   1.000000   1.200000
  1.143250   2.237360   5.566350   1.000000   1.000000   1.000000   1.200000
 -3.615210   0.937000   3.783310   0.000000   0.000000   1.000000   1.540000
 -2.132500  -0.297520   3.716980   1.000000   1.000000   1.000000   1.200000
 -3.819020   1.181220   2.833250   1.000000   1.000000   1.000000   1.200000
 -3.162670   1.731640   4.195820   1.000000   1.000000   1.000000   1.200000
 -4.472860   0.766470   4.264190   1.000000   1.000000   1.000000   1.200000
28 bonds follow (x1 y1 z1 x2 y2 z2)
 -3.615210   0.937000   3.783310  -4.472860   0.766470   4.264190
 -3.615210   0.937000   3.783310  -3.162670   1.731640   4.195820
 -3.615210   0.937000   3.783310  -3.819020   1.181220   2.833250
 -1.232380  -0.628940   3.534560  -2.132500  -0.297520   3.716980
  1.610040   2.248580   4.684190   1.143250   2.237360   5.566350
  1.610040   2.248580   4.684190   2.543770   2.571810   4.821690
  1.610040   2.248580   4.684190   1.129770   2.879250   4.067020
  1.150880  -0.082920   2.986720   1.520460   0.541050   3.630590
  0.874670   5.301210   0.525590   1.823430   5.303290   0.176280
  0.874670   5.301210   0.525590   0.302650   4.564070   0.055970
  0.874670   5.301210   0.525590   0.409590   6.188240   0.389890
  0.874670   5.301210   0.525590   0.852440   5.090540   1.547980
 -2.798520   5.514580   1.040330  -3.637870   4.997990   1.575190
 -2.798520   5.514580   1.040330  -2.939270   6.624190   1.118200
 -2.798520   5.514580   1.040330  -2.818400   5.219810  -0.043980
 -1.576770   5.184510   1.599860  -2.798520   5.514580   1.040330
 -1.170680   3.473030   1.957560  -1.576770   5.184510   1.599860
 -1.170680   3.473030   1.957560  -0.852820   3.216320   0.594020
 -1.170680   3.473030   1.957560  -2.375810   3.099870   2.521130
 -1.170680   3.473030   1.957560  -0.018400   3.889680   2.680170
 -0.331510   0.144140   2.512610  -0.650510   1.584010   2.355260
 -0.331510   0.144140   2.512610  -1.232380  -0.628940   3.534560
 -0.331510   0.144140   2.512610   1.150880  -0.082920   2.986720
 -0.441470  -0.680120   1.157430  -0.331510   0.144140   2.512610
 -0.005420   0.003510   0.001540  -0.441470  -0.680120   1.157430
 -0.005420   0.003510   0.001540  -0.408590  -0.563420  -0.874700
 -0.005420   0.003510   0.001540  -0.399360   1.057200   0.012850
 -0.005420   0.003510   0.001540   1.113570  -0.007290  -0.015240
