33 atoms follow (x y z r g b radiusScale)
 -0.004530   0.002820   0.003400   0.000000   1.000000   0.000000   1.850000
  1.114490  -0.004500  -0.010800   1.000000   1.000000   1.000000   1.200000
 -0.400920   1.055570   0.015210   1.000000   1.000000   1.000000   1.200000
 -0.404630  -0.564730  -0.873780   1.000000   1.000000   1.000000   1.200000
 -0.440710  -0.682900   1.158290   1.000000   0.000000   0.000000   1.400000
 -0.332160   0.141360   2.513270   0.500000   0.500000   0.500000   1.900000
  1.150020  -0.079970   2.987870   1.000000   0.000000   0.000000   1.400000
 -1.233980  -0.629440   3.535550   1.000000   0.000000   0.000000   1.400000
 -0.661200   1.580460   2.359840   1.000000   0.000000   0.000000   1.400000
 -1.173470   3.464310   1.960280   1.000000   1.000000   0.000000   1.850000
 -0.009120   3.890430   2.660020   1.000000   0.000000   0.000000   1.400000
 -2.380310   3.094030   2.528650   1.000000   0.000000   0.000000   1.400000
 -0.829750   3.221200   0.598820   1.000000   0.000000   0.000000   1.400000
 -1.589030   5.177900   1.614420   1.000000   0.000000   0.000000   1.400000
 -2.787730   5.535370   1.025780   0.000000   1.000000   0.000000   1.850000
 -2.793230   5.237380  -0.058140   1.000000   1.000000   1.000000   1.200000
 -2.904690   6.648400   1.095890   1.000000   1.000000   1.000000   1.200000
 -3.651490   5.041480   1.543300   1.000000   1.000000   1.000000   1.200000
  0.859680   5.311760   0.521430   0.000000   0.000000   1.000000   1.540000
  0.882900   5.070230   1.542260   1.000000   1.000000   1.000000   1.200000
  0.319340   6.171590   0.421280   1.000000   1.000000   1.000000   1.200000
  0.329970   4.541350   0.044780   1.000000   1.000000   1.000000   1.200000
  1.790160   5.407870   0.144690   1.000000   1.000000   1.000000   1.200000
  1.614020   2.243100   4.685600   0.000000   0.000000   1.000000   1.540000
  1.520650   0.547310   3.628580   1.000000   1.000000   1.000000   1.200000
  1.135150   2.871840   4.064980   1.000000   1.000000   1.000000   1.200000
  2.546600   2.568410   4.826070   1.000000   1.000000   1.000000   1.200000
  1.143640   2.232930   5.565900   1.000000   1.000000   1.000000   1.200000
 -3.610570   0.942710   3.779150   0.000000   0.000000   1.000000   1.540000
 -2.131270  -0.291760   3.723020   1.000000   1.000000   1.000000   1.200000
 -3.816820   1.182210   2.828460   1.000000   1.000000   1.000000   1.200000
 -3.157050   1.739340   4.186880   1.000000   1.000000   1.000000   1.200000
 -4.466920   0.774310   4.262950   1.000000   1.000000   1.000000   1.200000
28 bonds follow (x1 y1 z1 x2 y2 z2)
 -3.610570   0.942710   3.779150  -4.466920   0.774310   4.262950
 -3.610570   0.942710   3.779150  -3.157050   1.739340   4.186880
 -3.610570   0.942710   3.779150  -3.816820   1.182210   2.828460
 -1.233980  -0.629440   3.535550  -2.131270  -0.291760   3.723020
  1.614020   2.243100   4.685600   1.143640   2.232930   5.565900
  1.614020   2.243100   4.685600   2.546600   2.568410   4.826070
  1.614020   2.243100   4.685600   1.135150   2.871840   4.064980
  1.150020  -0.079970   2.987870   1.520650   0.547310   3.628580
  0.859680   5.311760   0.521430   1.790160   5.407870   0.144690
  0.859680   5.311760   0.521430   0.329970   4.541350   0.044780
  0.859680   5.311760   0.521430   0.319340   6.171590   0.421280
  0.859680   5.311760   0.521430   0.882900   5.070230   1.542260
 -2.787730   5.535370   1.025780  -3.651490   5.041480   1.543300
 -2.787730   5.535370   1.025780  -2.904690   6.648400   1.095890
 -2.787730   5.535370   1.025780  -2.793230   5.237380  -0.058140
 -1.589030   5.177900   1.614420  -2.787730   5.535370   1.025780
 -1.173470   3.464310   1.960280  -1.589030   5.177900   1.614420
 -1.173470   3.464310   1.960280  -0.829750   3.221200   0.598820
 -1.173470   3.464310   1.960280  -2.380310   3.094030   2.528650
 -1.173470   3.464310   1.960280  -0.009120   3.890430   2.660020
 -0.332160   0.141360   2.513270  -0.661200   1.580460   2.359840
 -0.332160   0.141360   2.513270  -1.233980  -0.629440   3.535550
 -0.332160   0.141360   2.513270   1.150020  -0.079970   2.987870
 -0.440710  -0.682900   1.158290  -0.332160   0.141360   2.513270
 -0.004530   0.002820   0.003400  -0.440710  -0.682900   1.158290
 -0.004530   0.002820   0.003400  -0.404630  -0.564730  -0.873780
 -0.004530   0.002820   0.003400  -0.400920   1.055570   0.015210
 -0.004530   0.002820   0.003400   1.114490  -0.004500  -0.010800
