33 atoms follow (x y z r g b radiusScale)
  0.067910  -0.123120   0.022510   0.000000   1.000000   0.000000   1.850000
  1.182040  -0.033200   0.065680   1.000000   1.000000   1.000000   1.200000
 -0.415230   0.887430  -0.038090   1.000000   1.000000   1.000000   1.200000
 -0.238560  -0.769420  -0.838400   1.000000   1.000000   1.000000   1.200000
 -0.380620  -0.785030   1.190230   1.000000   0.000000   0.000000   1.400000
 -0.319870   0.016670   2.552040   0.500000   0.500000   0.500000   1.900000
  1.146920  -0.159890   3.049090   1.000000   0.000000   0.000000   1.400000
 -1.246050  -0.736120   3.562230   1.000000   0.000000   0.000000   1.400000
 -0.640220   1.478150   2.329440   1.000000   0.000000   0.000000   1.400000
 -1.122250   3.253160   2.043690   1.000000   1.000000   0.000000   1.850000
 -0.123220   3.789020   2.829320   1.000000   0.000000   0.000000   1.400000
 -2.384700   3.131060   2.550460   1.000000   0.000000   0.000000   1.400000
 -0.930500   3.246170   0.681560   1.000000   0.000000   0.000000   1.400000
 -2.104910   5.862020   1.677080   1.000000   0.000000   0.000000   1.400000
 -3.222490   5.940070   0.809940   0.000000   1.000000   0.000000   1.850000
 -2.908220   5.943330  -0.263590   1.000000   1.000000   1.000000   1.200000
 -3.818220   6.860060   1.036870   1.000000   1.000000   1.000000   1.200000
 -3.814680   5.016750   1.071180   1.000000   1.000000   1.000000   1.200000
  1.740610   5.630340   0.043570   0.000000   0.000000   1.000000   1.540000
  1.608560   6.001420   0.963770   1.000000   1.000000   1.000000   1.200000
 -1.574840   6.539090   1.401650   1.000000   1.000000   1.000000   1.200000
  0.913930   5.834000  -0.484410   1.000000   1.000000   1.000000   1.200000
  1.816460   4.631160   0.119230   1.000000   1.000000   1.000000   1.200000
  1.684690   2.130650   4.619990   0.000000   0.000000   1.000000   1.540000
  1.529690   0.525670   3.635780   1.000000   1.000000   1.000000   1.200000
  1.406360   2.839960   3.966020   1.000000   1.000000   1.000000   1.200000
  2.659820   2.226200   4.813790   1.000000   1.000000   1.000000   1.200000
  1.174170   2.257340   5.468590   1.000000   1.000000   1.000000   1.200000
 -3.557650   0.858180   3.791730   0.000000   0.000000   1.000000   1.540000
 -2.154830  -0.418130   3.740340   1.000000   1.000000   1.000000   1.200000
 -3.782710   1.183570   2.871180   1.000000   1.000000   1.000000   1.200000
 -3.158190   1.632390   4.287470   1.000000   1.000000   1.000000   1.200000
 -4.398550   0.578500   4.252040   1.000000   1.000000   1.000000   1.200000
28 bonds follow (x1 y1 z1 x2 y2 z2)
 -3.557650   0.858180   3.791730  -4.398550   0.578500   4.252040
 -3.557650   0.858180   3.791730  -3.158190   1.632390   4.287470
 -3.557650   0.858180   3.791730  -3.782710   1.183570   2.871180
 -1.246050  -0.736120   3.562230  -2.154830  -0.418130   3.740340
  1.684690   2.130650   4.619990   1.174170   2.257340   5.468590
  1.684690   2.130650   4.619990   2.659820   2.226200   4.813790
  1.684690   2.130650   4.619990   1.406360   2.839960   3.966020
  1.146920  -0.159890   3.049090   1.529690   0.525670   3.635780
  1.740610   5.630340   0.043570   1.816460   4.631160   0.119230
  1.740610   5.630340   0.043570   0.913930   5.834000  -0.484410
 -2.104910   5.862020   1.677080  -1.574840   6.539090   1.401650
  1.740610   5.630340   0.043570   1.608560   6.001420   0.963770
 -3.222490   5.940070   0.809940  -3.814680   5.016750   1.071180
 -3.222490   5.940070   0.809940  -3.818220   6.860060   1.036870
 -3.222490   5.940070   0.809940  -2.908220   5.943330  -0.263590
 -2.104910   5.862020   1.677080  -3.222490   5.940070   0.809940
 -1.122250   3.253160   2.043690  -0.930500   3.246170   0.681560
 -1.122250   3.253160   2.043690  -2.384700   3.131060   2.550460
 -1.122250   3.253160   2.043690  -0.123220   3.789020   2.829320
 -0.640220   1.478150   2.329440  -1.122250   3.253160   2.043690
 -0.319870   0.016670   2.552040  -0.640220   1.478150   2.329440
 -0.319870   0.016670   2.552040  -1.246050  -0.736120   3.562230
 -0.319870   0.016670   2.552040   1.146920  -0.159890   3.049090
 -0.380620  -0.785030   1.190230  -0.319870   0.016670   2.552040
  0.067910  -0.123120   0.022510  -0.380620  -0.785030   1.190230
  0.067910  -0.123120   0.022510  -0.238560  -0.769420  -0.838400
  0.067910  -0.123120   0.022510  -0.415230   0.887430  -0.038090
  0.067910  -0.123120   0.022510   1.182040  -0.033200   0.065680
