33 atoms follow (x y z r g b radiusScale)
 -0.229010  -0.223050  -0.056250   0.000000   1.000000   0.000000   1.850000
  0.775550  -0.448770  -0.502440   1.000000   1.000000   1.000000   1.200000
 -0.415420   0.883020   0.002580   1.000000   1.000000   1.000000   1.200000
 -1.020570  -0.722290  -0.674730   1.000000   1.000000   1.000000   1.200000
 -0.288750  -0.801730   1.229860   1.000000   0.000000   0.000000   1.400000
 -0.212470   0.143250   2.506700   0.500000   0.500000   0.500000   1.900000
  1.292930   0.116990   2.970060   1.000000   0.000000   0.000000   1.400000
 -1.125200  -0.575540   3.557530   1.000000   0.000000   0.000000   1.400000
 -0.719160   1.508140   2.230110   1.000000   0.000000   0.000000   1.400000
 -1.131280   3.436500   1.933700   1.000000   1.000000   0.000000   1.850000
  0.112710   3.758100   2.531180   1.000000   0.000000   0.000000   1.400000
 -2.302940   3.220770   2.648950   1.000000   0.000000   0.000000   1.400000
 -0.928800   3.140170   0.566260   1.000000   0.000000   0.000000   1.400000
 -1.447530   5.173500   1.579260   1.000000   0.000000   0.000000   1.400000
 -2.681210   5.738890   1.847220   0.000000   1.000000   0.000000   1.850000
 -3.034170   5.454170   2.873000   1.000000   1.000000   1.000000   1.200000
 -3.437830   5.393090   1.093920   1.000000   1.000000   1.000000   1.200000
 -2.584800   6.854180   1.786110   1.000000   1.000000   1.000000   1.200000
  0.825670   5.174810   0.238980   0.000000   0.000000   1.000000   1.540000
  1.011870   5.096710   1.265840   1.000000   1.000000   1.000000   1.200000
  1.548390   5.683240  -0.239590   1.000000   1.000000   1.000000   1.200000
 -0.111970   5.633610   0.147380   1.000000   1.000000   1.000000   1.200000
  0.711690   4.216940  -0.112920   1.000000   1.000000   1.000000   1.200000
  0.957710   2.512270   4.870540   0.000000   0.000000   1.000000   1.540000
  1.566570   0.722790   3.666210   1.000000   1.000000   1.000000   1.200000
  1.424080   3.099080   4.203660   1.000000   1.000000   1.000000   1.200000
  1.253740   2.768170   5.789110   1.000000   1.000000   1.000000   1.200000
 -0.022810   2.700900   4.789400   1.000000   1.000000   1.000000   1.200000
 -3.640080   0.891800   3.396690   0.000000   0.000000   1.000000   1.540000
 -2.041460  -0.255970   3.654690   1.000000   1.000000   1.000000   1.200000
 -3.462450   1.179290   2.452110   1.000000   1.000000   1.000000   1.200000
 -3.393560   1.669110   3.981460   1.000000   1.000000   1.000000   1.200000
 -4.619230   0.719380   3.490460   1.000000   1.000000   1.000000   1.200000
28 bonds follow (x1 y1 z1 x2 y2 z2)
 -3.640080   0.891800   3.396690  -4.619230   0.719380   3.490460
 -3.640080   0.891800   3.396690  -3.393560   1.669110   3.981460
 -3.640080   0.891800   3.396690  -3.462450   1.179290   2.452110
 -1.125200  -0.575540   3.557530  -2.041460  -0.255970   3.654690
  0.957710   2.512270   4.870540  -0.022810   2.700900   4.789400
  0.957710   2.512270   4.870540   1.253740   2.768170   5.789110
  0.957710   2.512270   4.870540   1.424080   3.099080   4.203660
  1.292930   0.116990   2.970060   1.566570   0.722790   3.666210
  0.825670   5.174810   0.238980   0.711690   4.216940  -0.112920
  0.825670   5.174810   0.238980  -0.111970   5.633610   0.147380
  0.825670   5.174810   0.238980   1.548390   5.683240  -0.239590
  0.825670   5.174810   0.238980   1.011870   5.096710   1.265840
 -2.681210   5.738890   1.847220  -2.584800   6.854180   1.786110
 -2.681210   5.738890   1.847220  -3.437830   5.393090   1.093920
 -2.681210   5.738890   1.847220  -3.034170   5.454170   2.873000
 -1.447530   5.173500   1.579260  -2.681210   5.738890   1.847220
 -1.131280   3.436500   1.933700  -1.447530   5.173500   1.579260
 -1.131280   3.436500   1.933700  -0.928800   3.140170   0.566260
 -1.131280   3.436500   1.933700  -2.302940   3.220770   2.648950
 -1.131280   3.436500   1.933700   0.112710   3.758100   2.531180
 -0.212470   0.143250   2.506700  -0.719160   1.508140   2.230110
 -0.212470   0.143250   2.506700  -1.125200  -0.575540   3.557530
 -0.212470   0.143250   2.506700   1.292930   0.116990   2.970060
 -0.288750  -0.801730   1.229860  -0.212470   0.143250   2.506700
 -0.229010  -0.223050  -0.056250  -0.288750  -0.801730   1.229860
 -0.229010  -0.223050  -0.056250  -1.020570  -0.722290  -0.674730
 -0.229010  -0.223050  -0.056250  -0.415420   0.883020   0.002580
 -0.229010  -0.223050  -0.056250   0.775550  -0.448770  -0.502440
