33 atoms follow (x y z r g b radiusScale)
 -0.336780  -0.196580  -0.048910   0.000000   1.000000   0.000000   1.850000
  0.608680  -0.417580  -0.610460   1.000000   1.000000   1.000000   1.200000
 -0.509380   0.912000   0.030690   1.000000   1.000000   1.000000   1.200000
 -1.193440  -0.695470  -0.573940   1.000000   1.000000   1.000000   1.200000
 -0.227960  -0.789780   1.229720   1.000000   0.000000   0.000000   1.400000
 -0.239620   0.152340   2.508130   0.500000   0.500000   0.500000   1.900000
  1.219930   0.093070   3.097980   1.000000   0.000000   0.000000   1.400000
 -1.164580  -0.515220   3.586910   1.000000   0.000000   0.000000   1.400000
 -0.630570   1.554100   2.221450   1.000000   0.000000   0.000000   1.400000
 -1.190560   3.390340   1.783730   1.000000   1.000000   0.000000   1.850000
 -0.126320   3.854220   2.617150   1.000000   0.000000   0.000000   1.400000
 -2.425790   3.001320   2.274940   1.000000   0.000000   0.000000   1.400000
 -0.752970   3.138190   0.460300   1.000000   0.000000   0.000000   1.400000
 -1.588910   5.085420   1.363240   1.000000   0.000000   0.000000   1.400000
 -2.685460   5.779540   1.832930   0.000000   1.000000   0.000000   1.850000
 -3.605100   5.484740   1.262280   1.000000   1.000000   1.000000   1.200000
 -2.500400   6.877490   1.691290   1.000000   1.000000   1.000000   1.200000
 -2.852810   5.571610   2.923140   1.000000   1.000000   1.000000   1.200000
  0.957550   5.302390   0.622140   0.000000   0.000000   1.000000   1.540000
  1.459800   4.527170   1.063660   1.000000   1.000000   1.000000   1.200000
  1.577490   6.016830   0.279460   1.000000   1.000000   1.000000   1.200000
  0.298210   5.674290   1.354400   1.000000   1.000000   1.000000   1.200000
  0.350310   4.901510  -0.124710   1.000000   1.000000   1.000000   1.200000
  1.387260   2.425180   4.828210   0.000000   0.000000   1.000000   1.540000
  1.478640   0.802440   3.708880   1.000000   1.000000   1.000000   1.200000
  0.895730   2.978290   4.148380   1.000000   1.000000   1.000000   1.200000
  2.308370   2.791130   4.942970   1.000000   1.000000   1.000000   1.200000
  0.909170   2.482570   5.702280   1.000000   1.000000   1.000000   1.200000
 -3.679590   0.956050   3.720810   0.000000   0.000000   1.000000   1.540000
 -2.039040  -0.129780   3.774190   1.000000   1.000000   1.000000   1.200000
 -3.730480   1.173740   2.742870   1.000000   1.000000   1.000000   1.200000
 -3.314920   1.769590   4.178310   1.000000   1.000000   1.000000   1.200000
 -4.601970   0.782950   4.060680   1.000000   1.000000   1.000000   1.200000
28 bonds follow (x1 y1 z1 x2 y2 z2)
 -3.679590   0.956050   3.720810  -4.601970   0.782950   4.060680
 -3.679590   0.956050   3.720810  -3.314920   1.769590   4.178310
 -3.679590   0.956050   3.720810  -3.730480   1.173740   2.742870
 -1.164580  -0.515220   3.586910  -2.039040  -0.129780   3.774190
  1.387260   2.425180   4.828210   0.909170   2.482570   5.702280
  1.387260   2.425180   4.828210   2.308370   2.791130   4.942970
  1.387260   2.425180   4.828210   0.895730   2.978290   4.148380
  1.219930   0.093070   3.097980   1.478640   0.802440   3.708880
  0.957550   5.302390   0.622140   0.350310   4.901510  -0.124710
  0.957550   5.302390   0.622140   0.298210   5.674290   1.354400
  0.957550   5.302390   0.622140   1.577490   6.016830   0.279460
  0.957550   5.302390   0.622140   1.459800   4.527170   1.063660
 -2.685460   5.779540   1.832930  -2.852810   5.571610   2.923140
 -2.685460   5.779540   1.832930  -2.500400   6.877490   1.691290
 -2.685460   5.779540   1.832930  -3.605100   5.484740   1.262280
 -1.588910   5.085420   1.363240  -2.685460   5.779540   1.832930
 -1.190560   3.390340   1.783730  -1.588910   5.085420   1.363240
 -1.190560   3.390340   1.783730  -0.752970   3.138190   0.460300
 -1.190560   3.390340   1.783730  -2.425790   3.001320   2.274940
 -1.190560   3.390340   1.783730  -0.126320   3.854220   2.617150
 -0.239620   0.152340   2.508130  -0.630570   1.554100   2.221450
 -0.239620   0.152340   2.508130  -1.164580  -0.515220   3.586910
 -0.239620   0.152340   2.508130   1.219930   0.093070   3.097980
 -0.227960  -0.789780   1.229720  -0.239620   0.152340   2.508130
 -0.336780  -0.196580  -0.048910  -0.227960  -0.789780   1.229720
 -0.336780  -0.196580  -0.048910  -1.193440  -0.695470  -0.573940
 -0.336780  -0.196580  -0.048910  -0.509380   0.912000   0.030690
 -0.336780  -0.196580  -0.048910   0.608680  -0.417580  -0.610460
