33 atoms follow (x y z r g b radiusScale)
 -0.541460  -0.222780  -0.021810   0.000000   1.000000   0.000000   1.850000
  0.260350  -0.482440  -0.761900   1.000000   1.000000   1.000000   1.200000
 -0.676480   0.890240   0.044390   1.000000   1.000000   1.000000   1.200000
 -1.494040  -0.729570  -0.329990   1.000000   1.000000   1.000000   1.200000
 -0.140350  -0.753930   1.223680   1.000000   0.000000   0.000000   1.400000
 -0.219800   0.151150   2.531270   0.500000   0.500000   0.500000   1.900000
  1.220590   0.078580   3.147330   1.000000   0.000000   0.000000   1.400000
 -1.135700  -0.584450   3.571750   1.000000   0.000000   0.000000   1.400000
 -0.633410   1.549990   2.265970   1.000000   0.000000   0.000000   1.400000
 -1.188520   3.407660   1.767370   1.000000   1.000000   0.000000   1.850000
 -0.121280   3.844030   2.599790   1.000000   0.000000   0.000000   1.400000
 -2.447010   3.107220   2.275420   1.000000   0.000000   0.000000   1.400000
 -0.746290   3.132990   0.450660   1.000000   0.000000   0.000000   1.400000
 -1.571130   5.088830   1.337220   1.000000   0.000000   0.000000   1.400000
 -2.585980   5.765160   1.994840   0.000000   1.000000   0.000000   1.850000
 -3.579580   5.301690   1.761230   1.000000   1.000000   1.000000   1.200000
 -2.576980   6.830350   1.644430   1.000000   1.000000   1.000000   1.200000
 -2.420780   5.736390   3.104170   1.000000   1.000000   1.000000   1.200000
  0.905020   5.340770   0.473830   0.000000   0.000000   1.000000   1.540000
  0.950880   5.023790   1.474310   1.000000   1.000000   1.000000   1.200000
  1.757440   5.792990   0.183880   1.000000   1.000000   1.000000   1.200000
  0.085870   5.963210   0.403850   1.000000   1.000000   1.000000   1.200000
  0.687140   4.503790  -0.087910   1.000000   1.000000   1.000000   1.200000
  1.252760   2.424720   4.922940   0.000000   0.000000   1.000000   1.540000
  1.416640   0.670100   3.889390   1.000000   1.000000   1.000000   1.200000
  0.914910   3.005300   4.176050   1.000000   1.000000   1.000000   1.200000
  2.109390   2.799290   5.270570   1.000000   1.000000   1.000000   1.200000
  0.581880   2.423000   5.661950   1.000000   1.000000   1.000000   1.200000
 -3.531780   0.903120   3.566320   0.000000   0.000000   1.000000   1.540000
 -2.046660  -0.257220   3.713660   1.000000   1.000000   1.000000   1.200000
 -3.653130   1.094780   2.589580   1.000000   1.000000   1.000000   1.200000
 -3.171460   1.743850   3.979390   1.000000   1.000000   1.000000   1.200000
 -4.423620   0.701110   3.966730   1.000000   1.000000   1.000000   1.200000
28 bonds follow (x1 y1 z1 x2 y2 z2)
 -3.531780   0.903120   3.566320  -4.423620   0.701110   3.966730
 -3.531780   0.903120   3.566320  -3.171460   1.743850   3.979390
 -3.531780   0.903120   3.566320  -3.653130   1.094780   2.589580
 -1.135700  -0.584450   3.571750  -2.046660  -0.257220   3.713660
  1.252760   2.424720   4.922940   0.581880   2.423000   5.661950
  1.252760   2.424720   4.922940   2.109390   2.799290   5.270570
  1.252760   2.424720   4.922940   0.914910   3.005300   4.176050
  1.220590   0.078580   3.147330   1.416640   0.670100   3.889390
  0.905020   5.340770   0.473830   0.687140   4.503790  -0.087910
  0.905020   5.340770   0.473830   0.085870   5.963210   0.403850
  0.905020   5.340770   0.473830   1.757440   5.792990   0.183880
  0.905020   5.340770   0.473830   0.950880   5.023790   1.474310
 -2.585980   5.765160   1.994840  -2.420780   5.736390   3.104170
 -2.585980   5.765160   1.994840  -2.576980   6.830350   1.644430
 -2.585980   5.765160   1.994840  -3.579580   5.301690   1.761230
 -1.571130   5.088830   1.337220  -2.585980   5.765160   1.994840
 -1.188520   3.407660   1.767370  -1.571130   5.088830   1.337220
 -1.188520   3.407660   1.767370  -0.746290   3.132990   0.450660
 -1.188520   3.407660   1.767370  -2.447010   3.107220   2.275420
 -1.188520   3.407660   1.767370  -0.121280   3.844030   2.599790
 -0.219800   0.151150   2.531270  -0.633410   1.549990   2.265970
 -0.219800   0.151150   2.531270  -1.135700  -0.584450   3.571750
 -0.219800   0.151150   2.531270   1.220590   0.078580   3.147330
 -0.140350  -0.753930   1.223680  -0.219800   0.151150   2.531270
 -0.541460  -0.222780  -0.021810  -0.140350  -0.753930   1.223680
 -0.541460  -0.222780  -0.021810  -1.494040  -0.729570  -0.329990
 -0.541460  -0.222780  -0.021810  -0.676480   0.890240   0.044390
 -0.541460  -0.222780  -0.021810   0.260350  -0.482440  -0.761900
