33 atoms follow (x y z r g b radiusScale)
 -0.474580  -0.257320  -0.010580   0.000000   1.000000   0.000000   1.850000
  0.424660  -0.432620  -0.658680   1.000000   1.000000   1.000000   1.200000
 -0.715860   0.838740   0.049490   1.000000   1.000000   1.000000   1.200000
 -1.339080  -0.837230  -0.429350   1.000000   1.000000   1.000000   1.200000
 -0.190540  -0.784270   1.265050   1.000000   0.000000   0.000000   1.400000
 -0.220670   0.172750   2.526650   0.500000   0.500000   0.500000   1.900000
  1.219250   0.016760   3.158170   1.000000   0.000000   0.000000   1.400000
 -1.132990  -0.594330   3.548290   1.000000   0.000000   0.000000   1.400000
 -0.681850   1.553510   2.241010   1.000000   0.000000   0.000000   1.400000
 -1.186680   3.429070   1.765920   1.000000   1.000000   0.000000   1.850000
 -0.112030   3.864760   2.588990   1.000000   0.000000   0.000000   1.400000
 -2.437320   3.044030   2.195500   1.000000   0.000000   0.000000   1.400000
 -0.722280   3.162890   0.450650   1.000000   0.000000   0.000000   1.400000
 -1.599290   5.126140   1.374450   1.000000   0.000000   0.000000   1.400000
 -2.664900   5.775650   1.979390   0.000000   1.000000   0.000000   1.850000
 -3.637970   5.382560   1.585970   1.000000   1.000000   1.000000   1.200000
 -2.585020   6.870660   1.749600   1.000000   1.000000   1.000000   1.200000
 -2.635000   5.627280   3.091070   1.000000   1.000000   1.000000   1.200000
  0.933040   5.297030   0.541100   0.000000   0.000000   1.000000   1.540000
  1.309010   4.669990   1.281130   1.000000   1.000000   1.000000   1.200000
  1.662560   5.722530  -0.013000   1.000000   1.000000   1.000000   1.200000
  0.337650   5.991020   1.012020   1.000000   1.000000   1.000000   1.200000
  0.297070   4.722770  -0.045210   1.000000   1.000000   1.000000   1.200000
  1.304280   2.456110   4.871080   0.000000   0.000000   1.000000   1.540000
  1.488230   0.673540   3.814240   1.000000   1.000000   1.000000   1.200000
  0.880340   3.050930   4.182290   1.000000   1.000000   1.000000   1.200000
  2.183730   2.841990   5.141370   1.000000   1.000000   1.000000   1.200000
  0.714260   2.417070   5.675300   1.000000   1.000000   1.000000   1.200000
 -3.533960   0.934820   3.607400   0.000000   0.000000   1.000000   1.540000
 -2.055690  -0.298310   3.659070   1.000000   1.000000   1.000000   1.200000
 -3.688590   1.285510   2.680580   1.000000   1.000000   1.000000   1.200000
 -3.171950   1.692750   4.151670   1.000000   1.000000   1.000000   1.200000
 -4.402380   0.637440   3.998640   1.000000   1.000000   1.000000   1.200000
28 bonds follow (x1 y1 z1 x2 y2 z2)
 -3.533960   0.934820   3.607400  -4.402380   0.637440   3.998640
 -3.533960   0.934820   3.607400  -3.171950   1.692750   4.151670
 -3.533960   0.934820   3.607400  -3.688590   1.285510   2.680580
 -1.132990  -0.594330   3.548290  -2.055690  -0.298310   3.659070
  1.304280   2.456110   4.871080   0.714260   2.417070   5.675300
  1.304280   2.456110   4.871080   2.183730   2.841990   5.141370
  1.304280   2.456110   4.871080   0.880340   3.050930   4.182290
  1.219250   0.016760   3.158170   1.488230   0.673540   3.814240
  0.933040   5.297030   0.541100   0.297070   4.722770  -0.045210
  0.933040   5.297030   0.541100   0.337650   5.991020   1.012020
  0.933040   5.297030   0.541100   1.662560   5.722530  -0.013000
  0.933040   5.297030   0.541100   1.309010   4.669990   1.281130
 -2.664900   5.775650   1.979390  -2.635000   5.627280   3.091070
 -2.664900   5.775650   1.979390  -2.585020   6.870660   1.749600
 -2.664900   5.775650   1.979390  -3.637970   5.382560   1.585970
 -1.599290   5.126140   1.374450  -2.664900   5.775650   1.979390
 -1.186680   3.429070   1.765920  -1.599290   5.126140   1.374450
 -1.186680   3.429070   1.765920  -0.722280   3.162890   0.450650
 -1.186680   3.429070   1.765920  -2.437320   3.044030   2.195500
 -1.186680   3.429070   1.765920  -0.112030   3.864760   2.588990
 -0.220670   0.172750   2.526650  -0.681850   1.553510   2.241010
 -0.220670   0.172750   2.526650  -1.132990  -0.594330   3.548290
 -0.220670   0.172750   2.526650   1.219250   0.016760   3.158170
 -0.190540  -0.784270   1.265050  -0.220670   0.172750   2.526650
 -0.474580  -0.257320  -0.010580  -0.190540  -0.784270   1.265050
 -0.474580  -0.257320  -0.010580  -1.339080  -0.837230  -0.429350
 -0.474580  -0.257320  -0.010580  -0.715860   0.838740   0.049490
 -0.474580  -0.257320  -0.010580   0.424660  -0.432620  -0.658680
