33 atoms follow (x y z r g b radiusScale)
  0.065580  -0.118970   0.022620   0.000000   1.000000   0.000000   1.850000
  1.179760  -0.030400   0.061680   1.000000   1.000000   1.000000   1.200000
 -0.416250   0.892830  -0.033940   1.000000   1.000000   1.000000   1.200000
 -0.245000  -0.764130  -0.837410   1.000000   1.000000   1.000000   1.200000
 -0.379390  -0.783270   1.190410   1.000000   0.000000   0.000000   1.400000
 -0.321140   0.015780   2.552840   0.500000   0.500000   0.500000   1.900000
  1.148820  -0.158060   3.045700   1.000000   0.000000   0.000000   1.400000
 -1.246400  -0.737520   3.563580   1.000000   0.000000   0.000000   1.400000
 -0.643860   1.476250   2.331480   1.000000   0.000000   0.000000   1.400000
 -1.120420   3.256750   2.040680   1.000000   1.000000   0.000000   1.850000
 -0.121500   3.790230   2.831250   1.000000   0.000000   0.000000   1.400000
 -2.380380   3.130210   2.548960   1.000000   0.000000   0.000000   1.400000
 -0.934850   3.240200   0.676950   1.000000   0.000000   0.000000   1.400000
 -2.100520   5.860880   1.674380   1.000000   0.000000   0.000000   1.400000
 -3.214840   5.930580   0.814270   0.000000   1.000000   0.000000   1.850000
 -2.896660   5.922780  -0.255530   1.000000   1.000000   1.000000   1.200000
 -3.805800   6.858230   1.027570   1.000000   1.000000   1.000000   1.200000
 -3.831010   5.025390   1.061600   1.000000   1.000000   1.000000   1.200000
  1.728070   5.633360   0.048490   0.000000   0.000000   1.000000   1.540000
  1.588710   5.987560   0.972750   1.000000   1.000000   1.000000   1.200000
 -1.520690   6.485900   1.446410   1.000000   1.000000   1.000000   1.200000
  0.890830   5.818570  -0.467370   1.000000   1.000000   1.000000   1.200000
  1.830400   4.639600   0.108080   1.000000   1.000000   1.000000   1.200000
  1.683810   2.132490   4.621680   0.000000   0.000000   1.000000   1.540000
  1.527000   0.517910   3.645880   1.000000   1.000000   1.000000   1.200000
  1.402800   2.845890   3.973250   1.000000   1.000000   1.000000   1.200000
  2.657620   2.231770   4.819350   1.000000   1.000000   1.000000   1.200000
  1.170300   2.248240   5.470000   1.000000   1.000000   1.000000   1.200000
 -3.557470   0.863120   3.790010   0.000000   0.000000   1.000000   1.540000
 -2.155030  -0.414610   3.738830   1.000000   1.000000   1.000000   1.200000
 -3.777010   1.180080   2.865140   1.000000   1.000000   1.000000   1.200000
 -3.152750   1.639320   4.278370   1.000000   1.000000   1.000000   1.200000
 -4.401470   0.594440   4.250730   1.000000   1.000000   1.000000   1.200000
28 bonds follow (x1 y1 z1 x2 y2 z2)
 -3.557470   0.863120   3.790010  -4.401470   0.594440   4.250730
 -3.557470   0.863120   3.790010  -3.152750   1.639320   4.278370
 -3.557470   0.863120   3.790010  -3.777010   1.180080   2.865140
 -1.246400  -0.737520   3.563580  -2.155030  -0.414610   3.738830
  1.683810   2.132490   4.621680   1.170300   2.248240   5.470000
  1.683810   2.132490   4.621680   2.657620   2.231770   4.819350
  1.683810   2.132490   4.621680   1.402800   2.845890   3.973250
  1.148820  -0.158060   3.045700   1.527000   0.517910   3.645880
  1.728070   5.633360   0.048490   1.830400   4.639600   0.108080
  1.728070   5.633360   0.048490   0.890830   5.818570  -0.467370
 -2.100520   5.860880   1.674380  -1.520690   6.485900   1.446410
  1.728070   5.633360   0.048490   1.588710   5.987560   0.972750
 -3.214840   5.930580   0.814270  -3.831010   5.025390   1.061600
 -3.214840   5.930580   0.814270  -3.805800   6.858230   1.027570
 -3.214840   5.930580   0.814270  -2.896660   5.922780  -0.255530
 -2.100520   5.860880   1.674380  -3.214840   5.930580   0.814270
 -1.120420   3.256750   2.040680  -0.934850   3.240200   0.676950
 -1.120420   3.256750   2.040680  -2.380380   3.130210   2.548960
 -1.120420   3.256750   2.040680  -0.121500   3.790230   2.831250
 -0.643860   1.476250   2.331480  -1.120420   3.256750   2.040680
 -0.321140   0.015780   2.552840  -0.643860   1.476250   2.331480
 -0.321140   0.015780   2.552840  -1.246400  -0.737520   3.563580
 -0.321140   0.015780   2.552840   1.148820  -0.158060   3.045700
 -0.379390  -0.783270   1.190410  -0.321140   0.015780   2.552840
  0.065580  -0.118970   0.022620  -0.379390  -0.783270   1.190410
  0.065580  -0.118970   0.022620  -0.245000  -0.764130  -0.837410
  0.065580  -0.118970   0.022620  -0.416250   0.892830  -0.033940
  0.065580  -0.118970   0.022620   1.179760  -0.030400   0.061680
