33 atoms follow (x y z r g b radiusScale)
 -0.520080  -0.100870  -0.020550   0.000000   1.000000   0.000000   1.850000
  0.370860  -0.186470  -0.697580   1.000000   1.000000   1.000000   1.200000
 -0.801960   0.975490   0.128800   1.000000   1.000000   1.000000   1.200000
 -1.370070  -0.677040  -0.472180   1.000000   1.000000   1.000000   1.200000
 -0.196550  -0.717530   1.205850   1.000000   0.000000   0.000000   1.400000
 -0.158700   0.164350   2.531340   0.500000   0.500000   0.500000   1.900000
  1.309050  -0.031360   3.072390   1.000000   0.000000   0.000000   1.400000
 -1.108080  -0.601650   3.511640   1.000000   0.000000   0.000000   1.400000
 -0.582590   1.565040   2.326320   1.000000   0.000000   0.000000   1.400000
 -1.188230   3.468910   1.854380   1.000000   1.000000   0.000000   1.850000
 -0.072220   3.915660   2.609830   1.000000   0.000000   0.000000   1.400000
 -2.402600   3.173030   2.441220   1.000000   0.000000   0.000000   1.400000
 -0.806380   3.073420   0.544390   1.000000   0.000000   0.000000   1.400000
 -1.620960   5.101400   1.296130   1.000000   0.000000   0.000000   1.400000
 -2.543160   5.920390   1.932590   0.000000   1.000000   0.000000   1.850000
 -3.325500   5.315390   2.460470   1.000000   1.000000   1.000000   1.200000
 -3.032640   6.567900   1.158700   1.000000   1.000000   1.000000   1.200000
 -2.015560   6.576410   2.676330   1.000000   1.000000   1.000000   1.200000
  0.887110   5.110240   0.299910   0.000000   0.000000   1.000000   1.540000
  1.121970   4.843660   1.275170   1.000000   1.000000   1.000000   1.200000
  1.667940   5.534400  -0.178480   1.000000   1.000000   1.000000   1.200000
  0.062820   5.743330   0.354420   1.000000   1.000000   1.000000   1.200000
  0.561850   4.248140  -0.175820   1.000000   1.000000   1.000000   1.200000
  1.057780   2.430380   4.984550   0.000000   0.000000   1.000000   1.540000
  1.586860   0.494210   3.826240   1.000000   1.000000   1.000000   1.200000
  0.884830   3.003760   4.178690   1.000000   1.000000   1.000000   1.200000
  1.867620   2.774620   5.456250   1.000000   1.000000   1.000000   1.200000
  0.277600   2.507690   5.603470   1.000000   1.000000   1.000000   1.200000
 -3.592560   0.743570   3.465240   0.000000   0.000000   1.000000   1.540000
 -2.024280  -0.291450   3.640150   1.000000   1.000000   1.000000   1.200000
 -3.788990   0.835320   2.488870   1.000000   1.000000   1.000000   1.200000
 -3.212810   1.620130   3.776830   1.000000   1.000000   1.000000   1.200000
 -4.446910   0.566450   3.949490   1.000000   1.000000   1.000000   1.200000
28 bonds follow (x1 y1 z1 x2 y2 z2)
 -3.592560   0.743570   3.465240  -4.446910   0.566450   3.949490
 -3.592560   0.743570   3.465240  -3.212810   1.620130   3.776830
 -3.592560   0.743570   3.465240  -3.788990   0.835320   2.488870
 -1.108080  -0.601650   3.511640  -2.024280  -0.291450   3.640150
  1.057780   2.430380   4.984550   0.277600   2.507690   5.603470
  1.057780   2.430380   4.984550   1.867620   2.774620   5.456250
  1.057780   2.430380   4.984550   0.884830   3.003760   4.178690
  1.309050  -0.031360   3.072390   1.586860   0.494210   3.826240
  0.887110   5.110240   0.299910   0.561850   4.248140  -0.175820
  0.887110   5.110240   0.299910   0.062820   5.743330   0.354420
  0.887110   5.110240   0.299910   1.667940   5.534400  -0.178480
  0.887110   5.110240   0.299910   1.121970   4.843660   1.275170
 -2.543160   5.920390   1.932590  -2.015560   6.576410   2.676330
 -2.543160   5.920390   1.932590  -3.032640   6.567900   1.158700
 -2.543160   5.920390   1.932590  -3.325500   5.315390   2.460470
 -1.620960   5.101400   1.296130  -2.543160   5.920390   1.932590
 -1.188230   3.468910   1.854380  -1.620960   5.101400   1.296130
 -1.188230   3.468910   1.854380  -0.806380   3.073420   0.544390
 -1.188230   3.468910   1.854380  -2.402600   3.173030   2.441220
 -1.188230   3.468910   1.854380  -0.072220   3.915660   2.609830
 -0.158700   0.164350   2.531340  -0.582590   1.565040   2.326320
 -0.158700   0.164350   2.531340  -1.108080  -0.601650   3.511640
 -0.158700   0.164350   2.531340   1.309050  -0.031360   3.072390
 -0.196550  -0.717530   1.205850  -0.158700   0.164350   2.531340
 -0.520080  -0.100870  -0.020550  -0.196550  -0.717530   1.205850
 -0.520080  -0.100870  -0.020550  -1.370070  -0.677040  -0.472180
 -0.520080  -0.100870  -0.020550  -0.801960   0.975490   0.128800
 -0.520080  -0.100870  -0.020550   0.370860  -0.186470  -0.697580
