33 atoms follow (x y z r g b radiusScale)
 -0.518820  -0.100150  -0.020990   0.000000   1.000000   0.000000   1.850000
  0.374160  -0.182810  -0.695910   1.000000   1.000000   1.000000   1.200000
 -0.804310   0.974860   0.128200   1.000000   1.000000   1.000000   1.200000
 -1.365880  -0.678970  -0.475080   1.000000   1.000000   1.000000   1.200000
 -0.196620  -0.716960   1.205540   1.000000   0.000000   0.000000   1.400000
 -0.159880   0.163730   2.530720   0.500000   0.500000   0.500000   1.900000
  1.308520  -0.033320   3.072420   1.000000   0.000000   0.000000   1.400000
 -1.108080  -0.601010   3.513460   1.000000   0.000000   0.000000   1.400000
 -0.582850   1.564860   2.328310   1.000000   0.000000   0.000000   1.400000
 -1.188310   3.470580   1.854510   1.000000   1.000000   0.000000   1.850000
 -0.070180   3.915940   2.607950   1.000000   0.000000   0.000000   1.400000
 -2.402250   3.170940   2.441560   1.000000   0.000000   0.000000   1.400000
 -0.808330   3.073420   0.544510   1.000000   0.000000   0.000000   1.400000
 -1.621610   5.102500   1.296620   1.000000   0.000000   0.000000   1.400000
 -2.543940   5.921620   1.932040   0.000000   1.000000   0.000000   1.850000
 -3.322990   5.317180   2.465470   1.000000   1.000000   1.000000   1.200000
 -3.037830   6.564250   1.156680   1.000000   1.000000   1.000000   1.200000
 -2.015780   6.582650   2.670780   1.000000   1.000000   1.000000   1.200000
  0.886810   5.108370   0.300020   0.000000   0.000000   1.000000   1.540000
  1.128060   4.826960   1.275410   1.000000   1.000000   1.000000   1.200000
  1.667290   5.530600  -0.177800   1.000000   1.000000   1.000000   1.200000
  0.067220   5.745990   0.366480   1.000000   1.000000   1.000000   1.200000
  0.550900   4.257340  -0.180730   1.000000   1.000000   1.000000   1.200000
  1.056850   2.430940   4.985760   0.000000   0.000000   1.000000   1.540000
  1.584430   0.493590   3.826010   1.000000   1.000000   1.000000   1.200000
  0.887450   2.998590   4.175090   1.000000   1.000000   1.000000   1.200000
  1.867820   2.775440   5.455350   1.000000   1.000000   1.000000   1.200000
  0.276460   2.517350   5.603180   1.000000   1.000000   1.000000   1.200000
 -3.588970   0.742330   3.463180   0.000000   0.000000   1.000000   1.540000
 -2.024010  -0.290550   3.644800   1.000000   1.000000   1.000000   1.200000
 -3.784570   0.833780   2.486620   1.000000   1.000000   1.000000   1.200000
 -3.202680   1.616630   3.773320   1.000000   1.000000   1.000000   1.200000
 -4.444950   0.573500   3.947480   1.000000   1.000000   1.000000   1.200000
28 bonds follow (x1 y1 z1 x2 y2 z2)
 -3.588970   0.742330   3.463180  -4.444950   0.573500   3.947480
 -3.588970   0.742330   3.463180  -3.202680   1.616630   3.773320
 -3.588970   0.742330   3.463180  -3.784570   0.833780   2.486620
 -1.108080  -0.601010   3.513460  -2.024010  -0.290550   3.644800
  1.056850   2.430940   4.985760   0.276460   2.517350   5.603180
  1.056850   2.430940   4.985760   1.867820   2.775440   5.455350
  1.056850   2.430940   4.985760   0.887450   2.998590   4.175090
  1.308520  -0.033320   3.072420   1.584430   0.493590   3.826010
  0.886810   5.108370   0.300020   0.550900   4.257340  -0.180730
  0.886810   5.108370   0.300020   0.067220   5.745990   0.366480
  0.886810   5.108370   0.300020   1.667290   5.530600  -0.177800
  0.886810   5.108370   0.300020   1.128060   4.826960   1.275410
 -2.543940   5.921620   1.932040  -2.015780   6.582650   2.670780
 -2.543940   5.921620   1.932040  -3.037830   6.564250   1.156680
 -2.543940   5.921620   1.932040  -3.322990   5.317180   2.465470
 -1.621610   5.102500   1.296620  -2.543940   5.921620   1.932040
 -1.188310   3.470580   1.854510  -1.621610   5.102500   1.296620
 -1.188310   3.470580   1.854510  -0.808330   3.073420   0.544510
 -1.188310   3.470580   1.854510  -2.402250   3.170940   2.441560
 -1.188310   3.470580   1.854510  -0.070180   3.915940   2.607950
 -0.159880   0.163730   2.530720  -0.582850   1.564860   2.328310
 -0.159880   0.163730   2.530720  -1.108080  -0.601010   3.513460
 -0.159880   0.163730   2.530720   1.308520  -0.033320   3.072420
 -0.196620  -0.716960   1.205540  -0.159880   0.163730   2.530720
 -0.518820  -0.100150  -0.020990  -0.196620  -0.716960   1.205540
 -0.518820  -0.100150  -0.020990  -1.365880  -0.678970  -0.475080
 -0.518820  -0.100150  -0.020990  -0.804310   0.974860   0.128200
 -0.518820  -0.100150  -0.020990   0.374160  -0.182810  -0.695910
