33 atoms follow (x y z r g b radiusScale)
 -0.555500  -0.151090  -0.036610   0.000000   1.000000   0.000000   1.850000
  0.229120  -0.415470  -0.793130   1.000000   1.000000   1.000000   1.200000
 -0.665790   0.963230   0.052320   1.000000   1.000000   1.000000   1.200000
 -1.524320  -0.627310  -0.342980   1.000000   1.000000   1.000000   1.200000
 -0.154220  -0.713630   1.195360   1.000000   0.000000   0.000000   1.400000
 -0.175650   0.182140   2.511930   0.500000   0.500000   0.500000   1.900000
  1.280910   0.070350   3.086400   1.000000   0.000000   0.000000   1.400000
 -1.078270  -0.609190   3.521020   1.000000   0.000000   0.000000   1.400000
 -0.596240   1.589580   2.320220   1.000000   0.000000   0.000000   1.400000
 -1.181220   3.420970   1.857270   1.000000   1.000000   0.000000   1.850000
 -0.083290   3.936060   2.609660   1.000000   0.000000   0.000000   1.400000
 -2.400040   3.056920   2.419570   1.000000   0.000000   0.000000   1.400000
 -0.787050   3.093750   0.532090   1.000000   0.000000   0.000000   1.400000
 -1.564960   5.066090   1.297420   1.000000   0.000000   0.000000   1.400000
 -2.484940   5.883090   1.919050   0.000000   1.000000   0.000000   1.850000
 -3.410760   5.308520   2.187310   1.000000   1.000000   1.000000   1.200000
 -2.754760   6.713720   1.214040   1.000000   1.000000   1.000000   1.200000
 -2.043370   6.325870   2.852390   1.000000   1.000000   1.000000   1.200000
  0.872520   5.199690   0.326030   0.000000   0.000000   1.000000   1.540000
  0.808300   5.246190   1.375000   1.000000   1.000000   1.000000   1.200000
  1.615230   5.773010  -0.043600   1.000000   1.000000   1.000000   1.200000
 -0.061870   5.480750  -0.025540   1.000000   1.000000   1.000000   1.200000
  0.981770   4.213210   0.084640   1.000000   1.000000   1.000000   1.200000
  1.114500   2.397600   4.970020   0.000000   0.000000   1.000000   1.540000
  1.540720   0.693030   3.778210   1.000000   1.000000   1.000000   1.200000
  0.840650   3.025110   4.234370   1.000000   1.000000   1.000000   1.200000
  1.846970   2.817930   5.501270   1.000000   1.000000   1.000000   1.200000
  0.333150   2.246760   5.573370   1.000000   1.000000   1.000000   1.200000
 -3.708210   0.806260   3.517630   0.000000   0.000000   1.000000   1.540000
 -1.988490  -0.301690   3.657880   1.000000   1.000000   1.000000   1.200000
 -4.006800   0.985680   2.580440   1.000000   1.000000   1.000000   1.200000
 -3.358380   1.670700   3.887520   1.000000   1.000000   1.000000   1.200000
 -4.494210   0.509340   4.056980   1.000000   1.000000   1.000000   1.200000
28 bonds follow (x1 y1 z1 x2 y2 z2)
 -3.708210   0.806260   3.517630  -4.494210   0.509340   4.056980
 -3.708210   0.806260   3.517630  -3.358380   1.670700   3.887520
 -3.708210   0.806260   3.517630  -4.006800   0.985680   2.580440
 -1.078270  -0.609190   3.521020  -1.988490  -0.301690   3.657880
  1.114500   2.397600   4.970020   0.333150   2.246760   5.573370
  1.114500   2.397600   4.970020   1.846970   2.817930   5.501270
  1.114500   2.397600   4.970020   0.840650   3.025110   4.234370
  1.280910   0.070350   3.086400   1.540720   0.693030   3.778210
  0.872520   5.199690   0.326030   0.981770   4.213210   0.084640
  0.872520   5.199690   0.326030  -0.061870   5.480750  -0.025540
  0.872520   5.199690   0.326030   1.615230   5.773010  -0.043600
  0.872520   5.199690   0.326030   0.808300   5.246190   1.375000
 -2.484940   5.883090   1.919050  -2.043370   6.325870   2.852390
 -2.484940   5.883090   1.919050  -2.754760   6.713720   1.214040
 -2.484940   5.883090   1.919050  -3.410760   5.308520   2.187310
 -1.564960   5.066090   1.297420  -2.484940   5.883090   1.919050
 -1.181220   3.420970   1.857270  -1.564960   5.066090   1.297420
 -1.181220   3.420970   1.857270  -0.787050   3.093750   0.532090
 -1.181220   3.420970   1.857270  -2.400040   3.056920   2.419570
 -1.181220   3.420970   1.857270  -0.083290   3.936060   2.609660
 -0.175650   0.182140   2.511930  -0.596240   1.589580   2.320220
 -0.175650   0.182140   2.511930  -1.078270  -0.609190   3.521020
 -0.175650   0.182140   2.511930   1.280910   0.070350   3.086400
 -0.154220  -0.713630   1.195360  -0.175650   0.182140   2.511930
 -0.555500  -0.151090  -0.036610  -0.154220  -0.713630   1.195360
 -0.555500  -0.151090  -0.036610  -1.524320  -0.627310  -0.342980
 -0.555500  -0.151090  -0.036610  -0.665790   0.963230   0.052320
 -0.555500  -0.151090  -0.036610   0.229120  -0.415470  -0.793130
