33 atoms follow (x y z r g b radiusScale)
  0.183210  -0.191870   0.012250   0.000000   1.000000   0.000000   1.850000
  1.292880  -0.190440   0.155330   1.000000   1.000000   1.000000   1.200000
 -0.209410   0.851150  -0.113320   1.000000   1.000000   1.000000   1.200000
 -0.103050  -0.841880  -0.852670   1.000000   1.000000   1.000000   1.200000
 -0.415420  -0.775190   1.154950   1.000000   0.000000   0.000000   1.400000
 -0.304490   0.013720   2.513800   0.500000   0.500000   0.500000   1.900000
  1.159280  -0.139810   3.018800   1.000000   0.000000   0.000000   1.400000
 -1.272120  -0.638910   3.536050   1.000000   0.000000   0.000000   1.400000
 -0.609160   1.471800   2.304770   1.000000   0.000000   0.000000   1.400000
 -1.123840   3.180720   2.119900   1.000000   1.000000   0.000000   1.850000
 -0.227490   3.728600   3.001700   1.000000   0.000000   0.000000   1.400000
 -2.428350   3.026820   2.565510   1.000000   0.000000   0.000000   1.400000
 -0.874630   3.253010   0.772310   1.000000   0.000000   0.000000   1.400000
 -2.244590   6.068210   1.548110   1.000000   0.000000   0.000000   1.400000
 -3.473870   6.090050   0.846510   0.000000   1.000000   0.000000   1.850000
 -3.309170   6.522820  -0.175570   1.000000   1.000000   1.000000   1.200000
 -4.244170   6.676160   1.400580   1.000000   1.000000   1.000000   1.200000
 -3.774340   5.001550   0.763870   1.000000   1.000000   1.000000   1.200000
  2.081160   5.463410  -0.082460   0.000000   0.000000   1.000000   1.540000
  2.218520   6.128860   0.647790   1.000000   1.000000   1.000000   1.200000
 -2.050620   6.903170   1.698840   1.000000   1.000000   1.000000   1.200000
  1.872460   5.939180  -0.935330   1.000000   1.000000   1.000000   1.200000
  1.320370   4.857780   0.158060   1.000000   1.000000   1.000000   1.200000
  1.775410   2.184080   4.568430   0.000000   0.000000   1.000000   1.540000
  1.569700   0.593840   3.525710   1.000000   1.000000   1.000000   1.200000
  1.489640   2.880310   3.903200   1.000000   1.000000   1.000000   1.200000
  2.735730   2.330960   4.799850   1.000000   1.000000   1.000000   1.200000
  1.226100   2.293320   5.395230   1.000000   1.000000   1.000000   1.200000
 -3.634180   0.801350   3.849360   0.000000   0.000000   1.000000   1.540000
 -2.165060  -0.259150   3.725420   1.000000   1.000000   1.000000   1.200000
 -3.738010   1.211290   2.939710   1.000000   1.000000   1.000000   1.200000
 -3.378420   1.534360   4.480780   1.000000   1.000000   1.000000   1.200000
 -4.504530   0.407040   4.136830   1.000000   1.000000   1.000000   1.200000
28 bonds follow (x1 y1 z1 x2 y2 z2)
 -3.634180   0.801350   3.849360  -4.504530   0.407040   4.136830
 -3.634180   0.801350   3.849360  -3.378420   1.534360   4.480780
 -3.634180   0.801350   3.849360  -3.738010   1.211290   2.939710
 -1.272120  -0.638910   3.536050  -2.165060  -0.259150   3.725420
  1.775410   2.184080   4.568430   1.226100   2.293320   5.395230
  1.775410   2.184080   4.568430   2.735730   2.330960   4.799850
  1.775410   2.184080   4.568430   1.489640   2.880310   3.903200
  1.159280  -0.139810   3.018800   1.569700   0.593840   3.525710
  2.081160   5.463410  -0.082460   1.320370   4.857780   0.158060
  2.081160   5.463410  -0.082460   1.872460   5.939180  -0.935330
 -2.244590   6.068210   1.548110  -2.050620   6.903170   1.698840
  2.081160   5.463410  -0.082460   2.218520   6.128860   0.647790
 -3.473870   6.090050   0.846510  -3.774340   5.001550   0.763870
 -3.473870   6.090050   0.846510  -4.244170   6.676160   1.400580
 -3.473870   6.090050   0.846510  -3.309170   6.522820  -0.175570
 -2.244590   6.068210   1.548110  -3.473870   6.090050   0.846510
 -1.123840   3.180720   2.119900  -0.874630   3.253010   0.772310
 -1.123840   3.180720   2.119900  -2.428350   3.026820   2.565510
 -1.123840   3.180720   2.119900  -0.227490   3.728600   3.001700
 -0.609160   1.471800   2.304770  -1.123840   3.180720   2.119900
 -0.304490   0.013720   2.513800  -0.609160   1.471800   2.304770
 -0.304490   0.013720   2.513800  -1.272120  -0.638910   3.536050
 -0.304490   0.013720   2.513800   1.159280  -0.139810   3.018800
 -0.415420  -0.775190   1.154950  -0.304490   0.013720   2.513800
  0.183210  -0.191870   0.012250  -0.415420  -0.775190   1.154950
  0.183210  -0.191870   0.012250  -0.103050  -0.841880  -0.852670
  0.183210  -0.191870   0.012250  -0.209410   0.851150  -0.113320
  0.183210  -0.191870   0.012250   1.292880  -0.190440   0.155330
