33 atoms follow (x y z r g b radiusScale)
 -0.001580   0.000760   0.001940   0.000000   1.000000   0.000000   1.850000
  1.117540   0.000090  -0.002460   1.000000   1.000000   1.000000   1.200000
 -0.404750   1.051160   0.008060   1.000000   1.000000   1.000000   1.200000
 -0.390610  -0.572980  -0.876080   1.000000   1.000000   1.000000   1.200000
 -0.443260  -0.683930   1.155950   1.000000   0.000000   0.000000   1.400000
 -0.331160   0.133410   2.515640   0.500000   0.500000   0.500000   1.900000
  1.153480  -0.069550   2.992270   1.000000   0.000000   0.000000   1.400000
 -1.240570  -0.626710   3.540060   1.000000   0.000000   0.000000   1.400000
 -0.675510   1.569390   2.366520   1.000000   0.000000   0.000000   1.400000
 -1.171840   3.437890   1.968070   1.000000   1.000000   0.000000   1.850000
 -0.009870   3.856950   2.674800   1.000000   0.000000   0.000000   1.400000
 -2.399150   3.129460   2.538150   1.000000   0.000000   0.000000   1.400000
 -0.825710   3.179980   0.610490   1.000000   0.000000   0.000000   1.400000
 -1.597800   5.130330   1.621610   1.000000   0.000000   0.000000   1.400000
 -2.738660   5.586670   0.993860   0.000000   1.000000   0.000000   1.850000
 -2.726060   5.300910  -0.093300   1.000000   1.000000   1.000000   1.200000
 -2.749530   6.707230   1.073020   1.000000   1.000000   1.000000   1.200000
 -3.662510   5.173090   1.472870   1.000000   1.000000   1.000000   1.200000
  0.831940   5.399790   0.488910   0.000000   0.000000   1.000000   1.540000
  1.122210   5.072890   1.430500   1.000000   1.000000   1.000000   1.200000
 -0.049670   5.925860   0.630260   1.000000   1.000000   1.000000   1.200000
  0.577520   4.544140  -0.041040   1.000000   1.000000   1.000000   1.200000
  1.540270   5.952790   0.029030   1.000000   1.000000   1.000000   1.200000
  1.620580   2.233380   4.686540   0.000000   0.000000   1.000000   1.540000
  1.511380   0.566550   3.634290   1.000000   1.000000   1.000000   1.200000
  1.158650   2.879640   4.070810   1.000000   1.000000   1.000000   1.200000
  2.561830   2.529840   4.831760   1.000000   1.000000   1.000000   1.200000
  1.148310   2.225170   5.565650   1.000000   1.000000   1.000000   1.200000
 -3.599210   0.956750   3.768790   0.000000   0.000000   1.000000   1.540000
 -2.132500  -0.269200   3.725070   1.000000   1.000000   1.000000   1.200000
 -3.825580   1.191640   2.821720   1.000000   1.000000   1.000000   1.200000
 -3.160780   1.764950   4.170710   1.000000   1.000000   1.000000   1.200000
 -4.442500   0.762180   4.265420   1.000000   1.000000   1.000000   1.200000
28 bonds follow (x1 y1 z1 x2 y2 z2)
 -3.599210   0.956750   3.768790  -4.442500   0.762180   4.265420
 -3.599210   0.956750   3.768790  -3.160780   1.764950   4.170710
 -3.599210   0.956750   3.768790  -3.825580   1.191640   2.821720
 -1.240570  -0.626710   3.540060  -2.132500  -0.269200   3.725070
  1.620580   2.233380   4.686540   1.148310   2.225170   5.565650
  1.620580   2.233380   4.686540   2.561830   2.529840   4.831760
  1.620580   2.233380   4.686540   1.158650   2.879640   4.070810
  1.153480  -0.069550   2.992270   1.511380   0.566550   3.634290
  0.831940   5.399790   0.488910   1.540270   5.952790   0.029030
  0.831940   5.399790   0.488910   0.577520   4.544140  -0.041040
  0.831940   5.399790   0.488910  -0.049670   5.925860   0.630260
  0.831940   5.399790   0.488910   1.122210   5.072890   1.430500
 -2.738660   5.586670   0.993860  -3.662510   5.173090   1.472870
 -2.738660   5.586670   0.993860  -2.749530   6.707230   1.073020
 -2.738660   5.586670   0.993860  -2.726060   5.300910  -0.093300
 -1.597800   5.130330   1.621610  -2.738660   5.586670   0.993860
 -1.171840   3.437890   1.968070  -1.597800   5.130330   1.621610
 -1.171840   3.437890   1.968070  -0.825710   3.179980   0.610490
 -1.171840   3.437890   1.968070  -2.399150   3.129460   2.538150
 -1.171840   3.437890   1.968070  -0.009870   3.856950   2.674800
 -0.331160   0.133410   2.515640  -0.675510   1.569390   2.366520
 -0.331160   0.133410   2.515640  -1.240570  -0.626710   3.540060
 -0.331160   0.133410   2.515640   1.153480  -0.069550   2.992270
 -0.443260  -0.683930   1.155950  -0.331160   0.133410   2.515640
 -0.001580   0.000760   0.001940  -0.443260  -0.683930   1.155950
 -0.001580   0.000760   0.001940  -0.390610  -0.572980  -0.876080
 -0.001580   0.000760   0.001940  -0.404750   1.051160   0.008060
 -0.001580   0.000760   0.001940   1.117540   0.000090  -0.002460
