33 atoms follow (x y z r g b radiusScale)
  0.029860  -0.050150   0.035150   0.000000   1.000000   0.000000   1.850000
  1.147740  -0.016110   0.056010   1.000000   1.000000   1.000000   1.200000
 -0.407470   0.984580   0.047680   1.000000   1.000000   1.000000   1.200000
 -0.328930  -0.619510  -0.858310   1.000000   1.000000   1.000000   1.200000
 -0.412460  -0.766670   1.174900   1.000000   0.000000   0.000000   1.400000
 -0.310190   0.033720   2.534110   0.500000   0.500000   0.500000   1.900000
  1.162730  -0.116460   3.026820   1.000000   0.000000   0.000000   1.400000
 -1.240480  -0.689200   3.547340   1.000000   0.000000   0.000000   1.400000
 -0.714270   1.477370   2.376850   1.000000   0.000000   0.000000   1.400000
 -1.106630   3.212680   2.035070   1.000000   1.000000   0.000000   1.850000
 -0.093320   3.806390   2.765160   1.000000   0.000000   0.000000   1.400000
 -2.372080   3.130760   2.538130   1.000000   0.000000   0.000000   1.400000
 -0.927860   3.187290   0.670030   1.000000   0.000000   0.000000   1.400000
 -1.971260   5.713230   1.685180   1.000000   0.000000   0.000000   1.400000
 -3.090980   5.841970   0.835520   0.000000   1.000000   0.000000   1.850000
 -2.808040   5.594240  -0.218680   1.000000   1.000000   1.000000   1.200000
 -3.524840   6.869650   0.891570   1.000000   1.000000   1.000000   1.200000
 -3.827700   5.093240   1.211480   1.000000   1.000000   1.000000   1.200000
  1.495190   5.668280   0.141470   0.000000   0.000000   1.000000   1.540000
  1.378450   5.653920   1.137970   1.000000   1.000000   1.000000   1.200000
 -1.256710   6.472520   1.449130   1.000000   1.000000   1.000000   1.200000
  0.599780   5.482590  -0.268440   1.000000   1.000000   1.000000   1.200000
  2.096420   4.904790  -0.092910   1.000000   1.000000   1.000000   1.200000
  1.669440   2.169240   4.656630   0.000000   0.000000   1.000000   1.540000
  1.532110   0.532380   3.663000   1.000000   1.000000   1.000000   1.200000
  1.325260   2.896340   4.054120   1.000000   1.000000   1.000000   1.200000
  2.621700   2.361970   4.886740   1.000000   1.000000   1.000000   1.200000
  1.132120   2.165000   5.498410   1.000000   1.000000   1.000000   1.200000
 -3.555500   0.952850   3.756050   0.000000   0.000000   1.000000   1.540000
 -2.127670  -0.313960   3.740760   1.000000   1.000000   1.000000   1.200000
 -3.788090   1.169370   2.806180   1.000000   1.000000   1.000000   1.200000
 -3.156010   1.780040   4.159050   1.000000   1.000000   1.000000   1.200000
 -4.391840   0.722380   4.249560   1.000000   1.000000   1.000000   1.200000
28 bonds follow (x1 y1 z1 x2 y2 z2)
 -3.555500   0.952850   3.756050  -4.391840   0.722380   4.249560
 -3.555500   0.952850   3.756050  -3.156010   1.780040   4.159050
 -3.555500   0.952850   3.756050  -3.788090   1.169370   2.806180
 -1.240480  -0.689200   3.547340  -2.127670  -0.313960   3.740760
  1.669440   2.169240   4.656630   1.132120   2.165000   5.498410
  1.669440   2.169240   4.656630   2.621700   2.361970   4.886740
  1.669440   2.169240   4.656630   1.325260   2.896340   4.054120
  1.162730  -0.116460   3.026820   1.532110   0.532380   3.663000
  1.495190   5.668280   0.141470   2.096420   4.904790  -0.092910
  1.495190   5.668280   0.141470   0.599780   5.482590  -0.268440
 -1.971260   5.713230   1.685180  -1.256710   6.472520   1.449130
  1.495190   5.668280   0.141470   1.378450   5.653920   1.137970
 -3.090980   5.841970   0.835520  -3.827700   5.093240   1.211480
 -3.090980   5.841970   0.835520  -3.524840   6.869650   0.891570
 -3.090980   5.841970   0.835520  -2.808040   5.594240  -0.218680
 -1.971260   5.713230   1.685180  -3.090980   5.841970   0.835520
 -1.106630   3.212680   2.035070  -0.927860   3.187290   0.670030
 -1.106630   3.212680   2.035070  -2.372080   3.130760   2.538130
 -1.106630   3.212680   2.035070  -0.093320   3.806390   2.765160
 -0.714270   1.477370   2.376850  -1.106630   3.212680   2.035070
 -0.310190   0.033720   2.534110  -0.714270   1.477370   2.376850
 -0.310190   0.033720   2.534110  -1.240480  -0.689200   3.547340
 -0.310190   0.033720   2.534110   1.162730  -0.116460   3.026820
 -0.412460  -0.766670   1.174900  -0.310190   0.033720   2.534110
  0.029860  -0.050150   0.035150  -0.412460  -0.766670   1.174900
  0.029860  -0.050150   0.035150  -0.328930  -0.619510  -0.858310
  0.029860  -0.050150   0.035150  -0.407470   0.984580   0.047680
  0.029860  -0.050150   0.035150   1.147740  -0.016110   0.056010
