33 atoms follow (x y z r g b radiusScale)
  0.012870  -0.007950  -0.010570   0.000000   1.000000   0.000000   1.850000
  1.131110  -0.008210   0.011820   1.000000   1.000000   1.000000   1.200000
 -0.396320   1.037750  -0.015200   1.000000   1.000000   1.000000   1.200000
 -0.359360  -0.586220  -0.893040   1.000000   1.000000   1.000000   1.200000
 -0.456970  -0.694350   1.137600   1.000000   0.000000   0.000000   1.400000
 -0.305570   0.047910   2.530390   0.500000   0.500000   0.500000   1.900000
  1.181150  -0.051230   3.015460   1.000000   0.000000   0.000000   1.400000
 -1.266940  -0.628670   3.561920   1.000000   0.000000   0.000000   1.400000
 -0.669650   1.499820   2.379790   1.000000   0.000000   0.000000   1.400000
 -1.115000   3.256270   2.013070   1.000000   1.000000   0.000000   1.850000
 -0.075210   3.768980   2.751000   1.000000   0.000000   0.000000   1.400000
 -2.389320   3.189380   2.529390   1.000000   0.000000   0.000000   1.400000
 -0.908810   3.098820   0.660990   1.000000   0.000000   0.000000   1.400000
 -1.758430   5.480000   1.648920   1.000000   0.000000   0.000000   1.400000
 -2.929050   5.748570   0.878590   0.000000   1.000000   0.000000   1.850000
 -2.792550   5.378890  -0.166400   1.000000   1.000000   1.000000   1.200000
 -3.169340   6.836900   0.876110   1.000000   1.000000   1.000000   1.200000
 -3.731070   5.163660   1.401120   1.000000   1.000000   1.000000   1.200000
  1.159150   5.617120   0.298810   0.000000   0.000000   1.000000   1.540000
  1.355840   5.278260   1.217940   1.000000   1.000000   1.000000   1.200000
 -1.107310   6.031530   1.336200   1.000000   1.000000   1.000000   1.200000
  0.557560   4.965970  -0.165140   1.000000   1.000000   1.000000   1.200000
  2.017860   5.700840  -0.207860   1.000000   1.000000   1.000000   1.200000
  1.631740   2.213470   4.676540   0.000000   0.000000   1.000000   1.540000
  1.499660   0.637650   3.640790   1.000000   1.000000   1.000000   1.200000
  1.266270   2.951100   4.102660   1.000000   1.000000   1.000000   1.200000
  2.605480   2.369330   4.832330   1.000000   1.000000   1.000000   1.200000
  1.160400   2.216040   5.556240   1.000000   1.000000   1.000000   1.200000
 -3.571750   0.982140   3.747220   0.000000   0.000000   1.000000   1.540000
 -2.144560  -0.203900   3.716460   1.000000   1.000000   1.000000   1.200000
 -3.867100   1.210560   2.818570   1.000000   1.000000   1.000000   1.200000
 -3.199590   1.819370   4.154960   1.000000   1.000000   1.000000   1.200000
 -4.362240   0.681530   4.277440   1.000000   1.000000   1.000000   1.200000
28 bonds follow (x1 y1 z1 x2 y2 z2)
 -3.571750   0.982140   3.747220  -4.362240   0.681530   4.277440
 -3.571750   0.982140   3.747220  -3.199590   1.819370   4.154960
 -3.571750   0.982140   3.747220  -3.867100   1.210560   2.818570
 -1.266940  -0.628670   3.561920  -2.144560  -0.203900   3.716460
  1.631740   2.213470   4.676540   1.160400   2.216040   5.556240
  1.631740   2.213470   4.676540   2.605480   2.369330   4.832330
  1.631740   2.213470   4.676540   1.266270   2.951100   4.102660
  1.181150  -0.051230   3.015460   1.499660   0.637650   3.640790
  1.159150   5.617120   0.298810   2.017860   5.700840  -0.207860
  1.159150   5.617120   0.298810   0.557560   4.965970  -0.165140
 -1.758430   5.480000   1.648920  -1.107310   6.031530   1.336200
  1.159150   5.617120   0.298810   1.355840   5.278260   1.217940
 -2.929050   5.748570   0.878590  -3.731070   5.163660   1.401120
 -2.929050   5.748570   0.878590  -3.169340   6.836900   0.876110
 -2.929050   5.748570   0.878590  -2.792550   5.378890  -0.166400
 -1.758430   5.480000   1.648920  -2.929050   5.748570   0.878590
 -1.115000   3.256270   2.013070  -0.908810   3.098820   0.660990
 -1.115000   3.256270   2.013070  -2.389320   3.189380   2.529390
 -1.115000   3.256270   2.013070  -0.075210   3.768980   2.751000
 -0.669650   1.499820   2.379790  -1.115000   3.256270   2.013070
 -0.305570   0.047910   2.530390  -0.669650   1.499820   2.379790
 -0.305570   0.047910   2.530390  -1.266940  -0.628670   3.561920
 -0.305570   0.047910   2.530390   1.181150  -0.051230   3.015460
 -0.456970  -0.694350   1.137600  -0.305570   0.047910   2.530390
  0.012870  -0.007950  -0.010570  -0.456970  -0.694350   1.137600
  0.012870  -0.007950  -0.010570  -0.359360  -0.586220  -0.893040
  0.012870  -0.007950  -0.010570  -0.396320   1.037750  -0.015200
  0.012870  -0.007950  -0.010570   1.131110  -0.008210   0.011820
