33 atoms follow (x y z r g b radiusScale)
  0.255220  -0.172740   0.064060   0.000000   1.000000   0.000000   1.850000
  1.356600  -0.277800   0.231630   1.000000   1.000000   1.000000   1.200000
 -0.051710   0.907510   0.027380   1.000000   1.000000   1.000000   1.200000
 -0.058650  -0.703200  -0.868500   1.000000   1.000000   1.000000   1.200000
 -0.412480  -0.809460   1.140640   1.000000   0.000000   0.000000   1.400000
 -0.290980  -0.012020   2.503540   0.500000   0.500000   0.500000   1.900000
  1.206510  -0.144230   2.950620   1.000000   0.000000   0.000000   1.400000
 -1.241240  -0.683470   3.533680   1.000000   0.000000   0.000000   1.400000
 -0.669740   1.441250   2.372360   1.000000   0.000000   0.000000   1.400000
 -1.141760   3.208330   2.154870   1.000000   1.000000   0.000000   1.850000
 -0.288850   3.738550   3.091900   1.000000   0.000000   0.000000   1.400000
 -2.454460   2.970720   2.498550   1.000000   0.000000   0.000000   1.400000
 -0.831890   3.289270   0.820910   1.000000   0.000000   0.000000   1.400000
 -2.327280   6.191170   1.494390   1.000000   0.000000   0.000000   1.400000
 -3.587950   6.136130   0.881910   0.000000   1.000000   0.000000   1.850000
 -3.621280   6.847420   0.020700   1.000000   1.000000   1.000000   1.200000
 -4.400470   6.406850   1.597170   1.000000   1.000000   1.000000   1.200000
 -3.754150   5.096520   0.518310   1.000000   1.000000   1.000000   1.200000
  2.226770   5.332960  -0.142590   0.000000   0.000000   1.000000   1.540000
  2.259200   6.025770   0.576120   1.000000   1.000000   1.000000   1.200000
 -2.032710   7.152150   1.741260   1.000000   1.000000   1.000000   1.200000
  2.200890   5.787540  -1.030940   1.000000   1.000000   1.000000   1.200000
  1.390560   4.800740  -0.027740   1.000000   1.000000   1.000000   1.200000
  1.821920   2.202320   4.509270   0.000000   0.000000   1.000000   1.540000
  1.604000   0.531220   3.536990   1.000000   1.000000   1.000000   1.200000
  1.554090   2.923110   3.863440   1.000000   1.000000   1.000000   1.200000
  2.774480   2.338110   4.775420   1.000000   1.000000   1.000000   1.200000
  1.246590   2.278290   5.322000   1.000000   1.000000   1.000000   1.200000
 -3.679250   0.836220   3.839340   0.000000   0.000000   1.000000   1.540000
 -2.118460  -0.262680   3.690330   1.000000   1.000000   1.000000   1.200000
 -3.807620   1.355590   2.990780   1.000000   1.000000   1.000000   1.200000
 -3.456810   1.486500   4.565150   1.000000   1.000000   1.000000   1.200000
 -4.528020   0.366320   4.072730   1.000000   1.000000   1.000000   1.200000
28 bonds follow (x1 y1 z1 x2 y2 z2)
 -3.679250   0.836220   3.839340  -4.528020   0.366320   4.072730
 -3.679250   0.836220   3.839340  -3.456810   1.486500   4.565150
 -3.679250   0.836220   3.839340  -3.807620   1.355590   2.990780
 -1.241240  -0.683470   3.533680  -2.118460  -0.262680   3.690330
  1.821920   2.202320   4.509270   1.246590   2.278290   5.322000
  1.821920   2.202320   4.509270   2.774480   2.338110   4.775420
  1.821920   2.202320   4.509270   1.554090   2.923110   3.863440
  1.206510  -0.144230   2.950620   1.604000   0.531220   3.536990
  2.226770   5.332960  -0.142590   1.390560   4.800740  -0.027740
  2.226770   5.332960  -0.142590   2.200890   5.787540  -1.030940
 -2.327280   6.191170   1.494390  -2.032710   7.152150   1.741260
  2.226770   5.332960  -0.142590   2.259200   6.025770   0.576120
 -3.587950   6.136130   0.881910  -3.754150   5.096520   0.518310
 -3.587950   6.136130   0.881910  -4.400470   6.406850   1.597170
 -3.587950   6.136130   0.881910  -3.621280   6.847420   0.020700
 -2.327280   6.191170   1.494390  -3.587950   6.136130   0.881910
 -1.141760   3.208330   2.154870  -0.831890   3.289270   0.820910
 -1.141760   3.208330   2.154870  -2.454460   2.970720   2.498550
 -1.141760   3.208330   2.154870  -0.288850   3.738550   3.091900
 -0.669740   1.441250   2.372360  -1.141760   3.208330   2.154870
 -0.290980  -0.012020   2.503540  -0.669740   1.441250   2.372360
 -0.290980  -0.012020   2.503540  -1.241240  -0.683470   3.533680
 -0.290980  -0.012020   2.503540   1.206510  -0.144230   2.950620
 -0.412480  -0.809460   1.140640  -0.290980  -0.012020   2.503540
  0.255220  -0.172740   0.064060  -0.412480  -0.809460   1.140640
  0.255220  -0.172740   0.064060  -0.058650  -0.703200  -0.868500
  0.255220  -0.172740   0.064060  -0.051710   0.907510   0.027380
  0.255220  -0.172740   0.064060   1.356600  -0.277800   0.231630
