33 atoms follow (x y z r g b radiusScale)
 -0.033930   0.029660  -0.045280   0.000000   1.000000   0.000000   1.850000
  1.081620  -0.016560  -0.126910   1.000000   1.000000   1.000000   1.200000
 -0.398460   1.092320  -0.019720   1.000000   1.000000   1.000000   1.200000
 -0.499110  -0.533110  -0.894160   1.000000   1.000000   1.000000   1.200000
 -0.431880  -0.639040   1.133980   1.000000   0.000000   0.000000   1.400000
 -0.315850   0.152960   2.503750   0.500000   0.500000   0.500000   1.900000
  1.178690  -0.060970   2.944300   1.000000   0.000000   0.000000   1.400000
 -1.231120  -0.583480   3.535000   1.000000   0.000000   0.000000   1.400000
 -0.652950   1.598070   2.416820   1.000000   0.000000   0.000000   1.400000
 -1.162590   3.419230   1.953770   1.000000   1.000000   0.000000   1.850000
 -0.064980   3.929800   2.704410   1.000000   0.000000   0.000000   1.400000
 -2.381970   3.123060   2.531400   1.000000   0.000000   0.000000   1.400000
 -0.784590   3.100230   0.619140   1.000000   0.000000   0.000000   1.400000
 -1.621660   5.068880   1.399790   1.000000   0.000000   0.000000   1.400000
 -2.858190   5.640570   1.185540   0.000000   1.000000   0.000000   1.850000
 -3.221730   5.409650   0.147670   1.000000   1.000000   1.000000   1.200000
 -2.753050   6.755380   1.284740   1.000000   1.000000   1.000000   1.200000
 -3.615060   5.275210   1.926640   1.000000   1.000000   1.000000   1.200000
  0.934550   5.240520   0.575850   0.000000   0.000000   1.000000   1.540000
  0.759490   5.220280   1.602630   1.000000   1.000000   1.000000   1.200000
  0.995480   6.197740   0.251500   1.000000   1.000000   1.000000   1.200000
  0.102780   4.770990   0.147130   1.000000   1.000000   1.000000   1.200000
  1.768810   4.719740   0.358590   1.000000   1.000000   1.000000   1.200000
  1.574580   2.293790   4.698080   0.000000   0.000000   1.000000   1.540000
  1.527370   0.503290   3.649070   1.000000   1.000000   1.000000   1.200000
  1.057890   2.911830   4.097890   1.000000   1.000000   1.000000   1.200000
  2.493980   2.658170   4.829810   1.000000   1.000000   1.000000   1.200000
  1.120890   2.249670   5.586280   1.000000   1.000000   1.000000   1.200000
 -3.609880   0.936890   3.771950   0.000000   0.000000   1.000000   1.540000
 -2.118240  -0.213210   3.730790   1.000000   1.000000   1.000000   1.200000
 -3.812730   1.163460   2.817500   1.000000   1.000000   1.000000   1.200000
 -3.185150   1.750010   4.178890   1.000000   1.000000   1.000000   1.200000
 -4.464660   0.741070   4.247870   1.000000   1.000000   1.000000   1.200000
29 bonds follow (x1 y1 z1 x2 y2 z2)
 -3.609880   0.936890   3.771950  -4.464660   0.741070   4.247870
 -3.609880   0.936890   3.771950  -3.185150   1.750010   4.178890
 -3.609880   0.936890   3.771950  -3.812730   1.163460   2.817500
 -1.231120  -0.583480   3.535000  -2.118240  -0.213210   3.730790
  1.574580   2.293790   4.698080   1.120890   2.249670   5.586280
  1.574580   2.293790   4.698080   2.493980   2.658170   4.829810
  1.574580   2.293790   4.698080   1.057890   2.911830   4.097890
  1.178690  -0.060970   2.944300   1.527370   0.503290   3.649070
  0.934550   5.240520   0.575850   1.768810   4.719740   0.358590
  0.934550   5.240520   0.575850   0.102780   4.770990   0.147130
  0.934550   5.240520   0.575850   0.995480   6.197740   0.251500
  0.934550   5.240520   0.575850   0.759490   5.220280   1.602630
 -2.858190   5.640570   1.185540  -3.615060   5.275210   1.926640
 -2.858190   5.640570   1.185540  -2.753050   6.755380   1.284740
 -2.858190   5.640570   1.185540  -3.221730   5.409650   0.147670
 -1.621660   5.068880   1.399790  -2.858190   5.640570   1.185540
 -1.162590   3.419230   1.953770  -1.621660   5.068880   1.399790
 -1.162590   3.419230   1.953770  -0.784590   3.100230   0.619140
 -1.162590   3.419230   1.953770  -2.381970   3.123060   2.531400
 -1.162590   3.419230   1.953770  -0.064980   3.929800   2.704410
 -0.652950   1.598070   2.416820  -1.162590   3.419230   1.953770
 -0.315850   0.152960   2.503750  -0.652950   1.598070   2.416820
 -0.315850   0.152960   2.503750  -1.231120  -0.583480   3.535000
 -0.315850   0.152960   2.503750   1.178690  -0.060970   2.944300
 -0.431880  -0.639040   1.133980  -0.315850   0.152960   2.503750
 -0.033930   0.029660  -0.045280  -0.431880  -0.639040   1.133980
 -0.033930   0.029660  -0.045280  -0.499110  -0.533110  -0.894160
 -0.033930   0.029660  -0.045280  -0.398460   1.092320  -0.019720
 -0.033930   0.029660  -0.045280   1.081620  -0.016560  -0.126910
