33 atoms follow (x y z r g b radiusScale)
 -0.004160   0.002520   0.003750   0.000000   1.000000   0.000000   1.850000
  1.114870  -0.003300  -0.009200   1.000000   1.000000   1.000000   1.200000
 -0.401510   1.054970   0.015470   1.000000   1.000000   1.000000   1.200000
 -0.402810  -0.565410  -0.873800   1.000000   1.000000   1.000000   1.200000
 -0.440670  -0.683790   1.158340   1.000000   0.000000   0.000000   1.400000
 -0.332280   0.140160   2.513580   0.500000   0.500000   0.500000   1.900000
  1.150040  -0.078610   2.988450   1.000000   0.000000   0.000000   1.400000
 -1.234800  -0.629400   3.536070   1.000000   0.000000   0.000000   1.400000
 -0.664640   1.579040   2.361400   1.000000   0.000000   0.000000   1.400000
 -1.175100   3.460860   1.961560   1.000000   1.000000   0.000000   1.850000
 -0.006160   3.888940   2.654670   1.000000   0.000000   0.000000   1.400000
 -2.383140   3.094240   2.531700   1.000000   0.000000   0.000000   1.400000
 -0.822160   3.220530   0.600690   1.000000   0.000000   0.000000   1.400000
 -1.593200   5.171950   1.619830   1.000000   0.000000   0.000000   1.400000
 -2.783430   5.543900   1.019910   0.000000   1.000000   0.000000   1.850000
 -2.782190   5.245380  -0.063680   1.000000   1.000000   1.000000   1.200000
 -2.885520   6.658570   1.089430   1.000000   1.000000   1.000000   1.200000
 -3.656380   5.060260   1.530960   1.000000   1.000000   1.000000   1.200000
  0.854830   5.320290   0.517940   0.000000   0.000000   1.000000   1.540000
  0.903760   5.064200   1.530040   1.000000   1.000000   1.000000   1.200000
  0.284150   6.152270   0.437940   1.000000   1.000000   1.000000   1.200000
  0.353020   4.536950   0.041120   1.000000   1.000000   1.000000   1.200000
  1.776410   5.460650   0.128310   1.000000   1.000000   1.000000   1.200000
  1.615480   2.241060   4.686100   0.000000   0.000000   1.000000   1.540000
  1.520300   0.550020   3.628350   1.000000   1.000000   1.000000   1.200000
  1.137570   2.869970   4.064570   1.000000   1.000000   1.000000   1.200000
  2.548090   2.565740   4.827690   1.000000   1.000000   1.000000   1.200000
  1.143970   2.231260   5.565790   1.000000   1.000000   1.000000   1.200000
 -3.608650   0.945100   3.777390   0.000000   0.000000   1.000000   1.540000
 -2.130840  -0.288890   3.724970   1.000000   1.000000   1.000000   1.200000
 -3.816690   1.183070   2.826740   1.000000   1.000000   1.000000   1.200000
 -3.155670   1.742950   4.183430   1.000000   1.000000   1.000000   1.200000
 -4.463910   0.775700   4.262820   1.000000   1.000000   1.000000   1.200000
28 bonds follow (x1 y1 z1 x2 y2 z2)
 -3.608650   0.945100   3.777390  -4.463910   0.775700   4.262820
 -3.608650   0.945100   3.777390  -3.155670   1.742950   4.183430
 -3.608650   0.945100   3.777390  -3.816690   1.183070   2.826740
 -1.234800  -0.629400   3.536070  -2.130840  -0.288890   3.724970
  1.615480   2.241060   4.686100   1.143970   2.231260   5.565790
  1.615480   2.241060   4.686100   2.548090   2.565740   4.827690
  1.615480   2.241060   4.686100   1.137570   2.869970   4.064570
  1.150040  -0.078610   2.988450   1.520300   0.550020   3.628350
  0.854830   5.320290   0.517940   1.776410   5.460650   0.128310
  0.854830   5.320290   0.517940   0.353020   4.536950   0.041120
  0.854830   5.320290   0.517940   0.284150   6.152270   0.437940
  0.854830   5.320290   0.517940   0.903760   5.064200   1.530040
 -2.783430   5.543900   1.019910  -3.656380   5.060260   1.530960
 -2.783430   5.543900   1.019910  -2.885520   6.658570   1.089430
 -2.783430   5.543900   1.019910  -2.782190   5.245380  -0.063680
 -1.593200   5.171950   1.619830  -2.783430   5.543900   1.019910
 -1.175100   3.460860   1.961560  -1.593200   5.171950   1.619830
 -1.175100   3.460860   1.961560  -0.822160   3.220530   0.600690
 -1.175100   3.460860   1.961560  -2.383140   3.094240   2.531700
 -1.175100   3.460860   1.961560  -0.006160   3.888940   2.654670
 -0.332280   0.140160   2.513580  -0.664640   1.579040   2.361400
 -0.332280   0.140160   2.513580  -1.234800  -0.629400   3.536070
 -0.332280   0.140160   2.513580   1.150040  -0.078610   2.988450
 -0.440670  -0.683790   1.158340  -0.332280   0.140160   2.513580
 -0.004160   0.002520   0.003750  -0.440670  -0.683790   1.158340
 -0.004160   0.002520   0.003750  -0.402810  -0.565410  -0.873800
 -0.004160   0.002520   0.003750  -0.401510   1.054970   0.015470
 -0.004160   0.002520   0.003750   1.114870  -0.003300  -0.009200
