33 atoms follow (x y z r g b radiusScale)
 -0.028610   0.020090  -0.038930   0.000000   1.000000   0.000000   1.850000
  1.089230  -0.018780  -0.082340   1.000000   1.000000   1.000000   1.200000
 -0.399640   1.081800  -0.028490   1.000000   1.000000   1.000000   1.200000
 -0.463880  -0.546790  -0.899960   1.000000   1.000000   1.000000   1.200000
 -0.454930  -0.643010   1.132290   1.000000   0.000000   0.000000   1.400000
 -0.300860   0.164220   2.492570   0.500000   0.500000   0.500000   1.900000
  1.179150  -0.083730   2.973830   1.000000   0.000000   0.000000   1.400000
 -1.230960  -0.560040   3.516750   1.000000   0.000000   0.000000   1.400000
 -0.661870   1.599980   2.391840   1.000000   0.000000   0.000000   1.400000
 -1.183210   3.441260   1.956940   1.000000   1.000000   0.000000   1.850000
 -0.057210   3.918200   2.699010   1.000000   0.000000   0.000000   1.400000
 -2.386860   3.122250   2.561470   1.000000   0.000000   0.000000   1.400000
 -0.804200   3.096890   0.622210   1.000000   0.000000   0.000000   1.400000
 -1.598700   5.088100   1.433490   1.000000   0.000000   0.000000   1.400000
 -2.857690   5.580590   1.153080   0.000000   1.000000   0.000000   1.850000
 -3.141410   5.337170   0.093690   1.000000   1.000000   1.000000   1.200000
 -2.833550   6.696860   1.273430   1.000000   1.000000   1.000000   1.200000
 -3.625880   5.150230   1.846740   1.000000   1.000000   1.000000   1.200000
  0.959270   5.254700   0.569070   0.000000   0.000000   1.000000   1.540000
  0.801730   5.182660   1.603990   1.000000   1.000000   1.000000   1.200000
  0.911890   6.220780   0.278030   1.000000   1.000000   1.000000   1.200000
  0.173710   4.710540   0.135420   1.000000   1.000000   1.000000   1.200000
  1.843490   4.839600   0.323240   1.000000   1.000000   1.000000   1.200000
  1.584800   2.285020   4.695460   0.000000   0.000000   1.000000   1.540000
  1.529560   0.505090   3.658410   1.000000   1.000000   1.000000   1.200000
  1.071670   2.890840   4.079590   1.000000   1.000000   1.000000   1.200000
  2.504670   2.650430   4.821140   1.000000   1.000000   1.000000   1.200000
  1.128010   2.263860   5.582920   1.000000   1.000000   1.000000   1.200000
 -3.615340   0.933200   3.776980   0.000000   0.000000   1.000000   1.540000
 -2.119770  -0.178870   3.687080   1.000000   1.000000   1.000000   1.200000
 -3.858420   1.196820   2.842380   1.000000   1.000000   1.000000   1.200000
 -3.218270   1.742060   4.216790   1.000000   1.000000   1.000000   1.200000
 -4.438490   0.657420   4.268020   1.000000   1.000000   1.000000   1.200000
28 bonds follow (x1 y1 z1 x2 y2 z2)
 -3.615340   0.933200   3.776980  -4.438490   0.657420   4.268020
 -3.615340   0.933200   3.776980  -3.218270   1.742060   4.216790
 -3.615340   0.933200   3.776980  -3.858420   1.196820   2.842380
 -1.230960  -0.560040   3.516750  -2.119770  -0.178870   3.687080
  1.584800   2.285020   4.695460   1.128010   2.263860   5.582920
  1.584800   2.285020   4.695460   2.504670   2.650430   4.821140
  1.584800   2.285020   4.695460   1.071670   2.890840   4.079590
  1.179150  -0.083730   2.973830   1.529560   0.505090   3.658410
  0.959270   5.254700   0.569070   1.843490   4.839600   0.323240
  0.959270   5.254700   0.569070   0.173710   4.710540   0.135420
  0.959270   5.254700   0.569070   0.911890   6.220780   0.278030
  0.959270   5.254700   0.569070   0.801730   5.182660   1.603990
 -2.857690   5.580590   1.153080  -3.625880   5.150230   1.846740
 -2.857690   5.580590   1.153080  -2.833550   6.696860   1.273430
 -2.857690   5.580590   1.153080  -3.141410   5.337170   0.093690
 -1.598700   5.088100   1.433490  -2.857690   5.580590   1.153080
 -1.183210   3.441260   1.956940  -1.598700   5.088100   1.433490
 -1.183210   3.441260   1.956940  -0.804200   3.096890   0.622210
 -1.183210   3.441260   1.956940  -2.386860   3.122250   2.561470
 -1.183210   3.441260   1.956940  -0.057210   3.918200   2.699010
 -0.300860   0.164220   2.492570  -0.661870   1.599980   2.391840
 -0.300860   0.164220   2.492570  -1.230960  -0.560040   3.516750
 -0.300860   0.164220   2.492570   1.179150  -0.083730   2.973830
 -0.454930  -0.643010   1.132290  -0.300860   0.164220   2.492570
 -0.028610   0.020090  -0.038930  -0.454930  -0.643010   1.132290
 -0.028610   0.020090  -0.038930  -0.463880  -0.546790  -0.899960
 -0.028610   0.020090  -0.038930  -0.399640   1.081800  -0.028490
 -0.028610   0.020090  -0.038930   1.089230  -0.018780  -0.082340
