33 atoms follow (x y z r g b radiusScale)
 -0.279220  -0.139480  -0.069420   0.000000   1.000000   0.000000   1.850000
  0.645360  -0.449620  -0.622140   1.000000   1.000000   1.000000   1.200000
 -0.349730   0.979330   0.021340   1.000000   1.000000   1.000000   1.200000
 -1.176490  -0.548200  -0.604450   1.000000   1.000000   1.000000   1.200000
 -0.237880  -0.744780   1.207400   1.000000   0.000000   0.000000   1.400000
 -0.244670   0.156270   2.511030   0.500000   0.500000   0.500000   1.900000
  1.263570   0.109590   2.969080   1.000000   0.000000   0.000000   1.400000
 -1.041250  -0.611340   3.627480   1.000000   0.000000   0.000000   1.400000
 -0.656160   1.559500   2.277560   1.000000   0.000000   0.000000   1.400000
 -1.150730   3.403760   1.895290   1.000000   1.000000   0.000000   1.850000
  0.093090   3.783340   2.485170   1.000000   0.000000   0.000000   1.400000
 -2.311420   3.132820   2.610450   1.000000   0.000000   0.000000   1.400000
 -0.966460   3.099380   0.522170   1.000000   0.000000   0.000000   1.400000
 -1.477870   5.131990   1.519660   1.000000   0.000000   0.000000   1.400000
 -2.612020   5.851020   1.845090   0.000000   1.000000   0.000000   1.850000
 -3.053230   5.491440   2.810960   1.000000   1.000000   1.000000   1.200000
 -3.380030   5.750660   1.032130   1.000000   1.000000   1.000000   1.200000
 -2.331410   6.933970   1.945610   1.000000   1.000000   1.000000   1.200000
  0.847980   5.163090   0.289830   0.000000   0.000000   1.000000   1.540000
  1.178510   4.563100   1.075290   1.000000   1.000000   1.000000   1.200000
  1.601310   5.523140  -0.264720   1.000000   1.000000   1.000000   1.200000
  0.278390   5.911090   0.722840   1.000000   1.000000   1.000000   1.200000
  0.186570   4.569650  -0.269890   1.000000   1.000000   1.000000   1.200000
  0.991950   2.513180   4.965320   0.000000   0.000000   1.000000   1.540000
  1.510870   0.630770   3.736710   1.000000   1.000000   1.000000   1.200000
  1.304850   3.036880   4.168200   1.000000   1.000000   1.000000   1.200000
  1.473490   2.837090   5.777770   1.000000   1.000000   1.000000   1.200000
  0.015800   2.697320   5.080640   1.000000   1.000000   1.000000   1.200000
 -3.689560   0.845820   3.379450   0.000000   0.000000   1.000000   1.540000
 -1.933590  -0.318940   3.851260   1.000000   1.000000   1.000000   1.200000
 -3.661800   1.366080   2.522380   1.000000   1.000000   1.000000   1.200000
 -3.395700   1.472030   4.104730   1.000000   1.000000   1.000000   1.200000
 -4.633390   0.573050   3.559210   1.000000   1.000000   1.000000   1.200000
29 bonds follow (x1 y1 z1 x2 y2 z2)
 -3.689560   0.845820   3.379450  -4.633390   0.573050   3.559210
 -3.689560   0.845820   3.379450  -3.395700   1.472030   4.104730
 -3.689560   0.845820   3.379450  -3.661800   1.366080   2.522380
 -1.041250  -0.611340   3.627480  -1.933590  -0.318940   3.851260
  0.991950   2.513180   4.965320   0.015800   2.697320   5.080640
  0.991950   2.513180   4.965320   1.473490   2.837090   5.777770
  0.991950   2.513180   4.965320   1.304850   3.036880   4.168200
  1.263570   0.109590   2.969080   1.510870   0.630770   3.736710
  0.847980   5.163090   0.289830   0.186570   4.569650  -0.269890
  0.847980   5.163090   0.289830   0.278390   5.911090   0.722840
  0.847980   5.163090   0.289830   1.601310   5.523140  -0.264720
  0.847980   5.163090   0.289830   1.178510   4.563100   1.075290
 -2.612020   5.851020   1.845090  -2.331410   6.933970   1.945610
 -2.612020   5.851020   1.845090  -3.380030   5.750660   1.032130
 -2.612020   5.851020   1.845090  -3.053230   5.491440   2.810960
 -1.477870   5.131990   1.519660  -2.612020   5.851020   1.845090
 -1.150730   3.403760   1.895290  -1.477870   5.131990   1.519660
 -1.150730   3.403760   1.895290  -0.966460   3.099380   0.522170
 -1.150730   3.403760   1.895290  -2.311420   3.132820   2.610450
 -1.150730   3.403760   1.895290   0.093090   3.783340   2.485170
 -0.656160   1.559500   2.277560  -1.150730   3.403760   1.895290
 -0.244670   0.156270   2.511030  -0.656160   1.559500   2.277560
 -0.244670   0.156270   2.511030  -1.041250  -0.611340   3.627480
 -0.244670   0.156270   2.511030   1.263570   0.109590   2.969080
 -0.237880  -0.744780   1.207400  -0.244670   0.156270   2.511030
 -0.279220  -0.139480  -0.069420  -0.237880  -0.744780   1.207400
 -0.279220  -0.139480  -0.069420  -1.176490  -0.548200  -0.604450
 -0.279220  -0.139480  -0.069420  -0.349730   0.979330   0.021340
 -0.279220  -0.139480  -0.069420   0.645360  -0.449620  -0.622140
