33 atoms follow (x y z r g b radiusScale)
 -0.575880  -0.157820  -0.013500   0.000000   1.000000   0.000000   1.850000
  0.155790  -0.492200  -0.793690   1.000000   1.000000   1.000000   1.200000
 -0.608080   0.964610   0.050340   1.000000   1.000000   1.000000   1.200000
 -1.586570  -0.575860  -0.261810   1.000000   1.000000   1.000000   1.200000
 -0.149250  -0.722920   1.210430   1.000000   0.000000   0.000000   1.400000
 -0.176580   0.173940   2.519870   0.500000   0.500000   0.500000   1.900000
  1.277340   0.131100   3.119190   1.000000   0.000000   0.000000   1.400000
 -1.110820  -0.585550   3.531350   1.000000   0.000000   0.000000   1.400000
 -0.649000   1.554410   2.252100   1.000000   0.000000   0.000000   1.400000
 -1.162460   3.380980   1.813790   1.000000   1.000000   0.000000   1.850000
 -0.063710   3.858640   2.583470   1.000000   0.000000   0.000000   1.400000
 -2.405240   3.077830   2.343900   1.000000   0.000000   0.000000   1.400000
 -0.707660   3.101030   0.489160   1.000000   0.000000   0.000000   1.400000
 -1.607630   5.033830   1.338510   1.000000   0.000000   0.000000   1.400000
 -2.516890   5.879010   1.942510   0.000000   1.000000   0.000000   1.850000
 -3.545690   5.436250   1.923610   1.000000   1.000000   1.000000   1.200000
 -2.516190   6.846780   1.371660   1.000000   1.000000   1.000000   1.200000
 -2.222880   6.083350   3.006410   1.000000   1.000000   1.000000   1.200000
  0.823110   5.268290   0.430550   0.000000   0.000000   1.000000   1.540000
  0.742270   5.389530   1.454110   1.000000   1.000000   1.000000   1.200000
  1.545340   5.839560   0.023550   1.000000   1.000000   1.000000   1.200000
 -0.115220   5.481690   0.047890   1.000000   1.000000   1.000000   1.200000
  0.966500   4.255310   0.271490   1.000000   1.000000   1.000000   1.200000
  1.173040   2.396030   4.956490   0.000000   0.000000   1.000000   1.540000
  1.460600   0.725120   3.865650   1.000000   1.000000   1.000000   1.200000
  0.950250   3.082040   4.257110   1.000000   1.000000   1.000000   1.200000
  2.036910   2.632710   5.395380   1.000000   1.000000   1.000000   1.200000
  0.452800   2.385580   5.647010   1.000000   1.000000   1.000000   1.200000
 -3.685200   0.866360   3.562080   0.000000   0.000000   1.000000   1.540000
 -2.048050  -0.345140   3.595410   1.000000   1.000000   1.000000   1.200000
 -3.866170   0.969030   2.582700   1.000000   1.000000   1.000000   1.200000
 -3.226830   1.708330   3.861540   1.000000   1.000000   1.000000   1.200000
 -4.560450   0.791360   4.037610   1.000000   1.000000   1.000000   1.200000
29 bonds follow (x1 y1 z1 x2 y2 z2)
 -3.685200   0.866360   3.562080  -4.560450   0.791360   4.037610
 -3.685200   0.866360   3.562080  -3.226830   1.708330   3.861540
 -3.685200   0.866360   3.562080  -3.866170   0.969030   2.582700
 -1.110820  -0.585550   3.531350  -2.048050  -0.345140   3.595410
  1.173040   2.396030   4.956490   0.452800   2.385580   5.647010
  1.173040   2.396030   4.956490   2.036910   2.632710   5.395380
  1.173040   2.396030   4.956490   0.950250   3.082040   4.257110
  1.277340   0.131100   3.119190   1.460600   0.725120   3.865650
  0.823110   5.268290   0.430550   0.966500   4.255310   0.271490
  0.823110   5.268290   0.430550  -0.115220   5.481690   0.047890
  0.823110   5.268290   0.430550   1.545340   5.839560   0.023550
  0.823110   5.268290   0.430550   0.742270   5.389530   1.454110
 -2.516890   5.879010   1.942510  -2.222880   6.083350   3.006410
 -2.516890   5.879010   1.942510  -2.516190   6.846780   1.371660
 -2.516890   5.879010   1.942510  -3.545690   5.436250   1.923610
 -1.607630   5.033830   1.338510  -2.516890   5.879010   1.942510
 -1.162460   3.380980   1.813790  -1.607630   5.033830   1.338510
 -1.162460   3.380980   1.813790  -0.707660   3.101030   0.489160
 -1.162460   3.380980   1.813790  -2.405240   3.077830   2.343900
 -1.162460   3.380980   1.813790  -0.063710   3.858640   2.583470
 -0.649000   1.554410   2.252100  -1.162460   3.380980   1.813790
 -0.176580   0.173940   2.519870  -0.649000   1.554410   2.252100
 -0.176580   0.173940   2.519870  -1.110820  -0.585550   3.531350
 -0.176580   0.173940   2.519870   1.277340   0.131100   3.119190
 -0.149250  -0.722920   1.210430  -0.176580   0.173940   2.519870
 -0.575880  -0.157820  -0.013500  -0.149250  -0.722920   1.210430
 -0.575880  -0.157820  -0.013500  -1.586570  -0.575860  -0.261810
 -0.575880  -0.157820  -0.013500  -0.608080   0.964610   0.050340
 -0.575880  -0.157820  -0.013500   0.155790  -0.492200  -0.793690
