33 atoms follow (x y z r g b radiusScale)
  0.257030  -0.172300   0.065810   0.000000   1.000000   0.000000   1.850000
  1.357900  -0.279750   0.234300   1.000000   1.000000   1.000000   1.200000
 -0.048240   0.908790   0.030740   1.000000   1.000000   1.000000   1.200000
 -0.056590  -0.699910  -0.868340   1.000000   1.000000   1.000000   1.200000
 -0.413250  -0.809860   1.140410   1.000000   0.000000   0.000000   1.400000
 -0.289550  -0.011970   2.503380   0.500000   0.500000   0.500000   1.900000
  1.207620  -0.145100   2.950630   1.000000   0.000000   0.000000   1.400000
 -1.240080  -0.684570   3.532500   1.000000   0.000000   0.000000   1.400000
 -0.673910   1.440540   2.374890   1.000000   0.000000   0.000000   1.400000
 -1.142160   3.208410   2.155630   1.000000   1.000000   0.000000   1.850000
 -0.290560   3.739360   3.095410   1.000000   0.000000   0.000000   1.400000
 -2.454150   2.971210   2.495700   1.000000   0.000000   0.000000   1.400000
 -0.830910   3.290960   0.821330   1.000000   0.000000   0.000000   1.400000
 -2.327730   6.198610   1.494320   1.000000   0.000000   0.000000   1.400000
 -3.591390   6.137600   0.882340   0.000000   1.000000   0.000000   1.850000
 -3.634850   6.850500   0.023000   1.000000   1.000000   1.000000   1.200000
 -4.402700   6.402180   1.607210   1.000000   1.000000   1.000000   1.200000
 -3.752060   5.101340   0.510490   1.000000   1.000000   1.000000   1.200000
  2.231020   5.328690  -0.144060   0.000000   0.000000   1.000000   1.540000
  2.255510   6.024290   0.573600   1.000000   1.000000   1.000000   1.200000
 -2.054990   7.091920   1.730140   1.000000   1.000000   1.000000   1.200000
  2.203200   5.785810  -1.033090   1.000000   1.000000   1.000000   1.200000
  1.394580   4.792200  -0.033180   1.000000   1.000000   1.000000   1.200000
  1.822570   2.201670   4.506820   0.000000   0.000000   1.000000   1.540000
  1.607570   0.531530   3.534020   1.000000   1.000000   1.000000   1.200000
  1.553190   2.920450   3.859350   1.000000   1.000000   1.000000   1.200000
  2.774770   2.340500   4.772850   1.000000   1.000000   1.000000   1.200000
  1.246890   2.278670   5.319250   1.000000   1.000000   1.000000   1.200000
 -3.679450   0.835470   3.839290   0.000000   0.000000   1.000000   1.540000
 -2.116870  -0.262120   3.690660   1.000000   1.000000   1.000000   1.200000
 -3.805140   1.355400   2.990640   1.000000   1.000000   1.000000   1.200000
 -3.456780   1.485040   4.565530   1.000000   1.000000   1.000000   1.200000
 -4.530000   0.367880   4.071260   1.000000   1.000000   1.000000   1.200000
28 bonds follow (x1 y1 z1 x2 y2 z2)
 -3.679450   0.835470   3.839290  -4.530000   0.367880   4.071260
 -3.679450   0.835470   3.839290  -3.456780   1.485040   4.565530
 -3.679450   0.835470   3.839290  -3.805140   1.355400   2.990640
 -1.240080  -0.684570   3.532500  -2.116870  -0.262120   3.690660
  1.822570   2.201670   4.506820   1.246890   2.278670   5.319250
  1.822570   2.201670   4.506820   2.774770   2.340500   4.772850
  1.822570   2.201670   4.506820   1.553190   2.920450   3.859350
  1.207620  -0.145100   2.950630   1.607570   0.531530   3.534020
  2.231020   5.328690  -0.144060   1.394580   4.792200  -0.033180
  2.231020   5.328690  -0.144060   2.203200   5.785810  -1.033090
 -2.327730   6.198610   1.494320  -2.054990   7.091920   1.730140
  2.231020   5.328690  -0.144060   2.255510   6.024290   0.573600
 -3.591390   6.137600   0.882340  -3.752060   5.101340   0.510490
 -3.591390   6.137600   0.882340  -4.402700   6.402180   1.607210
 -3.591390   6.137600   0.882340  -3.634850   6.850500   0.023000
 -2.327730   6.198610   1.494320  -3.591390   6.137600   0.882340
 -1.142160   3.208410   2.155630  -0.830910   3.290960   0.821330
 -1.142160   3.208410   2.155630  -2.454150   2.971210   2.495700
 -1.142160   3.208410   2.155630  -0.290560   3.739360   3.095410
 -0.673910   1.440540   2.374890  -1.142160   3.208410   2.155630
 -0.289550  -0.011970   2.503380  -0.673910   1.440540   2.374890
 -0.289550  -0.011970   2.503380  -1.240080  -0.684570   3.532500
 -0.289550  -0.011970   2.503380   1.207620  -0.145100   2.950630
 -0.413250  -0.809860   1.140410  -0.289550  -0.011970   2.503380
  0.257030  -0.172300   0.065810  -0.413250  -0.809860   1.140410
  0.257030  -0.172300   0.065810  -0.056590  -0.699910  -0.868340
  0.257030  -0.172300   0.065810  -0.048240   0.908790   0.030740
  0.257030  -0.172300   0.065810   1.357900  -0.279750   0.234300
