33 atoms follow (x y z r g b radiusScale)
 -0.574300  -0.156170   0.002010   0.000000   1.000000   0.000000   1.850000
  0.165690  -0.472920  -0.777810   1.000000   1.000000   1.000000   1.200000
 -0.615070   0.964900   0.076090   1.000000   1.000000   1.000000   1.200000
 -1.580680  -0.574220  -0.262670   1.000000   1.000000   1.000000   1.200000
 -0.157970  -0.733750   1.223480   1.000000   0.000000   0.000000   1.400000
 -0.171420   0.178180   2.526820   0.500000   0.500000   0.500000   1.900000
  1.273470   0.118240   3.128910   1.000000   0.000000   0.000000   1.400000
 -1.104520  -0.591780   3.517630   1.000000   0.000000   0.000000   1.400000
 -0.673090   1.541310   2.230870   1.000000   0.000000   0.000000   1.400000
 -1.166970   3.383120   1.808630   1.000000   1.000000   0.000000   1.850000
 -0.067360   3.850000   2.587300   1.000000   0.000000   0.000000   1.400000
 -2.412280   3.073290   2.334240   1.000000   0.000000   0.000000   1.400000
 -0.712910   3.108290   0.489000   1.000000   0.000000   0.000000   1.400000
 -1.599200   5.043570   1.329180   1.000000   0.000000   0.000000   1.400000
 -2.522560   5.857970   1.949520   0.000000   1.000000   0.000000   1.850000
 -3.548000   5.409830   1.893890   1.000000   1.000000   1.000000   1.200000
 -2.518880   6.849370   1.422630   1.000000   1.000000   1.000000   1.200000
 -2.249440   6.017020   3.027020   1.000000   1.000000   1.000000   1.200000
  0.829590   5.286450   0.441270   0.000000   0.000000   1.000000   1.540000
  0.796290   5.383400   1.463100   1.000000   1.000000   1.000000   1.200000
  1.550740   5.846200   0.015320   1.000000   1.000000   1.000000   1.200000
 -0.114650   5.527260   0.094490   1.000000   1.000000   1.000000   1.200000
  0.950670   4.269080   0.245980   1.000000   1.000000   1.000000   1.200000
  1.183020   2.398180   4.951650   0.000000   0.000000   1.000000   1.540000
  1.480930   0.712860   3.866950   1.000000   1.000000   1.000000   1.200000
  0.957130   3.073470   4.242720   1.000000   1.000000   1.000000   1.200000
  2.059660   2.631490   5.366970   1.000000   1.000000   1.000000   1.200000
  0.478090   2.418910   5.657820   1.000000   1.000000   1.000000   1.200000
 -3.663280   0.890020   3.557370   0.000000   0.000000   1.000000   1.540000
 -2.030790  -0.304660   3.598420   1.000000   1.000000   1.000000   1.200000
 -3.874740   0.995410   2.584850   1.000000   1.000000   1.000000   1.200000
 -3.279790   1.763550   3.868850   1.000000   1.000000   1.000000   1.200000
 -4.511810   0.711850   4.052800   1.000000   1.000000   1.000000   1.200000
28 bonds follow (x1 y1 z1 x2 y2 z2)
 -3.663280   0.890020   3.557370  -4.511810   0.711850   4.052800
 -3.663280   0.890020   3.557370  -3.279790   1.763550   3.868850
 -3.663280   0.890020   3.557370  -3.874740   0.995410   2.584850
 -1.104520  -0.591780   3.517630  -2.030790  -0.304660   3.598420
  1.183020   2.398180   4.951650   0.478090   2.418910   5.657820
  1.183020   2.398180   4.951650   2.059660   2.631490   5.366970
  1.183020   2.398180   4.951650   0.957130   3.073470   4.242720
  1.273470   0.118240   3.128910   1.480930   0.712860   3.866950
  0.829590   5.286450   0.441270   0.950670   4.269080   0.245980
  0.829590   5.286450   0.441270  -0.114650   5.527260   0.094490
  0.829590   5.286450   0.441270   1.550740   5.846200   0.015320
  0.829590   5.286450   0.441270   0.796290   5.383400   1.463100
 -2.522560   5.857970   1.949520  -2.249440   6.017020   3.027020
 -2.522560   5.857970   1.949520  -2.518880   6.849370   1.422630
 -2.522560   5.857970   1.949520  -3.548000   5.409830   1.893890
 -1.599200   5.043570   1.329180  -2.522560   5.857970   1.949520
 -1.166970   3.383120   1.808630  -1.599200   5.043570   1.329180
 -1.166970   3.383120   1.808630  -0.712910   3.108290   0.489000
 -1.166970   3.383120   1.808630  -2.412280   3.073290   2.334240
 -1.166970   3.383120   1.808630  -0.067360   3.850000   2.587300
 -0.171420   0.178180   2.526820  -0.673090   1.541310   2.230870
 -0.171420   0.178180   2.526820  -1.104520  -0.591780   3.517630
 -0.171420   0.178180   2.526820   1.273470   0.118240   3.128910
 -0.157970  -0.733750   1.223480  -0.171420   0.178180   2.526820
 -0.574300  -0.156170   0.002010  -0.157970  -0.733750   1.223480
 -0.574300  -0.156170   0.002010  -1.580680  -0.574220  -0.262670
 -0.574300  -0.156170   0.002010  -0.615070   0.964900   0.076090
 -0.574300  -0.156170   0.002010   0.165690  -0.472920  -0.777810
