33 atoms follow (x y z r g b radiusScale)
  0.392700  -0.101110   0.118020   0.000000   1.000000   0.000000   1.850000
  1.454970  -0.206790   0.456270   1.000000   1.000000   1.000000   1.200000
  0.105770   0.979150   0.006860   1.000000   1.000000   1.000000   1.200000
  0.222030  -0.662390  -0.833520   1.000000   1.000000   1.000000   1.200000
 -0.448010  -0.692850   1.095040   1.000000   0.000000   0.000000   1.400000
 -0.309980   0.000370   2.511260   0.500000   0.500000   0.500000   1.900000
  1.171440  -0.129510   2.985840   1.000000   0.000000   0.000000   1.400000
 -1.186180  -0.792040   3.515510   1.000000   0.000000   0.000000   1.400000
 -0.756080   1.444530   2.467580   1.000000   0.000000   0.000000   1.400000
 -1.159100   3.191620   2.212370   1.000000   1.000000   0.000000   1.850000
 -0.472800   3.703040   3.284980   1.000000   0.000000   0.000000   1.400000
 -2.526650   3.088360   2.278990   1.000000   0.000000   0.000000   1.400000
 -0.558190   3.305050   0.981630   1.000000   0.000000   0.000000   1.400000
 -2.516180   6.528080   1.407680   1.000000   0.000000   0.000000   1.400000
 -3.822230   6.246070   0.988360   0.000000   1.000000   0.000000   1.850000
 -4.345920   7.160080   0.608710   1.000000   1.000000   1.000000   1.200000
 -4.414690   5.811000   1.848440   1.000000   1.000000   1.000000   1.200000
 -3.778610   5.471250   0.188410   1.000000   1.000000   1.000000   1.200000
  2.429500   4.887860  -0.252240   0.000000   0.000000   1.000000   1.540000
  2.016810   5.430530   0.482580   1.000000   1.000000   1.000000   1.200000
 -2.487950   7.144550   2.058030   1.000000   1.000000   1.000000   1.200000
  2.051250   5.213790  -1.122240   1.000000   1.000000   1.000000   1.200000
  2.123860   3.941520  -0.125490   1.000000   1.000000   1.000000   1.200000
  1.881300   2.253200   4.288830   0.000000   0.000000   1.000000   1.540000
  1.560680   0.546260   3.585990   1.000000   1.000000   1.000000   1.200000
  1.560910   2.973740   3.667460   1.000000   1.000000   1.000000   1.200000
  2.842040   2.412220   4.509170   1.000000   1.000000   1.000000   1.200000
  1.343870   2.310610   5.129800   1.000000   1.000000   1.000000   1.200000
 -3.492180   0.713900   3.759120   0.000000   0.000000   1.000000   1.540000
 -2.106240  -0.476520   3.687400   1.000000   1.000000   1.000000   1.200000
 -3.549530   1.269470   2.923770   1.000000   1.000000   1.000000   1.200000
 -3.299280   1.323540   4.526890   1.000000   1.000000   1.000000   1.200000
 -4.365950   0.257270   3.915540   1.000000   1.000000   1.000000   1.200000
28 bonds follow (x1 y1 z1 x2 y2 z2)
 -3.492180   0.713900   3.759120  -4.365950   0.257270   3.915540
 -3.492180   0.713900   3.759120  -3.299280   1.323540   4.526890
 -3.492180   0.713900   3.759120  -3.549530   1.269470   2.923770
 -1.186180  -0.792040   3.515510  -2.106240  -0.476520   3.687400
  1.881300   2.253200   4.288830   1.343870   2.310610   5.129800
  1.881300   2.253200   4.288830   2.842040   2.412220   4.509170
  1.881300   2.253200   4.288830   1.560910   2.973740   3.667460
  1.171440  -0.129510   2.985840   1.560680   0.546260   3.585990
  2.429500   4.887860  -0.252240   2.123860   3.941520  -0.125490
  2.429500   4.887860  -0.252240   2.051250   5.213790  -1.122240
 -2.516180   6.528080   1.407680  -2.487950   7.144550   2.058030
  2.429500   4.887860  -0.252240   2.016810   5.430530   0.482580
 -3.822230   6.246070   0.988360  -3.778610   5.471250   0.188410
 -3.822230   6.246070   0.988360  -4.414690   5.811000   1.848440
 -3.822230   6.246070   0.988360  -4.345920   7.160080   0.608710
 -2.516180   6.528080   1.407680  -3.822230   6.246070   0.988360
 -1.159100   3.191620   2.212370  -0.558190   3.305050   0.981630
 -1.159100   3.191620   2.212370  -2.526650   3.088360   2.278990
 -1.159100   3.191620   2.212370  -0.472800   3.703040   3.284980
 -0.756080   1.444530   2.467580  -1.159100   3.191620   2.212370
 -0.309980   0.000370   2.511260  -0.756080   1.444530   2.467580
 -0.309980   0.000370   2.511260  -1.186180  -0.792040   3.515510
 -0.309980   0.000370   2.511260   1.171440  -0.129510   2.985840
 -0.448010  -0.692850   1.095040  -0.309980   0.000370   2.511260
  0.392700  -0.101110   0.118020  -0.448010  -0.692850   1.095040
  0.392700  -0.101110   0.118020   0.222030  -0.662390  -0.833520
  0.392700  -0.101110   0.118020   0.105770   0.979150   0.006860
  0.392700  -0.101110   0.118020   1.454970  -0.206790   0.456270
