33 atoms follow (x y z r g b radiusScale)
  0.073610  -0.133140   0.023480   0.000000   1.000000   0.000000   1.850000
  1.187000  -0.042100   0.079210   1.000000   1.000000   1.000000   1.200000
 -0.411330   0.877060  -0.046680   1.000000   1.000000   1.000000   1.200000
 -0.222530  -0.781180  -0.839040   1.000000   1.000000   1.000000   1.200000
 -0.385570  -0.789420   1.189820   1.000000   0.000000   0.000000   1.400000
 -0.316270   0.019760   2.548150   0.500000   0.500000   0.500000   1.900000
  1.142920  -0.163420   3.058490   1.000000   0.000000   0.000000   1.400000
 -1.243850  -0.730240   3.556960   1.000000   0.000000   0.000000   1.400000
 -0.634290   1.481950   2.326010   1.000000   0.000000   0.000000   1.400000
 -1.123550   3.242670   2.051440   1.000000   1.000000   0.000000   1.850000
 -0.129280   3.785290   2.823530   1.000000   0.000000   0.000000   1.400000
 -2.397550   3.131620   2.554510   1.000000   0.000000   0.000000   1.400000
 -0.920340   3.260940   0.694990   1.000000   0.000000   0.000000   1.400000
 -2.119450   5.867130   1.677050   1.000000   0.000000   0.000000   1.400000
 -3.245360   5.956430   0.805660   0.000000   1.000000   0.000000   1.850000
 -2.937660   5.981500  -0.266410   1.000000   1.000000   1.000000   1.200000
 -3.850520   6.861350   1.055240   1.000000   1.000000   1.000000   1.200000
 -3.795200   5.015990   1.051680   1.000000   1.000000   1.000000   1.200000
  1.770230   5.621310   0.032130   0.000000   0.000000   1.000000   1.540000
  1.665400   6.031480   0.936990   1.000000   1.000000   1.000000   1.200000
 -1.575000   6.708690   1.347360   1.000000   1.000000   1.000000   1.200000
  0.982130   5.867890  -0.528120   1.000000   1.000000   1.000000   1.200000
  1.782340   4.631590   0.142780   1.000000   1.000000   1.000000   1.200000
  1.687510   2.127120   4.615350   0.000000   0.000000   1.000000   1.540000
  1.537750   0.536600   3.618620   1.000000   1.000000   1.000000   1.200000
  1.414030   2.829600   3.950470   1.000000   1.000000   1.000000   1.200000
  2.664350   2.216720   4.802370   1.000000   1.000000   1.000000   1.200000
  1.182890   2.274360   5.463810   1.000000   1.000000   1.000000   1.200000
 -3.558530   0.846850   3.796080   0.000000   0.000000   1.000000   1.540000
 -2.156210  -0.415860   3.736290   1.000000   1.000000   1.000000   1.200000
 -3.797770   1.191550   2.885800   1.000000   1.000000   1.000000   1.200000
 -3.174090   1.617050   4.310040   1.000000   1.000000   1.000000   1.200000
 -4.389330   0.535640   4.254380   1.000000   1.000000   1.000000   1.200000
28 bonds follow (x1 y1 z1 x2 y2 z2)
 -3.558530   0.846850   3.796080  -4.389330   0.535640   4.254380
 -3.558530   0.846850   3.796080  -3.174090   1.617050   4.310040
 -3.558530   0.846850   3.796080  -3.797770   1.191550   2.885800
 -1.243850  -0.730240   3.556960  -2.156210  -0.415860   3.736290
  1.687510   2.127120   4.615350   1.182890   2.274360   5.463810
  1.687510   2.127120   4.615350   2.664350   2.216720   4.802370
  1.687510   2.127120   4.615350   1.414030   2.829600   3.950470
  1.142920  -0.163420   3.058490   1.537750   0.536600   3.618620
  1.770230   5.621310   0.032130   1.782340   4.631590   0.142780
  1.770230   5.621310   0.032130   0.982130   5.867890  -0.528120
 -2.119450   5.867130   1.677050  -1.575000   6.708690   1.347360
  1.770230   5.621310   0.032130   1.665400   6.031480   0.936990
 -3.245360   5.956430   0.805660  -3.795200   5.015990   1.051680
 -3.245360   5.956430   0.805660  -3.850520   6.861350   1.055240
 -3.245360   5.956430   0.805660  -2.937660   5.981500  -0.266410
 -2.119450   5.867130   1.677050  -3.245360   5.956430   0.805660
 -1.123550   3.242670   2.051440  -0.920340   3.260940   0.694990
 -1.123550   3.242670   2.051440  -2.397550   3.131620   2.554510
 -1.123550   3.242670   2.051440  -0.129280   3.785290   2.823530
 -0.634290   1.481950   2.326010  -1.123550   3.242670   2.051440
 -0.316270   0.019760   2.548150  -0.634290   1.481950   2.326010
 -0.316270   0.019760   2.548150  -1.243850  -0.730240   3.556960
 -0.316270   0.019760   2.548150   1.142920  -0.163420   3.058490
 -0.385570  -0.789420   1.189820  -0.316270   0.019760   2.548150
  0.073610  -0.133140   0.023480  -0.385570  -0.789420   1.189820
  0.073610  -0.133140   0.023480  -0.222530  -0.781180  -0.839040
  0.073610  -0.133140   0.023480  -0.411330   0.877060  -0.046680
  0.073610  -0.133140   0.023480   1.187000  -0.042100   0.079210
