33 atoms follow (x y z r g b radiusScale)
 -0.524260  -0.246950  -0.033510   0.000000   1.000000   0.000000   1.850000
  0.303620  -0.487300  -0.751340   1.000000   1.000000   1.000000   1.200000
 -0.695730   0.861420   0.019780   1.000000   1.000000   1.000000   1.200000
 -1.451150  -0.789930  -0.358470   1.000000   1.000000   1.000000   1.200000
 -0.138870  -0.755980   1.224890   1.000000   0.000000   0.000000   1.400000
 -0.235450   0.147390   2.526710   0.500000   0.500000   0.500000   1.900000
  1.208350   0.061290   3.150580   1.000000   0.000000   0.000000   1.400000
 -1.147610  -0.572970   3.588060   1.000000   0.000000   0.000000   1.400000
 -0.625880   1.558100   2.278500   1.000000   0.000000   0.000000   1.400000
 -1.192010   3.417920   1.761870   1.000000   1.000000   0.000000   1.850000
 -0.117810   3.862260   2.589320   1.000000   0.000000   0.000000   1.400000
 -2.451650   3.098820   2.246340   1.000000   0.000000   0.000000   1.400000
 -0.741740   3.131420   0.444520   1.000000   0.000000   0.000000   1.400000
 -1.573430   5.107800   1.353080   1.000000   0.000000   0.000000   1.400000
 -2.609900   5.757690   1.999700   0.000000   1.000000   0.000000   1.850000
 -3.596000   5.306260   1.716180   1.000000   1.000000   1.000000   1.200000
 -2.591910   6.835740   1.692450   1.000000   1.000000   1.000000   1.200000
 -2.484950   5.688500   3.112710   1.000000   1.000000   1.000000   1.200000
  0.912760   5.331630   0.495200   0.000000   0.000000   1.000000   1.540000
  0.984120   4.873390   1.435780   1.000000   1.000000   1.000000   1.200000
  1.797670   5.716380   0.200090   1.000000   1.000000   1.000000   1.200000
  0.181230   6.044850   0.580180   1.000000   1.000000   1.000000   1.200000
  0.553150   4.605090  -0.149760   1.000000   1.000000   1.000000   1.200000
  1.272040   2.434700   4.911660   0.000000   0.000000   1.000000   1.540000
  1.408960   0.684950   3.864600   1.000000   1.000000   1.000000   1.200000
  0.900530   3.003570   4.171690   1.000000   1.000000   1.000000   1.200000
  2.120930   2.840320   5.243010   1.000000   1.000000   1.000000   1.200000
  0.616140   2.408400   5.663470   1.000000   1.000000   1.000000   1.200000
 -3.505920   0.892890   3.578340   0.000000   0.000000   1.000000   1.540000
 -2.077300  -0.301200   3.712970   1.000000   1.000000   1.000000   1.200000
 -3.565430   1.121120   2.602600   1.000000   1.000000   1.000000   1.200000
 -3.090360   1.686580   4.031100   1.000000   1.000000   1.000000   1.200000
 -4.432080   0.773720   3.930670   1.000000   1.000000   1.000000   1.200000
28 bonds follow (x1 y1 z1 x2 y2 z2)
 -3.505920   0.892890   3.578340  -4.432080   0.773720   3.930670
 -3.505920   0.892890   3.578340  -3.090360   1.686580   4.031100
 -3.505920   0.892890   3.578340  -3.565430   1.121120   2.602600
 -1.147610  -0.572970   3.588060  -2.077300  -0.301200   3.712970
  1.272040   2.434700   4.911660   0.616140   2.408400   5.663470
  1.272040   2.434700   4.911660   2.120930   2.840320   5.243010
  1.272040   2.434700   4.911660   0.900530   3.003570   4.171690
  1.208350   0.061290   3.150580   1.408960   0.684950   3.864600
  0.912760   5.331630   0.495200   0.553150   4.605090  -0.149760
  0.912760   5.331630   0.495200   0.181230   6.044850   0.580180
  0.912760   5.331630   0.495200   1.797670   5.716380   0.200090
  0.912760   5.331630   0.495200   0.984120   4.873390   1.435780
 -2.609900   5.757690   1.999700  -2.484950   5.688500   3.112710
 -2.609900   5.757690   1.999700  -2.591910   6.835740   1.692450
 -2.609900   5.757690   1.999700  -3.596000   5.306260   1.716180
 -1.573430   5.107800   1.353080  -2.609900   5.757690   1.999700
 -1.192010   3.417920   1.761870  -1.573430   5.107800   1.353080
 -1.192010   3.417920   1.761870  -0.741740   3.131420   0.444520
 -1.192010   3.417920   1.761870  -2.451650   3.098820   2.246340
 -1.192010   3.417920   1.761870  -0.117810   3.862260   2.589320
 -0.235450   0.147390   2.526710  -0.625880   1.558100   2.278500
 -0.235450   0.147390   2.526710  -1.147610  -0.572970   3.588060
 -0.235450   0.147390   2.526710   1.208350   0.061290   3.150580
 -0.138870  -0.755980   1.224890  -0.235450   0.147390   2.526710
 -0.524260  -0.246950  -0.033510  -0.138870  -0.755980   1.224890
 -0.524260  -0.246950  -0.033510  -1.451150  -0.789930  -0.358470
 -0.524260  -0.246950  -0.033510  -0.695730   0.861420   0.019780
 -0.524260  -0.246950  -0.033510   0.303620  -0.487300  -0.751340
