33 atoms follow (x y z r g b radiusScale)
  0.334580  -0.166970   0.058050   0.000000   1.000000   0.000000   1.850000
  1.426570  -0.281230   0.272450   1.000000   1.000000   1.000000   1.200000
  0.053880   0.912600  -0.058090   1.000000   1.000000   1.000000   1.200000
  0.043990  -0.758860  -0.845690   1.000000   1.000000   1.000000   1.200000
 -0.398390  -0.713530   1.138490   1.000000   0.000000   0.000000   1.400000
 -0.293380   0.011030   2.538690   0.500000   0.500000   0.500000   1.900000
  1.191390  -0.145170   2.957710   1.000000   0.000000   0.000000   1.400000
 -1.215460  -0.764380   3.542000   1.000000   0.000000   0.000000   1.400000
 -0.668570   1.464380   2.399930   1.000000   0.000000   0.000000   1.400000
 -1.179900   3.203700   2.173980   1.000000   1.000000   0.000000   1.850000
 -0.376040   3.688020   3.182470   1.000000   0.000000   0.000000   1.400000
 -2.527500   3.076330   2.421090   1.000000   0.000000   0.000000   1.400000
 -0.684410   3.305180   0.896450   1.000000   0.000000   0.000000   1.400000
 -2.411180   6.358400   1.430770   1.000000   0.000000   0.000000   1.400000
 -3.709660   6.197910   0.930620   0.000000   1.000000   0.000000   1.850000
 -3.983900   7.030780   0.243810   1.000000   1.000000   1.000000   1.200000
 -4.447540   6.159110   1.765580   1.000000   1.000000   1.000000   1.200000
 -3.755710   5.212280   0.393990   1.000000   1.000000   1.000000   1.200000
  2.365110   5.144000  -0.205280   0.000000   0.000000   1.000000   1.540000
  2.086490   5.781500   0.509690   1.000000   1.000000   1.000000   1.200000
 -2.353150   7.032710   2.010080   1.000000   1.000000   1.000000   1.200000
  2.211750   5.577960  -1.090820   1.000000   1.000000   1.000000   1.200000
  1.797350   4.319190  -0.146910   1.000000   1.000000   1.000000   1.200000
  1.821380   2.168290   4.369880   0.000000   0.000000   1.000000   1.540000
  1.594890   0.552780   3.529150   1.000000   1.000000   1.000000   1.200000
  1.519690   2.881380   3.730720   1.000000   1.000000   1.000000   1.200000
  2.782040   2.316490   4.598480   1.000000   1.000000   1.000000   1.200000
  1.274570   2.243930   5.202740   1.000000   1.000000   1.000000   1.200000
 -3.608630   0.755000   3.828970   0.000000   0.000000   1.000000   1.540000
 -2.124170  -0.452920   3.731380   1.000000   1.000000   1.000000   1.200000
 -3.626080   1.213730   2.936600   1.000000   1.000000   1.000000   1.200000
 -3.423930   1.449870   4.523890   1.000000   1.000000   1.000000   1.200000
 -4.505640   0.352890   4.005590   1.000000   1.000000   1.000000   1.200000
28 bonds follow (x1 y1 z1 x2 y2 z2)
 -3.608630   0.755000   3.828970  -4.505640   0.352890   4.005590
 -3.608630   0.755000   3.828970  -3.423930   1.449870   4.523890
 -3.608630   0.755000   3.828970  -3.626080   1.213730   2.936600
 -1.215460  -0.764380   3.542000  -2.124170  -0.452920   3.731380
  1.821380   2.168290   4.369880   1.274570   2.243930   5.202740
  1.821380   2.168290   4.369880   2.782040   2.316490   4.598480
  1.821380   2.168290   4.369880   1.519690   2.881380   3.730720
  1.191390  -0.145170   2.957710   1.594890   0.552780   3.529150
  2.365110   5.144000  -0.205280   1.797350   4.319190  -0.146910
  2.365110   5.144000  -0.205280   2.211750   5.577960  -1.090820
 -2.411180   6.358400   1.430770  -2.353150   7.032710   2.010080
  2.365110   5.144000  -0.205280   2.086490   5.781500   0.509690
 -3.709660   6.197910   0.930620  -3.755710   5.212280   0.393990
 -3.709660   6.197910   0.930620  -4.447540   6.159110   1.765580
 -3.709660   6.197910   0.930620  -3.983900   7.030780   0.243810
 -2.411180   6.358400   1.430770  -3.709660   6.197910   0.930620
 -1.179900   3.203700   2.173980  -0.684410   3.305180   0.896450
 -1.179900   3.203700   2.173980  -2.527500   3.076330   2.421090
 -1.179900   3.203700   2.173980  -0.376040   3.688020   3.182470
 -0.668570   1.464380   2.399930  -1.179900   3.203700   2.173980
 -0.293380   0.011030   2.538690  -0.668570   1.464380   2.399930
 -0.293380   0.011030   2.538690  -1.215460  -0.764380   3.542000
 -0.293380   0.011030   2.538690   1.191390  -0.145170   2.957710
 -0.398390  -0.713530   1.138490  -0.293380   0.011030   2.538690
  0.334580  -0.166970   0.058050  -0.398390  -0.713530   1.138490
  0.334580  -0.166970   0.058050   0.043990  -0.758860  -0.845690
  0.334580  -0.166970   0.058050   0.053880   0.912600  -0.058090
  0.334580  -0.166970   0.058050   1.426570  -0.281230   0.272450
