33 atoms follow (x y z r g b radiusScale)
 -0.483110  -0.260480  -0.016820   0.000000   1.000000   0.000000   1.850000
  0.404130  -0.445270  -0.677910   1.000000   1.000000   1.000000   1.200000
 -0.716230   0.837670   0.040660   1.000000   1.000000   1.000000   1.200000
 -1.357440  -0.837430  -0.418750   1.000000   1.000000   1.000000   1.200000
 -0.179690  -0.779710   1.257690   1.000000   0.000000   0.000000   1.400000
 -0.225000   0.170480   2.526200   0.500000   0.500000   0.500000   1.900000
  1.210970   0.018450   3.160000   1.000000   0.000000   0.000000   1.400000
 -1.133470  -0.587720   3.556470   1.000000   0.000000   0.000000   1.400000
 -0.678380   1.555410   2.250510   1.000000   0.000000   0.000000   1.400000
 -1.185760   3.428700   1.764050   1.000000   1.000000   0.000000   1.850000
 -0.110890   3.869130   2.586820   1.000000   0.000000   0.000000   1.400000
 -2.436640   3.045390   2.197680   1.000000   0.000000   0.000000   1.400000
 -0.729610   3.152650   0.454170   1.000000   0.000000   0.000000   1.400000
 -1.595330   5.132960   1.369910   1.000000   0.000000   0.000000   1.400000
 -2.658050   5.772780   1.986160   0.000000   1.000000   0.000000   1.850000
 -3.632870   5.366390   1.610320   1.000000   1.000000   1.000000   1.200000
 -2.597530   6.867500   1.751690   1.000000   1.000000   1.000000   1.200000
 -2.611370   5.631590   3.098950   1.000000   1.000000   1.000000   1.200000
  0.931160   5.301560   0.535970   0.000000   0.000000   1.000000   1.540000
  1.240950   4.698800   1.309340   1.000000   1.000000   1.000000   1.200000
  1.700460   5.695850   0.021090   1.000000   1.000000   1.000000   1.200000
  0.318780   6.023270   0.951530   1.000000   1.000000   1.000000   1.200000
  0.305030   4.711490  -0.073320   1.000000   1.000000   1.000000   1.200000
  1.299820   2.452540   4.879100   0.000000   0.000000   1.000000   1.540000
  1.490860   0.684220   3.802500   1.000000   1.000000   1.000000   1.200000
  0.881890   3.035020   4.176040   1.000000   1.000000   1.000000   1.200000
  2.169970   2.852300   5.159470   1.000000   1.000000   1.000000   1.200000
  0.695960   2.418260   5.673300   1.000000   1.000000   1.000000   1.200000
 -3.521530   0.925010   3.599580   0.000000   0.000000   1.000000   1.540000
 -2.057250  -0.296470   3.667970   1.000000   1.000000   1.000000   1.200000
 -3.654290   1.272280   2.667740   1.000000   1.000000   1.000000   1.200000
 -3.133900   1.674810   4.138330   1.000000   1.000000   1.000000   1.200000
 -4.405920   0.671630   3.986080   1.000000   1.000000   1.000000   1.200000
28 bonds follow (x1 y1 z1 x2 y2 z2)
 -3.521530   0.925010   3.599580  -4.405920   0.671630   3.986080
 -3.521530   0.925010   3.599580  -3.133900   1.674810   4.138330
 -3.521530   0.925010   3.599580  -3.654290   1.272280   2.667740
 -1.133470  -0.587720   3.556470  -2.057250  -0.296470   3.667970
  1.299820   2.452540   4.879100   0.695960   2.418260   5.673300
  1.299820   2.452540   4.879100   2.169970   2.852300   5.159470
  1.299820   2.452540   4.879100   0.881890   3.035020   4.176040
  1.210970   0.018450   3.160000   1.490860   0.684220   3.802500
  0.931160   5.301560   0.535970   0.305030   4.711490  -0.073320
  0.931160   5.301560   0.535970   0.318780   6.023270   0.951530
  0.931160   5.301560   0.535970   1.700460   5.695850   0.021090
  0.931160   5.301560   0.535970   1.240950   4.698800   1.309340
 -2.658050   5.772780   1.986160  -2.611370   5.631590   3.098950
 -2.658050   5.772780   1.986160  -2.597530   6.867500   1.751690
 -2.658050   5.772780   1.986160  -3.632870   5.366390   1.610320
 -1.595330   5.132960   1.369910  -2.658050   5.772780   1.986160
 -1.185760   3.428700   1.764050  -1.595330   5.132960   1.369910
 -1.185760   3.428700   1.764050  -0.729610   3.152650   0.454170
 -1.185760   3.428700   1.764050  -2.436640   3.045390   2.197680
 -1.185760   3.428700   1.764050  -0.110890   3.869130   2.586820
 -0.225000   0.170480   2.526200  -0.678380   1.555410   2.250510
 -0.225000   0.170480   2.526200  -1.133470  -0.587720   3.556470
 -0.225000   0.170480   2.526200   1.210970   0.018450   3.160000
 -0.179690  -0.779710   1.257690  -0.225000   0.170480   2.526200
 -0.483110  -0.260480  -0.016820  -0.179690  -0.779710   1.257690
 -0.483110  -0.260480  -0.016820  -1.357440  -0.837430  -0.418750
 -0.483110  -0.260480  -0.016820  -0.716230   0.837670   0.040660
 -0.483110  -0.260480  -0.016820   0.404130  -0.445270  -0.677910
