33 atoms follow (x y z r g b radiusScale)
  0.320330  -0.168680   0.063440   0.000000   1.000000   0.000000   1.850000
  1.414290  -0.289660   0.261600   1.000000   1.000000   1.000000   1.200000
  0.040680   0.914240  -0.030200   1.000000   1.000000   1.000000   1.200000
  0.015450  -0.745980  -0.845100   1.000000   1.000000   1.000000   1.200000
 -0.399410  -0.734640   1.144620   1.000000   0.000000   0.000000   1.400000
 -0.289880   0.005030   2.531520   0.500000   0.500000   0.500000   1.900000
  1.199380  -0.147120   2.950000   1.000000   0.000000   0.000000   1.400000
 -1.218740  -0.748090   3.533710   1.000000   0.000000   0.000000   1.400000
 -0.672490   1.459290   2.398620   1.000000   0.000000   0.000000   1.400000
 -1.174890   3.191900   2.172830   1.000000   1.000000   0.000000   1.850000
 -0.359730   3.706160   3.156470   1.000000   0.000000   0.000000   1.400000
 -2.516060   3.063140   2.436070   1.000000   0.000000   0.000000   1.400000
 -0.712330   3.318330   0.884790   1.000000   0.000000   0.000000   1.400000
 -2.380560   6.309530   1.436920   1.000000   0.000000   0.000000   1.400000
 -3.700680   6.200560   0.922970   0.000000   1.000000   0.000000   1.850000
 -3.934650   6.997420   0.176440   1.000000   1.000000   1.000000   1.200000
 -4.446450   6.204970   1.765860   1.000000   1.000000   1.000000   1.200000
 -3.663290   5.201350   0.432980   1.000000   1.000000   1.000000   1.200000
  2.347670   5.182270  -0.195240   0.000000   0.000000   1.000000   1.540000
  2.100800   5.835100   0.519080   1.000000   1.000000   1.000000   1.200000
 -2.448790   7.161190   1.980600   1.000000   1.000000   1.000000   1.200000
  2.222390   5.625420  -1.079700   1.000000   1.000000   1.000000   1.200000
  1.697450   4.420620  -0.135940   1.000000   1.000000   1.000000   1.200000
  1.823600   2.172690   4.396090   0.000000   0.000000   1.000000   1.540000
  1.617090   0.518320   3.543160   1.000000   1.000000   1.000000   1.200000
  1.522200   2.882560   3.753380   1.000000   1.000000   1.000000   1.200000
  2.777690   2.337240   4.641000   1.000000   1.000000   1.000000   1.200000
  1.263230   2.239630   5.220780   1.000000   1.000000   1.000000   1.200000
 -3.633410   0.769590   3.838640   0.000000   0.000000   1.000000   1.540000
 -2.123190  -0.415360   3.721320   1.000000   1.000000   1.000000   1.200000
 -3.625490   1.219200   2.941310   1.000000   1.000000   1.000000   1.200000
 -3.438810   1.468620   4.527300   1.000000   1.000000   1.000000   1.200000
 -4.546460   0.400350   4.004400   1.000000   1.000000   1.000000   1.200000
28 bonds follow (x1 y1 z1 x2 y2 z2)
 -3.633410   0.769590   3.838640  -4.546460   0.400350   4.004400
 -3.633410   0.769590   3.838640  -3.438810   1.468620   4.527300
 -3.633410   0.769590   3.838640  -3.625490   1.219200   2.941310
 -1.218740  -0.748090   3.533710  -2.123190  -0.415360   3.721320
  1.823600   2.172690   4.396090   1.263230   2.239630   5.220780
  1.823600   2.172690   4.396090   2.777690   2.337240   4.641000
  1.823600   2.172690   4.396090   1.522200   2.882560   3.753380
  1.199380  -0.147120   2.950000   1.617090   0.518320   3.543160
  2.347670   5.182270  -0.195240   1.697450   4.420620  -0.135940
  2.347670   5.182270  -0.195240   2.222390   5.625420  -1.079700
 -2.380560   6.309530   1.436920  -2.448790   7.161190   1.980600
  2.347670   5.182270  -0.195240   2.100800   5.835100   0.519080
 -3.700680   6.200560   0.922970  -3.663290   5.201350   0.432980
 -3.700680   6.200560   0.922970  -4.446450   6.204970   1.765860
 -3.700680   6.200560   0.922970  -3.934650   6.997420   0.176440
 -2.380560   6.309530   1.436920  -3.700680   6.200560   0.922970
 -1.174890   3.191900   2.172830  -0.712330   3.318330   0.884790
 -1.174890   3.191900   2.172830  -2.516060   3.063140   2.436070
 -1.174890   3.191900   2.172830  -0.359730   3.706160   3.156470
 -0.672490   1.459290   2.398620  -1.174890   3.191900   2.172830
 -0.289880   0.005030   2.531520  -0.672490   1.459290   2.398620
 -0.289880   0.005030   2.531520  -1.218740  -0.748090   3.533710
 -0.289880   0.005030   2.531520   1.199380  -0.147120   2.950000
 -0.399410  -0.734640   1.144620  -0.289880   0.005030   2.531520
  0.320330  -0.168680   0.063440  -0.399410  -0.734640   1.144620
  0.320330  -0.168680   0.063440   0.015450  -0.745980  -0.845100
  0.320330  -0.168680   0.063440   0.040680   0.914240  -0.030200
  0.320330  -0.168680   0.063440   1.414290  -0.289660   0.261600
