33 atoms follow (x y z r g b radiusScale)
 -0.001110   0.000500   0.001310   0.000000   1.000000   0.000000   1.850000
  1.118000   0.000260  -0.001700   1.000000   1.000000   1.000000   1.200000
 -0.404890   1.050640   0.005660   1.000000   1.000000   1.000000   1.200000
 -0.389150  -0.574760  -0.876170   1.000000   1.000000   1.000000   1.200000
 -0.443960  -0.682960   1.155770   1.000000   0.000000   0.000000   1.400000
 -0.330600   0.132080   2.515930   0.500000   0.500000   0.500000   1.900000
  1.153820  -0.068190   2.992770   1.000000   0.000000   0.000000   1.400000
 -1.241060  -0.625730   3.540280   1.000000   0.000000   0.000000   1.400000
 -0.676550   1.568480   2.366760   1.000000   0.000000   0.000000   1.400000
 -1.167350   3.429770   1.969640   1.000000   1.000000   0.000000   1.850000
 -0.014640   3.851160   2.683780   1.000000   0.000000   0.000000   1.400000
 -2.399320   3.139040   2.536130   1.000000   0.000000   0.000000   1.400000
 -0.834200   3.171790   0.612120   1.000000   0.000000   0.000000   1.400000
 -1.585630   5.132870   1.611960   1.000000   0.000000   0.000000   1.400000
 -2.729770   5.594230   0.988890   0.000000   1.000000   0.000000   1.850000
 -2.723120   5.307380  -0.097630   1.000000   1.000000   1.000000   1.200000
 -2.738960   6.714310   1.068820   1.000000   1.000000   1.000000   1.200000
 -3.648190   5.178510   1.476370   1.000000   1.000000   1.000000   1.200000
  0.817250   5.409650   0.490470   0.000000   0.000000   1.000000   1.540000
  1.173290   5.088290   1.406060   1.000000   1.000000   1.000000   1.200000
 -0.124550   5.842730   0.690090   1.000000   1.000000   1.000000   1.200000
  0.627690   4.560160  -0.066640   1.000000   1.000000   1.000000   1.200000
  1.448010   6.046600   0.029110   1.000000   1.000000   1.000000   1.200000
  1.620760   2.232890   4.686230   0.000000   0.000000   1.000000   1.540000
  1.510520   0.568500   3.635420   1.000000   1.000000   1.000000   1.200000
  1.162940   2.884110   4.072840   1.000000   1.000000   1.000000   1.200000
  2.564310   2.522090   4.831280   1.000000   1.000000   1.000000   1.200000
  1.149330   2.225540   5.565790   1.000000   1.000000   1.000000   1.200000
 -3.598380   0.957840   3.768020   0.000000   0.000000   1.000000   1.540000
 -2.133360  -0.267720   3.723980   1.000000   1.000000   1.000000   1.200000
 -3.827920   1.192960   2.821820   1.000000   1.000000   1.000000   1.200000
 -3.163140   1.767460   4.170460   1.000000   1.000000   1.000000   1.200000
 -4.439420   0.757580   4.266170   1.000000   1.000000   1.000000   1.200000
28 bonds follow (x1 y1 z1 x2 y2 z2)
 -3.598380   0.957840   3.768020  -4.439420   0.757580   4.266170
 -3.598380   0.957840   3.768020  -3.163140   1.767460   4.170460
 -3.598380   0.957840   3.768020  -3.827920   1.192960   2.821820
 -1.241060  -0.625730   3.540280  -2.133360  -0.267720   3.723980
  1.620760   2.232890   4.686230   1.149330   2.225540   5.565790
  1.620760   2.232890   4.686230   2.564310   2.522090   4.831280
  1.620760   2.232890   4.686230   1.162940   2.884110   4.072840
  1.153820  -0.068190   2.992770   1.510520   0.568500   3.635420
  0.817250   5.409650   0.490470   1.448010   6.046600   0.029110
  0.817250   5.409650   0.490470   0.627690   4.560160  -0.066640
  0.817250   5.409650   0.490470  -0.124550   5.842730   0.690090
  0.817250   5.409650   0.490470   1.173290   5.088290   1.406060
 -2.729770   5.594230   0.988890  -3.648190   5.178510   1.476370
 -2.729770   5.594230   0.988890  -2.738960   6.714310   1.068820
 -2.729770   5.594230   0.988890  -2.723120   5.307380  -0.097630
 -1.585630   5.132870   1.611960  -2.729770   5.594230   0.988890
 -1.167350   3.429770   1.969640  -1.585630   5.132870   1.611960
 -1.167350   3.429770   1.969640  -0.834200   3.171790   0.612120
 -1.167350   3.429770   1.969640  -2.399320   3.139040   2.536130
 -1.167350   3.429770   1.969640  -0.014640   3.851160   2.683780
 -0.330600   0.132080   2.515930  -0.676550   1.568480   2.366760
 -0.330600   0.132080   2.515930  -1.241060  -0.625730   3.540280
 -0.330600   0.132080   2.515930   1.153820  -0.068190   2.992770
 -0.443960  -0.682960   1.155770  -0.330600   0.132080   2.515930
 -0.001110   0.000500   0.001310  -0.443960  -0.682960   1.155770
 -0.001110   0.000500   0.001310  -0.389150  -0.574760  -0.876170
 -0.001110   0.000500   0.001310  -0.404890   1.050640   0.005660
 -0.001110   0.000500   0.001310   1.118000   0.000260  -0.001700
