33 atoms follow (x y z r g b radiusScale)
 -0.021670   0.012440  -0.026240   0.000000   1.000000   0.000000   1.850000
  1.096840  -0.018780  -0.050100   1.000000   1.000000   1.000000   1.200000
 -0.397610   1.072930  -0.020240   1.000000   1.000000   1.000000   1.200000
 -0.440240  -0.556240  -0.893960   1.000000   1.000000   1.000000   1.200000
 -0.461000  -0.652920   1.139310   1.000000   0.000000   0.000000   1.400000
 -0.303120   0.162520   2.494020   0.500000   0.500000   0.500000   1.900000
  1.168490  -0.094360   2.988470   1.000000   0.000000   0.000000   1.400000
 -1.226530  -0.577620   3.515860   1.000000   0.000000   0.000000   1.400000
 -0.619980   1.606530   2.353900   1.000000   0.000000   0.000000   1.400000
 -1.207170   3.442500   1.968340   1.000000   1.000000   0.000000   1.850000
 -0.068170   3.899700   2.687640   1.000000   0.000000   0.000000   1.400000
 -2.429930   3.149810   2.567760   1.000000   0.000000   0.000000   1.400000
 -0.831260   3.144090   0.625740   1.000000   0.000000   0.000000   1.400000
 -1.547270   5.126960   1.463010   1.000000   0.000000   0.000000   1.400000
 -2.837810   5.501270   1.136860   0.000000   1.000000   0.000000   1.850000
 -3.052280   5.246620   0.063930   1.000000   1.000000   1.000000   1.200000
 -2.935820   6.609580   1.275400   1.000000   1.000000   1.000000   1.200000
 -3.586380   4.983350   1.792900   1.000000   1.000000   1.000000   1.200000
  0.984050   5.291300   0.538260   0.000000   0.000000   1.000000   1.540000
  0.840110   5.190110   1.572230   1.000000   1.000000   1.000000   1.200000
  0.846240   6.248020   0.261840   1.000000   1.000000   1.000000   1.200000
  0.236090   4.684310   0.114730   1.000000   1.000000   1.000000   1.200000
  1.902770   4.964090   0.272280   1.000000   1.000000   1.000000   1.200000
  1.591650   2.274690   4.693700   0.000000   0.000000   1.000000   1.540000
  1.541510   0.530850   3.628180   1.000000   1.000000   1.000000   1.200000
  1.087450   2.875480   4.064650   1.000000   1.000000   1.000000   1.200000
  2.517250   2.628520   4.810550   1.000000   1.000000   1.000000   1.200000
  1.135670   2.280170   5.581710   1.000000   1.000000   1.000000   1.200000
 -3.621940   0.930200   3.783520   0.000000   0.000000   1.000000   1.540000
 -2.124700  -0.225390   3.682940   1.000000   1.000000   1.000000   1.200000
 -3.877820   1.209030   2.856560   1.000000   1.000000   1.000000   1.200000
 -3.229900   1.735420   4.234240   1.000000   1.000000   1.000000   1.200000
 -4.439380   0.640980   4.277030   1.000000   1.000000   1.000000   1.200000
28 bonds follow (x1 y1 z1 x2 y2 z2)
 -3.621940   0.930200   3.783520  -4.439380   0.640980   4.277030
 -3.621940   0.930200   3.783520  -3.229900   1.735420   4.234240
 -3.621940   0.930200   3.783520  -3.877820   1.209030   2.856560
 -1.226530  -0.577620   3.515860  -2.124700  -0.225390   3.682940
  1.591650   2.274690   4.693700   1.135670   2.280170   5.581710
  1.591650   2.274690   4.693700   2.517250   2.628520   4.810550
  1.591650   2.274690   4.693700   1.087450   2.875480   4.064650
  1.168490  -0.094360   2.988470   1.541510   0.530850   3.628180
  0.984050   5.291300   0.538260   1.902770   4.964090   0.272280
  0.984050   5.291300   0.538260   0.236090   4.684310   0.114730
  0.984050   5.291300   0.538260   0.846240   6.248020   0.261840
  0.984050   5.291300   0.538260   0.840110   5.190110   1.572230
 -2.837810   5.501270   1.136860  -3.586380   4.983350   1.792900
 -2.837810   5.501270   1.136860  -2.935820   6.609580   1.275400
 -2.837810   5.501270   1.136860  -3.052280   5.246620   0.063930
 -1.547270   5.126960   1.463010  -2.837810   5.501270   1.136860
 -1.207170   3.442500   1.968340  -1.547270   5.126960   1.463010
 -1.207170   3.442500   1.968340  -0.831260   3.144090   0.625740
 -1.207170   3.442500   1.968340  -2.429930   3.149810   2.567760
 -1.207170   3.442500   1.968340  -0.068170   3.899700   2.687640
 -0.303120   0.162520   2.494020  -0.619980   1.606530   2.353900
 -0.303120   0.162520   2.494020  -1.226530  -0.577620   3.515860
 -0.303120   0.162520   2.494020   1.168490  -0.094360   2.988470
 -0.461000  -0.652920   1.139310  -0.303120   0.162520   2.494020
 -0.021670   0.012440  -0.026240  -0.461000  -0.652920   1.139310
 -0.021670   0.012440  -0.026240  -0.440240  -0.556240  -0.893960
 -0.021670   0.012440  -0.026240  -0.397610   1.072930  -0.020240
 -0.021670   0.012440  -0.026240   1.096840  -0.018780  -0.050100
