33 atoms follow (x y z r g b radiusScale)
 -0.060420  -0.009310  -0.002930   0.000000   1.000000   0.000000   1.850000
  1.031930  -0.190410  -0.172470   1.000000   1.000000   1.000000   1.200000
 -0.287910   1.088360   0.083360   1.000000   1.000000   1.000000   1.200000
 -0.648390  -0.464530  -0.840520   1.000000   1.000000   1.000000   1.200000
 -0.453350  -0.680740   1.174790   1.000000   0.000000   0.000000   1.400000
 -0.293560   0.126720   2.534190   0.500000   0.500000   0.500000   1.900000
  1.207740  -0.048570   2.984220   1.000000   0.000000   0.000000   1.400000
 -1.162890  -0.701430   3.544850   1.000000   0.000000   0.000000   1.400000
 -0.703830   1.547590   2.423790   1.000000   0.000000   0.000000   1.400000
 -1.178480   3.450810   1.900810   1.000000   1.000000   0.000000   1.850000
 -0.132620   3.920010   2.734430   1.000000   0.000000   0.000000   1.400000
 -2.455710   3.144150   2.337420   1.000000   0.000000   0.000000   1.400000
 -0.717140   3.150010   0.593660   1.000000   0.000000   0.000000   1.400000
 -1.534940   5.143080   1.410460   1.000000   0.000000   0.000000   1.400000
 -2.809780   5.680160   1.398430   0.000000   1.000000   0.000000   1.850000
 -3.338870   5.392570   0.451210   1.000000   1.000000   1.000000   1.200000
 -2.727380   6.797540   1.447460   1.000000   1.000000   1.000000   1.200000
 -3.405670   5.313450   2.274680   1.000000   1.000000   1.000000   1.200000
  0.883520   5.278820   0.483350   0.000000   0.000000   1.000000   1.540000
  0.602010   5.469260   1.470050   1.000000   1.000000   1.000000   1.200000
  1.479250   5.997000   0.108350   1.000000   1.000000   1.000000   1.200000
 -0.015850   5.191180  -0.033930   1.000000   1.000000   1.000000   1.200000
  1.323480   4.348530   0.466270   1.000000   1.000000   1.000000   1.200000
  1.533050   2.311520   4.698730   0.000000   0.000000   1.000000   1.540000
  1.531770   0.537170   3.685460   1.000000   1.000000   1.000000   1.200000
  0.993680   2.948740   4.140180   1.000000   1.000000   1.000000   1.200000
  2.437210   2.700430   4.860810   1.000000   1.000000   1.000000   1.200000
  1.079530   2.184580   5.579070   1.000000   1.000000   1.000000   1.200000
 -3.578280   0.940240   3.749420   0.000000   0.000000   1.000000   1.540000
 -2.075960  -0.406590   3.703450   1.000000   1.000000   1.000000   1.200000
 -3.817020   1.151480   2.799430   1.000000   1.000000   1.000000   1.200000
 -3.092970   1.741390   4.108230   1.000000   1.000000   1.000000   1.200000
 -4.420000   0.813860   4.271320   1.000000   1.000000   1.000000   1.200000
28 bonds follow (x1 y1 z1 x2 y2 z2)
 -3.578280   0.940240   3.749420  -4.420000   0.813860   4.271320
 -3.578280   0.940240   3.749420  -3.092970   1.741390   4.108230
 -3.578280   0.940240   3.749420  -3.817020   1.151480   2.799430
 -1.162890  -0.701430   3.544850  -2.075960  -0.406590   3.703450
  1.533050   2.311520   4.698730   1.079530   2.184580   5.579070
  1.533050   2.311520   4.698730   2.437210   2.700430   4.860810
  1.533050   2.311520   4.698730   0.993680   2.948740   4.140180
  1.207740  -0.048570   2.984220   1.531770   0.537170   3.685460
  0.883520   5.278820   0.483350   1.323480   4.348530   0.466270
  0.883520   5.278820   0.483350  -0.015850   5.191180  -0.033930
  0.883520   5.278820   0.483350   1.479250   5.997000   0.108350
  0.883520   5.278820   0.483350   0.602010   5.469260   1.470050
 -2.809780   5.680160   1.398430  -3.405670   5.313450   2.274680
 -2.809780   5.680160   1.398430  -2.727380   6.797540   1.447460
 -2.809780   5.680160   1.398430  -3.338870   5.392570   0.451210
 -1.534940   5.143080   1.410460  -2.809780   5.680160   1.398430
 -1.178480   3.450810   1.900810  -1.534940   5.143080   1.410460
 -1.178480   3.450810   1.900810  -0.717140   3.150010   0.593660
 -1.178480   3.450810   1.900810  -2.455710   3.144150   2.337420
 -1.178480   3.450810   1.900810  -0.132620   3.920010   2.734430
 -0.293560   0.126720   2.534190  -0.703830   1.547590   2.423790
 -0.293560   0.126720   2.534190  -1.162890  -0.701430   3.544850
 -0.293560   0.126720   2.534190   1.207740  -0.048570   2.984220
 -0.453350  -0.680740   1.174790  -0.293560   0.126720   2.534190
 -0.060420  -0.009310  -0.002930  -0.453350  -0.680740   1.174790
 -0.060420  -0.009310  -0.002930  -0.648390  -0.464530  -0.840520
 -0.060420  -0.009310  -0.002930  -0.287910   1.088360   0.083360
 -0.060420  -0.009310  -0.002930   1.031930  -0.190410  -0.172470
