33 atoms follow (x y z r g b radiusScale)
 -0.027290   0.018220  -0.036290   0.000000   1.000000   0.000000   1.850000
  1.090830  -0.019090  -0.073340   1.000000   1.000000   1.000000   1.200000
 -0.398980   1.079590  -0.027010   1.000000   1.000000   1.000000   1.200000
 -0.457840  -0.549070  -0.899350   1.000000   1.000000   1.000000   1.200000
 -0.458000  -0.645040   1.133320   1.000000   0.000000   0.000000   1.400000
 -0.299760   0.164870   2.491800   0.500000   0.500000   0.500000   1.900000
  1.177450  -0.087470   2.978850   1.000000   0.000000   0.000000   1.400000
 -1.229750  -0.561240   3.515030   1.000000   0.000000   0.000000   1.400000
 -0.655100   1.601590   2.383080   1.000000   0.000000   0.000000   1.400000
 -1.190350   3.443400   1.959290   1.000000   1.000000   0.000000   1.850000
 -0.059020   3.913920   2.694510   1.000000   0.000000   0.000000   1.400000
 -2.397050   3.125910   2.566570   1.000000   0.000000   0.000000   1.400000
 -0.807550   3.103900   0.624260   1.000000   0.000000   0.000000   1.400000
 -1.586940   5.095740   1.439840   1.000000   0.000000   0.000000   1.400000
 -2.853880   5.562760   1.149130   0.000000   1.000000   0.000000   1.850000
 -3.122260   5.317110   0.086360   1.000000   1.000000   1.000000   1.200000
 -2.856080   6.678190   1.273130   1.000000   1.000000   1.000000   1.200000
 -3.619580   5.113030   1.833540   1.000000   1.000000   1.000000   1.200000
  0.966420   5.261780   0.563250   0.000000   0.000000   1.000000   1.540000
  0.808690   5.186660   1.593220   1.000000   1.000000   1.000000   1.200000
  0.891730   6.235070   0.276660   1.000000   1.000000   1.000000   1.200000
  0.188350   4.708730   0.132430   1.000000   1.000000   1.000000   1.200000
  1.862040   4.861370   0.312180   1.000000   1.000000   1.000000   1.200000
  1.586600   2.282520   4.695380   0.000000   0.000000   1.000000   1.540000
  1.533900   0.511920   3.651200   1.000000   1.000000   1.000000   1.200000
  1.074960   2.884960   4.074620   1.000000   1.000000   1.000000   1.200000
  2.507210   2.647040   4.818290   1.000000   1.000000   1.000000   1.200000
  1.129660   2.269210   5.582890   1.000000   1.000000   1.000000   1.200000
 -3.616710   0.932960   3.778130   0.000000   0.000000   1.000000   1.540000
 -2.120070  -0.183540   3.682010   1.000000   1.000000   1.000000   1.200000
 -3.866490   1.201910   2.846860   1.000000   1.000000   1.000000   1.200000
 -3.223810   1.741190   4.222650   1.000000   1.000000   1.000000   1.200000
 -4.434930   0.646270   4.271100   1.000000   1.000000   1.000000   1.200000
28 bonds follow (x1 y1 z1 x2 y2 z2)
 -3.616710   0.932960   3.778130  -4.434930   0.646270   4.271100
 -3.616710   0.932960   3.778130  -3.223810   1.741190   4.222650
 -3.616710   0.932960   3.778130  -3.866490   1.201910   2.846860
 -1.229750  -0.561240   3.515030  -2.120070  -0.183540   3.682010
  1.586600   2.282520   4.695380   1.129660   2.269210   5.582890
  1.586600   2.282520   4.695380   2.507210   2.647040   4.818290
  1.586600   2.282520   4.695380   1.074960   2.884960   4.074620
  1.177450  -0.087470   2.978850   1.533900   0.511920   3.651200
  0.966420   5.261780   0.563250   1.862040   4.861370   0.312180
  0.966420   5.261780   0.563250   0.188350   4.708730   0.132430
  0.966420   5.261780   0.563250   0.891730   6.235070   0.276660
  0.966420   5.261780   0.563250   0.808690   5.186660   1.593220
 -2.853880   5.562760   1.149130  -3.619580   5.113030   1.833540
 -2.853880   5.562760   1.149130  -2.856080   6.678190   1.273130
 -2.853880   5.562760   1.149130  -3.122260   5.317110   0.086360
 -1.586940   5.095740   1.439840  -2.853880   5.562760   1.149130
 -1.190350   3.443400   1.959290  -1.586940   5.095740   1.439840
 -1.190350   3.443400   1.959290  -0.807550   3.103900   0.624260
 -1.190350   3.443400   1.959290  -2.397050   3.125910   2.566570
 -1.190350   3.443400   1.959290  -0.059020   3.913920   2.694510
 -0.299760   0.164870   2.491800  -0.655100   1.601590   2.383080
 -0.299760   0.164870   2.491800  -1.229750  -0.561240   3.515030
 -0.299760   0.164870   2.491800   1.177450  -0.087470   2.978850
 -0.458000  -0.645040   1.133320  -0.299760   0.164870   2.491800
 -0.027290   0.018220  -0.036290  -0.458000  -0.645040   1.133320
 -0.027290   0.018220  -0.036290  -0.457840  -0.549070  -0.899350
 -0.027290   0.018220  -0.036290  -0.398980   1.079590  -0.027010
 -0.027290   0.018220  -0.036290   1.090830  -0.019090  -0.073340
