33 atoms follow (x y z r g b radiusScale)
 -0.326640  -0.091510  -0.070830   0.000000   1.000000   0.000000   1.850000
  0.613410  -0.353490  -0.624510   1.000000   1.000000   1.000000   1.200000
 -0.446580   1.019510   0.038080   1.000000   1.000000   1.000000   1.200000
 -1.203100  -0.528340  -0.618320   1.000000   1.000000   1.000000   1.200000
 -0.274240  -0.719120   1.195040   1.000000   0.000000   0.000000   1.400000
 -0.200660   0.160730   2.512390   0.500000   0.500000   0.500000   1.900000
  1.290310   0.033720   3.031590   1.000000   0.000000   0.000000   1.400000
 -1.016460  -0.604370   3.618720   1.000000   0.000000   0.000000   1.400000
 -0.678670   1.545220   2.298010   1.000000   0.000000   0.000000   1.400000
 -1.166410   3.418830   1.879450   1.000000   1.000000   0.000000   1.850000
  0.060560   3.802660   2.485140   1.000000   0.000000   0.000000   1.400000
 -2.331080   3.165890   2.581920   1.000000   0.000000   0.000000   1.400000
 -0.975680   3.097530   0.506530   1.000000   0.000000   0.000000   1.400000
 -1.495250   5.117260   1.456660   1.000000   0.000000   0.000000   1.400000
 -2.578500   5.880890   1.848180   0.000000   1.000000   0.000000   1.850000
 -3.058160   5.461990   2.770400   1.000000   1.000000   1.000000   1.200000
 -3.336260   5.915730   1.021260   1.000000   1.000000   1.000000   1.200000
 -2.220260   6.924630   2.055980   1.000000   1.000000   1.000000   1.200000
  0.869370   5.159640   0.296090   0.000000   0.000000   1.000000   1.540000
  1.325800   4.425630   0.857560   1.000000   1.000000   1.000000   1.200000
  1.516360   5.658590  -0.297260   1.000000   1.000000   1.000000   1.200000
  0.388420   5.782840   0.969250   1.000000   1.000000   1.000000   1.200000
  0.123100   4.697920  -0.237500   1.000000   1.000000   1.000000   1.200000
  1.007110   2.519600   5.009400   0.000000   0.000000   1.000000   1.540000
  1.473890   0.408090   3.896960   1.000000   1.000000   1.000000   1.200000
  1.198960   2.971470   4.133400   1.000000   1.000000   1.000000   1.200000
  1.616180   2.896080   5.705690   1.000000   1.000000   1.000000   1.200000
  0.065060   2.737110   5.263730   1.000000   1.000000   1.000000   1.200000
 -3.693580   0.773000   3.408310   0.000000   0.000000   1.000000   1.540000
 -1.976030  -0.512120   3.649430   1.000000   1.000000   1.000000   1.200000
 -3.573870   1.163630   2.491860   1.000000   1.000000   1.000000   1.200000
 -3.328950   1.449080   4.053370   1.000000   1.000000   1.000000   1.200000
 -4.672990   0.674010   3.579340   1.000000   1.000000   1.000000   1.200000
28 bonds follow (x1 y1 z1 x2 y2 z2)
 -3.693580   0.773000   3.408310  -4.672990   0.674010   3.579340
 -3.693580   0.773000   3.408310  -3.328950   1.449080   4.053370
 -3.693580   0.773000   3.408310  -3.573870   1.163630   2.491860
 -1.016460  -0.604370   3.618720  -1.976030  -0.512120   3.649430
  1.007110   2.519600   5.009400   0.065060   2.737110   5.263730
  1.007110   2.519600   5.009400   1.616180   2.896080   5.705690
  1.007110   2.519600   5.009400   1.198960   2.971470   4.133400
  1.290310   0.033720   3.031590   1.473890   0.408090   3.896960
  0.869370   5.159640   0.296090   0.123100   4.697920  -0.237500
  0.869370   5.159640   0.296090   0.388420   5.782840   0.969250
  0.869370   5.159640   0.296090   1.516360   5.658590  -0.297260
  0.869370   5.159640   0.296090   1.325800   4.425630   0.857560
 -2.578500   5.880890   1.848180  -2.220260   6.924630   2.055980
 -2.578500   5.880890   1.848180  -3.336260   5.915730   1.021260
 -2.578500   5.880890   1.848180  -3.058160   5.461990   2.770400
 -1.495250   5.117260   1.456660  -2.578500   5.880890   1.848180
 -1.166410   3.418830   1.879450  -1.495250   5.117260   1.456660
 -1.166410   3.418830   1.879450  -0.975680   3.097530   0.506530
 -1.166410   3.418830   1.879450  -2.331080   3.165890   2.581920
 -1.166410   3.418830   1.879450   0.060560   3.802660   2.485140
 -0.200660   0.160730   2.512390  -0.678670   1.545220   2.298010
 -0.200660   0.160730   2.512390  -1.016460  -0.604370   3.618720
 -0.200660   0.160730   2.512390   1.290310   0.033720   3.031590
 -0.274240  -0.719120   1.195040  -0.200660   0.160730   2.512390
 -0.326640  -0.091510  -0.070830  -0.274240  -0.719120   1.195040
 -0.326640  -0.091510  -0.070830  -1.203100  -0.528340  -0.618320
 -0.326640  -0.091510  -0.070830  -0.446580   1.019510   0.038080
 -0.326640  -0.091510  -0.070830   0.613410  -0.353490  -0.624510
