33 atoms follow (x y z r g b radiusScale)
  0.365670  -0.143160   0.086490   0.000000   1.000000   0.000000   1.850000
  1.442760  -0.248570   0.371850   1.000000   1.000000   1.000000   1.200000
  0.083750   0.934560  -0.050430   1.000000   1.000000   1.000000   1.200000
  0.138140  -0.738070  -0.832940   1.000000   1.000000   1.000000   1.200000
 -0.428140  -0.690670   1.120920   1.000000   0.000000   0.000000   1.400000
 -0.298430   0.019410   2.525020   0.500000   0.500000   0.500000   1.900000
  1.170070  -0.142530   2.996770   1.000000   0.000000   0.000000   1.400000
 -1.183710  -0.777330   3.529120   1.000000   0.000000   0.000000   1.400000
 -0.730900   1.461220   2.432570   1.000000   0.000000   0.000000   1.400000
 -1.160450   3.210090   2.191090   1.000000   1.000000   0.000000   1.850000
 -0.439680   3.680540   3.269590   1.000000   0.000000   0.000000   1.400000
 -2.509890   3.091970   2.344930   1.000000   0.000000   0.000000   1.400000
 -0.646450   3.285460   0.916390   1.000000   0.000000   0.000000   1.400000
 -2.465350   6.439960   1.403720   1.000000   0.000000   0.000000   1.400000
 -3.768780   6.224330   0.956250   0.000000   1.000000   0.000000   1.850000
 -4.177790   7.096910   0.396980   1.000000   1.000000   1.000000   1.200000
 -4.436370   6.003220   1.833780   1.000000   1.000000   1.000000   1.200000
 -3.762350   5.316340   0.314130   1.000000   1.000000   1.000000   1.200000
  2.409200   5.023030  -0.231530   0.000000   0.000000   1.000000   1.540000
  2.026230   5.598830   0.490530   1.000000   1.000000   1.000000   1.200000
 -2.393170   7.138430   2.233740   1.000000   1.000000   1.000000   1.200000
  2.118760   5.403760  -1.108210   1.000000   1.000000   1.000000   1.200000
  2.016220   4.109160  -0.145990   1.000000   1.000000   1.000000   1.200000
  1.837180   2.184100   4.315040   0.000000   0.000000   1.000000   1.540000
  1.606760   0.593990   3.491490   1.000000   1.000000   1.000000   1.200000
  1.529970   2.893910   3.675240   1.000000   1.000000   1.000000   1.200000
  2.805020   2.320640   4.519260   1.000000   1.000000   1.000000   1.200000
  1.309340   2.279090   5.158360   1.000000   1.000000   1.000000   1.200000
 -3.533620   0.726270   3.783530   0.000000   0.000000   1.000000   1.540000
 -2.081580  -0.436500   3.736320   1.000000   1.000000   1.000000   1.200000
 -3.699070   1.270780   2.957860   1.000000   1.000000   1.000000   1.200000
 -3.329930   1.351530   4.536170   1.000000   1.000000   1.000000   1.200000
 -4.347340   0.194860   4.009480   1.000000   1.000000   1.000000   1.200000
28 bonds follow (x1 y1 z1 x2 y2 z2)
 -3.533620   0.726270   3.783530  -4.347340   0.194860   4.009480
 -3.533620   0.726270   3.783530  -3.329930   1.351530   4.536170
 -3.533620   0.726270   3.783530  -3.699070   1.270780   2.957860
 -1.183710  -0.777330   3.529120  -2.081580  -0.436500   3.736320
  1.837180   2.184100   4.315040   1.309340   2.279090   5.158360
  1.837180   2.184100   4.315040   2.805020   2.320640   4.519260
  1.837180   2.184100   4.315040   1.529970   2.893910   3.675240
  1.170070  -0.142530   2.996770   1.606760   0.593990   3.491490
  2.409200   5.023030  -0.231530   2.016220   4.109160  -0.145990
  2.409200   5.023030  -0.231530   2.118760   5.403760  -1.108210
 -2.465350   6.439960   1.403720  -2.393170   7.138430   2.233740
  2.409200   5.023030  -0.231530   2.026230   5.598830   0.490530
 -3.768780   6.224330   0.956250  -3.762350   5.316340   0.314130
 -3.768780   6.224330   0.956250  -4.436370   6.003220   1.833780
 -3.768780   6.224330   0.956250  -4.177790   7.096910   0.396980
 -2.465350   6.439960   1.403720  -3.768780   6.224330   0.956250
 -1.160450   3.210090   2.191090  -0.646450   3.285460   0.916390
 -1.160450   3.210090   2.191090  -2.509890   3.091970   2.344930
 -1.160450   3.210090   2.191090  -0.439680   3.680540   3.269590
 -0.730900   1.461220   2.432570  -1.160450   3.210090   2.191090
 -0.298430   0.019410   2.525020  -0.730900   1.461220   2.432570
 -0.298430   0.019410   2.525020  -1.183710  -0.777330   3.529120
 -0.298430   0.019410   2.525020   1.170070  -0.142530   2.996770
 -0.428140  -0.690670   1.120920  -0.298430   0.019410   2.525020
  0.365670  -0.143160   0.086490  -0.428140  -0.690670   1.120920
  0.365670  -0.143160   0.086490   0.138140  -0.738070  -0.832940
  0.365670  -0.143160   0.086490   0.083750   0.934560  -0.050430
  0.365670  -0.143160   0.086490   1.442760  -0.248570   0.371850
