33 atoms follow (x y z r g b radiusScale)
 -0.453550  -0.246460  -0.004370   0.000000   1.000000   0.000000   1.850000
  0.466210  -0.397610  -0.629080   1.000000   1.000000   1.000000   1.200000
 -0.706710   0.845810   0.068150   1.000000   1.000000   1.000000   1.200000
 -1.299580  -0.820620  -0.465440   1.000000   1.000000   1.000000   1.200000
 -0.212000  -0.796460   1.271480   1.000000   0.000000   0.000000   1.400000
 -0.212050   0.170830   2.536630   0.500000   0.500000   0.500000   1.900000
  1.231350   0.030710   3.143320   1.000000   0.000000   0.000000   1.400000
 -1.137470  -0.603130   3.533510   1.000000   0.000000   0.000000   1.400000
 -0.665280   1.545860   2.221240   1.000000   0.000000   0.000000   1.400000
 -1.187260   3.422640   1.766700   1.000000   1.000000   0.000000   1.850000
 -0.117320   3.851390   2.595280   1.000000   0.000000   0.000000   1.400000
 -2.453570   3.056610   2.203400   1.000000   0.000000   0.000000   1.400000
 -0.705860   3.188380   0.443210   1.000000   0.000000   0.000000   1.400000
 -1.608100   5.107630   1.386040   1.000000   0.000000   0.000000   1.400000
 -2.672880   5.778350   1.956300   0.000000   1.000000   0.000000   1.850000
 -3.641350   5.416990   1.522780   1.000000   1.000000   1.000000   1.200000
 -2.552830   6.872720   1.738350   1.000000   1.000000   1.000000   1.200000
 -2.692880   5.624140   3.067230   1.000000   1.000000   1.000000   1.200000
  0.941680   5.290990   0.551360   0.000000   0.000000   1.000000   1.540000
  1.415630   4.625870   1.188440   1.000000   1.000000   1.000000   1.200000
  1.589230   5.822150  -0.010870   1.000000   1.000000   1.000000   1.200000
  0.338580   5.887600   1.135840   1.000000   1.000000   1.000000   1.200000
  0.288750   4.728720  -0.031130   1.000000   1.000000   1.000000   1.200000
  1.314990   2.461760   4.852710   0.000000   0.000000   1.000000   1.540000
  1.478240   0.631710   3.859300   1.000000   1.000000   1.000000   1.200000
  0.882510   3.085310   4.195780   1.000000   1.000000   1.000000   1.200000
  2.217580   2.811780   5.093820   1.000000   1.000000   1.000000   1.200000
  0.758370   2.419730   5.680180   1.000000   1.000000   1.000000   1.200000
 -3.569500   0.950760   3.633360   0.000000   0.000000   1.000000   1.540000
 -2.055730  -0.293160   3.641260   1.000000   1.000000   1.000000   1.200000
 -3.732000   1.272040   2.697510   1.000000   1.000000   1.000000   1.200000
 -3.265310   1.740240   4.167350   1.000000   1.000000   1.000000   1.200000
 -4.422590   0.604830   4.018410   1.000000   1.000000   1.000000   1.200000
28 bonds follow (x1 y1 z1 x2 y2 z2)
 -3.569500   0.950760   3.633360  -4.422590   0.604830   4.018410
 -3.569500   0.950760   3.633360  -3.265310   1.740240   4.167350
 -3.569500   0.950760   3.633360  -3.732000   1.272040   2.697510
 -1.137470  -0.603130   3.533510  -2.055730  -0.293160   3.641260
  1.314990   2.461760   4.852710   0.758370   2.419730   5.680180
  1.314990   2.461760   4.852710   2.217580   2.811780   5.093820
  1.314990   2.461760   4.852710   0.882510   3.085310   4.195780
  1.231350   0.030710   3.143320   1.478240   0.631710   3.859300
  0.941680   5.290990   0.551360   0.288750   4.728720  -0.031130
  0.941680   5.290990   0.551360   0.338580   5.887600   1.135840
  0.941680   5.290990   0.551360   1.589230   5.822150  -0.010870
  0.941680   5.290990   0.551360   1.415630   4.625870   1.188440
 -2.672880   5.778350   1.956300  -2.692880   5.624140   3.067230
 -2.672880   5.778350   1.956300  -2.552830   6.872720   1.738350
 -2.672880   5.778350   1.956300  -3.641350   5.416990   1.522780
 -1.608100   5.107630   1.386040  -2.672880   5.778350   1.956300
 -1.187260   3.422640   1.766700  -1.608100   5.107630   1.386040
 -1.187260   3.422640   1.766700  -0.705860   3.188380   0.443210
 -1.187260   3.422640   1.766700  -2.453570   3.056610   2.203400
 -1.187260   3.422640   1.766700  -0.117320   3.851390   2.595280
 -0.212050   0.170830   2.536630  -0.665280   1.545860   2.221240
 -0.212050   0.170830   2.536630  -1.137470  -0.603130   3.533510
 -0.212050   0.170830   2.536630   1.231350   0.030710   3.143320
 -0.212000  -0.796460   1.271480  -0.212050   0.170830   2.536630
 -0.453550  -0.246460  -0.004370  -0.212000  -0.796460   1.271480
 -0.453550  -0.246460  -0.004370  -1.299580  -0.820620  -0.465440
 -0.453550  -0.246460  -0.004370  -0.706710   0.845810   0.068150
 -0.453550  -0.246460  -0.004370   0.466210  -0.397610  -0.629080
