33 atoms follow (x y z r g b radiusScale)
  0.018780  -0.023130   0.015410   0.000000   1.000000   0.000000   1.850000
  1.137120  -0.011940   0.040650   1.000000   1.000000   1.000000   1.200000
 -0.398870   1.020350   0.027990   1.000000   1.000000   1.000000   1.200000
 -0.348760  -0.589830  -0.876310   1.000000   1.000000   1.000000   1.200000
 -0.441630  -0.732070   1.153550   1.000000   0.000000   0.000000   1.400000
 -0.300640   0.031930   2.528570   0.500000   0.500000   0.500000   1.900000
  1.169960  -0.079250   3.025900   1.000000   0.000000   0.000000   1.400000
 -1.254020  -0.650660   3.552580   1.000000   0.000000   0.000000   1.400000
 -0.691120   1.482120   2.383370   1.000000   0.000000   0.000000   1.400000
 -1.124600   3.223560   2.034050   1.000000   1.000000   0.000000   1.850000
 -0.074120   3.778200   2.721530   1.000000   0.000000   0.000000   1.400000
 -2.401930   3.151120   2.546290   1.000000   0.000000   0.000000   1.400000
 -0.887470   3.144720   0.678120   1.000000   0.000000   0.000000   1.400000
 -1.870170   5.622360   1.661330   1.000000   0.000000   0.000000   1.400000
 -3.015000   5.783700   0.863010   0.000000   1.000000   0.000000   1.850000
 -2.785670   5.473550  -0.190250   1.000000   1.000000   1.000000   1.200000
 -3.331810   6.858370   0.866400   1.000000   1.000000   1.000000   1.200000
 -3.849560   5.156220   1.279760   1.000000   1.000000   1.000000   1.200000
  1.340330   5.659720   0.211430   0.000000   0.000000   1.000000   1.540000
  1.341930   5.436310   1.186720   1.000000   1.000000   1.000000   1.200000
 -1.227070   6.232340   1.514010   1.000000   1.000000   1.000000   1.200000
  0.535340   5.224430  -0.193810   1.000000   1.000000   1.000000   1.200000
  2.156360   5.253820  -0.195330   1.000000   1.000000   1.000000   1.200000
  1.650680   2.190000   4.672880   0.000000   0.000000   1.000000   1.540000
  1.529560   0.638040   3.593340   1.000000   1.000000   1.000000   1.200000
  1.293290   2.910910   4.071780   1.000000   1.000000   1.000000   1.200000
  2.614240   2.370280   4.862370   1.000000   1.000000   1.000000   1.200000
  1.145940   2.201860   5.533950   1.000000   1.000000   1.000000   1.200000
 -3.559130   0.981660   3.743370   0.000000   0.000000   1.000000   1.540000
 -2.126890  -0.234180   3.744280   1.000000   1.000000   1.000000   1.200000
 -3.839110   1.195170   2.806390   1.000000   1.000000   1.000000   1.200000
 -3.181470   1.821250   4.141090   1.000000   1.000000   1.000000   1.200000
 -4.361140   0.703920   4.268620   1.000000   1.000000   1.000000   1.200000
28 bonds follow (x1 y1 z1 x2 y2 z2)
 -3.559130   0.981660   3.743370  -4.361140   0.703920   4.268620
 -3.559130   0.981660   3.743370  -3.181470   1.821250   4.141090
 -3.559130   0.981660   3.743370  -3.839110   1.195170   2.806390
 -1.254020  -0.650660   3.552580  -2.126890  -0.234180   3.744280
  1.650680   2.190000   4.672880   1.145940   2.201860   5.533950
  1.650680   2.190000   4.672880   2.614240   2.370280   4.862370
  1.650680   2.190000   4.672880   1.293290   2.910910   4.071780
  1.169960  -0.079250   3.025900   1.529560   0.638040   3.593340
  1.340330   5.659720   0.211430   2.156360   5.253820  -0.195330
  1.340330   5.659720   0.211430   0.535340   5.224430  -0.193810
 -1.870170   5.622360   1.661330  -1.227070   6.232340   1.514010
  1.340330   5.659720   0.211430   1.341930   5.436310   1.186720
 -3.015000   5.783700   0.863010  -3.849560   5.156220   1.279760
 -3.015000   5.783700   0.863010  -3.331810   6.858370   0.866400
 -3.015000   5.783700   0.863010  -2.785670   5.473550  -0.190250
 -1.870170   5.622360   1.661330  -3.015000   5.783700   0.863010
 -1.124600   3.223560   2.034050  -0.887470   3.144720   0.678120
 -1.124600   3.223560   2.034050  -2.401930   3.151120   2.546290
 -1.124600   3.223560   2.034050  -0.074120   3.778200   2.721530
 -0.691120   1.482120   2.383370  -1.124600   3.223560   2.034050
 -0.300640   0.031930   2.528570  -0.691120   1.482120   2.383370
 -0.300640   0.031930   2.528570  -1.254020  -0.650660   3.552580
 -0.300640   0.031930   2.528570   1.169960  -0.079250   3.025900
 -0.441630  -0.732070   1.153550  -0.300640   0.031930   2.528570
  0.018780  -0.023130   0.015410  -0.441630  -0.732070   1.153550
  0.018780  -0.023130   0.015410  -0.348760  -0.589830  -0.876310
  0.018780  -0.023130   0.015410  -0.398870   1.020350   0.027990
  0.018780  -0.023130   0.015410   1.137120  -0.011940   0.040650
