33 atoms follow (x y z r g b radiusScale)
  0.102290  -0.168060   0.033320   0.000000   1.000000   0.000000   1.850000
  1.212220  -0.093270   0.153180   1.000000   1.000000   1.000000   1.200000
 -0.362300   0.849110  -0.072810   1.000000   1.000000   1.000000   1.200000
 -0.157850  -0.819630  -0.837390   1.000000   1.000000   1.000000   1.200000
 -0.427720  -0.799440   1.182010   1.000000   0.000000   0.000000   1.400000
 -0.288130   0.024830   2.520520   0.500000   0.500000   0.500000   1.900000
  1.146680  -0.164150   3.088420   1.000000   0.000000   0.000000   1.400000
 -1.244420  -0.675590   3.522670   1.000000   0.000000   0.000000   1.400000
 -0.656260   1.476930   2.329000   1.000000   0.000000   0.000000   1.400000
 -1.130390   3.217470   2.080060   1.000000   1.000000   0.000000   1.850000
 -0.138320   3.768430   2.871450   1.000000   0.000000   0.000000   1.400000
 -2.407150   3.091650   2.555650   1.000000   0.000000   0.000000   1.400000
 -0.905630   3.282710   0.725100   1.000000   0.000000   0.000000   1.400000
 -2.164580   5.938470   1.622400   1.000000   0.000000   0.000000   1.400000
 -3.327540   6.013610   0.813580   0.000000   1.000000   0.000000   1.850000
 -3.068870   6.158650  -0.260780   1.000000   1.000000   1.000000   1.200000
 -4.000520   6.834790   1.160290   1.000000   1.000000   1.000000   1.200000
 -3.798150   5.012690   1.003000   1.000000   1.000000   1.000000   1.200000
  1.901580   5.575430  -0.015730   0.000000   0.000000   1.000000   1.540000
  1.861530   6.128410   0.816380   1.000000   1.000000   1.000000   1.200000
 -1.865120   6.763050   1.584510   1.000000   1.000000   1.000000   1.200000
  1.263800   5.966790  -0.680070   1.000000   1.000000   1.000000   1.200000
  1.574800   4.656840   0.217870   1.000000   1.000000   1.000000   1.200000
  1.712460   2.138410   4.584810   0.000000   0.000000   1.000000   1.540000
  1.485980   0.489370   3.742120   1.000000   1.000000   1.000000   1.200000
  1.428020   2.862350   3.949270   1.000000   1.000000   1.000000   1.200000
  2.681180   2.251330   4.798780   1.000000   1.000000   1.000000   1.200000
  1.183990   2.222060   5.427920   1.000000   1.000000   1.000000   1.200000
 -3.569570   0.811860   3.816730   0.000000   0.000000   1.000000   1.540000
 -2.155050  -0.324490   3.669950   1.000000   1.000000   1.000000   1.200000
 -3.839390   1.197850   2.932800   1.000000   1.000000   1.000000   1.200000
 -3.266030   1.569650   4.395850   1.000000   1.000000   1.000000   1.200000
 -4.355220   0.365160   4.240550   1.000000   1.000000   1.000000   1.200000
28 bonds follow (x1 y1 z1 x2 y2 z2)
 -3.569570   0.811860   3.816730  -4.355220   0.365160   4.240550
 -3.569570   0.811860   3.816730  -3.266030   1.569650   4.395850
 -3.569570   0.811860   3.816730  -3.839390   1.197850   2.932800
 -1.244420  -0.675590   3.522670  -2.155050  -0.324490   3.669950
  1.712460   2.138410   4.584810   1.183990   2.222060   5.427920
  1.712460   2.138410   4.584810   2.681180   2.251330   4.798780
  1.712460   2.138410   4.584810   1.428020   2.862350   3.949270
  1.146680  -0.164150   3.088420   1.485980   0.489370   3.742120
  1.901580   5.575430  -0.015730   1.574800   4.656840   0.217870
  1.901580   5.575430  -0.015730   1.263800   5.966790  -0.680070
 -2.164580   5.938470   1.622400  -1.865120   6.763050   1.584510
  1.901580   5.575430  -0.015730   1.861530   6.128410   0.816380
 -3.327540   6.013610   0.813580  -3.798150   5.012690   1.003000
 -3.327540   6.013610   0.813580  -4.000520   6.834790   1.160290
 -3.327540   6.013610   0.813580  -3.068870   6.158650  -0.260780
 -2.164580   5.938470   1.622400  -3.327540   6.013610   0.813580
 -1.130390   3.217470   2.080060  -0.905630   3.282710   0.725100
 -1.130390   3.217470   2.080060  -2.407150   3.091650   2.555650
 -1.130390   3.217470   2.080060  -0.138320   3.768430   2.871450
 -0.656260   1.476930   2.329000  -1.130390   3.217470   2.080060
 -0.288130   0.024830   2.520520  -0.656260   1.476930   2.329000
 -0.288130   0.024830   2.520520  -1.244420  -0.675590   3.522670
 -0.288130   0.024830   2.520520   1.146680  -0.164150   3.088420
 -0.427720  -0.799440   1.182010  -0.288130   0.024830   2.520520
  0.102290  -0.168060   0.033320  -0.427720  -0.799440   1.182010
  0.102290  -0.168060   0.033320  -0.157850  -0.819630  -0.837390
  0.102290  -0.168060   0.033320  -0.362300   0.849110  -0.072810
  0.102290  -0.168060   0.033320   1.212220  -0.093270   0.153180
