33 atoms follow (x y z r g b radiusScale)
  0.212870  -0.186470   0.019890   0.000000   1.000000   0.000000   1.850000
  1.321970  -0.220590   0.160560   1.000000   1.000000   1.000000   1.200000
 -0.153300   0.869540  -0.077700   1.000000   1.000000   1.000000   1.200000
 -0.094260  -0.804410  -0.860870   1.000000   1.000000   1.000000   1.200000
 -0.401750  -0.784140   1.149730   1.000000   0.000000   0.000000   1.400000
 -0.313350   0.005570   2.513110   0.500000   0.500000   0.500000   1.900000
  1.167330  -0.133380   2.975650   1.000000   0.000000   0.000000   1.400000
 -1.267520  -0.659280   3.549860   1.000000   0.000000   0.000000   1.400000
 -0.590780   1.472160   2.312790   1.000000   0.000000   0.000000   1.400000
 -1.140920   3.170860   2.136740   1.000000   1.000000   0.000000   1.850000
 -0.249520   3.730440   3.020390   1.000000   0.000000   0.000000   1.400000
 -2.441550   3.010430   2.552460   1.000000   0.000000   0.000000   1.400000
 -0.846600   3.264790   0.801060   1.000000   0.000000   0.000000   1.400000
 -2.281050   6.112870   1.527520   1.000000   0.000000   0.000000   1.400000
 -3.512370   6.103550   0.855470   0.000000   1.000000   0.000000   1.850000
 -3.451670   6.650970  -0.117730   1.000000   1.000000   1.000000   1.200000
 -4.305130   6.572980   1.483450   1.000000   1.000000   1.000000   1.200000
 -3.779640   5.029710   0.669120   1.000000   1.000000   1.000000   1.200000
  2.137070   5.417330  -0.104530   0.000000   0.000000   1.000000   1.540000
  2.256130   6.102160   0.613180   1.000000   1.000000   1.000000   1.200000
 -1.939630   7.036400   1.754490   1.000000   1.000000   1.000000   1.200000
  2.023540   5.890440  -0.976180   1.000000   1.000000   1.000000   1.200000
  1.294980   4.907950   0.092090   1.000000   1.000000   1.000000   1.200000
  1.796840   2.198770   4.555000   0.000000   0.000000   1.000000   1.540000
  1.573870   0.566270   3.528470   1.000000   1.000000   1.000000   1.200000
  1.533350   2.918850   3.906970   1.000000   1.000000   1.000000   1.200000
  2.756460   2.315270   4.805300   1.000000   1.000000   1.000000   1.200000
  1.237250   2.291240   5.376900   1.000000   1.000000   1.000000   1.200000
 -3.657040   0.820440   3.847500   0.000000   0.000000   1.000000   1.540000
 -2.162080  -0.280140   3.718940   1.000000   1.000000   1.000000   1.200000
 -3.768890   1.275150   2.960160   1.000000   1.000000   1.000000   1.200000
 -3.426930   1.526550   4.518390   1.000000   1.000000   1.000000   1.200000
 -4.521370   0.394140   4.108550   1.000000   1.000000   1.000000   1.200000
28 bonds follow (x1 y1 z1 x2 y2 z2)
 -3.657040   0.820440   3.847500  -4.521370   0.394140   4.108550
 -3.657040   0.820440   3.847500  -3.426930   1.526550   4.518390
 -3.657040   0.820440   3.847500  -3.768890   1.275150   2.960160
 -1.267520  -0.659280   3.549860  -2.162080  -0.280140   3.718940
  1.796840   2.198770   4.555000   1.237250   2.291240   5.376900
  1.796840   2.198770   4.555000   2.756460   2.315270   4.805300
  1.796840   2.198770   4.555000   1.533350   2.918850   3.906970
  1.167330  -0.133380   2.975650   1.573870   0.566270   3.528470
  2.137070   5.417330  -0.104530   1.294980   4.907950   0.092090
  2.137070   5.417330  -0.104530   2.023540   5.890440  -0.976180
 -2.281050   6.112870   1.527520  -1.939630   7.036400   1.754490
  2.137070   5.417330  -0.104530   2.256130   6.102160   0.613180
 -3.512370   6.103550   0.855470  -3.779640   5.029710   0.669120
 -3.512370   6.103550   0.855470  -4.305130   6.572980   1.483450
 -3.512370   6.103550   0.855470  -3.451670   6.650970  -0.117730
 -2.281050   6.112870   1.527520  -3.512370   6.103550   0.855470
 -1.140920   3.170860   2.136740  -0.846600   3.264790   0.801060
 -1.140920   3.170860   2.136740  -2.441550   3.010430   2.552460
 -1.140920   3.170860   2.136740  -0.249520   3.730440   3.020390
 -0.590780   1.472160   2.312790  -1.140920   3.170860   2.136740
 -0.313350   0.005570   2.513110  -0.590780   1.472160   2.312790
 -0.313350   0.005570   2.513110  -1.267520  -0.659280   3.549860
 -0.313350   0.005570   2.513110   1.167330  -0.133380   2.975650
 -0.401750  -0.784140   1.149730  -0.313350   0.005570   2.513110
  0.212870  -0.186470   0.019890  -0.401750  -0.784140   1.149730
  0.212870  -0.186470   0.019890  -0.094260  -0.804410  -0.860870
  0.212870  -0.186470   0.019890  -0.153300   0.869540  -0.077700
  0.212870  -0.186470   0.019890   1.321970  -0.220590   0.160560
