33 atoms follow (x y z r g b radiusScale)
 -0.533530  -0.111380  -0.016110   0.000000   1.000000   0.000000   1.850000
  0.332040  -0.243050  -0.717490   1.000000   1.000000   1.000000   1.200000
 -0.768230   0.978490   0.123480   1.000000   1.000000   1.000000   1.200000
 -1.418850  -0.661220  -0.430820   1.000000   1.000000   1.000000   1.200000
 -0.191210  -0.719660   1.211080   1.000000   0.000000   0.000000   1.400000
 -0.153390   0.169900   2.530060   0.500000   0.500000   0.500000   1.900000
  1.317140  -0.006840   3.073480   1.000000   0.000000   0.000000   1.400000
 -1.102770  -0.613480   3.501290   1.000000   0.000000   0.000000   1.400000
 -0.581790   1.572140   2.309490   1.000000   0.000000   0.000000   1.400000
 -1.185130   3.443970   1.856730   1.000000   1.000000   0.000000   1.850000
 -0.096150   3.922530   2.618730   1.000000   0.000000   0.000000   1.400000
 -2.411890   3.178020   2.440920   1.000000   0.000000   0.000000   1.400000
 -0.790230   3.083060   0.539990   1.000000   0.000000   0.000000   1.400000
 -1.605940   5.091700   1.293380   1.000000   0.000000   0.000000   1.400000
 -2.526050   5.901210   1.933290   0.000000   1.000000   0.000000   1.850000
 -3.351570   5.296950   2.392190   1.000000   1.000000   1.000000   1.200000
 -2.962600   6.607320   1.178470   1.000000   1.000000   1.000000   1.200000
 -2.016400   6.498220   2.737610   1.000000   1.000000   1.000000   1.200000
  0.891480   5.137260   0.296540   0.000000   0.000000   1.000000   1.540000
  1.052760   5.011140   1.307050   1.000000   1.000000   1.000000   1.200000
  1.665570   5.592180  -0.164390   1.000000   1.000000   1.000000   1.200000
  0.004540   5.674070   0.207370   1.000000   1.000000   1.000000   1.200000
  0.695780   4.193880  -0.094560   1.000000   1.000000   1.000000   1.200000
  1.071960   2.423400   4.973260   0.000000   0.000000   1.000000   1.540000
  1.573740   0.518780   3.837110   1.000000   1.000000   1.000000   1.200000
  0.854650   3.053980   4.222540   1.000000   1.000000   1.000000   1.200000
  1.860630   2.774280   5.474370   1.000000   1.000000   1.000000   1.200000
  0.292930   2.387270   5.597380   1.000000   1.000000   1.000000   1.200000
 -3.634850   0.765620   3.486490   0.000000   0.000000   1.000000   1.540000
 -2.027000  -0.311780   3.582180   1.000000   1.000000   1.000000   1.200000
 -3.861140   0.863880   2.517410   1.000000   1.000000   1.000000   1.200000
 -3.345010   1.667130   3.819160   1.000000   1.000000   1.000000   1.200000
 -4.452090   0.475340   3.980620   1.000000   1.000000   1.000000   1.200000
28 bonds follow (x1 y1 z1 x2 y2 z2)
 -3.634850   0.765620   3.486490  -4.452090   0.475340   3.980620
 -3.634850   0.765620   3.486490  -3.345010   1.667130   3.819160
 -3.634850   0.765620   3.486490  -3.861140   0.863880   2.517410
 -1.102770  -0.613480   3.501290  -2.027000  -0.311780   3.582180
  1.071960   2.423400   4.973260   0.292930   2.387270   5.597380
  1.071960   2.423400   4.973260   1.860630   2.774280   5.474370
  1.071960   2.423400   4.973260   0.854650   3.053980   4.222540
  1.317140  -0.006840   3.073480   1.573740   0.518780   3.837110
  0.891480   5.137260   0.296540   0.695780   4.193880  -0.094560
  0.891480   5.137260   0.296540   0.004540   5.674070   0.207370
  0.891480   5.137260   0.296540   1.665570   5.592180  -0.164390
  0.891480   5.137260   0.296540   1.052760   5.011140   1.307050
 -2.526050   5.901210   1.933290  -2.016400   6.498220   2.737610
 -2.526050   5.901210   1.933290  -2.962600   6.607320   1.178470
 -2.526050   5.901210   1.933290  -3.351570   5.296950   2.392190
 -1.605940   5.091700   1.293380  -2.526050   5.901210   1.933290
 -1.185130   3.443970   1.856730  -1.605940   5.091700   1.293380
 -1.185130   3.443970   1.856730  -0.790230   3.083060   0.539990
 -1.185130   3.443970   1.856730  -2.411890   3.178020   2.440920
 -1.185130   3.443970   1.856730  -0.096150   3.922530   2.618730
 -0.153390   0.169900   2.530060  -0.581790   1.572140   2.309490
 -0.153390   0.169900   2.530060  -1.102770  -0.613480   3.501290
 -0.153390   0.169900   2.530060   1.317140  -0.006840   3.073480
 -0.191210  -0.719660   1.211080  -0.153390   0.169900   2.530060
 -0.533530  -0.111380  -0.016110  -0.191210  -0.719660   1.211080
 -0.533530  -0.111380  -0.016110  -1.418850  -0.661220  -0.430820
 -0.533530  -0.111380  -0.016110  -0.768230   0.978490   0.123480
 -0.533530  -0.111380  -0.016110   0.332040  -0.243050  -0.717490
