33 atoms follow (x y z r g b radiusScale)
 -0.366850  -0.055910  -0.043770   0.000000   1.000000   0.000000   1.850000
  0.591890  -0.238580  -0.596180   1.000000   1.000000   1.000000   1.200000
 -0.556270   1.044130   0.091550   1.000000   1.000000   1.000000   1.200000
 -1.208890  -0.525370  -0.616300   1.000000   1.000000   1.000000   1.200000
 -0.293380  -0.716540   1.203420   1.000000   0.000000   0.000000   1.400000
 -0.170220   0.167270   2.519310   0.500000   0.500000   0.500000   1.900000
  1.291920  -0.019850   3.066220   1.000000   0.000000   0.000000   1.400000
 -1.003250  -0.618950   3.587840   1.000000   0.000000   0.000000   1.400000
 -0.676660   1.537940   2.289170   1.000000   0.000000   0.000000   1.400000
 -1.176460   3.435450   1.870940   1.000000   1.000000   0.000000   1.850000
  0.048970   3.807830   2.490880   1.000000   0.000000   0.000000   1.400000
 -2.357600   3.203080   2.559110   1.000000   0.000000   0.000000   1.400000
 -0.947300   3.108850   0.504180   1.000000   0.000000   0.000000   1.400000
 -1.513890   5.122320   1.403160   1.000000   0.000000   0.000000   1.400000
 -2.564670   5.897290   1.856940   0.000000   1.000000   0.000000   1.850000
 -3.072860   5.419780   2.734090   1.000000   1.000000   1.000000   1.200000
 -3.309520   6.037230   1.029420   1.000000   1.000000   1.000000   1.200000
 -2.165840   6.902500   2.159500   1.000000   1.000000   1.000000   1.200000
  0.856670   5.129500   0.315110   0.000000   0.000000   1.000000   1.540000
  1.401840   4.408400   0.790480   1.000000   1.000000   1.000000   1.200000
  1.415420   5.706750  -0.294510   1.000000   1.000000   1.000000   1.200000
  0.389360   5.685220   1.056350   1.000000   1.000000   1.000000   1.200000
  0.090610   4.646470  -0.203350   1.000000   1.000000   1.000000   1.200000
  1.018670   2.521230   5.018350   0.000000   0.000000   1.000000   1.540000
  1.471710   0.201640   3.982350   1.000000   1.000000   1.000000   1.200000
  1.063420   2.947020   4.110090   1.000000   1.000000   1.000000   1.200000
  1.670180   2.986980   5.615610   1.000000   1.000000   1.000000   1.200000
  0.100300   2.669550   5.384790   1.000000   1.000000   1.000000   1.200000
 -3.670490   0.743090   3.419240   0.000000   0.000000   1.000000   1.540000
 -1.965700  -0.578900   3.577630   1.000000   1.000000   1.000000   1.200000
 -3.587870   1.045890   2.467080   1.000000   1.000000   1.000000   1.200000
 -3.301450   1.483810   3.986180   1.000000   1.000000   1.000000   1.200000
 -4.641760   0.638420   3.628970   1.000000   1.000000   1.000000   1.200000
28 bonds follow (x1 y1 z1 x2 y2 z2)
 -3.670490   0.743090   3.419240  -4.641760   0.638420   3.628970
 -3.670490   0.743090   3.419240  -3.301450   1.483810   3.986180
 -3.670490   0.743090   3.419240  -3.587870   1.045890   2.467080
 -1.003250  -0.618950   3.587840  -1.965700  -0.578900   3.577630
  1.018670   2.521230   5.018350   0.100300   2.669550   5.384790
  1.018670   2.521230   5.018350   1.670180   2.986980   5.615610
  1.018670   2.521230   5.018350   1.063420   2.947020   4.110090
  1.291920  -0.019850   3.066220   1.471710   0.201640   3.982350
  0.856670   5.129500   0.315110   0.090610   4.646470  -0.203350
  0.856670   5.129500   0.315110   0.389360   5.685220   1.056350
  0.856670   5.129500   0.315110   1.415420   5.706750  -0.294510
  0.856670   5.129500   0.315110   1.401840   4.408400   0.790480
 -2.564670   5.897290   1.856940  -2.165840   6.902500   2.159500
 -2.564670   5.897290   1.856940  -3.309520   6.037230   1.029420
 -2.564670   5.897290   1.856940  -3.072860   5.419780   2.734090
 -1.513890   5.122320   1.403160  -2.564670   5.897290   1.856940
 -1.176460   3.435450   1.870940  -1.513890   5.122320   1.403160
 -1.176460   3.435450   1.870940  -0.947300   3.108850   0.504180
 -1.176460   3.435450   1.870940  -2.357600   3.203080   2.559110
 -1.176460   3.435450   1.870940   0.048970   3.807830   2.490880
 -0.170220   0.167270   2.519310  -0.676660   1.537940   2.289170
 -0.170220   0.167270   2.519310  -1.003250  -0.618950   3.587840
 -0.170220   0.167270   2.519310   1.291920  -0.019850   3.066220
 -0.293380  -0.716540   1.203420  -0.170220   0.167270   2.519310
 -0.366850  -0.055910  -0.043770  -0.293380  -0.716540   1.203420
 -0.366850  -0.055910  -0.043770  -1.208890  -0.525370  -0.616300
 -0.366850  -0.055910  -0.043770  -0.556270   1.044130   0.091550
 -0.366850  -0.055910  -0.043770   0.591890  -0.238580  -0.596180
