33 atoms follow (x y z r g b radiusScale)
  0.296160  -0.169500   0.076010   0.000000   1.000000   0.000000   1.850000
  1.391200  -0.299110   0.266350   1.000000   1.000000   1.000000   1.200000
  0.016050   0.917020   0.021400   1.000000   1.000000   1.000000   1.200000
 -0.012260  -0.704270  -0.856100   1.000000   1.000000   1.000000   1.200000
 -0.408500  -0.773560   1.145130   1.000000   0.000000   0.000000   1.400000
 -0.282350  -0.000300   2.516430   0.500000   0.500000   0.500000   1.900000
  1.211590  -0.153590   2.948670   1.000000   0.000000   0.000000   1.400000
 -1.221590  -0.719370   3.521060   1.000000   0.000000   0.000000   1.400000
 -0.696200   1.444520   2.400820   1.000000   0.000000   0.000000   1.400000
 -1.151660   3.189750   2.169440   1.000000   1.000000   0.000000   1.850000
 -0.342770   3.729440   3.130170   1.000000   0.000000   0.000000   1.400000
 -2.491210   3.028050   2.452550   1.000000   0.000000   0.000000   1.400000
 -0.769380   3.323590   0.863740   1.000000   0.000000   0.000000   1.400000
 -2.368550   6.283080   1.460000   1.000000   0.000000   0.000000   1.400000
 -3.656080   6.166310   0.910260   0.000000   1.000000   0.000000   1.850000
 -3.792910   6.974090   0.147460   1.000000   1.000000   1.000000   1.200000
 -4.455930   6.275350   1.687160   1.000000   1.000000   1.000000   1.200000
 -3.758350   5.167410   0.426740   1.000000   1.000000   1.000000   1.200000
  2.308550   5.237690  -0.178150   0.000000   0.000000   1.000000   1.540000
  2.173830   5.919840   0.538290   1.000000   1.000000   1.000000   1.200000
 -2.237970   7.050580   1.828240   1.000000   1.000000   1.000000   1.200000
  2.249860   5.690610  -1.066780   1.000000   1.000000   1.000000   1.200000
  1.586710   4.543730  -0.114180   1.000000   1.000000   1.000000   1.200000
  1.827580   2.181820   4.439500   0.000000   0.000000   1.000000   1.540000
  1.630110   0.525570   3.521430   1.000000   1.000000   1.000000   1.200000
  1.528960   2.877190   3.779490   1.000000   1.000000   1.000000   1.200000
  2.774900   2.364730   4.697610   1.000000   1.000000   1.000000   1.200000
  1.252500   2.258850   5.253150   1.000000   1.000000   1.000000   1.200000
 -3.662160   0.795980   3.842780   0.000000   0.000000   1.000000   1.540000
 -2.108200  -0.341440   3.715370   1.000000   1.000000   1.000000   1.200000
 -3.678430   1.270490   2.958290   1.000000   1.000000   1.000000   1.200000
 -3.449340   1.475050   4.545420   1.000000   1.000000   1.000000   1.200000
 -4.568850   0.419650   4.026340   1.000000   1.000000   1.000000   1.200000
28 bonds follow (x1 y1 z1 x2 y2 z2)
 -3.662160   0.795980   3.842780  -4.568850   0.419650   4.026340
 -3.662160   0.795980   3.842780  -3.449340   1.475050   4.545420
 -3.662160   0.795980   3.842780  -3.678430   1.270490   2.958290
 -1.221590  -0.719370   3.521060  -2.108200  -0.341440   3.715370
  1.827580   2.181820   4.439500   1.252500   2.258850   5.253150
  1.827580   2.181820   4.439500   2.774900   2.364730   4.697610
  1.827580   2.181820   4.439500   1.528960   2.877190   3.779490
  1.211590  -0.153590   2.948670   1.630110   0.525570   3.521430
  2.308550   5.237690  -0.178150   1.586710   4.543730  -0.114180
  2.308550   5.237690  -0.178150   2.249860   5.690610  -1.066780
 -2.368550   6.283080   1.460000  -2.237970   7.050580   1.828240
  2.308550   5.237690  -0.178150   2.173830   5.919840   0.538290
 -3.656080   6.166310   0.910260  -3.758350   5.167410   0.426740
 -3.656080   6.166310   0.910260  -4.455930   6.275350   1.687160
 -3.656080   6.166310   0.910260  -3.792910   6.974090   0.147460
 -2.368550   6.283080   1.460000  -3.656080   6.166310   0.910260
 -1.151660   3.189750   2.169440  -0.769380   3.323590   0.863740
 -1.151660   3.189750   2.169440  -2.491210   3.028050   2.452550
 -1.151660   3.189750   2.169440  -0.342770   3.729440   3.130170
 -0.696200   1.444520   2.400820  -1.151660   3.189750   2.169440
 -0.282350  -0.000300   2.516430  -0.696200   1.444520   2.400820
 -0.282350  -0.000300   2.516430  -1.221590  -0.719370   3.521060
 -0.282350  -0.000300   2.516430   1.211590  -0.153590   2.948670
 -0.408500  -0.773560   1.145130  -0.282350  -0.000300   2.516430
  0.296160  -0.169500   0.076010  -0.408500  -0.773560   1.145130
  0.296160  -0.169500   0.076010  -0.012260  -0.704270  -0.856100
  0.296160  -0.169500   0.076010   0.016050   0.917020   0.021400
  0.296160  -0.169500   0.076010   1.391200  -0.299110   0.266350
