33 atoms follow (x y z r g b radiusScale)
  0.357680  -0.152510   0.072080   0.000000   1.000000   0.000000   1.850000
  1.440070  -0.261070   0.333320   1.000000   1.000000   1.000000   1.200000
  0.078410   0.925010  -0.067410   1.000000   1.000000   1.000000   1.200000
  0.105790  -0.757750  -0.834950   1.000000   1.000000   1.000000   1.200000
 -0.415630  -0.691520   1.127540   1.000000   0.000000   0.000000   1.400000
 -0.302960   0.015970   2.532840   0.500000   0.500000   0.500000   1.900000
  1.180920  -0.142020   2.989860   1.000000   0.000000   0.000000   1.400000
 -1.189420  -0.776080   3.534840   1.000000   0.000000   0.000000   1.400000
 -0.706650   1.466410   2.419290   1.000000   0.000000   0.000000   1.400000
 -1.165680   3.217460   2.183290   1.000000   1.000000   0.000000   1.850000
 -0.423490   3.672560   3.243630   1.000000   0.000000   0.000000   1.400000
 -2.519670   3.088020   2.372000   1.000000   0.000000   0.000000   1.400000
 -0.657870   3.284300   0.912060   1.000000   0.000000   0.000000   1.400000
 -2.430810   6.412880   1.407110   1.000000   0.000000   0.000000   1.400000
 -3.766200   6.220490   0.959160   0.000000   1.000000   0.000000   1.850000
 -4.098140   7.088320   0.326800   1.000000   1.000000   1.000000   1.200000
 -4.474170   6.064030   1.818900   1.000000   1.000000   1.000000   1.200000
 -3.691250   5.293520   0.337520   1.000000   1.000000   1.000000   1.200000
  2.400270   5.061430  -0.224150   0.000000   0.000000   1.000000   1.540000
  2.028850   5.650630   0.497260   1.000000   1.000000   1.000000   1.200000
 -2.547900   7.065190   2.118900   1.000000   1.000000   1.000000   1.200000
  2.138820   5.459640  -1.107420   1.000000   1.000000   1.000000   1.200000
  1.948450   4.171030  -0.147010   1.000000   1.000000   1.000000   1.200000
  1.827310   2.172810   4.329030   0.000000   0.000000   1.000000   1.540000
  1.629100   0.589640   3.475690   1.000000   1.000000   1.000000   1.200000
  1.524780   2.879700   3.682970   1.000000   1.000000   1.000000   1.200000
  2.796720   2.302000   4.529060   1.000000   1.000000   1.000000   1.200000
  1.301560   2.274640   5.171950   1.000000   1.000000   1.000000   1.200000
 -3.555070   0.733110   3.797720   0.000000   0.000000   1.000000   1.540000
 -2.092930  -0.433870   3.724800   1.000000   1.000000   1.000000   1.200000
 -3.686970   1.254340   2.949890   1.000000   1.000000   1.000000   1.200000
 -3.364960   1.383560   4.532620   1.000000   1.000000   1.000000   1.200000
 -4.390680   0.232570   4.016480   1.000000   1.000000   1.000000   1.200000
28 bonds follow (x1 y1 z1 x2 y2 z2)
 -3.555070   0.733110   3.797720  -4.390680   0.232570   4.016480
 -3.555070   0.733110   3.797720  -3.364960   1.383560   4.532620
 -3.555070   0.733110   3.797720  -3.686970   1.254340   2.949890
 -1.189420  -0.776080   3.534840  -2.092930  -0.433870   3.724800
  1.827310   2.172810   4.329030   1.301560   2.274640   5.171950
  1.827310   2.172810   4.329030   2.796720   2.302000   4.529060
  1.827310   2.172810   4.329030   1.524780   2.879700   3.682970
  1.180920  -0.142020   2.989860   1.629100   0.589640   3.475690
  2.400270   5.061430  -0.224150   1.948450   4.171030  -0.147010
  2.400270   5.061430  -0.224150   2.138820   5.459640  -1.107420
 -2.430810   6.412880   1.407110  -2.547900   7.065190   2.118900
  2.400270   5.061430  -0.224150   2.028850   5.650630   0.497260
 -3.766200   6.220490   0.959160  -3.691250   5.293520   0.337520
 -3.766200   6.220490   0.959160  -4.474170   6.064030   1.818900
 -3.766200   6.220490   0.959160  -4.098140   7.088320   0.326800
 -2.430810   6.412880   1.407110  -3.766200   6.220490   0.959160
 -1.165680   3.217460   2.183290  -0.657870   3.284300   0.912060
 -1.165680   3.217460   2.183290  -2.519670   3.088020   2.372000
 -1.165680   3.217460   2.183290  -0.423490   3.672560   3.243630
 -0.706650   1.466410   2.419290  -1.165680   3.217460   2.183290
 -0.302960   0.015970   2.532840  -0.706650   1.466410   2.419290
 -0.302960   0.015970   2.532840  -1.189420  -0.776080   3.534840
 -0.302960   0.015970   2.532840   1.180920  -0.142020   2.989860
 -0.415630  -0.691520   1.127540  -0.302960   0.015970   2.532840
  0.357680  -0.152510   0.072080  -0.415630  -0.691520   1.127540
  0.357680  -0.152510   0.072080   0.105790  -0.757750  -0.834950
  0.357680  -0.152510   0.072080   0.078410   0.925010  -0.067410
  0.357680  -0.152510   0.072080   1.440070  -0.261070   0.333320
