33 atoms follow (x y z r g b radiusScale)
  0.415810  -0.060940   0.106710   0.000000   1.000000   0.000000   1.850000
  1.482560  -0.182020   0.422570   1.000000   1.000000   1.000000   1.200000
  0.138110   1.023660   0.025840   1.000000   1.000000   1.000000   1.200000
  0.218880  -0.604440  -0.850390   1.000000   1.000000   1.000000   1.200000
 -0.410080  -0.668690   1.087220   1.000000   0.000000   0.000000   1.400000
 -0.323640  -0.022910   2.530050   0.500000   0.500000   0.500000   1.900000
  1.184900  -0.112830   2.943200   1.000000   0.000000   0.000000   1.400000
 -1.210470  -0.849470   3.504600   1.000000   0.000000   0.000000   1.400000
 -0.739680   1.431110   2.469690   1.000000   0.000000   0.000000   1.400000
 -1.154710   3.203640   2.211880   1.000000   1.000000   0.000000   1.850000
 -0.510720   3.699010   3.315920   1.000000   0.000000   0.000000   1.400000
 -2.529900   3.052400   2.248530   1.000000   0.000000   0.000000   1.400000
 -0.459290   3.300200   1.033960   1.000000   0.000000   0.000000   1.400000
 -2.565690   6.610700   1.405800   1.000000   0.000000   0.000000   1.400000
 -3.869320   6.256820   1.021330   0.000000   1.000000   0.000000   1.850000
 -4.463020   7.189640   0.816800   1.000000   1.000000   1.000000   1.200000
 -4.392490   5.646750   1.814120   1.000000   1.000000   1.000000   1.200000
 -3.822750   5.651380   0.087650   1.000000   1.000000   1.000000   1.200000
  2.423810   4.742620  -0.264090   0.000000   0.000000   1.000000   1.540000
  2.057920   5.312030   0.469650   1.000000   1.000000   1.000000   1.200000
 -2.555230   7.243300   2.055920   1.000000   1.000000   1.000000   1.200000
  2.016010   5.045660  -1.122530   1.000000   1.000000   1.000000   1.200000
  2.101390   3.808700  -0.090860   1.000000   1.000000   1.000000   1.200000
  1.906710   2.322130   4.284550   0.000000   0.000000   1.000000   1.540000
  1.614800   0.650770   3.384650   1.000000   1.000000   1.000000   1.200000
  1.570260   2.975290   3.601670   1.000000   1.000000   1.000000   1.200000
  2.878570   2.489610   4.443490   1.000000   1.000000   1.000000   1.200000
  1.406560   2.483140   5.134630   1.000000   1.000000   1.000000   1.200000
 -3.525960   0.737700   3.750200   0.000000   0.000000   1.000000   1.540000
 -2.109280  -0.503730   3.718080   1.000000   1.000000   1.000000   1.200000
 -3.462960   1.286200   2.911510   1.000000   1.000000   1.000000   1.200000
 -3.354450   1.340510   4.529080   1.000000   1.000000   1.000000   1.200000
 -4.452680   0.372770   3.822750   1.000000   1.000000   1.000000   1.200000
28 bonds follow (x1 y1 z1 x2 y2 z2)
 -3.525960   0.737700   3.750200  -4.452680   0.372770   3.822750
 -3.525960   0.737700   3.750200  -3.354450   1.340510   4.529080
 -3.525960   0.737700   3.750200  -3.462960   1.286200   2.911510
 -1.210470  -0.849470   3.504600  -2.109280  -0.503730   3.718080
  1.906710   2.322130   4.284550   1.406560   2.483140   5.134630
  1.906710   2.322130   4.284550   2.878570   2.489610   4.443490
  1.906710   2.322130   4.284550   1.570260   2.975290   3.601670
  1.184900  -0.112830   2.943200   1.614800   0.650770   3.384650
  2.423810   4.742620  -0.264090   2.101390   3.808700  -0.090860
  2.423810   4.742620  -0.264090   2.016010   5.045660  -1.122530
 -2.565690   6.610700   1.405800  -2.555230   7.243300   2.055920
  2.423810   4.742620  -0.264090   2.057920   5.312030   0.469650
 -3.869320   6.256820   1.021330  -3.822750   5.651380   0.087650
 -3.869320   6.256820   1.021330  -4.392490   5.646750   1.814120
 -3.869320   6.256820   1.021330  -4.463020   7.189640   0.816800
 -2.565690   6.610700   1.405800  -3.869320   6.256820   1.021330
 -1.154710   3.203640   2.211880  -0.459290   3.300200   1.033960
 -1.154710   3.203640   2.211880  -2.529900   3.052400   2.248530
 -1.154710   3.203640   2.211880  -0.510720   3.699010   3.315920
 -0.739680   1.431110   2.469690  -1.154710   3.203640   2.211880
 -0.323640  -0.022910   2.530050  -0.739680   1.431110   2.469690
 -0.323640  -0.022910   2.530050  -1.210470  -0.849470   3.504600
 -0.323640  -0.022910   2.530050   1.184900  -0.112830   2.943200
 -0.410080  -0.668690   1.087220  -0.323640  -0.022910   2.530050
  0.415810  -0.060940   0.106710  -0.410080  -0.668690   1.087220
  0.415810  -0.060940   0.106710   0.218880  -0.604440  -0.850390
  0.415810  -0.060940   0.106710   0.138110   1.023660   0.025840
  0.415810  -0.060940   0.106710   1.482560  -0.182020   0.422570
