33 atoms follow (x y z r g b radiusScale)
 -0.308660  -0.110810  -0.078040   0.000000   1.000000   0.000000   1.850000
  0.622230  -0.400610  -0.633010   1.000000   1.000000   1.000000   1.200000
 -0.404570   1.003770   0.018120   1.000000   1.000000   1.000000   1.200000
 -1.197080  -0.537300  -0.614410   1.000000   1.000000   1.000000   1.200000
 -0.258630  -0.720980   1.195210   1.000000   0.000000   0.000000   1.400000
 -0.217790   0.158170   2.514340   0.500000   0.500000   0.500000   1.900000
  1.272300   0.065440   3.006670   1.000000   0.000000   0.000000   1.400000
 -1.022940  -0.607320   3.627770   1.000000   0.000000   0.000000   1.400000
 -0.666440   1.549820   2.294260   1.000000   0.000000   0.000000   1.400000
 -1.161550   3.408780   1.885350   1.000000   1.000000   0.000000   1.850000
  0.068450   3.797610   2.480390   1.000000   0.000000   0.000000   1.400000
 -2.322640   3.144660   2.593540   1.000000   0.000000   0.000000   1.400000
 -0.977120   3.091620   0.512990   1.000000   0.000000   0.000000   1.400000
 -1.488570   5.128700   1.479810   1.000000   0.000000   0.000000   1.400000
 -2.588960   5.874380   1.846040   0.000000   1.000000   0.000000   1.850000
 -3.054680   5.475900   2.785170   1.000000   1.000000   1.000000   1.200000
 -3.353800   5.860420   1.024090   1.000000   1.000000   1.000000   1.200000
 -2.263510   6.936170   2.015030   1.000000   1.000000   1.000000   1.200000
  0.869840   5.167550   0.289610   0.000000   0.000000   1.000000   1.540000
  1.271540   4.455060   0.922740   1.000000   1.000000   1.000000   1.200000
  1.564810   5.615100  -0.286560   1.000000   1.000000   1.000000   1.200000
  0.365580   5.829830   0.900040   1.000000   1.000000   1.000000   1.200000
  0.136480   4.685700  -0.256300   1.000000   1.000000   1.000000   1.200000
  1.002130   2.518040   4.998070   0.000000   0.000000   1.000000   1.540000
  1.503060   0.482960   3.839310   1.000000   1.000000   1.000000   1.200000
  1.250210   2.996170   4.150870   1.000000   1.000000   1.000000   1.200000
  1.573820   2.857890   5.742910   1.000000   1.000000   1.000000   1.200000
  0.049260   2.739900   5.203380   1.000000   1.000000   1.000000   1.200000
 -3.695950   0.796170   3.396510   0.000000   0.000000   1.000000   1.540000
 -1.964900  -0.426710   3.736080   1.000000   1.000000   1.000000   1.200000
 -3.602060   1.251810   2.507300   1.000000   1.000000   1.000000   1.200000
 -3.340080   1.435510   4.082360   1.000000   1.000000   1.000000   1.200000
 -4.668350   0.654630   3.576980   1.000000   1.000000   1.000000   1.200000
28 bonds follow (x1 y1 z1 x2 y2 z2)
 -3.695950   0.796170   3.396510  -4.668350   0.654630   3.576980
 -3.695950   0.796170   3.396510  -3.340080   1.435510   4.082360
 -3.695950   0.796170   3.396510  -3.602060   1.251810   2.507300
 -1.022940  -0.607320   3.627770  -1.964900  -0.426710   3.736080
  1.002130   2.518040   4.998070   0.049260   2.739900   5.203380
  1.002130   2.518040   4.998070   1.573820   2.857890   5.742910
  1.002130   2.518040   4.998070   1.250210   2.996170   4.150870
  1.272300   0.065440   3.006670   1.503060   0.482960   3.839310
  0.869840   5.167550   0.289610   0.136480   4.685700  -0.256300
  0.869840   5.167550   0.289610   0.365580   5.829830   0.900040
  0.869840   5.167550   0.289610   1.564810   5.615100  -0.286560
  0.869840   5.167550   0.289610   1.271540   4.455060   0.922740
 -2.588960   5.874380   1.846040  -2.263510   6.936170   2.015030
 -2.588960   5.874380   1.846040  -3.353800   5.860420   1.024090
 -2.588960   5.874380   1.846040  -3.054680   5.475900   2.785170
 -1.488570   5.128700   1.479810  -2.588960   5.874380   1.846040
 -1.161550   3.408780   1.885350  -1.488570   5.128700   1.479810
 -1.161550   3.408780   1.885350  -0.977120   3.091620   0.512990
 -1.161550   3.408780   1.885350  -2.322640   3.144660   2.593540
 -1.161550   3.408780   1.885350   0.068450   3.797610   2.480390
 -0.217790   0.158170   2.514340  -0.666440   1.549820   2.294260
 -0.217790   0.158170   2.514340  -1.022940  -0.607320   3.627770
 -0.217790   0.158170   2.514340   1.272300   0.065440   3.006670
 -0.258630  -0.720980   1.195210  -0.217790   0.158170   2.514340
 -0.308660  -0.110810  -0.078040  -0.258630  -0.720980   1.195210
 -0.308660  -0.110810  -0.078040  -1.197080  -0.537300  -0.614410
 -0.308660  -0.110810  -0.078040  -0.404570   1.003770   0.018120
 -0.308660  -0.110810  -0.078040   0.622230  -0.400610  -0.633010
