33 atoms follow (x y z r g b radiusScale)
  0.325960  -0.168290   0.060730   0.000000   1.000000   0.000000   1.850000
  1.419560  -0.286130   0.263420   1.000000   1.000000   1.000000   1.200000
  0.045960   0.913150  -0.041860   1.000000   1.000000   1.000000   1.200000
  0.025340  -0.752580  -0.845250   1.000000   1.000000   1.000000   1.200000
 -0.398400  -0.726090   1.142570   1.000000   0.000000   0.000000   1.400000
 -0.290540   0.007430   2.534800   0.500000   0.500000   0.500000   1.900000
  1.195500  -0.146260   2.951690   1.000000   0.000000   0.000000   1.400000
 -1.218560  -0.754980   3.537680   1.000000   0.000000   0.000000   1.400000
 -0.669180   1.461610   2.398550   1.000000   0.000000   0.000000   1.400000
 -1.178790   3.195610   2.173250   1.000000   1.000000   0.000000   1.850000
 -0.364630   3.699440   3.165980   1.000000   0.000000   0.000000   1.400000
 -2.520520   3.069110   2.430950   1.000000   0.000000   0.000000   1.400000
 -0.700270   3.313960   0.889020   1.000000   0.000000   0.000000   1.400000
 -2.390420   6.320450   1.431090   1.000000   0.000000   0.000000   1.400000
 -3.704080   6.202740   0.925070   0.000000   1.000000   0.000000   1.850000
 -3.965700   7.011360   0.194870   1.000000   1.000000   1.000000   1.200000
 -4.443510   6.182900   1.771920   1.000000   1.000000   1.000000   1.200000
 -3.689670   5.199220   0.426970   1.000000   1.000000   1.000000   1.200000
  2.354810   5.167970  -0.199150   0.000000   0.000000   1.000000   1.540000
  2.092190   5.814130   0.517900   1.000000   1.000000   1.000000   1.200000
 -2.438150   7.202970   2.047240   1.000000   1.000000   1.000000   1.200000
  2.218330   5.607430  -1.086390   1.000000   1.000000   1.000000   1.200000
  1.734920   4.386280  -0.140030   1.000000   1.000000   1.000000   1.200000
  1.822610   2.170720   4.385910   0.000000   0.000000   1.000000   1.540000
  1.605060   0.529850   3.541260   1.000000   1.000000   1.000000   1.200000
  1.521080   2.883690   3.745270   1.000000   1.000000   1.000000   1.200000
  2.778820   2.329630   4.625020   1.000000   1.000000   1.000000   1.200000
  1.267100   2.239440   5.213490   1.000000   1.000000   1.000000   1.200000
 -3.624600   0.763860   3.835680   0.000000   0.000000   1.000000   1.540000
 -2.125840  -0.433950   3.727100   1.000000   1.000000   1.000000   1.200000
 -3.621540   1.213950   2.938260   1.000000   1.000000   1.000000   1.200000
 -3.433720   1.462690   4.525280   1.000000   1.000000   1.000000   1.200000
 -4.532740   0.384800   4.003550   1.000000   1.000000   1.000000   1.200000
28 bonds follow (x1 y1 z1 x2 y2 z2)
 -3.624600   0.763860   3.835680  -4.532740   0.384800   4.003550
 -3.624600   0.763860   3.835680  -3.433720   1.462690   4.525280
 -3.624600   0.763860   3.835680  -3.621540   1.213950   2.938260
 -1.218560  -0.754980   3.537680  -2.125840  -0.433950   3.727100
  1.822610   2.170720   4.385910   1.267100   2.239440   5.213490
  1.822610   2.170720   4.385910   2.778820   2.329630   4.625020
  1.822610   2.170720   4.385910   1.521080   2.883690   3.745270
  1.195500  -0.146260   2.951690   1.605060   0.529850   3.541260
  2.354810   5.167970  -0.199150   1.734920   4.386280  -0.140030
  2.354810   5.167970  -0.199150   2.218330   5.607430  -1.086390
 -2.390420   6.320450   1.431090  -2.438150   7.202970   2.047240
  2.354810   5.167970  -0.199150   2.092190   5.814130   0.517900
 -3.704080   6.202740   0.925070  -3.689670   5.199220   0.426970
 -3.704080   6.202740   0.925070  -4.443510   6.182900   1.771920
 -3.704080   6.202740   0.925070  -3.965700   7.011360   0.194870
 -2.390420   6.320450   1.431090  -3.704080   6.202740   0.925070
 -1.178790   3.195610   2.173250  -0.700270   3.313960   0.889020
 -1.178790   3.195610   2.173250  -2.520520   3.069110   2.430950
 -1.178790   3.195610   2.173250  -0.364630   3.699440   3.165980
 -0.669180   1.461610   2.398550  -1.178790   3.195610   2.173250
 -0.290540   0.007430   2.534800  -0.669180   1.461610   2.398550
 -0.290540   0.007430   2.534800  -1.218560  -0.754980   3.537680
 -0.290540   0.007430   2.534800   1.195500  -0.146260   2.951690
 -0.398400  -0.726090   1.142570  -0.290540   0.007430   2.534800
  0.325960  -0.168290   0.060730  -0.398400  -0.726090   1.142570
  0.325960  -0.168290   0.060730   0.025340  -0.752580  -0.845250
  0.325960  -0.168290   0.060730   0.045960   0.913150  -0.041860
  0.325960  -0.168290   0.060730   1.419560  -0.286130   0.263420
