33 atoms follow (x y z r g b radiusScale)
 -0.347640  -0.070950  -0.057160   0.000000   1.000000   0.000000   1.850000
  0.602510  -0.290970  -0.611620   1.000000   1.000000   1.000000   1.200000
 -0.501900   1.034250   0.070870   1.000000   1.000000   1.000000   1.200000
 -1.206640  -0.519990  -0.621550   1.000000   1.000000   1.000000   1.200000
 -0.288490  -0.720510   1.197010   1.000000   0.000000   0.000000   1.400000
 -0.181570   0.165460   2.515920   0.500000   0.500000   0.500000   1.900000
  1.294920   0.002450   3.053740   1.000000   0.000000   0.000000   1.400000
 -1.008380  -0.606050   3.600620   1.000000   0.000000   0.000000   1.400000
 -0.683370   1.537550   2.295830   1.000000   0.000000   0.000000   1.400000
 -1.170740   3.429370   1.872470   1.000000   1.000000   0.000000   1.850000
  0.056380   3.805840   2.489780   1.000000   0.000000   0.000000   1.400000
 -2.347440   3.188860   2.571150   1.000000   0.000000   0.000000   1.400000
 -0.964120   3.106090   0.504030   1.000000   0.000000   0.000000   1.400000
 -1.505840   5.115120   1.428790   1.000000   0.000000   0.000000   1.400000
 -2.567210   5.886420   1.851290   0.000000   1.000000   0.000000   1.850000
 -3.063580   5.439940   2.751520   1.000000   1.000000   1.000000   1.200000
 -3.318920   5.977830   1.022840   1.000000   1.000000   1.000000   1.200000
 -2.184240   6.910880   2.106990   1.000000   1.000000   1.000000   1.200000
  0.862650   5.144660   0.305500   0.000000   0.000000   1.000000   1.540000
  1.372140   4.413230   0.814560   1.000000   1.000000   1.000000   1.200000
  1.461660   5.690110  -0.295210   1.000000   1.000000   1.000000   1.200000
  0.388650   5.721320   1.027010   1.000000   1.000000   1.000000   1.200000
  0.098090   4.677820  -0.204040   1.000000   1.000000   1.000000   1.200000
  1.012920   2.520760   5.016350   0.000000   0.000000   1.000000   1.540000
  1.476170   0.300780   3.948260   1.000000   1.000000   1.000000   1.200000
  1.129090   2.952250   4.116970   1.000000   1.000000   1.000000   1.200000
  1.650130   2.947380   5.656650   1.000000   1.000000   1.000000   1.200000
  0.082300   2.710230   5.329030   1.000000   1.000000   1.000000   1.200000
 -3.684380   0.753880   3.417370   0.000000   0.000000   1.000000   1.540000
 -1.970990  -0.574470   3.586020   1.000000   1.000000   1.000000   1.200000
 -3.567100   1.083710   2.477570   1.000000   1.000000   1.000000   1.200000
 -3.317390   1.468990   4.017400   1.000000   1.000000   1.000000   1.200000
 -4.663910   0.666600   3.594180   1.000000   1.000000   1.000000   1.200000
28 bonds follow (x1 y1 z1 x2 y2 z2)
 -3.684380   0.753880   3.417370  -4.663910   0.666600   3.594180
 -3.684380   0.753880   3.417370  -3.317390   1.468990   4.017400
 -3.684380   0.753880   3.417370  -3.567100   1.083710   2.477570
 -1.008380  -0.606050   3.600620  -1.970990  -0.574470   3.586020
  1.012920   2.520760   5.016350   0.082300   2.710230   5.329030
  1.012920   2.520760   5.016350   1.650130   2.947380   5.656650
  1.012920   2.520760   5.016350   1.129090   2.952250   4.116970
  1.294920   0.002450   3.053740   1.476170   0.300780   3.948260
  0.862650   5.144660   0.305500   0.098090   4.677820  -0.204040
  0.862650   5.144660   0.305500   0.388650   5.721320   1.027010
  0.862650   5.144660   0.305500   1.461660   5.690110  -0.295210
  0.862650   5.144660   0.305500   1.372140   4.413230   0.814560
 -2.567210   5.886420   1.851290  -2.184240   6.910880   2.106990
 -2.567210   5.886420   1.851290  -3.318920   5.977830   1.022840
 -2.567210   5.886420   1.851290  -3.063580   5.439940   2.751520
 -1.505840   5.115120   1.428790  -2.567210   5.886420   1.851290
 -1.170740   3.429370   1.872470  -1.505840   5.115120   1.428790
 -1.170740   3.429370   1.872470  -0.964120   3.106090   0.504030
 -1.170740   3.429370   1.872470  -2.347440   3.188860   2.571150
 -1.170740   3.429370   1.872470   0.056380   3.805840   2.489780
 -0.181570   0.165460   2.515920  -0.683370   1.537550   2.295830
 -0.181570   0.165460   2.515920  -1.008380  -0.606050   3.600620
 -0.181570   0.165460   2.515920   1.294920   0.002450   3.053740
 -0.288490  -0.720510   1.197010  -0.181570   0.165460   2.515920
 -0.347640  -0.070950  -0.057160  -0.288490  -0.720510   1.197010
 -0.347640  -0.070950  -0.057160  -1.206640  -0.519990  -0.621550
 -0.347640  -0.070950  -0.057160  -0.501900   1.034250   0.070870
 -0.347640  -0.070950  -0.057160   0.602510  -0.290970  -0.611620
