33 atoms follow (x y z r g b radiusScale)
 -0.528360  -0.106430  -0.017980   0.000000   1.000000   0.000000   1.850000
  0.348030  -0.216410  -0.709450   1.000000   1.000000   1.000000   1.200000
 -0.783110   0.977230   0.129170   1.000000   1.000000   1.000000   1.200000
 -1.399430  -0.666160  -0.449670   1.000000   1.000000   1.000000   1.200000
 -0.194460  -0.720090   1.208600   1.000000   0.000000   0.000000   1.400000
 -0.153590   0.167900   2.532830   0.500000   0.500000   0.500000   1.900000
  1.313430  -0.017260   3.072550   1.000000   0.000000   0.000000   1.400000
 -1.105680  -0.608150   3.503080   1.000000   0.000000   0.000000   1.400000
 -0.581610   1.568550   2.314660   1.000000   0.000000   0.000000   1.400000
 -1.186690   3.454810   1.855090   1.000000   1.000000   0.000000   1.850000
 -0.087180   3.917570   2.617770   1.000000   0.000000   0.000000   1.400000
 -2.406990   3.181060   2.440360   1.000000   0.000000   0.000000   1.400000
 -0.795330   3.077290   0.542330   1.000000   0.000000   0.000000   1.400000
 -1.613920   5.095340   1.294030   1.000000   0.000000   0.000000   1.400000
 -2.534520   5.909800   1.934220   0.000000   1.000000   0.000000   1.850000
 -3.341140   5.303860   2.422150   1.000000   1.000000   1.000000   1.200000
 -2.993750   6.591590   1.170750   1.000000   1.000000   1.000000   1.200000
 -2.015480   6.530620   2.712890   1.000000   1.000000   1.000000   1.200000
  0.889250   5.124970   0.296270   0.000000   0.000000   1.000000   1.540000
  1.086730   4.947370   1.308360   1.000000   1.000000   1.000000   1.200000
  1.663100   5.564730  -0.172970   1.000000   1.000000   1.000000   1.200000
  0.036110   5.708860   0.267620   1.000000   1.000000   1.000000   1.200000
  0.641760   4.212230  -0.130560   1.000000   1.000000   1.000000   1.200000
  1.065470   2.426460   4.977170   0.000000   0.000000   1.000000   1.540000
  1.587650   0.503980   3.831730   1.000000   1.000000   1.000000   1.200000
  0.866350   3.036390   4.204780   1.000000   1.000000   1.000000   1.200000
  1.864430   2.772060   5.465640   1.000000   1.000000   1.000000   1.200000
  0.286050   2.437240   5.601730   1.000000   1.000000   1.000000   1.200000
 -3.617640   0.755230   3.478480   0.000000   0.000000   1.000000   1.540000
 -2.027590  -0.300290   3.603470   1.000000   1.000000   1.000000   1.200000
 -3.827430   0.849640   2.505290   1.000000   1.000000   1.000000   1.200000
 -3.290310   1.647910   3.801590   1.000000   1.000000   1.000000   1.200000
 -4.453830   0.512660   3.966360   1.000000   1.000000   1.000000   1.200000
28 bonds follow (x1 y1 z1 x2 y2 z2)
 -3.617640   0.755230   3.478480  -4.453830   0.512660   3.966360
 -3.617640   0.755230   3.478480  -3.290310   1.647910   3.801590
 -3.617640   0.755230   3.478480  -3.827430   0.849640   2.505290
 -1.105680  -0.608150   3.503080  -2.027590  -0.300290   3.603470
  1.065470   2.426460   4.977170   0.286050   2.437240   5.601730
  1.065470   2.426460   4.977170   1.864430   2.772060   5.465640
  1.065470   2.426460   4.977170   0.866350   3.036390   4.204780
  1.313430  -0.017260   3.072550   1.587650   0.503980   3.831730
  0.889250   5.124970   0.296270   0.641760   4.212230  -0.130560
  0.889250   5.124970   0.296270   0.036110   5.708860   0.267620
  0.889250   5.124970   0.296270   1.663100   5.564730  -0.172970
  0.889250   5.124970   0.296270   1.086730   4.947370   1.308360
 -2.534520   5.909800   1.934220  -2.015480   6.530620   2.712890
 -2.534520   5.909800   1.934220  -2.993750   6.591590   1.170750
 -2.534520   5.909800   1.934220  -3.341140   5.303860   2.422150
 -1.613920   5.095340   1.294030  -2.534520   5.909800   1.934220
 -1.186690   3.454810   1.855090  -1.613920   5.095340   1.294030
 -1.186690   3.454810   1.855090  -0.795330   3.077290   0.542330
 -1.186690   3.454810   1.855090  -2.406990   3.181060   2.440360
 -1.186690   3.454810   1.855090  -0.087180   3.917570   2.617770
 -0.153590   0.167900   2.532830  -0.581610   1.568550   2.314660
 -0.153590   0.167900   2.532830  -1.105680  -0.608150   3.503080
 -0.153590   0.167900   2.532830   1.313430  -0.017260   3.072550
 -0.194460  -0.720090   1.208600  -0.153590   0.167900   2.532830
 -0.528360  -0.106430  -0.017980  -0.194460  -0.720090   1.208600
 -0.528360  -0.106430  -0.017980  -1.399430  -0.666160  -0.449670
 -0.528360  -0.106430  -0.017980  -0.783110   0.977230   0.129170
 -0.528360  -0.106430  -0.017980   0.348030  -0.216410  -0.709450
