33 atoms follow (x y z r g b radiusScale)
  0.001010  -0.000200  -0.001110   0.000000   1.000000   0.000000   1.850000
  1.119820  -0.001280   0.000040   1.000000   1.000000   1.000000   1.200000
 -0.403180   1.048880  -0.003650   1.000000   1.000000   1.000000   1.200000
 -0.386480  -0.579990  -0.875840   1.000000   1.000000   1.000000   1.200000
 -0.447120  -0.678400   1.157110   1.000000   0.000000   0.000000   1.400000
 -0.326190   0.126190   2.516070   0.500000   0.500000   0.500000   1.900000
  1.152070  -0.064470   2.994540   1.000000   0.000000   0.000000   1.400000
 -1.241180  -0.621270   3.539350   1.000000   0.000000   0.000000   1.400000
 -0.684190   1.572120   2.367390   1.000000   0.000000   0.000000   1.400000
 -1.127380   3.356120   1.982510   1.000000   1.000000   0.000000   1.850000
 -0.050570   3.839970   2.715120   1.000000   0.000000   0.000000   1.400000
 -2.395080   3.180690   2.521210   1.000000   0.000000   0.000000   1.400000
 -0.883360   3.156900   0.624250   1.000000   0.000000   0.000000   1.400000
 -1.505230   5.198460   1.553990   1.000000   0.000000   0.000000   1.400000
 -2.711910   5.635320   0.954040   0.000000   1.000000   0.000000   1.850000
 -2.747020   5.311940  -0.115540   1.000000   1.000000   1.000000   1.200000
 -2.774320   6.747030   1.045450   1.000000   1.000000   1.000000   1.200000
 -3.504970   5.127610   1.562070   1.000000   1.000000   1.000000   1.200000
  0.758700   5.428360   0.507260   0.000000   0.000000   1.000000   1.540000
  1.303080   5.189690   1.309310   1.000000   1.000000   1.000000   1.200000
 -0.755870   5.655840   1.016010   1.000000   1.000000   1.000000   1.200000
  0.743030   4.674270  -0.146880   1.000000   1.000000   1.000000   1.200000
  1.080150   6.269850   0.086650   1.000000   1.000000   1.000000   1.200000
  1.620560   2.231450   4.685280   0.000000   0.000000   1.000000   1.540000
  1.520360   0.574350   3.632600   1.000000   1.000000   1.000000   1.200000
  1.182680   2.901960   4.079030   1.000000   1.000000   1.000000   1.200000
  2.572690   2.495630   4.826460   1.000000   1.000000   1.000000   1.200000
  1.154020   2.234970   5.567710   1.000000   1.000000   1.000000   1.200000
 -3.597340   0.960120   3.766700   0.000000   0.000000   1.000000   1.540000
 -2.137330  -0.272880   3.723540   1.000000   1.000000   1.000000   1.200000
 -3.836560   1.195350   2.823320   1.000000   1.000000   1.000000   1.200000
 -3.171720   1.771790   4.173950   1.000000   1.000000   1.000000   1.200000
 -4.431370   0.741290   4.269060   1.000000   1.000000   1.000000   1.200000
29 bonds follow (x1 y1 z1 x2 y2 z2)
 -3.597340   0.960120   3.766700  -4.431370   0.741290   4.269060
 -3.597340   0.960120   3.766700  -3.171720   1.771790   4.173950
 -3.597340   0.960120   3.766700  -3.836560   1.195350   2.823320
 -1.241180  -0.621270   3.539350  -2.137330  -0.272880   3.723540
  1.620560   2.231450   4.685280   1.154020   2.234970   5.567710
  1.620560   2.231450   4.685280   2.572690   2.495630   4.826460
  1.620560   2.231450   4.685280   1.182680   2.901960   4.079030
  1.152070  -0.064470   2.994540   1.520360   0.574350   3.632600
  0.758700   5.428360   0.507260   1.080150   6.269850   0.086650
  0.758700   5.428360   0.507260   0.743030   4.674270  -0.146880
 -1.505230   5.198460   1.553990  -0.755870   5.655840   1.016010
  0.758700   5.428360   0.507260   1.303080   5.189690   1.309310
 -2.711910   5.635320   0.954040  -3.504970   5.127610   1.562070
 -2.711910   5.635320   0.954040  -2.774320   6.747030   1.045450
 -2.711910   5.635320   0.954040  -2.747020   5.311940  -0.115540
 -1.505230   5.198460   1.553990  -2.711910   5.635320   0.954040
 -1.127380   3.356120   1.982510  -1.505230   5.198460   1.553990
 -1.127380   3.356120   1.982510  -0.883360   3.156900   0.624250
 -1.127380   3.356120   1.982510  -2.395080   3.180690   2.521210
 -1.127380   3.356120   1.982510  -0.050570   3.839970   2.715120
 -0.684190   1.572120   2.367390  -1.127380   3.356120   1.982510
 -0.326190   0.126190   2.516070  -0.684190   1.572120   2.367390
 -0.326190   0.126190   2.516070  -1.241180  -0.621270   3.539350
 -0.326190   0.126190   2.516070   1.152070  -0.064470   2.994540
 -0.447120  -0.678400   1.157110  -0.326190   0.126190   2.516070
  0.001010  -0.000200  -0.001110  -0.447120  -0.678400   1.157110
  0.001010  -0.000200  -0.001110  -0.386480  -0.579990  -0.875840
  0.001010  -0.000200  -0.001110  -0.403180   1.048880  -0.003650
  0.001010  -0.000200  -0.001110   1.119820  -0.001280   0.000040
