33 atoms follow (x y z r g b radiusScale)
 -0.401570  -0.044980  -0.035810   0.000000   1.000000   0.000000   1.850000
  0.564840  -0.164050  -0.593050   1.000000   1.000000   1.000000   1.200000
 -0.659730   1.040000   0.098980   1.000000   1.000000   1.000000   1.200000
 -1.212070  -0.574250  -0.601910   1.000000   1.000000   1.000000   1.200000
 -0.277560  -0.701920   1.207320   1.000000   0.000000   0.000000   1.400000
 -0.180120   0.167250   2.527240   0.500000   0.500000   0.500000   1.900000
  1.292320  -0.045750   3.075410   1.000000   0.000000   0.000000   1.400000
 -1.002710  -0.657750   3.583560   1.000000   0.000000   0.000000   1.400000
 -0.640650   1.552540   2.289110   1.000000   0.000000   0.000000   1.400000
 -1.182380   3.443940   1.862500   1.000000   1.000000   0.000000   1.850000
  0.017670   3.827130   2.500520   1.000000   0.000000   0.000000   1.400000
 -2.367480   3.198500   2.537190   1.000000   0.000000   0.000000   1.400000
 -0.925180   3.096590   0.513140   1.000000   0.000000   0.000000   1.400000
 -1.539350   5.137730   1.377410   1.000000   0.000000   0.000000   1.400000
 -2.563990   5.922640   1.869180   0.000000   1.000000   0.000000   1.850000
 -3.110280   5.402600   2.699440   1.000000   1.000000   1.000000   1.200000
 -3.286830   6.154450   1.042320   1.000000   1.000000   1.000000   1.200000
 -2.135380   6.887110   2.254890   1.000000   1.000000   1.000000   1.200000
  0.868010   5.113640   0.313120   0.000000   0.000000   1.000000   1.540000
  1.426120   4.395520   0.790020   1.000000   1.000000   1.000000   1.200000
  1.422180   5.712700  -0.278260   1.000000   1.000000   1.000000   1.200000
  0.378080   5.652070   1.061950   1.000000   1.000000   1.000000   1.200000
  0.116010   4.620290  -0.225230   1.000000   1.000000   1.000000   1.200000
  1.029740   2.517320   5.016940   0.000000   0.000000   1.000000   1.540000
  1.418450   0.076970   4.018100   1.000000   1.000000   1.000000   1.200000
  0.965000   2.964890   4.121090   1.000000   1.000000   1.000000   1.200000
  1.702400   3.011030   5.566310   1.000000   1.000000   1.000000   1.200000
  0.143060   2.594550   5.472050   1.000000   1.000000   1.000000   1.200000
 -3.629890   0.740220   3.407240   0.000000   0.000000   1.000000   1.540000
 -1.952070  -0.497400   3.674020   1.000000   1.000000   1.000000   1.200000
 -3.691560   1.045090   2.454790   1.000000   1.000000   1.000000   1.200000
 -3.261340   1.512230   3.931920   1.000000   1.000000   1.000000   1.200000
 -4.551670   0.541180   3.737040   1.000000   1.000000   1.000000   1.200000
28 bonds follow (x1 y1 z1 x2 y2 z2)
 -3.629890   0.740220   3.407240  -4.551670   0.541180   3.737040
 -3.629890   0.740220   3.407240  -3.261340   1.512230   3.931920
 -3.629890   0.740220   3.407240  -3.691560   1.045090   2.454790
 -1.002710  -0.657750   3.583560  -1.952070  -0.497400   3.674020
  1.029740   2.517320   5.016940   0.143060   2.594550   5.472050
  1.029740   2.517320   5.016940   1.702400   3.011030   5.566310
  1.029740   2.517320   5.016940   0.965000   2.964890   4.121090
  1.292320  -0.045750   3.075410   1.418450   0.076970   4.018100
  0.868010   5.113640   0.313120   0.116010   4.620290  -0.225230
  0.868010   5.113640   0.313120   0.378080   5.652070   1.061950
  0.868010   5.113640   0.313120   1.422180   5.712700  -0.278260
  0.868010   5.113640   0.313120   1.426120   4.395520   0.790020
 -2.563990   5.922640   1.869180  -2.135380   6.887110   2.254890
 -2.563990   5.922640   1.869180  -3.286830   6.154450   1.042320
 -2.563990   5.922640   1.869180  -3.110280   5.402600   2.699440
 -1.539350   5.137730   1.377410  -2.563990   5.922640   1.869180
 -1.182380   3.443940   1.862500  -1.539350   5.137730   1.377410
 -1.182380   3.443940   1.862500  -0.925180   3.096590   0.513140
 -1.182380   3.443940   1.862500  -2.367480   3.198500   2.537190
 -1.182380   3.443940   1.862500   0.017670   3.827130   2.500520
 -0.180120   0.167250   2.527240  -0.640650   1.552540   2.289110
 -0.180120   0.167250   2.527240  -1.002710  -0.657750   3.583560
 -0.180120   0.167250   2.527240   1.292320  -0.045750   3.075410
 -0.277560  -0.701920   1.207320  -0.180120   0.167250   2.527240
 -0.401570  -0.044980  -0.035810  -0.277560  -0.701920   1.207320
 -0.401570  -0.044980  -0.035810  -1.212070  -0.574250  -0.601910
 -0.401570  -0.044980  -0.035810  -0.659730   1.040000   0.098980
 -0.401570  -0.044980  -0.035810   0.564840  -0.164050  -0.593050
