33 atoms follow (x y z r g b radiusScale)
 -0.129090  -0.105190  -0.022600   0.000000   1.000000   0.000000   1.850000
  0.862490  -0.443830  -0.422050   1.000000   1.000000   1.000000   1.200000
 -0.164060   1.012100   0.099680   1.000000   1.000000   1.000000   1.200000
 -0.936500  -0.440140  -0.725240   1.000000   1.000000   1.000000   1.200000
 -0.358170  -0.752910   1.212780   1.000000   0.000000   0.000000   1.400000
 -0.281000   0.143180   2.527300   0.500000   0.500000   0.500000   1.900000
  1.208480   0.010830   3.014750   1.000000   0.000000   0.000000   1.400000
 -1.181930  -0.585800   3.582820   1.000000   0.000000   0.000000   1.400000
 -0.655530   1.561050   2.309150   1.000000   0.000000   0.000000   1.400000
 -1.215860   3.421280   1.841340   1.000000   1.000000   0.000000   1.850000
 -0.155830   3.893420   2.668280   1.000000   0.000000   0.000000   1.400000
 -2.473260   3.087850   2.327280   1.000000   0.000000   0.000000   1.400000
 -0.754330   3.146050   0.527060   1.000000   0.000000   0.000000   1.400000
 -1.563310   5.102360   1.359470   1.000000   0.000000   0.000000   1.400000
 -2.765020   5.721700   1.624780   0.000000   1.000000   0.000000   1.850000
 -3.517410   5.459880   0.834020   1.000000   1.000000   1.000000   1.200000
 -2.604400   6.832090   1.623280   1.000000   1.000000   1.000000   1.200000
 -3.166060   5.406600   2.624530   1.000000   1.000000   1.000000   1.200000
  0.949740   5.291840   0.572830   0.000000   0.000000   1.000000   1.540000
  1.066520   4.927330   1.535420   1.000000   1.000000   1.000000   1.200000
  1.746720   5.823730   0.261110   1.000000   1.000000   1.000000   1.200000
  0.090710   5.861490   0.594020   1.000000   1.000000   1.000000   1.200000
  0.742640   4.470490  -0.031170   1.000000   1.000000   1.000000   1.200000
  1.491390   2.347400   4.765950   0.000000   0.000000   1.000000   1.540000
  1.487980   0.534300   3.778180   1.000000   1.000000   1.000000   1.200000
  0.991390   2.985390   4.172140   1.000000   1.000000   1.000000   1.200000
  2.434160   2.656440   4.868140   1.000000   1.000000   1.000000   1.200000
  1.061310   2.327360   5.666070   1.000000   1.000000   1.000000   1.200000
 -3.548230   0.964080   3.709400   0.000000   0.000000   1.000000   1.540000
 -2.081010  -0.233290   3.749870   1.000000   1.000000   1.000000   1.200000
 -3.778060   1.096460   2.743370   1.000000   1.000000   1.000000   1.200000
 -3.174790   1.833610   4.042260   1.000000   1.000000   1.000000   1.200000
 -4.381540   0.750500   4.214890   1.000000   1.000000   1.000000   1.200000
28 bonds follow (x1 y1 z1 x2 y2 z2)
 -3.548230   0.964080   3.709400  -4.381540   0.750500   4.214890
 -3.548230   0.964080   3.709400  -3.174790   1.833610   4.042260
 -3.548230   0.964080   3.709400  -3.778060   1.096460   2.743370
 -1.181930  -0.585800   3.582820  -2.081010  -0.233290   3.749870
  1.491390   2.347400   4.765950   1.061310   2.327360   5.666070
  1.491390   2.347400   4.765950   2.434160   2.656440   4.868140
  1.491390   2.347400   4.765950   0.991390   2.985390   4.172140
  1.208480   0.010830   3.014750   1.487980   0.534300   3.778180
  0.949740   5.291840   0.572830   0.742640   4.470490  -0.031170
  0.949740   5.291840   0.572830   0.090710   5.861490   0.594020
  0.949740   5.291840   0.572830   1.746720   5.823730   0.261110
  0.949740   5.291840   0.572830   1.066520   4.927330   1.535420
 -2.765020   5.721700   1.624780  -3.166060   5.406600   2.624530
 -2.765020   5.721700   1.624780  -2.604400   6.832090   1.623280
 -2.765020   5.721700   1.624780  -3.517410   5.459880   0.834020
 -1.563310   5.102360   1.359470  -2.765020   5.721700   1.624780
 -1.215860   3.421280   1.841340  -1.563310   5.102360   1.359470
 -1.215860   3.421280   1.841340  -0.754330   3.146050   0.527060
 -1.215860   3.421280   1.841340  -2.473260   3.087850   2.327280
 -1.215860   3.421280   1.841340  -0.155830   3.893420   2.668280
 -0.281000   0.143180   2.527300  -0.655530   1.561050   2.309150
 -0.281000   0.143180   2.527300  -1.181930  -0.585800   3.582820
 -0.281000   0.143180   2.527300   1.208480   0.010830   3.014750
 -0.358170  -0.752910   1.212780  -0.281000   0.143180   2.527300
 -0.129090  -0.105190  -0.022600  -0.358170  -0.752910   1.212780
 -0.129090  -0.105190  -0.022600  -0.936500  -0.440140  -0.725240
 -0.129090  -0.105190  -0.022600  -0.164060   1.012100   0.099680
 -0.129090  -0.105190  -0.022600   0.862490  -0.443830  -0.422050
