33 atoms follow (x y z r g b radiusScale)
  0.000000   0.000000   0.000000   0.000000   1.000000   0.000000   1.850000
  1.118988   0.000000   0.000000   1.000000   1.000000   1.000000   1.200000
 -0.405200   1.049266   0.000000   1.000000   1.000000   1.000000   1.200000
 -0.386639  -0.578467  -0.876015   1.000000   1.000000   1.000000   1.200000
 -0.445656  -0.680337   1.156121   1.000000   0.000000   0.000000   1.400000
 -0.328636   0.128902   2.516256   0.500000   0.500000   0.500000   1.900000
  1.153371  -0.065803   2.993778   1.000000   0.000000   0.000000   1.400000
 -1.241202  -0.623147   3.539829   1.000000   0.000000   0.000000   1.400000
 -0.680078   1.569130   2.367099   1.000000   0.000000   0.000000   1.400000
 -1.149150   3.394785   1.976283   1.000000   1.000000   0.000000   1.850000
 -0.031953   3.843046   2.702566   1.000000   0.000000   0.000000   1.400000
 -2.396665   3.162323   2.528169   1.000000   0.000000   0.000000   1.400000
 -0.859794   3.160629   0.617736   1.000000   0.000000   0.000000   1.400000
 -1.526878   5.172127   1.565073   1.000000   0.000000   0.000000   1.400000
 -2.705369   5.613431   0.974937   0.000000   1.000000   0.000000   1.850000
 -2.735531   5.314879  -0.105785   1.000000   1.000000   1.000000   1.200000
 -2.751951   6.730340   1.053577   1.000000   1.000000   1.000000   1.200000
 -3.575915   5.159376   1.515049   1.000000   1.000000   1.000000   1.200000
  0.753692   5.418801   0.512652   0.000000   0.000000   1.000000   1.540000
  1.276871   5.149585   1.342101   1.000000   1.000000   1.000000   1.200000
 -0.347709   5.563890   0.888145   1.000000   1.000000   1.000000   1.200000
  0.714843   4.628294  -0.126057   1.000000   1.000000   1.000000   1.200000
  1.143046   6.233095   0.075882   1.000000   1.000000   1.000000   1.200000
  1.620757   2.232089   4.685574   0.000000   0.000000   1.000000   1.540000
  1.513872   0.571844   3.635136   1.000000   1.000000   1.000000   1.200000
  1.173299   2.894523   4.077060   1.000000   1.000000   1.000000   1.200000
  2.569335   2.506013   4.829195   1.000000   1.000000   1.000000   1.200000
  1.151811   2.229831   5.566617   1.000000   1.000000   1.000000   1.200000
 -3.597442   0.959261   3.767087   0.000000   0.000000   1.000000   1.540000
 -2.135590  -0.268660   3.722741   1.000000   1.000000   1.000000   1.200000
 -3.833194   1.195344   2.822731   1.000000   1.000000   1.000000   1.200000
 -3.168596   1.771060   4.171616   1.000000   1.000000   1.000000   1.200000
 -4.434436   0.748236   4.267784   1.000000   1.000000   1.000000   1.200000
29 bonds follow (x1 y1 z1 x2 y2 z2)
 -3.597442   0.959261   3.767087  -4.434436   0.748236   4.267784
 -3.597442   0.959261   3.767087  -3.168596   1.771060   4.171616
 -3.597442   0.959261   3.767087  -3.833194   1.195344   2.822731
 -1.241202  -0.623147   3.539829  -2.135590  -0.268660   3.722741
  1.620757   2.232089   4.685574   1.151811   2.229831   5.566617
  1.620757   2.232089   4.685574   2.569335   2.506013   4.829195
  1.620757   2.232089   4.685574   1.173299   2.894523   4.077060
  1.153371  -0.065803   2.993778   1.513872   0.571844   3.635136
  0.753692   5.418801   0.512652   1.143046   6.233095   0.075882
  0.753692   5.418801   0.512652   0.714843   4.628294  -0.126057
  0.753692   5.418801   0.512652  -0.347709   5.563890   0.888145
  0.753692   5.418801   0.512652   1.276871   5.149585   1.342101
 -2.705369   5.613431   0.974937  -3.575915   5.159376   1.515049
 -2.705369   5.613431   0.974937  -2.751951   6.730340   1.053577
 -2.705369   5.613431   0.974937  -2.735531   5.314879  -0.105785
 -1.526878   5.172127   1.565073  -2.705369   5.613431   0.974937
 -1.149150   3.394785   1.976283  -1.526878   5.172127   1.565073
 -1.149150   3.394785   1.976283  -0.859794   3.160629   0.617736
 -1.149150   3.394785   1.976283  -2.396665   3.162323   2.528169
 -1.149150   3.394785   1.976283  -0.031953   3.843046   2.702566
 -0.680078   1.569130   2.367099  -1.149150   3.394785   1.976283
 -0.328636   0.128902   2.516256  -0.680078   1.569130   2.367099
 -0.328636   0.128902   2.516256  -1.241202  -0.623147   3.539829
 -0.328636   0.128902   2.516256   1.153371  -0.065803   2.993778
 -0.445656  -0.680337   1.156121  -0.328636   0.128902   2.516256
  0.000000   0.000000   0.000000  -0.445656  -0.680337   1.156121
  0.000000   0.000000   0.000000  -0.386639  -0.578467  -0.876015
  0.000000   0.000000   0.000000  -0.405200   1.049266   0.000000
  0.000000   0.000000   0.000000   1.118988   0.000000   0.000000
