33 atoms follow (x y z r g b radiusScale)
 -0.428030  -0.230720  -0.007160   0.000000   1.000000   0.000000   1.850000
  0.509390  -0.378350  -0.605700   1.000000   1.000000   1.000000   1.200000
 -0.681170   0.860890   0.069700   1.000000   1.000000   1.000000   1.200000
 -1.261900  -0.801180  -0.494290   1.000000   1.000000   1.000000   1.200000
 -0.225220  -0.798610   1.268780   1.000000   0.000000   0.000000   1.400000
 -0.212170   0.157630   2.536260   0.500000   0.500000   0.500000   1.900000
  1.245300   0.060440   3.126460   1.000000   0.000000   0.000000   1.400000
 -1.156630  -0.598860   3.539540   1.000000   0.000000   0.000000   1.400000
 -0.628390   1.543750   2.208860   1.000000   0.000000   0.000000   1.400000
 -1.191040   3.404790   1.766190   1.000000   1.000000   0.000000   1.850000
 -0.126400   3.836520   2.604040   1.000000   0.000000   0.000000   1.400000
 -2.459990   3.075450   2.219530   1.000000   0.000000   0.000000   1.400000
 -0.704730   3.199960   0.446550   1.000000   0.000000   0.000000   1.400000
 -1.604250   5.100150   1.388260   1.000000   0.000000   0.000000   1.400000
 -2.681280   5.781980   1.927530   0.000000   1.000000   0.000000   1.850000
 -3.637480   5.443380   1.451190   1.000000   1.000000   1.000000   1.200000
 -2.533540   6.875960   1.726170   1.000000   1.000000   1.000000   1.200000
 -2.745770   5.613940   3.034490   1.000000   1.000000   1.000000   1.200000
  0.949040   5.292800   0.561760   0.000000   0.000000   1.000000   1.540000
  1.468990   4.593660   1.099680   1.000000   1.000000   1.000000   1.200000
  1.549430   5.955750   0.099130   1.000000   1.000000   1.000000   1.200000
  0.289220   5.746750   1.229580   1.000000   1.000000   1.000000   1.200000
  0.351700   4.769440  -0.108710   1.000000   1.000000   1.000000   1.200000
  1.328450   2.458960   4.839460   0.000000   0.000000   1.000000   1.540000
  1.467870   0.633490   3.874040   1.000000   1.000000   1.000000   1.200000
  0.890670   3.078280   4.181930   1.000000   1.000000   1.000000   1.200000
  2.250520   2.785470   5.035870   1.000000   1.000000   1.000000   1.200000
  0.803920   2.456440   5.688580   1.000000   1.000000   1.000000   1.200000
 -3.609380   0.953400   3.667950   0.000000   0.000000   1.000000   1.540000
 -2.067740  -0.278230   3.663290   1.000000   1.000000   1.000000   1.200000
 -3.709180   1.212170   2.703910   1.000000   1.000000   1.000000   1.200000
 -3.326700   1.777380   4.161270   1.000000   1.000000   1.000000   1.200000
 -4.494310   0.652760   4.018910   1.000000   1.000000   1.000000   1.200000
28 bonds follow (x1 y1 z1 x2 y2 z2)
 -3.609380   0.953400   3.667950  -4.494310   0.652760   4.018910
 -3.609380   0.953400   3.667950  -3.326700   1.777380   4.161270
 -3.609380   0.953400   3.667950  -3.709180   1.212170   2.703910
 -1.156630  -0.598860   3.539540  -2.067740  -0.278230   3.663290
  1.328450   2.458960   4.839460   0.803920   2.456440   5.688580
  1.328450   2.458960   4.839460   2.250520   2.785470   5.035870
  1.328450   2.458960   4.839460   0.890670   3.078280   4.181930
  1.245300   0.060440   3.126460   1.467870   0.633490   3.874040
  0.949040   5.292800   0.561760   0.351700   4.769440  -0.108710
  0.949040   5.292800   0.561760   0.289220   5.746750   1.229580
  0.949040   5.292800   0.561760   1.549430   5.955750   0.099130
  0.949040   5.292800   0.561760   1.468990   4.593660   1.099680
 -2.681280   5.781980   1.927530  -2.745770   5.613940   3.034490
 -2.681280   5.781980   1.927530  -2.533540   6.875960   1.726170
 -2.681280   5.781980   1.927530  -3.637480   5.443380   1.451190
 -1.604250   5.100150   1.388260  -2.681280   5.781980   1.927530
 -1.191040   3.404790   1.766190  -1.604250   5.100150   1.388260
 -1.191040   3.404790   1.766190  -0.704730   3.199960   0.446550
 -1.191040   3.404790   1.766190  -2.459990   3.075450   2.219530
 -1.191040   3.404790   1.766190  -0.126400   3.836520   2.604040
 -0.212170   0.157630   2.536260  -0.628390   1.543750   2.208860
 -0.212170   0.157630   2.536260  -1.156630  -0.598860   3.539540
 -0.212170   0.157630   2.536260   1.245300   0.060440   3.126460
 -0.225220  -0.798610   1.268780  -0.212170   0.157630   2.536260
 -0.428030  -0.230720  -0.007160  -0.225220  -0.798610   1.268780
 -0.428030  -0.230720  -0.007160  -1.261900  -0.801180  -0.494290
 -0.428030  -0.230720  -0.007160  -0.681170   0.860890   0.069700
 -0.428030  -0.230720  -0.007160   0.509390  -0.378350  -0.605700
