33 atoms follow (x y z r g b radiusScale)
 -0.435690  -0.060050  -0.052500   0.000000   1.000000   0.000000   1.850000
  0.522320  -0.115540  -0.634180   1.000000   1.000000   1.000000   1.200000
 -0.759240   1.004880   0.088340   1.000000   1.000000   1.000000   1.200000
 -1.220790  -0.649540  -0.595010   1.000000   1.000000   1.000000   1.200000
 -0.235100  -0.694280   1.193020   1.000000   0.000000   0.000000   1.400000
 -0.201710   0.157200   2.533840   0.500000   0.500000   0.500000   1.900000
  1.265040  -0.050600   3.067380   1.000000   0.000000   0.000000   1.400000
 -1.016540  -0.669120   3.597640   1.000000   0.000000   0.000000   1.400000
 -0.599060   1.564230   2.335350   1.000000   0.000000   0.000000   1.400000
 -1.189980   3.451680   1.855840   1.000000   1.000000   0.000000   1.850000
 -0.020030   3.897060   2.523750   1.000000   0.000000   0.000000   1.400000
 -2.369680   3.152440   2.510530   1.000000   0.000000   0.000000   1.400000
 -0.923660   3.089110   0.506080   1.000000   0.000000   0.000000   1.400000
 -1.568770   5.125200   1.376150   1.000000   0.000000   0.000000   1.400000
 -2.558810   5.942010   1.883410   0.000000   1.000000   0.000000   1.850000
 -3.172920   5.409110   2.655390   1.000000   1.000000   1.000000   1.200000
 -3.226690   6.273440   1.044030   1.000000   1.000000   1.000000   1.200000
 -2.085150   6.848940   2.347730   1.000000   1.000000   1.000000   1.200000
  0.902210   5.110170   0.295000   0.000000   0.000000   1.000000   1.540000
  1.392910   4.386950   0.852640   1.000000   1.000000   1.000000   1.200000
  1.534650   5.676840  -0.250390   1.000000   1.000000   1.000000   1.200000
  0.356860   5.677500   0.982250   1.000000   1.000000   1.000000   1.200000
  0.204850   4.623470  -0.285780   1.000000   1.000000   1.000000   1.200000
  1.038900   2.499420   5.018300   0.000000   0.000000   1.000000   1.540000
  1.430760   0.080190   4.001150   1.000000   1.000000   1.000000   1.200000
  0.929180   2.976700   4.141750   1.000000   1.000000   1.000000   1.200000
  1.760880   2.953510   5.538430   1.000000   1.000000   1.000000   1.200000
  0.186040   2.587640   5.531980   1.000000   1.000000   1.000000   1.200000
 -3.569810   0.757140   3.388710   0.000000   0.000000   1.000000   1.540000
 -1.942110  -0.437580   3.761820   1.000000   1.000000   1.000000   1.200000
 -3.806360   1.022490   2.453520   1.000000   1.000000   1.000000   1.200000
 -3.229450   1.581420   3.849710   1.000000   1.000000   1.000000   1.200000
 -4.394300   0.439080   3.853170   1.000000   1.000000   1.000000   1.200000
28 bonds follow (x1 y1 z1 x2 y2 z2)
 -3.569810   0.757140   3.388710  -4.394300   0.439080   3.853170
 -3.569810   0.757140   3.388710  -3.229450   1.581420   3.849710
 -3.569810   0.757140   3.388710  -3.806360   1.022490   2.453520
 -1.016540  -0.669120   3.597640  -1.942110  -0.437580   3.761820
  1.038900   2.499420   5.018300   0.186040   2.587640   5.531980
  1.038900   2.499420   5.018300   1.760880   2.953510   5.538430
  1.038900   2.499420   5.018300   0.929180   2.976700   4.141750
  1.265040  -0.050600   3.067380   1.430760   0.080190   4.001150
  0.902210   5.110170   0.295000   0.204850   4.623470  -0.285780
  0.902210   5.110170   0.295000   0.356860   5.677500   0.982250
  0.902210   5.110170   0.295000   1.534650   5.676840  -0.250390
  0.902210   5.110170   0.295000   1.392910   4.386950   0.852640
 -2.558810   5.942010   1.883410  -2.085150   6.848940   2.347730
 -2.558810   5.942010   1.883410  -3.226690   6.273440   1.044030
 -2.558810   5.942010   1.883410  -3.172920   5.409110   2.655390
 -1.568770   5.125200   1.376150  -2.558810   5.942010   1.883410
 -1.189980   3.451680   1.855840  -1.568770   5.125200   1.376150
 -1.189980   3.451680   1.855840  -0.923660   3.089110   0.506080
 -1.189980   3.451680   1.855840  -2.369680   3.152440   2.510530
 -1.189980   3.451680   1.855840  -0.020030   3.897060   2.523750
 -0.201710   0.157200   2.533840  -0.599060   1.564230   2.335350
 -0.201710   0.157200   2.533840  -1.016540  -0.669120   3.597640
 -0.201710   0.157200   2.533840   1.265040  -0.050600   3.067380
 -0.235100  -0.694280   1.193020  -0.201710   0.157200   2.533840
 -0.435690  -0.060050  -0.052500  -0.235100  -0.694280   1.193020
 -0.435690  -0.060050  -0.052500  -1.220790  -0.649540  -0.595010
 -0.435690  -0.060050  -0.052500  -0.759240   1.004880   0.088340
 -0.435690  -0.060050  -0.052500   0.522320  -0.115540  -0.634180
