33 atoms follow (x y z r g b radiusScale)
  0.327760  -0.168090   0.059990   0.000000   1.000000   0.000000   1.850000
  1.421200  -0.285050   0.264640   1.000000   1.000000   1.000000   1.200000
  0.047650   0.912720  -0.045450   1.000000   1.000000   1.000000   1.200000
  0.028890  -0.754250  -0.845390   1.000000   1.000000   1.000000   1.200000
 -0.398220  -0.723400   1.141780   1.000000   0.000000   0.000000   1.400000
 -0.290900   0.008230   2.535760   0.500000   0.500000   0.500000   1.900000
  1.194410  -0.146030   2.952550   1.000000   0.000000   0.000000   1.400000
 -1.218290  -0.757090   3.538830   1.000000   0.000000   0.000000   1.400000
 -0.668530   1.462250   2.398660   1.000000   0.000000   0.000000   1.400000
 -1.179560   3.197080   2.173370   1.000000   1.000000   0.000000   1.850000
 -0.366580   3.697150   3.169240   1.000000   0.000000   0.000000   1.400000
 -2.521990   3.070810   2.429130   1.000000   0.000000   0.000000   1.400000
 -0.696660   3.312310   0.890470   1.000000   0.000000   0.000000   1.400000
 -2.394650   6.328460   1.431620   1.000000   0.000000   0.000000   1.400000
 -3.704780   6.202660   0.926210   0.000000   1.000000   0.000000   1.850000
 -3.972470   7.014970   0.204350   1.000000   1.000000   1.000000   1.200000
 -4.441000   6.176890   1.769350   1.000000   1.000000   1.000000   1.200000
 -3.703920   5.196540   0.420470   1.000000   1.000000   1.000000   1.200000
  2.357010   5.163170  -0.200360   0.000000   0.000000   1.000000   1.540000
  2.090510   5.808120   0.517290   1.000000   1.000000   1.000000   1.200000
 -2.424120   7.158670   2.031020   1.000000   1.000000   1.000000   1.200000
  2.217080   5.602170  -1.089050   1.000000   1.000000   1.000000   1.200000
  1.747220   4.372650  -0.141520   1.000000   1.000000   1.000000   1.200000
  1.822320   2.170130   4.382610   0.000000   0.000000   1.000000   1.540000
  1.601660   0.534310   3.539680   1.000000   1.000000   1.000000   1.200000
  1.520690   2.883730   3.742370   1.000000   1.000000   1.000000   1.200000
  2.779310   2.327020   4.619690   1.000000   1.000000   1.000000   1.200000
  1.268520   2.239880   5.211170   1.000000   1.000000   1.000000   1.200000
 -3.621520   0.762030   3.834510   0.000000   0.000000   1.000000   1.540000
 -2.125770  -0.439260   3.728550   1.000000   1.000000   1.000000   1.200000
 -3.621320   1.213090   2.937510   1.000000   1.000000   1.000000   1.200000
 -3.431920   1.460330   4.524750   1.000000   1.000000   1.000000   1.200000
 -4.527720   0.378920   4.003680   1.000000   1.000000   1.000000   1.200000
28 bonds follow (x1 y1 z1 x2 y2 z2)
 -3.621520   0.762030   3.834510  -4.527720   0.378920   4.003680
 -3.621520   0.762030   3.834510  -3.431920   1.460330   4.524750
 -3.621520   0.762030   3.834510  -3.621320   1.213090   2.937510
 -1.218290  -0.757090   3.538830  -2.125770  -0.439260   3.728550
  1.822320   2.170130   4.382610   1.268520   2.239880   5.211170
  1.822320   2.170130   4.382610   2.779310   2.327020   4.619690
  1.822320   2.170130   4.382610   1.520690   2.883730   3.742370
  1.194410  -0.146030   2.952550   1.601660   0.534310   3.539680
  2.357010   5.163170  -0.200360   1.747220   4.372650  -0.141520
  2.357010   5.163170  -0.200360   2.217080   5.602170  -1.089050
 -2.394650   6.328460   1.431620  -2.424120   7.158670   2.031020
  2.357010   5.163170  -0.200360   2.090510   5.808120   0.517290
 -3.704780   6.202660   0.926210  -3.703920   5.196540   0.420470
 -3.704780   6.202660   0.926210  -4.441000   6.176890   1.769350
 -3.704780   6.202660   0.926210  -3.972470   7.014970   0.204350
 -2.394650   6.328460   1.431620  -3.704780   6.202660   0.926210
 -1.179560   3.197080   2.173370  -0.696660   3.312310   0.890470
 -1.179560   3.197080   2.173370  -2.521990   3.070810   2.429130
 -1.179560   3.197080   2.173370  -0.366580   3.697150   3.169240
 -0.668530   1.462250   2.398660  -1.179560   3.197080   2.173370
 -0.290900   0.008230   2.535760  -0.668530   1.462250   2.398660
 -0.290900   0.008230   2.535760  -1.218290  -0.757090   3.538830
 -0.290900   0.008230   2.535760   1.194410  -0.146030   2.952550
 -0.398220  -0.723400   1.141780  -0.290900   0.008230   2.535760
  0.327760  -0.168090   0.059990  -0.398220  -0.723400   1.141780
  0.327760  -0.168090   0.059990   0.028890  -0.754250  -0.845390
  0.327760  -0.168090   0.059990   0.047650   0.912720  -0.045450
  0.327760  -0.168090   0.059990   1.421200  -0.285050   0.264640
