33 atoms follow (x y z r g b radiusScale)
 -0.492470  -0.091750  -0.040900   0.000000   1.000000   0.000000   1.850000
  0.427440  -0.122420  -0.682110   1.000000   1.000000   1.000000   1.200000
 -0.831520   0.968260   0.116510   1.000000   1.000000   1.000000   1.200000
 -1.294030  -0.702560  -0.532980   1.000000   1.000000   1.000000   1.200000
 -0.192140  -0.712590   1.189730   1.000000   0.000000   0.000000   1.400000
 -0.187640   0.152410   2.525600   0.500000   0.500000   0.500000   1.900000
  1.279160  -0.055700   3.067700   1.000000   0.000000   0.000000   1.400000
 -1.083940  -0.606850   3.562110   1.000000   0.000000   0.000000   1.400000
 -0.586870   1.570640   2.370130   1.000000   0.000000   0.000000   1.400000
 -1.192510   3.472180   1.864370   1.000000   1.000000   0.000000   1.850000
 -0.045620   3.944050   2.553780   1.000000   0.000000   0.000000   1.400000
 -2.390750   3.121240   2.454250   1.000000   0.000000   0.000000   1.400000
 -0.859000   3.096930   0.538960   1.000000   0.000000   0.000000   1.400000
 -1.611100   5.118890   1.315330   1.000000   0.000000   0.000000   1.400000
 -2.550820   5.940980   1.915430   0.000000   1.000000   0.000000   1.850000
 -3.264300   5.343920   2.541580   1.000000   1.000000   1.000000   1.200000
 -3.122100   6.480020   1.114940   1.000000   1.000000   1.000000   1.200000
 -2.031400   6.697640   2.563430   1.000000   1.000000   1.000000   1.200000
  0.891770   5.087800   0.305970   0.000000   0.000000   1.000000   1.540000
  1.199930   4.580470   1.147260   1.000000   1.000000   1.000000   1.200000
  1.661590   5.525280  -0.176060   1.000000   1.000000   1.000000   1.200000
  0.179370   5.773350   0.625500   1.000000   1.000000   1.000000   1.200000
  0.385320   4.398760  -0.294400   1.000000   1.000000   1.000000   1.200000
  1.046140   2.445660   5.009680   0.000000   0.000000   1.000000   1.540000
  1.523160   0.427410   3.860130   1.000000   1.000000   1.000000   1.200000
  0.928220   2.919090   4.131450   1.000000   1.000000   1.000000   1.200000
  1.857900   2.810610   5.462630   1.000000   1.000000   1.000000   1.200000
  0.251730   2.645100   5.581400   1.000000   1.000000   1.000000   1.200000
 -3.533590   0.744350   3.420900   0.000000   0.000000   1.000000   1.540000
 -2.012800  -0.328650   3.677560   1.000000   1.000000   1.000000   1.200000
 -3.757660   0.836080   2.450590   1.000000   1.000000   1.000000   1.200000
 -3.114150   1.608890   3.716090   1.000000   1.000000   1.000000   1.200000
 -4.379200   0.608810   3.933050   1.000000   1.000000   1.000000   1.200000
28 bonds follow (x1 y1 z1 x2 y2 z2)
 -3.533590   0.744350   3.420900  -4.379200   0.608810   3.933050
 -3.533590   0.744350   3.420900  -3.114150   1.608890   3.716090
 -3.533590   0.744350   3.420900  -3.757660   0.836080   2.450590
 -1.083940  -0.606850   3.562110  -2.012800  -0.328650   3.677560
  1.046140   2.445660   5.009680   0.251730   2.645100   5.581400
  1.046140   2.445660   5.009680   1.857900   2.810610   5.462630
  1.046140   2.445660   5.009680   0.928220   2.919090   4.131450
  1.279160  -0.055700   3.067700   1.523160   0.427410   3.860130
  0.891770   5.087800   0.305970   0.385320   4.398760  -0.294400
  0.891770   5.087800   0.305970   0.179370   5.773350   0.625500
  0.891770   5.087800   0.305970   1.661590   5.525280  -0.176060
  0.891770   5.087800   0.305970   1.199930   4.580470   1.147260
 -2.550820   5.940980   1.915430  -2.031400   6.697640   2.563430
 -2.550820   5.940980   1.915430  -3.122100   6.480020   1.114940
 -2.550820   5.940980   1.915430  -3.264300   5.343920   2.541580
 -1.611100   5.118890   1.315330  -2.550820   5.940980   1.915430
 -1.192510   3.472180   1.864370  -1.611100   5.118890   1.315330
 -1.192510   3.472180   1.864370  -0.859000   3.096930   0.538960
 -1.192510   3.472180   1.864370  -2.390750   3.121240   2.454250
 -1.192510   3.472180   1.864370  -0.045620   3.944050   2.553780
 -0.187640   0.152410   2.525600  -0.586870   1.570640   2.370130
 -0.187640   0.152410   2.525600  -1.083940  -0.606850   3.562110
 -0.187640   0.152410   2.525600   1.279160  -0.055700   3.067700
 -0.192140  -0.712590   1.189730  -0.187640   0.152410   2.525600
 -0.492470  -0.091750  -0.040900  -0.192140  -0.712590   1.189730
 -0.492470  -0.091750  -0.040900  -1.294030  -0.702560  -0.532980
 -0.492470  -0.091750  -0.040900  -0.831520   0.968260   0.116510
 -0.492470  -0.091750  -0.040900   0.427440  -0.122420  -0.682110
