33 atoms follow (x y z r g b radiusScale)
  0.118030  -0.178440   0.028850   0.000000   1.000000   0.000000   1.850000
  1.226560  -0.117440   0.172260   1.000000   1.000000   1.000000   1.200000
 -0.331240   0.844110  -0.086740   1.000000   1.000000   1.000000   1.200000
 -0.130960  -0.827880  -0.846590   1.000000   1.000000   1.000000   1.200000
 -0.442100  -0.799060   1.169920   1.000000   0.000000   0.000000   1.400000
 -0.279650   0.022620   2.515130   0.500000   0.500000   0.500000   1.900000
  1.159300  -0.158300   3.090590   1.000000   0.000000   0.000000   1.400000
 -1.255720  -0.653090   3.516570   1.000000   0.000000   0.000000   1.400000
 -0.669430   1.468100   2.328970   1.000000   0.000000   0.000000   1.400000
 -1.119340   3.227640   2.086270   1.000000   1.000000   0.000000   1.850000
 -0.156240   3.750250   2.912290   1.000000   0.000000   0.000000   1.400000
 -2.405820   3.062010   2.557130   1.000000   0.000000   0.000000   1.400000
 -0.912430   3.268080   0.731120   1.000000   0.000000   0.000000   1.400000
 -2.184350   5.978880   1.598260   1.000000   0.000000   0.000000   1.400000
 -3.366190   6.018280   0.825680   0.000000   1.000000   0.000000   1.850000
 -3.114310   6.221200  -0.247520   1.000000   1.000000   1.000000   1.200000
 -4.044780   6.817070   1.206230   1.000000   1.000000   1.000000   1.200000
 -3.876410   5.021140   0.881790   1.000000   1.000000   1.000000   1.200000
  1.945260   5.551780  -0.030630   0.000000   0.000000   1.000000   1.540000
  1.966330   6.157210   0.761340   1.000000   1.000000   1.000000   1.200000
 -1.811690   6.806380   1.715990   1.000000   1.000000   1.000000   1.200000
  1.410930   5.990120  -0.751220   1.000000   1.000000   1.000000   1.200000
  1.510310   4.688080   0.217810   1.000000   1.000000   1.000000   1.200000
  1.726170   2.149580   4.573910   0.000000   0.000000   1.000000   1.540000
  1.468440   0.472830   3.778720   1.000000   1.000000   1.000000   1.200000
  1.427750   2.881340   3.954780   1.000000   1.000000   1.000000   1.200000
  2.687570   2.286590   4.805220   1.000000   1.000000   1.000000   1.200000
  1.184450   2.197270   5.411730   1.000000   1.000000   1.000000   1.200000
 -3.579430   0.801720   3.826450   0.000000   0.000000   1.000000   1.540000
 -2.159620  -0.275760   3.659940   1.000000   1.000000   1.000000   1.200000
 -3.823000   1.190550   2.936030   1.000000   1.000000   1.000000   1.200000
 -3.295520   1.556130   4.418950   1.000000   1.000000   1.000000   1.200000
 -4.370600   0.342250   4.224130   1.000000   1.000000   1.000000   1.200000
28 bonds follow (x1 y1 z1 x2 y2 z2)
 -3.579430   0.801720   3.826450  -4.370600   0.342250   4.224130
 -3.579430   0.801720   3.826450  -3.295520   1.556130   4.418950
 -3.579430   0.801720   3.826450  -3.823000   1.190550   2.936030
 -1.255720  -0.653090   3.516570  -2.159620  -0.275760   3.659940
  1.726170   2.149580   4.573910   1.184450   2.197270   5.411730
  1.726170   2.149580   4.573910   2.687570   2.286590   4.805220
  1.726170   2.149580   4.573910   1.427750   2.881340   3.954780
  1.159300  -0.158300   3.090590   1.468440   0.472830   3.778720
  1.945260   5.551780  -0.030630   1.510310   4.688080   0.217810
  1.945260   5.551780  -0.030630   1.410930   5.990120  -0.751220
 -2.184350   5.978880   1.598260  -1.811690   6.806380   1.715990
  1.945260   5.551780  -0.030630   1.966330   6.157210   0.761340
 -3.366190   6.018280   0.825680  -3.876410   5.021140   0.881790
 -3.366190   6.018280   0.825680  -4.044780   6.817070   1.206230
 -3.366190   6.018280   0.825680  -3.114310   6.221200  -0.247520
 -2.184350   5.978880   1.598260  -3.366190   6.018280   0.825680
 -1.119340   3.227640   2.086270  -0.912430   3.268080   0.731120
 -1.119340   3.227640   2.086270  -2.405820   3.062010   2.557130
 -1.119340   3.227640   2.086270  -0.156240   3.750250   2.912290
 -0.669430   1.468100   2.328970  -1.119340   3.227640   2.086270
 -0.279650   0.022620   2.515130  -0.669430   1.468100   2.328970
 -0.279650   0.022620   2.515130  -1.255720  -0.653090   3.516570
 -0.279650   0.022620   2.515130   1.159300  -0.158300   3.090590
 -0.442100  -0.799060   1.169920  -0.279650   0.022620   2.515130
  0.118030  -0.178440   0.028850  -0.442100  -0.799060   1.169920
  0.118030  -0.178440   0.028850  -0.130960  -0.827880  -0.846590
  0.118030  -0.178440   0.028850  -0.331240   0.844110  -0.086740
  0.118030  -0.178440   0.028850   1.226560  -0.117440   0.172260
