33 atoms follow (x y z r g b radiusScale)
 -0.217390  -0.249830  -0.073220   0.000000   1.000000   0.000000   1.850000
  0.819790  -0.360360  -0.486440   1.000000   1.000000   1.000000   1.200000
 -0.525630   0.830310  -0.032000   1.000000   1.000000   1.000000   1.200000
 -0.925130  -0.840360  -0.711730   1.000000   1.000000   1.000000   1.200000
 -0.258250  -0.817960   1.216740   1.000000   0.000000   0.000000   1.400000
 -0.257600   0.149020   2.483120   0.500000   0.500000   0.500000   1.900000
  1.225690   0.046390   3.000290   1.000000   0.000000   0.000000   1.400000
 -1.101090  -0.602950   3.570920   1.000000   0.000000   0.000000   1.400000
 -0.680410   1.554660   2.264130   1.000000   0.000000   0.000000   1.400000
 -1.108780   3.446810   1.927710   1.000000   1.000000   0.000000   1.850000
  0.124590   3.832390   2.527040   1.000000   0.000000   0.000000   1.400000
 -2.261880   3.190780   2.658550   1.000000   0.000000   0.000000   1.400000
 -0.946750   3.185900   0.537420   1.000000   0.000000   0.000000   1.400000
 -1.476900   5.162640   1.603730   1.000000   0.000000   0.000000   1.400000
 -2.711050   5.745120   1.816870   0.000000   1.000000   0.000000   1.850000
 -3.033870   5.615790   2.882640   1.000000   1.000000   1.000000   1.200000
 -3.484070   5.287310   1.144640   1.000000   1.000000   1.000000   1.200000
 -2.624380   6.839260   1.584090   1.000000   1.000000   1.000000   1.200000
  0.810290   5.165750   0.240990   0.000000   0.000000   1.000000   1.540000
  0.854450   5.169070   1.286820   1.000000   1.000000   1.000000   1.200000
  1.491000   5.778320  -0.177380   1.000000   1.000000   1.000000   1.200000
 -0.172140   5.442550   0.012750   1.000000   1.000000   1.000000   1.200000
  0.913950   4.191120  -0.059710   1.000000   1.000000   1.000000   1.200000
  0.963190   2.511640   4.891960   0.000000   0.000000   1.000000   1.540000
  1.459500   0.538770   3.790890   1.000000   1.000000   1.000000   1.200000
  1.558410   2.987190   4.241200   1.000000   1.000000   1.000000   1.200000
  1.240180   2.752870   5.820460   1.000000   1.000000   1.000000   1.200000
  0.032750   2.849460   4.735200   1.000000   1.000000   1.000000   1.200000
 -3.603990   0.894210   3.389150   0.000000   0.000000   1.000000   1.540000
 -2.037180  -0.361300   3.667860   1.000000   1.000000   1.000000   1.200000
 -3.675480   1.304800   2.477690   1.000000   1.000000   1.000000   1.200000
 -3.199720   1.592940   3.986180   1.000000   1.000000   1.000000   1.200000
 -4.522560   0.684860   3.719910   1.000000   1.000000   1.000000   1.200000
28 bonds follow (x1 y1 z1 x2 y2 z2)
 -3.603990   0.894210   3.389150  -4.522560   0.684860   3.719910
 -3.603990   0.894210   3.389150  -3.199720   1.592940   3.986180
 -3.603990   0.894210   3.389150  -3.675480   1.304800   2.477690
 -1.101090  -0.602950   3.570920  -2.037180  -0.361300   3.667860
  0.963190   2.511640   4.891960   0.032750   2.849460   4.735200
  0.963190   2.511640   4.891960   1.240180   2.752870   5.820460
  0.963190   2.511640   4.891960   1.558410   2.987190   4.241200
  1.225690   0.046390   3.000290   1.459500   0.538770   3.790890
  0.810290   5.165750   0.240990   0.913950   4.191120  -0.059710
  0.810290   5.165750   0.240990  -0.172140   5.442550   0.012750
  0.810290   5.165750   0.240990   1.491000   5.778320  -0.177380
  0.810290   5.165750   0.240990   0.854450   5.169070   1.286820
 -2.711050   5.745120   1.816870  -2.624380   6.839260   1.584090
 -2.711050   5.745120   1.816870  -3.484070   5.287310   1.144640
 -2.711050   5.745120   1.816870  -3.033870   5.615790   2.882640
 -1.476900   5.162640   1.603730  -2.711050   5.745120   1.816870
 -1.108780   3.446810   1.927710  -1.476900   5.162640   1.603730
 -1.108780   3.446810   1.927710  -0.946750   3.185900   0.537420
 -1.108780   3.446810   1.927710  -2.261880   3.190780   2.658550
 -1.108780   3.446810   1.927710   0.124590   3.832390   2.527040
 -0.257600   0.149020   2.483120  -0.680410   1.554660   2.264130
 -0.257600   0.149020   2.483120  -1.101090  -0.602950   3.570920
 -0.257600   0.149020   2.483120   1.225690   0.046390   3.000290
 -0.258250  -0.817960   1.216740  -0.257600   0.149020   2.483120
 -0.217390  -0.249830  -0.073220  -0.258250  -0.817960   1.216740
 -0.217390  -0.249830  -0.073220  -0.925130  -0.840360  -0.711730
 -0.217390  -0.249830  -0.073220  -0.525630   0.830310  -0.032000
 -0.217390  -0.249830  -0.073220   0.819790  -0.360360  -0.486440
