33 atoms follow (x y z r g b radiusScale)
 -0.026210   0.016840  -0.034180   0.000000   1.000000   0.000000   1.850000
  1.092000  -0.019240  -0.067200   1.000000   1.000000   1.000000   1.200000
 -0.398650   1.078190  -0.025720   1.000000   1.000000   1.000000   1.200000
 -0.453560  -0.550660  -0.898530   1.000000   1.000000   1.000000   1.200000
 -0.459640  -0.646680   1.134350   1.000000   0.000000   0.000000   1.400000
 -0.299540   0.164930   2.491650   0.500000   0.500000   0.500000   1.900000
  1.175780  -0.089760   2.981980   1.000000   0.000000   0.000000   1.400000
 -1.228850  -0.563350   3.514350   1.000000   0.000000   0.000000   1.400000
 -0.648490   1.602870   2.376330   1.000000   0.000000   0.000000   1.400000
 -1.195370   3.443910   1.961330   1.000000   1.000000   0.000000   1.850000
 -0.060960   3.910710   2.691220   1.000000   0.000000   0.000000   1.400000
 -2.405220   3.129900   2.569230   1.000000   0.000000   0.000000   1.400000
 -0.810780   3.111050   0.625710   1.000000   0.000000   0.000000   1.400000
 -1.577220   5.102030   1.444590   1.000000   0.000000   0.000000   1.400000
 -2.851290   5.549200   1.146350   0.000000   1.000000   0.000000   1.850000
 -3.107230   5.301550   0.081000   1.000000   1.000000   1.000000   1.200000
 -2.872900   6.663630   1.273540   1.000000   1.000000   1.000000   1.200000
 -3.613390   5.084120   1.824620   1.000000   1.000000   1.000000   1.200000
  0.971660   5.268590   0.557770   0.000000   0.000000   1.000000   1.540000
  0.813680   5.189920   1.592830   1.000000   1.000000   1.000000   1.200000
  0.880980   6.229890   0.277540   1.000000   1.000000   1.000000   1.200000
  0.195460   4.704770   0.127100   1.000000   1.000000   1.000000   1.200000
  1.873830   4.882390   0.302880   1.000000   1.000000   1.000000   1.200000
  1.587850   2.280650   4.695270   0.000000   0.000000   1.000000   1.540000
  1.536940   0.516990   3.645340   1.000000   1.000000   1.000000   1.200000
  1.077600   2.881200   4.071350   1.000000   1.000000   1.000000   1.200000
  2.509190   2.644040   4.816190   1.000000   1.000000   1.000000   1.200000
  1.130940   2.272850   5.582830   1.000000   1.000000   1.000000   1.200000
 -3.617770   0.932660   3.779110   0.000000   0.000000   1.000000   1.540000
 -2.120720  -0.189780   3.680050   1.000000   1.000000   1.000000   1.200000
 -3.871380   1.204850   2.849830   1.000000   1.000000   1.000000   1.200000
 -3.227090   1.740350   4.226400   1.000000   1.000000   1.000000   1.200000
 -4.433670   0.640800   4.272970   1.000000   1.000000   1.000000   1.200000
28 bonds follow (x1 y1 z1 x2 y2 z2)
 -3.617770   0.932660   3.779110  -4.433670   0.640800   4.272970
 -3.617770   0.932660   3.779110  -3.227090   1.740350   4.226400
 -3.617770   0.932660   3.779110  -3.871380   1.204850   2.849830
 -1.228850  -0.563350   3.514350  -2.120720  -0.189780   3.680050
  1.587850   2.280650   4.695270   1.130940   2.272850   5.582830
  1.587850   2.280650   4.695270   2.509190   2.644040   4.816190
  1.587850   2.280650   4.695270   1.077600   2.881200   4.071350
  1.175780  -0.089760   2.981980   1.536940   0.516990   3.645340
  0.971660   5.268590   0.557770   1.873830   4.882390   0.302880
  0.971660   5.268590   0.557770   0.195460   4.704770   0.127100
  0.971660   5.268590   0.557770   0.880980   6.229890   0.277540
  0.971660   5.268590   0.557770   0.813680   5.189920   1.592830
 -2.851290   5.549200   1.146350  -3.613390   5.084120   1.824620
 -2.851290   5.549200   1.146350  -2.872900   6.663630   1.273540
 -2.851290   5.549200   1.146350  -3.107230   5.301550   0.081000
 -1.577220   5.102030   1.444590  -2.851290   5.549200   1.146350
 -1.195370   3.443910   1.961330  -1.577220   5.102030   1.444590
 -1.195370   3.443910   1.961330  -0.810780   3.111050   0.625710
 -1.195370   3.443910   1.961330  -2.405220   3.129900   2.569230
 -1.195370   3.443910   1.961330  -0.060960   3.910710   2.691220
 -0.299540   0.164930   2.491650  -0.648490   1.602870   2.376330
 -0.299540   0.164930   2.491650  -1.228850  -0.563350   3.514350
 -0.299540   0.164930   2.491650   1.175780  -0.089760   2.981980
 -0.459640  -0.646680   1.134350  -0.299540   0.164930   2.491650
 -0.026210   0.016840  -0.034180  -0.459640  -0.646680   1.134350
 -0.026210   0.016840  -0.034180  -0.453560  -0.550660  -0.898530
 -0.026210   0.016840  -0.034180  -0.398650   1.078190  -0.025720
 -0.026210   0.016840  -0.034180   1.092000  -0.019240  -0.067200
