33 atoms follow (x y z r g b radiusScale)
 -0.285600  -0.133730  -0.074490   0.000000   1.000000   0.000000   1.850000
  0.639230  -0.441960  -0.629490   1.000000   1.000000   1.000000   1.200000
 -0.358940   0.982600   0.015880   1.000000   1.000000   1.000000   1.200000
 -1.182900  -0.545730  -0.607710   1.000000   1.000000   1.000000   1.200000
 -0.240650  -0.737010   1.203260   1.000000   0.000000   0.000000   1.400000
 -0.240790   0.156740   2.514010   0.500000   0.500000   0.500000   1.900000
  1.261760   0.102020   2.975720   1.000000   0.000000   0.000000   1.400000
 -1.035680  -0.610870   3.628460   1.000000   0.000000   0.000000   1.400000
 -0.655020   1.556800   2.281980   1.000000   0.000000   0.000000   1.400000
 -1.153250   3.402610   1.892210   1.000000   1.000000   0.000000   1.850000
  0.087580   3.787360   2.481460   1.000000   0.000000   0.000000   1.400000
 -2.315630   3.130400   2.608330   1.000000   0.000000   0.000000   1.400000
 -0.969520   3.095360   0.521950   1.000000   0.000000   0.000000   1.400000
 -1.478950   5.134220   1.510200   1.000000   0.000000   0.000000   1.400000
 -2.607750   5.859370   1.845200   0.000000   1.000000   0.000000   1.850000
 -3.052440   5.488810   2.805240   1.000000   1.000000   1.000000   1.200000
 -3.375240   5.776720   1.030530   1.000000   1.000000   1.000000   1.200000
 -2.319090   6.937670   1.962260   1.000000   1.000000   1.000000   1.200000
  0.853320   5.164730   0.289410   0.000000   0.000000   1.000000   1.540000
  1.199620   4.527650   1.038560   1.000000   1.000000   1.000000   1.200000
  1.601620   5.544840  -0.275330   1.000000   1.000000   1.000000   1.200000
  0.305420   5.901760   0.767430   1.000000   1.000000   1.000000   1.200000
  0.186960   4.616370  -0.266750   1.000000   1.000000   1.000000   1.200000
  0.994610   2.514380   4.974090   0.000000   0.000000   1.000000   1.540000
  1.515140   0.593400   3.759960   1.000000   1.000000   1.000000   1.200000
  1.296400   3.030040   4.167640   1.000000   1.000000   1.000000   1.200000
  1.498450   2.836220   5.773890   1.000000   1.000000   1.000000   1.200000
  0.023810   2.711800   5.110610   1.000000   1.000000   1.000000   1.200000
 -3.691810   0.834420   3.381950   0.000000   0.000000   1.000000   1.540000
 -1.935490  -0.332450   3.837550   1.000000   1.000000   1.000000   1.200000
 -3.651080   1.351740   2.523290   1.000000   1.000000   1.000000   1.200000
 -3.376910   1.454480   4.103830   1.000000   1.000000   1.000000   1.200000
 -4.643360   0.593210   3.566330   1.000000   1.000000   1.000000   1.200000
28 bonds follow (x1 y1 z1 x2 y2 z2)
 -3.691810   0.834420   3.381950  -4.643360   0.593210   3.566330
 -3.691810   0.834420   3.381950  -3.376910   1.454480   4.103830
 -3.691810   0.834420   3.381950  -3.651080   1.351740   2.523290
 -1.035680  -0.610870   3.628460  -1.935490  -0.332450   3.837550
  0.994610   2.514380   4.974090   0.023810   2.711800   5.110610
  0.994610   2.514380   4.974090   1.498450   2.836220   5.773890
  0.994610   2.514380   4.974090   1.296400   3.030040   4.167640
  1.261760   0.102020   2.975720   1.515140   0.593400   3.759960
  0.853320   5.164730   0.289410   0.186960   4.616370  -0.266750
  0.853320   5.164730   0.289410   0.305420   5.901760   0.767430
  0.853320   5.164730   0.289410   1.601620   5.544840  -0.275330
  0.853320   5.164730   0.289410   1.199620   4.527650   1.038560
 -2.607750   5.859370   1.845200  -2.319090   6.937670   1.962260
 -2.607750   5.859370   1.845200  -3.375240   5.776720   1.030530
 -2.607750   5.859370   1.845200  -3.052440   5.488810   2.805240
 -1.478950   5.134220   1.510200  -2.607750   5.859370   1.845200
 -1.153250   3.402610   1.892210  -1.478950   5.134220   1.510200
 -1.153250   3.402610   1.892210  -0.969520   3.095360   0.521950
 -1.153250   3.402610   1.892210  -2.315630   3.130400   2.608330
 -1.153250   3.402610   1.892210   0.087580   3.787360   2.481460
 -0.240790   0.156740   2.514010  -0.655020   1.556800   2.281980
 -0.240790   0.156740   2.514010  -1.035680  -0.610870   3.628460
 -0.240790   0.156740   2.514010   1.261760   0.102020   2.975720
 -0.240650  -0.737010   1.203260  -0.240790   0.156740   2.514010
 -0.285600  -0.133730  -0.074490  -0.240650  -0.737010   1.203260
 -0.285600  -0.133730  -0.074490  -1.182900  -0.545730  -0.607710
 -0.285600  -0.133730  -0.074490  -0.358940   0.982600   0.015880
 -0.285600  -0.133730  -0.074490   0.639230  -0.441960  -0.629490
