33 atoms follow (x y z r g b radiusScale)
 -0.024660   0.015100  -0.031260   0.000000   1.000000   0.000000   1.850000
  1.093720  -0.019290  -0.060030   1.000000   1.000000   1.000000   1.200000
 -0.398350   1.076470  -0.023910   1.000000   1.000000   1.000000   1.200000
 -0.448260  -0.552700  -0.897160   1.000000   1.000000   1.000000   1.200000
 -0.460940  -0.648930   1.135990   1.000000   0.000000   0.000000   1.400000
 -0.300090   0.164480   2.492000   0.500000   0.500000   0.500000   1.900000
  1.173220  -0.092100   2.985230   1.000000   0.000000   0.000000   1.400000
 -1.227780  -0.567540   3.514230   1.000000   0.000000   0.000000   1.400000
 -0.638360   1.604500   2.367520   1.000000   0.000000   0.000000   1.400000
 -1.201130   3.443510   1.964150   1.000000   1.000000   0.000000   1.850000
 -0.063830   3.906580   2.687890   1.000000   0.000000   0.000000   1.400000
 -2.415700   3.136590   2.570800   1.000000   0.000000   0.000000   1.400000
 -0.816500   3.122450   0.626980   1.000000   0.000000   0.000000   1.400000
 -1.564570   5.110990   1.450970   1.000000   0.000000   0.000000   1.400000
 -2.847460   5.531180   1.142790   0.000000   1.000000   0.000000   1.850000
 -3.086710   5.280570   0.074360   1.000000   1.000000   1.000000   1.200000
 -2.895470   6.644250   1.274760   1.000000   1.000000   1.000000   1.200000
 -3.603470   5.045480   1.813450   1.000000   1.000000   1.000000   1.200000
  0.977590   5.276070   0.550840   0.000000   0.000000   1.000000   1.540000
  0.823250   5.190400   1.584920   1.000000   1.000000   1.000000   1.200000
  0.870210   6.245970   0.268220   1.000000   1.000000   1.000000   1.200000
  0.211180   4.698830   0.123630   1.000000   1.000000   1.000000   1.200000
  1.880400   4.916430   0.292460   1.000000   1.000000   1.000000   1.200000
  1.589380   2.278270   4.694960   0.000000   0.000000   1.000000   1.540000
  1.539990   0.523070   3.637820   1.000000   1.000000   1.000000   1.200000
  1.081160   2.877490   4.067900   1.000000   1.000000   1.000000   1.200000
  2.511990   2.639250   4.813700   1.000000   1.000000   1.000000   1.200000
  1.132640   2.276810   5.582640   1.000000   1.000000   1.000000   1.200000
 -3.619250   0.932010   3.780570   0.000000   0.000000   1.000000   1.540000
 -2.122050  -0.201060   3.679680   1.000000   1.000000   1.000000   1.200000
 -3.875970   1.207580   2.853070   1.000000   1.000000   1.000000   1.200000
 -3.229900   1.738950   4.230400   1.000000   1.000000   1.000000   1.200000
 -4.434030   0.637370   4.274930   1.000000   1.000000   1.000000   1.200000
28 bonds follow (x1 y1 z1 x2 y2 z2)
 -3.619250   0.932010   3.780570  -4.434030   0.637370   4.274930
 -3.619250   0.932010   3.780570  -3.229900   1.738950   4.230400
 -3.619250   0.932010   3.780570  -3.875970   1.207580   2.853070
 -1.227780  -0.567540   3.514230  -2.122050  -0.201060   3.679680
  1.589380   2.278270   4.694960   1.132640   2.276810   5.582640
  1.589380   2.278270   4.694960   2.511990   2.639250   4.813700
  1.589380   2.278270   4.694960   1.081160   2.877490   4.067900
  1.173220  -0.092100   2.985230   1.539990   0.523070   3.637820
  0.977590   5.276070   0.550840   1.880400   4.916430   0.292460
  0.977590   5.276070   0.550840   0.211180   4.698830   0.123630
  0.977590   5.276070   0.550840   0.870210   6.245970   0.268220
  0.977590   5.276070   0.550840   0.823250   5.190400   1.584920
 -2.847460   5.531180   1.142790  -3.603470   5.045480   1.813450
 -2.847460   5.531180   1.142790  -2.895470   6.644250   1.274760
 -2.847460   5.531180   1.142790  -3.086710   5.280570   0.074360
 -1.564570   5.110990   1.450970  -2.847460   5.531180   1.142790
 -1.201130   3.443510   1.964150  -1.564570   5.110990   1.450970
 -1.201130   3.443510   1.964150  -0.816500   3.122450   0.626980
 -1.201130   3.443510   1.964150  -2.415700   3.136590   2.570800
 -1.201130   3.443510   1.964150  -0.063830   3.906580   2.687890
 -0.300090   0.164480   2.492000  -0.638360   1.604500   2.367520
 -0.300090   0.164480   2.492000  -1.227780  -0.567540   3.514230
 -0.300090   0.164480   2.492000   1.173220  -0.092100   2.985230
 -0.460940  -0.648930   1.135990  -0.300090   0.164480   2.492000
 -0.024660   0.015100  -0.031260  -0.460940  -0.648930   1.135990
 -0.024660   0.015100  -0.031260  -0.448260  -0.552700  -0.897160
 -0.024660   0.015100  -0.031260  -0.398350   1.076470  -0.023910
 -0.024660   0.015100  -0.031260   1.093720  -0.019290  -0.060030
