33 atoms follow (x y z r g b radiusScale)
 -0.537140  -0.116030  -0.014970   0.000000   1.000000   0.000000   1.850000
  0.318900  -0.266840  -0.723530   1.000000   1.000000   1.000000   1.200000
 -0.755550   0.978990   0.115850   1.000000   1.000000   1.000000   1.200000
 -1.433920  -0.658500  -0.414940   1.000000   1.000000   1.000000   1.200000
 -0.187710  -0.718280   1.212510   1.000000   0.000000   0.000000   1.400000
 -0.154660   0.171440   2.526360   0.500000   0.500000   0.500000   1.900000
  1.318690   0.002100   3.074640   1.000000   0.000000   0.000000   1.400000
 -1.099890  -0.616990   3.501660   1.000000   0.000000   0.000000   1.400000
 -0.582450   1.574840   2.307410   1.000000   0.000000   0.000000   1.400000
 -1.184510   3.436080   1.858380   1.000000   1.000000   0.000000   1.850000
 -0.100720   3.927780   2.617830   1.000000   0.000000   0.000000   1.400000
 -2.415530   3.169960   2.441180   1.000000   0.000000   0.000000   1.400000
 -0.787670   3.088320   0.537820   1.000000   0.000000   0.000000   1.400000
 -1.597660   5.088060   1.292830   1.000000   0.000000   0.000000   1.400000
 -2.519190   5.895240   1.932160   0.000000   1.000000   0.000000   1.850000
 -3.358240   5.292130   2.365930   1.000000   1.000000   1.000000   1.200000
 -2.936030   6.620360   1.184060   1.000000   1.000000   1.000000   1.200000
 -2.018250   6.472300   2.755700   1.000000   1.000000   1.000000   1.200000
  0.891870   5.148340   0.296760   0.000000   0.000000   1.000000   1.540000
  1.025160   5.057630   1.321820   1.000000   1.000000   1.000000   1.200000
  1.661360   5.613770  -0.152780   1.000000   1.000000   1.000000   1.200000
 -0.008200   5.637660   0.164670   1.000000   1.000000   1.000000   1.200000
  0.740330   4.180620  -0.071250   1.000000   1.000000   1.000000   1.200000
  1.077600   2.420670   4.970980   0.000000   0.000000   1.000000   1.540000
  1.560640   0.534160   3.839710   1.000000   1.000000   1.000000   1.200000
  0.846420   3.063460   4.234620   1.000000   1.000000   1.000000   1.200000
  1.856970   2.778060   5.481770   1.000000   1.000000   1.000000   1.200000
  0.298980   2.350250   5.592560   1.000000   1.000000   1.000000   1.200000
 -3.647910   0.774290   3.491960   0.000000   0.000000   1.000000   1.540000
 -2.027460  -0.323050   3.575290   1.000000   1.000000   1.000000   1.200000
 -3.889790   0.877830   2.527380   1.000000   1.000000   1.000000   1.200000
 -3.382320   1.679800   3.832920   1.000000   1.000000   1.000000   1.200000
 -4.448210   0.450330   3.992870   1.000000   1.000000   1.000000   1.200000
28 bonds follow (x1 y1 z1 x2 y2 z2)
 -3.647910   0.774290   3.491960  -4.448210   0.450330   3.992870
 -3.647910   0.774290   3.491960  -3.382320   1.679800   3.832920
 -3.647910   0.774290   3.491960  -3.889790   0.877830   2.527380
 -1.099890  -0.616990   3.501660  -2.027460  -0.323050   3.575290
  1.077600   2.420670   4.970980   0.298980   2.350250   5.592560
  1.077600   2.420670   4.970980   1.856970   2.778060   5.481770
  1.077600   2.420670   4.970980   0.846420   3.063460   4.234620
  1.318690   0.002100   3.074640   1.560640   0.534160   3.839710
  0.891870   5.148340   0.296760   0.740330   4.180620  -0.071250
  0.891870   5.148340   0.296760  -0.008200   5.637660   0.164670
  0.891870   5.148340   0.296760   1.661360   5.613770  -0.152780
  0.891870   5.148340   0.296760   1.025160   5.057630   1.321820
 -2.519190   5.895240   1.932160  -2.018250   6.472300   2.755700
 -2.519190   5.895240   1.932160  -2.936030   6.620360   1.184060
 -2.519190   5.895240   1.932160  -3.358240   5.292130   2.365930
 -1.597660   5.088060   1.292830  -2.519190   5.895240   1.932160
 -1.184510   3.436080   1.858380  -1.597660   5.088060   1.292830
 -1.184510   3.436080   1.858380  -0.787670   3.088320   0.537820
 -1.184510   3.436080   1.858380  -2.415530   3.169960   2.441180
 -1.184510   3.436080   1.858380  -0.100720   3.927780   2.617830
 -0.154660   0.171440   2.526360  -0.582450   1.574840   2.307410
 -0.154660   0.171440   2.526360  -1.099890  -0.616990   3.501660
 -0.154660   0.171440   2.526360   1.318690   0.002100   3.074640
 -0.187710  -0.718280   1.212510  -0.154660   0.171440   2.526360
 -0.537140  -0.116030  -0.014970  -0.187710  -0.718280   1.212510
 -0.537140  -0.116030  -0.014970  -1.433920  -0.658500  -0.414940
 -0.537140  -0.116030  -0.014970  -0.755550   0.978990   0.115850
 -0.537140  -0.116030  -0.014970   0.318900  -0.266840  -0.723530
