33 atoms follow (x y z r g b radiusScale)
 -0.280780  -0.138100  -0.070820   0.000000   1.000000   0.000000   1.850000
  0.643750  -0.447890  -0.624170   1.000000   1.000000   1.000000   1.200000
 -0.351800   0.980150   0.019710   1.000000   1.000000   1.000000   1.200000
 -1.178210  -0.547570  -0.605270   1.000000   1.000000   1.000000   1.200000
 -0.238410  -0.742720   1.206350   1.000000   0.000000   0.000000   1.400000
 -0.243930   0.156350   2.511850   0.500000   0.500000   0.500000   1.900000
  1.263070   0.107840   2.970600   1.000000   0.000000   0.000000   1.400000
 -1.039810  -0.611290   3.627790   1.000000   0.000000   0.000000   1.400000
 -0.655660   1.558940   2.278650   1.000000   0.000000   0.000000   1.400000
 -1.151390   3.403350   1.894490   1.000000   1.000000   0.000000   1.850000
  0.091800   3.784380   2.484070   1.000000   0.000000   0.000000   1.400000
 -2.312550   3.131890   2.610010   1.000000   0.000000   0.000000   1.400000
 -0.967220   3.098260   0.522230   1.000000   0.000000   0.000000   1.400000
 -1.478030   5.132680   1.517280   1.000000   0.000000   0.000000   1.400000
 -2.611060   5.853290   1.845130   0.000000   1.000000   0.000000   1.850000
 -3.052940   5.490880   2.809490   1.000000   1.000000   1.000000   1.200000
 -3.378910   5.757180   1.031730   1.000000   1.000000   1.000000   1.200000
 -2.328510   6.935090   1.949790   1.000000   1.000000   1.000000   1.200000
  0.849460   5.163500   0.289610   0.000000   0.000000   1.000000   1.540000
  1.183830   4.552710   1.067470   1.000000   1.000000   1.000000   1.200000
  1.600900   5.528160  -0.267200   1.000000   1.000000   1.000000   1.200000
  0.284320   5.911710   0.735580   1.000000   1.000000   1.000000   1.200000
  0.186570   4.581120  -0.270290   1.000000   1.000000   1.000000   1.200000
  0.992640   2.513480   4.967560   0.000000   0.000000   1.000000   1.540000
  1.511750   0.621510   3.742650   1.000000   1.000000   1.000000   1.200000
  1.302950   3.035320   4.168300   1.000000   1.000000   1.000000   1.200000
  1.479770   2.836600   5.777040   1.000000   1.000000   1.000000   1.200000
  0.017780   2.701080   5.088190   1.000000   1.000000   1.000000   1.200000
 -3.690140   0.843030   3.379970   0.000000   0.000000   1.000000   1.540000
 -1.933830  -0.321660   3.849000   1.000000   1.000000   1.000000   1.200000
 -3.659570   1.363340   2.522950   1.000000   1.000000   1.000000   1.200000
 -3.390690   1.467170   4.104800   1.000000   1.000000   1.000000   1.200000
 -4.635900   0.577940   3.561100   1.000000   1.000000   1.000000   1.200000
29 bonds follow (x1 y1 z1 x2 y2 z2)
 -3.690140   0.843030   3.379970  -4.635900   0.577940   3.561100
 -3.690140   0.843030   3.379970  -3.390690   1.467170   4.104800
 -3.690140   0.843030   3.379970  -3.659570   1.363340   2.522950
 -1.039810  -0.611290   3.627790  -1.933830  -0.321660   3.849000
  0.992640   2.513480   4.967560   0.017780   2.701080   5.088190
  0.992640   2.513480   4.967560   1.479770   2.836600   5.777040
  0.992640   2.513480   4.967560   1.302950   3.035320   4.168300
  1.263070   0.107840   2.970600   1.511750   0.621510   3.742650
  0.849460   5.163500   0.289610   0.186570   4.581120  -0.270290
  0.849460   5.163500   0.289610   0.284320   5.911710   0.735580
  0.849460   5.163500   0.289610   1.600900   5.528160  -0.267200
  0.849460   5.163500   0.289610   1.183830   4.552710   1.067470
 -2.611060   5.853290   1.845130  -2.328510   6.935090   1.949790
 -2.611060   5.853290   1.845130  -3.378910   5.757180   1.031730
 -2.611060   5.853290   1.845130  -3.052940   5.490880   2.809490
 -1.478030   5.132680   1.517280  -2.611060   5.853290   1.845130
 -1.151390   3.403350   1.894490  -1.478030   5.132680   1.517280
 -1.151390   3.403350   1.894490  -0.967220   3.098260   0.522230
 -1.151390   3.403350   1.894490  -2.312550   3.131890   2.610010
 -1.151390   3.403350   1.894490   0.091800   3.784380   2.484070
 -0.655660   1.558940   2.278650  -1.151390   3.403350   1.894490
 -0.243930   0.156350   2.511850  -0.655660   1.558940   2.278650
 -0.243930   0.156350   2.511850  -1.039810  -0.611290   3.627790
 -0.243930   0.156350   2.511850   1.263070   0.107840   2.970600
 -0.238410  -0.742720   1.206350  -0.243930   0.156350   2.511850
 -0.280780  -0.138100  -0.070820  -0.238410  -0.742720   1.206350
 -0.280780  -0.138100  -0.070820  -1.178210  -0.547570  -0.605270
 -0.280780  -0.138100  -0.070820  -0.351800   0.980150   0.019710
 -0.280780  -0.138100  -0.070820   0.643750  -0.447890  -0.624170
