33 atoms follow (x y z r g b radiusScale)
  0.021030  -0.029920   0.025020   0.000000   1.000000   0.000000   1.850000
  1.139220  -0.015560   0.048430   1.000000   1.000000   1.000000   1.200000
 -0.401830   1.011130   0.037180   1.000000   1.000000   1.000000   1.200000
 -0.345770  -0.594130  -0.868620   1.000000   1.000000   1.000000   1.200000
 -0.433520  -0.743050   1.161300   1.000000   0.000000   0.000000   1.400000
 -0.302560   0.032530   2.527690   0.500000   0.500000   0.500000   1.900000
  1.166260  -0.090880   3.027190   1.000000   0.000000   0.000000   1.400000
 -1.247860  -0.660770   3.549090   1.000000   0.000000   0.000000   1.400000
 -0.701070   1.480640   2.383130   1.000000   0.000000   0.000000   1.400000
 -1.116960   3.214260   2.036340   1.000000   1.000000   0.000000   1.850000
 -0.079910   3.787420   2.725700   1.000000   0.000000   0.000000   1.400000
 -2.401700   3.143270   2.547640   1.000000   0.000000   0.000000   1.400000
 -0.894770   3.160770   0.678050   1.000000   0.000000   0.000000   1.400000
 -1.902920   5.639430   1.677510   1.000000   0.000000   0.000000   1.400000
 -3.039850   5.807680   0.847570   0.000000   1.000000   0.000000   1.850000
 -2.796060   5.503330  -0.199100   1.000000   1.000000   1.000000   1.200000
 -3.395350   6.866360   0.860730   1.000000   1.000000   1.000000   1.200000
 -3.808340   5.130650   1.288330   1.000000   1.000000   1.000000   1.200000
  1.388840   5.662890   0.189630   0.000000   0.000000   1.000000   1.540000
  1.342520   5.513310   1.181130   1.000000   1.000000   1.000000   1.200000
 -1.223710   6.432570   1.433190   1.000000   1.000000   1.000000   1.200000
  0.540580   5.313770  -0.216500   1.000000   1.000000   1.000000   1.200000
  2.161840   5.144580  -0.181980   1.000000   1.000000   1.000000   1.200000
  1.656830   2.183270   4.669590   0.000000   0.000000   1.000000   1.540000
  1.536690   0.615910   3.600850   1.000000   1.000000   1.000000   1.200000
  1.300740   2.901920   4.064100   1.000000   1.000000   1.000000   1.200000
  2.615890   2.372790   4.872670   1.000000   1.000000   1.000000   1.200000
  1.140820   2.193160   5.524280   1.000000   1.000000   1.000000   1.200000
 -3.556970   0.975850   3.745660   0.000000   0.000000   1.000000   1.540000
 -2.122520  -0.250520   3.741510   1.000000   1.000000   1.000000   1.200000
 -3.825600   1.189620   2.804830   1.000000   1.000000   1.000000   1.200000
 -3.175870   1.815720   4.140760   1.000000   1.000000   1.000000   1.200000
 -4.369930   0.714580   4.262800   1.000000   1.000000   1.000000   1.200000
28 bonds follow (x1 y1 z1 x2 y2 z2)
 -3.556970   0.975850   3.745660  -4.369930   0.714580   4.262800
 -3.556970   0.975850   3.745660  -3.175870   1.815720   4.140760
 -3.556970   0.975850   3.745660  -3.825600   1.189620   2.804830
 -1.247860  -0.660770   3.549090  -2.122520  -0.250520   3.741510
  1.656830   2.183270   4.669590   1.140820   2.193160   5.524280
  1.656830   2.183270   4.669590   2.615890   2.372790   4.872670
  1.656830   2.183270   4.669590   1.300740   2.901920   4.064100
  1.166260  -0.090880   3.027190   1.536690   0.615910   3.600850
  1.388840   5.662890   0.189630   2.161840   5.144580  -0.181980
  1.388840   5.662890   0.189630   0.540580   5.313770  -0.216500
 -1.902920   5.639430   1.677510  -1.223710   6.432570   1.433190
  1.388840   5.662890   0.189630   1.342520   5.513310   1.181130
 -3.039850   5.807680   0.847570  -3.808340   5.130650   1.288330
 -3.039850   5.807680   0.847570  -3.395350   6.866360   0.860730
 -3.039850   5.807680   0.847570  -2.796060   5.503330  -0.199100
 -1.902920   5.639430   1.677510  -3.039850   5.807680   0.847570
 -1.116960   3.214260   2.036340  -0.894770   3.160770   0.678050
 -1.116960   3.214260   2.036340  -2.401700   3.143270   2.547640
 -1.116960   3.214260   2.036340  -0.079910   3.787420   2.725700
 -0.701070   1.480640   2.383130  -1.116960   3.214260   2.036340
 -0.302560   0.032530   2.527690  -0.701070   1.480640   2.383130
 -0.302560   0.032530   2.527690  -1.247860  -0.660770   3.549090
 -0.302560   0.032530   2.527690   1.166260  -0.090880   3.027190
 -0.433520  -0.743050   1.161300  -0.302560   0.032530   2.527690
  0.021030  -0.029920   0.025020  -0.433520  -0.743050   1.161300
  0.021030  -0.029920   0.025020  -0.345770  -0.594130  -0.868620
  0.021030  -0.029920   0.025020  -0.401830   1.011130   0.037180
  0.021030  -0.029920   0.025020   1.139220  -0.015560   0.048430
