33 atoms follow (x y z r g b radiusScale)
 -0.000400   0.000170   0.000490   0.000000   1.000000   0.000000   1.850000
  1.118650  -0.000250  -0.000670   1.000000   1.000000   1.000000   1.200000
 -0.405450   1.049690   0.001890   1.000000   1.000000   1.000000   1.200000
 -0.387190  -0.577440  -0.876060   1.000000   1.000000   1.000000   1.200000
 -0.445030  -0.681230   1.155780   1.000000   0.000000   0.000000   1.400000
 -0.329580   0.130050   2.516280   0.500000   0.500000   0.500000   1.900000
  1.153840  -0.066460   2.993440   1.000000   0.000000   0.000000   1.400000
 -1.241240  -0.624020   3.540060   1.000000   0.000000   0.000000   1.400000
 -0.678440   1.568040   2.367010   1.000000   0.000000   0.000000   1.400000
 -1.157490   3.410240   1.973550   1.000000   1.000000   0.000000   1.850000
 -0.024310   3.844770   2.696910   1.000000   0.000000   0.000000   1.400000
 -2.397630   3.154140   2.531270   1.000000   0.000000   0.000000   1.400000
 -0.849840   3.162720   0.615040   1.000000   0.000000   0.000000   1.400000
 -1.555010   5.153000   1.584670   1.000000   0.000000   0.000000   1.400000
 -2.710800   5.605190   0.982040   0.000000   1.000000   0.000000   1.850000
 -2.729300   5.314780  -0.103110   1.000000   1.000000   1.000000   1.200000
 -2.742480   6.724610   1.058040   1.000000   1.000000   1.000000   1.200000
 -3.608990   5.172820   1.494310   1.000000   1.000000   1.000000   1.200000
  0.779490   5.416020   0.503100   0.000000   0.000000   1.000000   1.540000
  1.250090   5.124830   1.365150   1.000000   1.000000   1.000000   1.200000
 -0.227780   5.687660   0.788630   1.000000   1.000000   1.000000   1.200000
  0.693610   4.599530  -0.109760   1.000000   1.000000   1.000000   1.200000
  1.241440   6.190300   0.054100   1.000000   1.000000   1.000000   1.200000
  1.620810   2.232370   4.685740   0.000000   0.000000   1.000000   1.540000
  1.511460   0.570810   3.635970   1.000000   1.000000   1.000000   1.200000
  1.169430   2.891110   4.075880   1.000000   1.000000   1.000000   1.200000
  2.567750   2.510960   4.830180   1.000000   1.000000   1.000000   1.200000
  1.150910   2.227670   5.566200   1.000000   1.000000   1.000000   1.200000
 -3.597560   0.958880   3.767280   0.000000   0.000000   1.000000   1.540000
 -2.134730  -0.267240   3.722580   1.000000   1.000000   1.000000   1.200000
 -3.831560   1.194970   2.822410   1.000000   1.000000   1.000000   1.200000
 -3.167000   1.770420   4.170800   1.000000   1.000000   1.000000   1.200000
 -4.435880   0.751300   4.267210   1.000000   1.000000   1.000000   1.200000
29 bonds follow (x1 y1 z1 x2 y2 z2)
 -3.597560   0.958880   3.767280  -4.435880   0.751300   4.267210
 -3.597560   0.958880   3.767280  -3.167000   1.770420   4.170800
 -3.597560   0.958880   3.767280  -3.831560   1.194970   2.822410
 -1.241240  -0.624020   3.540060  -2.134730  -0.267240   3.722580
  1.620810   2.232370   4.685740   1.150910   2.227670   5.566200
  1.620810   2.232370   4.685740   2.567750   2.510960   4.830180
  1.620810   2.232370   4.685740   1.169430   2.891110   4.075880
  1.153840  -0.066460   2.993440   1.511460   0.570810   3.635970
  0.779490   5.416020   0.503100   1.241440   6.190300   0.054100
  0.779490   5.416020   0.503100   0.693610   4.599530  -0.109760
  0.779490   5.416020   0.503100  -0.227780   5.687660   0.788630
  0.779490   5.416020   0.503100   1.250090   5.124830   1.365150
 -2.710800   5.605190   0.982040  -3.608990   5.172820   1.494310
 -2.710800   5.605190   0.982040  -2.742480   6.724610   1.058040
 -2.710800   5.605190   0.982040  -2.729300   5.314780  -0.103110
 -1.555010   5.153000   1.584670  -2.710800   5.605190   0.982040
 -1.157490   3.410240   1.973550  -1.555010   5.153000   1.584670
 -1.157490   3.410240   1.973550  -0.849840   3.162720   0.615040
 -1.157490   3.410240   1.973550  -2.397630   3.154140   2.531270
 -1.157490   3.410240   1.973550  -0.024310   3.844770   2.696910
 -0.678440   1.568040   2.367010  -1.157490   3.410240   1.973550
 -0.329580   0.130050   2.516280  -0.678440   1.568040   2.367010
 -0.329580   0.130050   2.516280  -1.241240  -0.624020   3.540060
 -0.329580   0.130050   2.516280   1.153840  -0.066460   2.993440
 -0.445030  -0.681230   1.155780  -0.329580   0.130050   2.516280
 -0.000400   0.000170   0.000490  -0.445030  -0.681230   1.155780
 -0.000400   0.000170   0.000490  -0.387190  -0.577440  -0.876060
 -0.000400   0.000170   0.000490  -0.405450   1.049690   0.001890
 -0.000400   0.000170   0.000490   1.118650  -0.000250  -0.000670
