33 atoms follow (x y z r g b radiusScale)
 -0.280930  -0.182880  -0.064790   0.000000   1.000000   0.000000   1.850000
  0.658060  -0.470080  -0.606450   1.000000   1.000000   1.000000   1.200000
 -0.382560   0.934350   0.008460   1.000000   1.000000   1.000000   1.200000
 -1.159370  -0.624390  -0.605030   1.000000   1.000000   1.000000   1.200000
 -0.236900  -0.770170   1.221210   1.000000   0.000000   0.000000   1.400000
 -0.251450   0.171100   2.501910   0.500000   0.500000   0.500000   1.900000
  1.203040   0.069460   3.070660   1.000000   0.000000   0.000000   1.400000
 -1.155200  -0.484640   3.597780   1.000000   0.000000   0.000000   1.400000
 -0.655030   1.569740   2.224240   1.000000   0.000000   0.000000   1.400000
 -1.189370   3.370480   1.802820   1.000000   1.000000   0.000000   1.850000
 -0.111130   3.871370   2.590610   1.000000   0.000000   0.000000   1.400000
 -2.434770   3.012720   2.308250   1.000000   0.000000   0.000000   1.400000
 -0.738520   3.130780   0.474110   1.000000   0.000000   0.000000   1.400000
 -1.606150   5.048790   1.343500   1.000000   0.000000   0.000000   1.400000
 -2.694300   5.767210   1.782400   0.000000   1.000000   0.000000   1.850000
 -3.602740   5.517680   1.172860   1.000000   1.000000   1.000000   1.200000
 -2.466740   6.861340   1.665910   1.000000   1.000000   1.000000   1.200000
 -2.912840   5.551800   2.862150   1.000000   1.000000   1.000000   1.200000
  0.944640   5.285650   0.669150   0.000000   0.000000   1.000000   1.540000
  1.382120   4.508830   1.177310   1.000000   1.000000   1.000000   1.200000
  1.601080   5.826190   0.135750   1.000000   1.000000   1.000000   1.200000
  0.444440   5.853260   1.379940   1.000000   1.000000   1.000000   1.200000
  0.187850   4.863080   0.063940   1.000000   1.000000   1.000000   1.200000
  1.424550   2.423220   4.809550   0.000000   0.000000   1.000000   1.540000
  1.456070   0.654890   3.800330   1.000000   1.000000   1.000000   1.200000
  0.882920   3.067470   4.261260   1.000000   1.000000   1.000000   1.200000
  2.327950   2.809110   4.980530   1.000000   1.000000   1.000000   1.200000
  0.972220   2.265210   5.685130   1.000000   1.000000   1.000000   1.200000
 -3.682770   0.969960   3.724470   0.000000   0.000000   1.000000   1.540000
 -2.061980  -0.150590   3.732460   1.000000   1.000000   1.000000   1.200000
 -3.849360   1.230840   2.771110   1.000000   1.000000   1.000000   1.200000
 -3.326770   1.782640   4.189320   1.000000   1.000000   1.000000   1.200000
 -4.546140   0.703620   4.148280   1.000000   1.000000   1.000000   1.200000
29 bonds follow (x1 y1 z1 x2 y2 z2)
 -3.682770   0.969960   3.724470  -4.546140   0.703620   4.148280
 -3.682770   0.969960   3.724470  -3.326770   1.782640   4.189320
 -3.682770   0.969960   3.724470  -3.849360   1.230840   2.771110
 -1.155200  -0.484640   3.597780  -2.061980  -0.150590   3.732460
  1.424550   2.423220   4.809550   0.972220   2.265210   5.685130
  1.424550   2.423220   4.809550   2.327950   2.809110   4.980530
  1.424550   2.423220   4.809550   0.882920   3.067470   4.261260
  1.203040   0.069460   3.070660   1.456070   0.654890   3.800330
  0.944640   5.285650   0.669150   0.187850   4.863080   0.063940
  0.944640   5.285650   0.669150   0.444440   5.853260   1.379940
  0.944640   5.285650   0.669150   1.601080   5.826190   0.135750
  0.944640   5.285650   0.669150   1.382120   4.508830   1.177310
 -2.694300   5.767210   1.782400  -2.912840   5.551800   2.862150
 -2.694300   5.767210   1.782400  -2.466740   6.861340   1.665910
 -2.694300   5.767210   1.782400  -3.602740   5.517680   1.172860
 -1.606150   5.048790   1.343500  -2.694300   5.767210   1.782400
 -1.189370   3.370480   1.802820  -1.606150   5.048790   1.343500
 -1.189370   3.370480   1.802820  -0.738520   3.130780   0.474110
 -1.189370   3.370480   1.802820  -2.434770   3.012720   2.308250
 -1.189370   3.370480   1.802820  -0.111130   3.871370   2.590610
 -0.655030   1.569740   2.224240  -1.189370   3.370480   1.802820
 -0.251450   0.171100   2.501910  -0.655030   1.569740   2.224240
 -0.251450   0.171100   2.501910  -1.155200  -0.484640   3.597780
 -0.251450   0.171100   2.501910   1.203040   0.069460   3.070660
 -0.236900  -0.770170   1.221210  -0.251450   0.171100   2.501910
 -0.280930  -0.182880  -0.064790  -0.236900  -0.770170   1.221210
 -0.280930  -0.182880  -0.064790  -1.159370  -0.624390  -0.605030
 -0.280930  -0.182880  -0.064790  -0.382560   0.934350   0.008460
 -0.280930  -0.182880  -0.064790   0.658060  -0.470080  -0.606450
