33 atoms follow (x y z r g b radiusScale)
 -0.421950  -0.051670  -0.046960   0.000000   1.000000   0.000000   1.850000
  0.540720  -0.128770  -0.617380   1.000000   1.000000   1.000000   1.200000
 -0.721200   1.021490   0.095140   1.000000   1.000000   1.000000   1.200000
 -1.216700  -0.614660  -0.602320   1.000000   1.000000   1.000000   1.200000
 -0.254610  -0.697430   1.198390   1.000000   0.000000   0.000000   1.400000
 -0.191690   0.162610   2.535270   0.500000   0.500000   0.500000   1.900000
  1.273620  -0.049090   3.072010   1.000000   0.000000   0.000000   1.400000
 -1.008800  -0.669680   3.589560   1.000000   0.000000   0.000000   1.400000
 -0.614160   1.560620   2.311220   1.000000   0.000000   0.000000   1.400000
 -1.187000   3.449460   1.855210   1.000000   1.000000   0.000000   1.850000
 -0.003910   3.863320   2.516280   1.000000   0.000000   0.000000   1.400000
 -2.368920   3.174620   2.522660   1.000000   0.000000   0.000000   1.400000
 -0.923770   3.088120   0.511680   1.000000   0.000000   0.000000   1.400000
 -1.556300   5.131500   1.375970   1.000000   0.000000   0.000000   1.400000
 -2.563820   5.937070   1.878470   0.000000   1.000000   0.000000   1.850000
 -3.148540   5.409260   2.676140   1.000000   1.000000   1.000000   1.200000
 -3.255020   6.226570   1.042960   1.000000   1.000000   1.000000   1.200000
 -2.105680   6.869010   2.307670   1.000000   1.000000   1.000000   1.200000
  0.889780   5.112390   0.302520   0.000000   0.000000   1.000000   1.540000
  1.413030   4.390580   0.809110   1.000000   1.000000   1.000000   1.200000
  1.486320   5.694470  -0.262310   1.000000   1.000000   1.000000   1.200000
  0.360370   5.655760   1.022730   1.000000   1.000000   1.000000   1.200000
  0.153330   4.622920  -0.257710   1.000000   1.000000   1.000000   1.200000
  1.035590   2.508990   5.017000   0.000000   0.000000   1.000000   1.540000
  1.440750   0.049960   4.009190   1.000000   1.000000   1.000000   1.200000
  0.934430   2.977840   4.135140   1.000000   1.000000   1.000000   1.200000
  1.733660   2.985060   5.549890   1.000000   1.000000   1.000000   1.200000
  0.169540   2.578790   5.511110   1.000000   1.000000   1.000000   1.200000
 -3.595390   0.748870   3.395140   0.000000   0.000000   1.000000   1.540000
 -1.937730  -0.456060   3.750010   1.000000   1.000000   1.000000   1.200000
 -3.770130   1.045080   2.454880   1.000000   1.000000   1.000000   1.200000
 -3.241320   1.547690   3.889120   1.000000   1.000000   1.000000   1.200000
 -4.460390   0.469670   3.809120   1.000000   1.000000   1.000000   1.200000
28 bonds follow (x1 y1 z1 x2 y2 z2)
 -3.595390   0.748870   3.395140  -4.460390   0.469670   3.809120
 -3.595390   0.748870   3.395140  -3.241320   1.547690   3.889120
 -3.595390   0.748870   3.395140  -3.770130   1.045080   2.454880
 -1.008800  -0.669680   3.589560  -1.937730  -0.456060   3.750010
  1.035590   2.508990   5.017000   0.169540   2.578790   5.511110
  1.035590   2.508990   5.017000   1.733660   2.985060   5.549890
  1.035590   2.508990   5.017000   0.934430   2.977840   4.135140
  1.273620  -0.049090   3.072010   1.440750   0.049960   4.009190
  0.889780   5.112390   0.302520   0.153330   4.622920  -0.257710
  0.889780   5.112390   0.302520   0.360370   5.655760   1.022730
  0.889780   5.112390   0.302520   1.486320   5.694470  -0.262310
  0.889780   5.112390   0.302520   1.413030   4.390580   0.809110
 -2.563820   5.937070   1.878470  -2.105680   6.869010   2.307670
 -2.563820   5.937070   1.878470  -3.255020   6.226570   1.042960
 -2.563820   5.937070   1.878470  -3.148540   5.409260   2.676140
 -1.556300   5.131500   1.375970  -2.563820   5.937070   1.878470
 -1.187000   3.449460   1.855210  -1.556300   5.131500   1.375970
 -1.187000   3.449460   1.855210  -0.923770   3.088120   0.511680
 -1.187000   3.449460   1.855210  -2.368920   3.174620   2.522660
 -1.187000   3.449460   1.855210  -0.003910   3.863320   2.516280
 -0.191690   0.162610   2.535270  -0.614160   1.560620   2.311220
 -0.191690   0.162610   2.535270  -1.008800  -0.669680   3.589560
 -0.191690   0.162610   2.535270   1.273620  -0.049090   3.072010
 -0.254610  -0.697430   1.198390  -0.191690   0.162610   2.535270
 -0.421950  -0.051670  -0.046960  -0.254610  -0.697430   1.198390
 -0.421950  -0.051670  -0.046960  -1.216700  -0.614660  -0.602320
 -0.421950  -0.051670  -0.046960  -0.721200   1.021490   0.095140
 -0.421950  -0.051670  -0.046960   0.540720  -0.128770  -0.617380
