33 atoms follow (x y z r g b radiusScale)
 -0.295730  -0.124280  -0.078730   0.000000   1.000000   0.000000   1.850000
  0.629790  -0.426320  -0.634350   1.000000   1.000000   1.000000   1.200000
 -0.377560   0.993520   0.013400   1.000000   1.000000   1.000000   1.200000
 -1.190050  -0.542210  -0.611360   1.000000   1.000000   1.000000   1.200000
 -0.247620  -0.727770   1.198100   1.000000   0.000000   0.000000   1.400000
 -0.231280   0.157620   2.515930   0.500000   0.500000   0.500000   1.900000
  1.262420   0.087400   2.988420   1.000000   0.000000   0.000000   1.400000
 -1.028620  -0.609450   3.629040   1.000000   0.000000   0.000000   1.400000
 -0.657710   1.552430   2.288410   1.000000   0.000000   0.000000   1.400000
 -1.156960   3.403630   1.888530   1.000000   1.000000   0.000000   1.850000
  0.078420   3.792610   2.479200   1.000000   0.000000   0.000000   1.400000
 -2.319770   3.133240   2.602850   1.000000   0.000000   0.000000   1.400000
 -0.973860   3.091690   0.519150   1.000000   0.000000   0.000000   1.400000
 -1.482990   5.134460   1.496360   1.000000   0.000000   0.000000   1.400000
 -2.599080   5.867850   1.845320   0.000000   1.000000   0.000000   1.850000
 -3.052660   5.483610   2.796200   1.000000   1.000000   1.000000   1.200000
 -3.366860   5.815640   1.027270   1.000000   1.000000   1.000000   1.200000
 -2.295990   6.940420   1.986680   1.000000   1.000000   1.000000   1.200000
  0.864090   5.168350   0.289410   0.000000   0.000000   1.000000   1.540000
  1.234640   4.489500   0.980300   1.000000   1.000000   1.000000   1.200000
  1.587300   5.573120  -0.275830   1.000000   1.000000   1.000000   1.200000
  0.334650   5.873760   0.832550   1.000000   1.000000   1.000000   1.200000
  0.146390   4.648390  -0.278530   1.000000   1.000000   1.000000   1.200000
  0.998240   2.516180   4.986140   0.000000   0.000000   1.000000   1.540000
  1.517970   0.539340   3.794860   1.000000   1.000000   1.000000   1.200000
  1.278870   3.016240   4.162190   1.000000   1.000000   1.000000   1.200000
  1.534680   2.841070   5.763190   1.000000   1.000000   1.000000   1.200000
  0.035900   2.729140   5.154220   1.000000   1.000000   1.000000   1.200000
 -3.694550   0.816630   3.387670   0.000000   0.000000   1.000000   1.540000
 -1.947790  -0.366400   3.799030   1.000000   1.000000   1.000000   1.200000
 -3.629340   1.313850   2.518590   1.000000   1.000000   1.000000   1.200000
 -3.355460   1.438430   4.097460   1.000000   1.000000   1.000000   1.200000
 -4.656940   0.624200   3.573760   1.000000   1.000000   1.000000   1.200000
28 bonds follow (x1 y1 z1 x2 y2 z2)
 -3.694550   0.816630   3.387670  -4.656940   0.624200   3.573760
 -3.694550   0.816630   3.387670  -3.355460   1.438430   4.097460
 -3.694550   0.816630   3.387670  -3.629340   1.313850   2.518590
 -1.028620  -0.609450   3.629040  -1.947790  -0.366400   3.799030
  0.998240   2.516180   4.986140   0.035900   2.729140   5.154220
  0.998240   2.516180   4.986140   1.534680   2.841070   5.763190
  0.998240   2.516180   4.986140   1.278870   3.016240   4.162190
  1.262420   0.087400   2.988420   1.517970   0.539340   3.794860
  0.864090   5.168350   0.289410   0.146390   4.648390  -0.278530
  0.864090   5.168350   0.289410   0.334650   5.873760   0.832550
  0.864090   5.168350   0.289410   1.587300   5.573120  -0.275830
  0.864090   5.168350   0.289410   1.234640   4.489500   0.980300
 -2.599080   5.867850   1.845320  -2.295990   6.940420   1.986680
 -2.599080   5.867850   1.845320  -3.366860   5.815640   1.027270
 -2.599080   5.867850   1.845320  -3.052660   5.483610   2.796200
 -1.482990   5.134460   1.496360  -2.599080   5.867850   1.845320
 -1.156960   3.403630   1.888530  -1.482990   5.134460   1.496360
 -1.156960   3.403630   1.888530  -0.973860   3.091690   0.519150
 -1.156960   3.403630   1.888530  -2.319770   3.133240   2.602850
 -1.156960   3.403630   1.888530   0.078420   3.792610   2.479200
 -0.231280   0.157620   2.515930  -0.657710   1.552430   2.288410
 -0.231280   0.157620   2.515930  -1.028620  -0.609450   3.629040
 -0.231280   0.157620   2.515930   1.262420   0.087400   2.988420
 -0.247620  -0.727770   1.198100  -0.231280   0.157620   2.515930
 -0.295730  -0.124280  -0.078730  -0.247620  -0.727770   1.198100
 -0.295730  -0.124280  -0.078730  -1.190050  -0.542210  -0.611360
 -0.295730  -0.124280  -0.078730  -0.377560   0.993520   0.013400
 -0.295730  -0.124280  -0.078730   0.629790  -0.426320  -0.634350
