33 atoms follow (x y z r g b radiusScale)
  0.146900  -0.189360   0.018190   0.000000   1.000000   0.000000   1.850000
  1.254500  -0.153320   0.172240   1.000000   1.000000   1.000000   1.200000
 -0.277100   0.842190  -0.112080   1.000000   1.000000   1.000000   1.200000
 -0.109480  -0.842790  -0.852130   1.000000   1.000000   1.000000   1.200000
 -0.441100  -0.787090   1.157320   1.000000   0.000000   0.000000   1.400000
 -0.284960   0.016860   2.512750   0.500000   0.500000   0.500000   1.900000
  1.166870  -0.149390   3.071750   1.000000   0.000000   0.000000   1.400000
 -1.269130  -0.632940   3.519480   1.000000   0.000000   0.000000   1.400000
 -0.658400   1.464550   2.318400   1.000000   0.000000   0.000000   1.400000
 -1.121050   3.220760   2.098310   1.000000   1.000000   0.000000   1.850000
 -0.186970   3.732330   2.973180   1.000000   0.000000   0.000000   1.400000
 -2.393210   3.035030   2.557430   1.000000   0.000000   0.000000   1.400000
 -0.908570   3.248240   0.744520   1.000000   0.000000   0.000000   1.400000
 -2.213470   6.003340   1.573390   1.000000   0.000000   0.000000   1.400000
 -3.414870   6.064570   0.829660   0.000000   1.000000   0.000000   1.850000
 -3.209280   6.365330  -0.224560   1.000000   1.000000   1.000000   1.200000
 -4.162990   6.761100   1.286840   1.000000   1.000000   1.000000   1.200000
 -3.774920   5.011890   0.907930   1.000000   1.000000   1.000000   1.200000
  2.015230   5.511250  -0.056160   0.000000   0.000000   1.000000   1.540000
  2.083840   6.163020   0.699430   1.000000   1.000000   1.000000   1.200000
 -1.984160   6.982360   1.711960   1.000000   1.000000   1.000000   1.200000
  1.615760   5.991280  -0.837280   1.000000   1.000000   1.000000   1.200000
  1.384370   4.777680   0.212610   1.000000   1.000000   1.000000   1.200000
  1.748000   2.166770   4.569760   0.000000   0.000000   1.000000   1.540000
  1.528910   0.525750   3.689600   1.000000   1.000000   1.000000   1.200000
  1.442930   2.876680   3.929760   1.000000   1.000000   1.000000   1.200000
  2.706360   2.324550   4.801070   1.000000   1.000000   1.000000   1.200000
  1.201030   2.228540   5.403070   1.000000   1.000000   1.000000   1.200000
 -3.601870   0.791880   3.840960   0.000000   0.000000   1.000000   1.540000
 -2.159750  -0.219870   3.673030   1.000000   1.000000   1.000000   1.200000
 -3.768730   1.181820   2.932650   1.000000   1.000000   1.000000   1.200000
 -3.329290   1.541570   4.445300   1.000000   1.000000   1.000000   1.200000
 -4.438510   0.372160   4.186190   1.000000   1.000000   1.000000   1.200000
28 bonds follow (x1 y1 z1 x2 y2 z2)
 -3.601870   0.791880   3.840960  -4.438510   0.372160   4.186190
 -3.601870   0.791880   3.840960  -3.329290   1.541570   4.445300
 -3.601870   0.791880   3.840960  -3.768730   1.181820   2.932650
 -1.269130  -0.632940   3.519480  -2.159750  -0.219870   3.673030
  1.748000   2.166770   4.569760   1.201030   2.228540   5.403070
  1.748000   2.166770   4.569760   2.706360   2.324550   4.801070
  1.748000   2.166770   4.569760   1.442930   2.876680   3.929760
  1.166870  -0.149390   3.071750   1.528910   0.525750   3.689600
  2.015230   5.511250  -0.056160   1.384370   4.777680   0.212610
  2.015230   5.511250  -0.056160   1.615760   5.991280  -0.837280
 -2.213470   6.003340   1.573390  -1.984160   6.982360   1.711960
  2.015230   5.511250  -0.056160   2.083840   6.163020   0.699430
 -3.414870   6.064570   0.829660  -3.774920   5.011890   0.907930
 -3.414870   6.064570   0.829660  -4.162990   6.761100   1.286840
 -3.414870   6.064570   0.829660  -3.209280   6.365330  -0.224560
 -2.213470   6.003340   1.573390  -3.414870   6.064570   0.829660
 -1.121050   3.220760   2.098310  -0.908570   3.248240   0.744520
 -1.121050   3.220760   2.098310  -2.393210   3.035030   2.557430
 -1.121050   3.220760   2.098310  -0.186970   3.732330   2.973180
 -0.658400   1.464550   2.318400  -1.121050   3.220760   2.098310
 -0.284960   0.016860   2.512750  -0.658400   1.464550   2.318400
 -0.284960   0.016860   2.512750  -1.269130  -0.632940   3.519480
 -0.284960   0.016860   2.512750   1.166870  -0.149390   3.071750
 -0.441100  -0.787090   1.157320  -0.284960   0.016860   2.512750
  0.146900  -0.189360   0.018190  -0.441100  -0.787090   1.157320
  0.146900  -0.189360   0.018190  -0.109480  -0.842790  -0.852130
  0.146900  -0.189360   0.018190  -0.277100   0.842190  -0.112080
  0.146900  -0.189360   0.018190   1.254500  -0.153320   0.172240
