33 atoms follow (x y z r g b radiusScale)
 -0.522750  -0.248590  -0.034160   0.000000   1.000000   0.000000   1.850000
  0.307220  -0.486530  -0.750100   1.000000   1.000000   1.000000   1.200000
 -0.697030   0.859540   0.019360   1.000000   1.000000   1.000000   1.200000
 -1.447570  -0.793530  -0.361400   1.000000   1.000000   1.000000   1.200000
 -0.139390  -0.756760   1.225330   1.000000   0.000000   0.000000   1.400000
 -0.236010   0.147780   2.526960   0.500000   0.500000   0.500000   1.900000
  1.207120   0.059450   3.150890   1.000000   0.000000   0.000000   1.400000
 -1.147570  -0.572320   3.587980   1.000000   0.000000   0.000000   1.400000
 -0.626850   1.558440   2.278610   1.000000   0.000000   0.000000   1.400000
 -1.191800   3.418580   1.761780   1.000000   1.000000   0.000000   1.850000
 -0.117310   3.863600   2.588490   1.000000   0.000000   0.000000   1.400000
 -2.451640   3.096880   2.243800   1.000000   0.000000   0.000000   1.400000
 -0.741490   3.131350   0.444590   1.000000   0.000000   0.000000   1.400000
 -1.573750   5.109800   1.353830   1.000000   0.000000   0.000000   1.400000
 -2.612290   5.758000   1.999940   0.000000   1.000000   0.000000   1.850000
 -3.597490   5.307430   1.712370   1.000000   1.000000   1.000000   1.200000
 -2.593700   6.836860   1.696520   1.000000   1.000000   1.000000   1.200000
 -2.490160   5.684830   3.113090   1.000000   1.000000   1.000000   1.200000
  0.913470   5.330460   0.497520   0.000000   0.000000   1.000000   1.540000
  0.989090   4.865190   1.428630   1.000000   1.000000   1.000000   1.200000
  1.799100   5.711420   0.198550   1.000000   1.000000   1.000000   1.200000
  0.188400   6.048770   0.595710   1.000000   1.000000   1.000000   1.200000
  0.539160   4.610430  -0.154560   1.000000   1.000000   1.000000   1.200000
  1.273460   2.435450   4.910650   0.000000   0.000000   1.000000   1.540000
  1.411720   0.686300   3.861000   1.000000   1.000000   1.000000   1.200000
  0.899450   3.003440   4.171190   1.000000   1.000000   1.000000   1.200000
  2.122150   2.842920   5.240210   1.000000   1.000000   1.000000   1.200000
  0.619040   2.408250   5.663720   1.000000   1.000000   1.000000   1.200000
 -3.504670   0.892750   3.579130   0.000000   0.000000   1.000000   1.540000
 -2.077640  -0.302510   3.712080   1.000000   1.000000   1.000000   1.200000
 -3.562140   1.125590   2.604300   1.000000   1.000000   1.000000   1.200000
 -3.086130   1.682520   4.035940   1.000000   1.000000   1.000000   1.200000
 -4.431760   0.776770   3.930010   1.000000   1.000000   1.000000   1.200000
28 bonds follow (x1 y1 z1 x2 y2 z2)
 -3.504670   0.892750   3.579130  -4.431760   0.776770   3.930010
 -3.504670   0.892750   3.579130  -3.086130   1.682520   4.035940
 -3.504670   0.892750   3.579130  -3.562140   1.125590   2.604300
 -1.147570  -0.572320   3.587980  -2.077640  -0.302510   3.712080
  1.273460   2.435450   4.910650   0.619040   2.408250   5.663720
  1.273460   2.435450   4.910650   2.122150   2.842920   5.240210
  1.273460   2.435450   4.910650   0.899450   3.003440   4.171190
  1.207120   0.059450   3.150890   1.411720   0.686300   3.861000
  0.913470   5.330460   0.497520   0.539160   4.610430  -0.154560
  0.913470   5.330460   0.497520   0.188400   6.048770   0.595710
  0.913470   5.330460   0.497520   1.799100   5.711420   0.198550
  0.913470   5.330460   0.497520   0.989090   4.865190   1.428630
 -2.612290   5.758000   1.999940  -2.490160   5.684830   3.113090
 -2.612290   5.758000   1.999940  -2.593700   6.836860   1.696520
 -2.612290   5.758000   1.999940  -3.597490   5.307430   1.712370
 -1.573750   5.109800   1.353830  -2.612290   5.758000   1.999940
 -1.191800   3.418580   1.761780  -1.573750   5.109800   1.353830
 -1.191800   3.418580   1.761780  -0.741490   3.131350   0.444590
 -1.191800   3.418580   1.761780  -2.451640   3.096880   2.243800
 -1.191800   3.418580   1.761780  -0.117310   3.863600   2.588490
 -0.236010   0.147780   2.526960  -0.626850   1.558440   2.278610
 -0.236010   0.147780   2.526960  -1.147570  -0.572320   3.587980
 -0.236010   0.147780   2.526960   1.207120   0.059450   3.150890
 -0.139390  -0.756760   1.225330  -0.236010   0.147780   2.526960
 -0.522750  -0.248590  -0.034160  -0.139390  -0.756760   1.225330
 -0.522750  -0.248590  -0.034160  -1.447570  -0.793530  -0.361400
 -0.522750  -0.248590  -0.034160  -0.697030   0.859540   0.019360
 -0.522750  -0.248590  -0.034160   0.307220  -0.486530  -0.750100
