33 atoms follow (x y z r g b radiusScale)
 -0.567500  -0.167540  -0.049580   0.000000   1.000000   0.000000   1.850000
  0.169630  -0.507290  -0.823400   1.000000   1.000000   1.000000   1.200000
 -0.613370   0.953230   0.000210   1.000000   1.000000   1.000000   1.200000
 -1.572530  -0.603420  -0.292720   1.000000   1.000000   1.000000   1.200000
 -0.132440  -0.702310   1.183720   1.000000   0.000000   0.000000   1.400000
 -0.192410   0.174620   2.503990   0.500000   0.500000   0.500000   1.900000
  1.255890   0.125720   3.097350   1.000000   0.000000   0.000000   1.400000
 -1.090150  -0.579320   3.544780   1.000000   0.000000   0.000000   1.400000
 -0.599360   1.588560   2.325280   1.000000   0.000000   0.000000   1.400000
 -1.156360   3.394530   1.839350   1.000000   1.000000   0.000000   1.850000
 -0.066780   3.897540   2.604090   1.000000   0.000000   0.000000   1.400000
 -2.376470   3.035880   2.381870   1.000000   0.000000   0.000000   1.400000
 -0.759570   3.079670   0.511680   1.000000   0.000000   0.000000   1.400000
 -1.595900   5.063140   1.313930   1.000000   0.000000   0.000000   1.400000
 -2.499160   5.910830   1.923390   0.000000   1.000000   0.000000   1.850000
 -3.490740   5.404900   2.060110   1.000000   1.000000   1.000000   1.200000
 -2.633100   6.816050   1.272330   1.000000   1.000000   1.000000   1.200000
 -2.115330   6.239720   2.926650   1.000000   1.000000   1.000000   1.200000
  0.840510   5.225120   0.374020   0.000000   0.000000   1.000000   1.540000
  0.674100   5.322780   1.409700   1.000000   1.000000   1.000000   1.200000
  1.578050   5.826620   0.045770   1.000000   1.000000   1.000000   1.200000
 -0.070950   5.430610  -0.075240   1.000000   1.000000   1.000000   1.200000
  1.037530   4.239580   0.200460   1.000000   1.000000   1.000000   1.200000
  1.141940   2.384890   4.971720   0.000000   0.000000   1.000000   1.540000
  1.497890   0.809620   3.741340   1.000000   1.000000   1.000000   1.200000
  0.889020   2.997430   4.216010   1.000000   1.000000   1.000000   1.200000
  1.909450   2.780860   5.471040   1.000000   1.000000   1.000000   1.200000
  0.365020   2.303220   5.593260   1.000000   1.000000   1.000000   1.200000
 -3.725690   0.806650   3.546220   0.000000   0.000000   1.000000   1.540000
 -2.003740  -0.303580   3.698760   1.000000   1.000000   1.000000   1.200000
 -3.927280   0.997840   2.584100   1.000000   1.000000   1.000000   1.200000
 -3.169990   1.574800   3.879910   1.000000   1.000000   1.000000   1.200000
 -4.586660   0.802010   4.053210   1.000000   1.000000   1.000000   1.200000
28 bonds follow (x1 y1 z1 x2 y2 z2)
 -3.725690   0.806650   3.546220  -4.586660   0.802010   4.053210
 -3.725690   0.806650   3.546220  -3.169990   1.574800   3.879910
 -3.725690   0.806650   3.546220  -3.927280   0.997840   2.584100
 -1.090150  -0.579320   3.544780  -2.003740  -0.303580   3.698760
  1.141940   2.384890   4.971720   0.365020   2.303220   5.593260
  1.141940   2.384890   4.971720   1.909450   2.780860   5.471040
  1.141940   2.384890   4.971720   0.889020   2.997430   4.216010
  1.255890   0.125720   3.097350   1.497890   0.809620   3.741340
  0.840510   5.225120   0.374020   1.037530   4.239580   0.200460
  0.840510   5.225120   0.374020  -0.070950   5.430610  -0.075240
  0.840510   5.225120   0.374020   1.578050   5.826620   0.045770
  0.840510   5.225120   0.374020   0.674100   5.322780   1.409700
 -2.499160   5.910830   1.923390  -2.115330   6.239720   2.926650
 -2.499160   5.910830   1.923390  -2.633100   6.816050   1.272330
 -2.499160   5.910830   1.923390  -3.490740   5.404900   2.060110
 -1.595900   5.063140   1.313930  -2.499160   5.910830   1.923390
 -1.156360   3.394530   1.839350  -1.595900   5.063140   1.313930
 -1.156360   3.394530   1.839350  -0.759570   3.079670   0.511680
 -1.156360   3.394530   1.839350  -2.376470   3.035880   2.381870
 -1.156360   3.394530   1.839350  -0.066780   3.897540   2.604090
 -0.192410   0.174620   2.503990  -0.599360   1.588560   2.325280
 -0.192410   0.174620   2.503990  -1.090150  -0.579320   3.544780
 -0.192410   0.174620   2.503990   1.255890   0.125720   3.097350
 -0.132440  -0.702310   1.183720  -0.192410   0.174620   2.503990
 -0.567500  -0.167540  -0.049580  -0.132440  -0.702310   1.183720
 -0.567500  -0.167540  -0.049580  -1.572530  -0.603420  -0.292720
 -0.567500  -0.167540  -0.049580  -0.613370   0.953230   0.000210
 -0.567500  -0.167540  -0.049580   0.169630  -0.507290  -0.823400
