33 atoms follow (x y z r g b radiusScale)
 -0.400760  -0.217450  -0.019630   0.000000   1.000000   0.000000   1.850000
  0.544770  -0.376340  -0.602110   1.000000   1.000000   1.000000   1.200000
 -0.639160   0.877610   0.059130   1.000000   1.000000   1.000000   1.200000
 -1.233940  -0.772860  -0.524990   1.000000   1.000000   1.000000   1.200000
 -0.229180  -0.797160   1.256720   1.000000   0.000000   0.000000   1.400000
 -0.218720   0.147940   2.532410   0.500000   0.500000   0.500000   1.900000
  1.244520   0.083270   3.113580   1.000000   0.000000   0.000000   1.400000
 -1.168160  -0.576290   3.553350   1.000000   0.000000   0.000000   1.400000
 -0.606680   1.542900   2.207040   1.000000   0.000000   0.000000   1.400000
 -1.189100   3.395910   1.770480   1.000000   1.000000   0.000000   1.850000
 -0.137950   3.827650   2.610720   1.000000   0.000000   0.000000   1.400000
 -2.451910   3.067040   2.236840   1.000000   0.000000   0.000000   1.400000
 -0.720990   3.185200   0.452350   1.000000   0.000000   0.000000   1.400000
 -1.595300   5.106680   1.381950   1.000000   0.000000   0.000000   1.400000
 -2.682600   5.783690   1.896200   0.000000   1.000000   0.000000   1.850000
 -3.623200   5.450910   1.383820   1.000000   1.000000   1.000000   1.200000
 -2.535990   6.882380   1.722790   1.000000   1.000000   1.000000   1.200000
 -2.785920   5.595480   2.997780   1.000000   1.000000   1.000000   1.200000
  0.951710   5.295740   0.575520   0.000000   0.000000   1.000000   1.540000
  1.491460   4.578060   1.053960   1.000000   1.000000   1.000000   1.200000
  1.529850   6.054020   0.245950   1.000000   1.000000   1.000000   1.200000
  0.234590   5.636430   1.268300   1.000000   1.000000   1.000000   1.200000
  0.411490   4.839500  -0.185710   1.000000   1.000000   1.000000   1.200000
  1.344310   2.447060   4.835380   0.000000   0.000000   1.000000   1.540000
  1.459490   0.719110   3.815670   1.000000   1.000000   1.000000   1.200000
  0.895900   3.019460   4.142910   1.000000   1.000000   1.000000   1.200000
  2.274280   2.777490   4.982150   1.000000   1.000000   1.000000   1.200000
  0.841520   2.518950   5.694400   1.000000   1.000000   1.000000   1.200000
 -3.641580   0.949920   3.695890   0.000000   0.000000   1.000000   1.540000
 -2.063870  -0.227580   3.708490   1.000000   1.000000   1.000000   1.200000
 -3.675050   1.158600   2.714990   1.000000   1.000000   1.000000   1.200000
 -3.332850   1.784130   4.156740   1.000000   1.000000   1.000000   1.200000
 -4.564740   0.732680   4.008220   1.000000   1.000000   1.000000   1.200000
28 bonds follow (x1 y1 z1 x2 y2 z2)
 -3.641580   0.949920   3.695890  -4.564740   0.732680   4.008220
 -3.641580   0.949920   3.695890  -3.332850   1.784130   4.156740
 -3.641580   0.949920   3.695890  -3.675050   1.158600   2.714990
 -1.168160  -0.576290   3.553350  -2.063870  -0.227580   3.708490
  1.344310   2.447060   4.835380   0.841520   2.518950   5.694400
  1.344310   2.447060   4.835380   2.274280   2.777490   4.982150
  1.344310   2.447060   4.835380   0.895900   3.019460   4.142910
  1.244520   0.083270   3.113580   1.459490   0.719110   3.815670
  0.951710   5.295740   0.575520   0.411490   4.839500  -0.185710
  0.951710   5.295740   0.575520   0.234590   5.636430   1.268300
  0.951710   5.295740   0.575520   1.529850   6.054020   0.245950
  0.951710   5.295740   0.575520   1.491460   4.578060   1.053960
 -2.682600   5.783690   1.896200  -2.785920   5.595480   2.997780
 -2.682600   5.783690   1.896200  -2.535990   6.882380   1.722790
 -2.682600   5.783690   1.896200  -3.623200   5.450910   1.383820
 -1.595300   5.106680   1.381950  -2.682600   5.783690   1.896200
 -1.189100   3.395910   1.770480  -1.595300   5.106680   1.381950
 -1.189100   3.395910   1.770480  -0.720990   3.185200   0.452350
 -1.189100   3.395910   1.770480  -2.451910   3.067040   2.236840
 -1.189100   3.395910   1.770480  -0.137950   3.827650   2.610720
 -0.218720   0.147940   2.532410  -0.606680   1.542900   2.207040
 -0.218720   0.147940   2.532410  -1.168160  -0.576290   3.553350
 -0.218720   0.147940   2.532410   1.244520   0.083270   3.113580
 -0.229180  -0.797160   1.256720  -0.218720   0.147940   2.532410
 -0.400760  -0.217450  -0.019630  -0.229180  -0.797160   1.256720
 -0.400760  -0.217450  -0.019630  -1.233940  -0.772860  -0.524990
 -0.400760  -0.217450  -0.019630  -0.639160   0.877610   0.059130
 -0.400760  -0.217450  -0.019630   0.544770  -0.376340  -0.602110
