33 atoms follow (x y z r g b radiusScale)
  0.026370  -0.042890   0.033970   0.000000   1.000000   0.000000   1.850000
  1.144510  -0.016850   0.055110   1.000000   1.000000   1.000000   1.200000
 -0.405970   0.995160   0.046740   1.000000   1.000000   1.000000   1.200000
 -0.335960  -0.607940  -0.860780   1.000000   1.000000   1.000000   1.200000
 -0.419540  -0.759860   1.171230   1.000000   0.000000   0.000000   1.400000
 -0.308010   0.034330   2.530620   0.500000   0.500000   0.500000   1.900000
  1.163820  -0.108650   3.027590   1.000000   0.000000   0.000000   1.400000
 -1.241150  -0.679460   3.546570   1.000000   0.000000   0.000000   1.400000
 -0.712290   1.478480   2.380000   1.000000   0.000000   0.000000   1.400000
 -1.109450   3.208790   2.036240   1.000000   1.000000   0.000000   1.850000
 -0.088010   3.802250   2.749430   1.000000   0.000000   0.000000   1.400000
 -2.383980   3.134230   2.542160   1.000000   0.000000   0.000000   1.400000
 -0.915700   3.180640   0.673310   1.000000   0.000000   0.000000   1.400000
 -1.943630   5.688700   1.687280   1.000000   0.000000   0.000000   1.400000
 -3.074240   5.839200   0.832640   0.000000   1.000000   0.000000   1.850000
 -2.807890   5.552780  -0.212920   1.000000   1.000000   1.000000   1.200000
 -3.490360   6.872530   0.873760   1.000000   1.000000   1.000000   1.200000
 -3.788800   5.086460   1.268800   1.000000   1.000000   1.000000   1.200000
  1.461180   5.667550   0.157070   0.000000   0.000000   1.000000   1.540000
  1.359210   5.612290   1.152660   1.000000   1.000000   1.000000   1.200000
 -1.358830   6.403900   1.434520   1.000000   1.000000   1.000000   1.200000
  0.575280   5.431220  -0.248880   1.000000   1.000000   1.000000   1.200000
  2.129000   4.973960  -0.130960   1.000000   1.000000   1.000000   1.200000
  1.665730   2.173680   4.661550   0.000000   0.000000   1.000000   1.540000
  1.537430   0.561460   3.638200   1.000000   1.000000   1.000000   1.200000
  1.315970   2.895790   4.057150   1.000000   1.000000   1.000000   1.200000
  2.619360   2.369000   4.884440   1.000000   1.000000   1.000000   1.200000
  1.133830   2.174110   5.506920   1.000000   1.000000   1.000000   1.200000
 -3.555590   0.961830   3.752020   0.000000   0.000000   1.000000   1.540000
 -2.124970  -0.287560   3.738410   1.000000   1.000000   1.000000   1.200000
 -3.800150   1.176060   2.804690   1.000000   1.000000   1.000000   1.200000
 -3.162880   1.794750   4.150020   1.000000   1.000000   1.000000   1.200000
 -4.385210   0.723100   4.253510   1.000000   1.000000   1.000000   1.200000
28 bonds follow (x1 y1 z1 x2 y2 z2)
 -3.555590   0.961830   3.752020  -4.385210   0.723100   4.253510
 -3.555590   0.961830   3.752020  -3.162880   1.794750   4.150020
 -3.555590   0.961830   3.752020  -3.800150   1.176060   2.804690
 -1.241150  -0.679460   3.546570  -2.124970  -0.287560   3.738410
  1.665730   2.173680   4.661550   1.133830   2.174110   5.506920
  1.665730   2.173680   4.661550   2.619360   2.369000   4.884440
  1.665730   2.173680   4.661550   1.315970   2.895790   4.057150
  1.163820  -0.108650   3.027590   1.537430   0.561460   3.638200
  1.461180   5.667550   0.157070   2.129000   4.973960  -0.130960
  1.461180   5.667550   0.157070   0.575280   5.431220  -0.248880
 -1.943630   5.688700   1.687280  -1.358830   6.403900   1.434520
  1.461180   5.667550   0.157070   1.359210   5.612290   1.152660
 -3.074240   5.839200   0.832640  -3.788800   5.086460   1.268800
 -3.074240   5.839200   0.832640  -3.490360   6.872530   0.873760
 -3.074240   5.839200   0.832640  -2.807890   5.552780  -0.212920
 -1.943630   5.688700   1.687280  -3.074240   5.839200   0.832640
 -1.109450   3.208790   2.036240  -0.915700   3.180640   0.673310
 -1.109450   3.208790   2.036240  -2.383980   3.134230   2.542160
 -1.109450   3.208790   2.036240  -0.088010   3.802250   2.749430
 -0.712290   1.478480   2.380000  -1.109450   3.208790   2.036240
 -0.308010   0.034330   2.530620  -0.712290   1.478480   2.380000
 -0.308010   0.034330   2.530620  -1.241150  -0.679460   3.546570
 -0.308010   0.034330   2.530620   1.163820  -0.108650   3.027590
 -0.419540  -0.759860   1.171230  -0.308010   0.034330   2.530620
  0.026370  -0.042890   0.033970  -0.419540  -0.759860   1.171230
  0.026370  -0.042890   0.033970  -0.335960  -0.607940  -0.860780
  0.026370  -0.042890   0.033970  -0.405970   0.995160   0.046740
  0.026370  -0.042890   0.033970   1.144510  -0.016850   0.055110
