33 atoms follow (x y z r g b radiusScale)
  0.105630  -0.170570   0.032880   0.000000   1.000000   0.000000   1.850000
  1.215050  -0.098890   0.158370   1.000000   1.000000   1.000000   1.200000
 -0.356360   0.847410  -0.075750   1.000000   1.000000   1.000000   1.200000
 -0.151620  -0.821250  -0.839280   1.000000   1.000000   1.000000   1.200000
 -0.431630  -0.799710   1.179520   1.000000   0.000000   0.000000   1.400000
 -0.285100   0.024370   2.519020   0.500000   0.500000   0.500000   1.900000
  1.148970  -0.163140   3.089270   1.000000   0.000000   0.000000   1.400000
 -1.246950  -0.670080   3.520730   1.000000   0.000000   0.000000   1.400000
 -0.660050   1.475190   2.329320   1.000000   0.000000   0.000000   1.400000
 -1.128550   3.219400   2.081670   1.000000   1.000000   0.000000   1.850000
 -0.141150   3.764880   2.880460   1.000000   0.000000   0.000000   1.400000
 -2.406700   3.084970   2.555750   1.000000   0.000000   0.000000   1.400000
 -0.907010   3.280120   0.726030   1.000000   0.000000   0.000000   1.400000
 -2.169040   5.946400   1.617310   1.000000   0.000000   0.000000   1.400000
 -3.336110   6.014530   0.814940   0.000000   1.000000   0.000000   1.850000
 -3.084670   6.172740  -0.259340   1.000000   1.000000   1.000000   1.200000
 -4.008930   6.835300   1.173460   1.000000   1.000000   1.000000   1.200000
 -3.813840   5.015870   0.977920   1.000000   1.000000   1.000000   1.200000
  1.911670   5.570340  -0.019060   0.000000   0.000000   1.000000   1.540000
  1.885030   6.138690   0.803910   1.000000   1.000000   1.000000   1.200000
 -1.851470   6.786180   1.620260   1.000000   1.000000   1.000000   1.200000
  1.295010   5.974580  -0.696460   1.000000   1.000000   1.000000   1.200000
  1.559580   4.658730   0.218190   1.000000   1.000000   1.000000   1.200000
  1.715480   2.140850   4.581930   0.000000   0.000000   1.000000   1.540000
  1.476070   0.484390   3.755780   1.000000   1.000000   1.000000   1.200000
  1.427810   2.867620   3.951810   1.000000   1.000000   1.000000   1.200000
  2.682560   2.259280   4.800800   1.000000   1.000000   1.000000   1.200000
  1.183330   2.214090   5.423950   1.000000   1.000000   1.000000   1.200000
 -3.571350   0.809430   3.818790   0.000000   0.000000   1.000000   1.540000
 -2.156410  -0.316260   3.668660   1.000000   1.000000   1.000000   1.200000
 -3.838270   1.196890   2.934750   1.000000   1.000000   1.000000   1.200000
 -3.273900   1.566660   4.401590   1.000000   1.000000   1.000000   1.200000
 -4.356470   0.356830   4.237430   1.000000   1.000000   1.000000   1.200000
28 bonds follow (x1 y1 z1 x2 y2 z2)
 -3.571350   0.809430   3.818790  -4.356470   0.356830   4.237430
 -3.571350   0.809430   3.818790  -3.273900   1.566660   4.401590
 -3.571350   0.809430   3.818790  -3.838270   1.196890   2.934750
 -1.246950  -0.670080   3.520730  -2.156410  -0.316260   3.668660
  1.715480   2.140850   4.581930   1.183330   2.214090   5.423950
  1.715480   2.140850   4.581930   2.682560   2.259280   4.800800
  1.715480   2.140850   4.581930   1.427810   2.867620   3.951810
  1.148970  -0.163140   3.089270   1.476070   0.484390   3.755780
  1.911670   5.570340  -0.019060   1.559580   4.658730   0.218190
  1.911670   5.570340  -0.019060   1.295010   5.974580  -0.696460
 -2.169040   5.946400   1.617310  -1.851470   6.786180   1.620260
  1.911670   5.570340  -0.019060   1.885030   6.138690   0.803910
 -3.336110   6.014530   0.814940  -3.813840   5.015870   0.977920
 -3.336110   6.014530   0.814940  -4.008930   6.835300   1.173460
 -3.336110   6.014530   0.814940  -3.084670   6.172740  -0.259340
 -2.169040   5.946400   1.617310  -3.336110   6.014530   0.814940
 -1.128550   3.219400   2.081670  -0.907010   3.280120   0.726030
 -1.128550   3.219400   2.081670  -2.406700   3.084970   2.555750
 -1.128550   3.219400   2.081670  -0.141150   3.764880   2.880460
 -0.660050   1.475190   2.329320  -1.128550   3.219400   2.081670
 -0.285100   0.024370   2.519020  -0.660050   1.475190   2.329320
 -0.285100   0.024370   2.519020  -1.246950  -0.670080   3.520730
 -0.285100   0.024370   2.519020   1.148970  -0.163140   3.089270
 -0.431630  -0.799710   1.179520  -0.285100   0.024370   2.519020
  0.105630  -0.170570   0.032880  -0.431630  -0.799710   1.179520
  0.105630  -0.170570   0.032880  -0.151620  -0.821250  -0.839280
  0.105630  -0.170570   0.032880  -0.356360   0.847410  -0.075750
  0.105630  -0.170570   0.032880   1.215050  -0.098890   0.158370
