33 atoms follow (x y z r g b radiusScale)
 -0.233250  -0.208570  -0.047080   0.000000   1.000000   0.000000   1.850000
  0.756720  -0.456340  -0.511490   1.000000   1.000000   1.000000   1.200000
 -0.390550   0.903770   0.022950   1.000000   1.000000   1.000000   1.200000
 -1.047410  -0.677880  -0.658930   1.000000   1.000000   1.000000   1.200000
 -0.284920  -0.803850   1.232870   1.000000   0.000000   0.000000   1.400000
 -0.211360   0.145760   2.502980   0.500000   0.500000   0.500000   1.900000
  1.298700   0.122670   2.967570   1.000000   0.000000   0.000000   1.400000
 -1.118160  -0.575760   3.565390   1.000000   0.000000   0.000000   1.400000
 -0.720820   1.511890   2.230890   1.000000   0.000000   0.000000   1.400000
 -1.128630   3.427740   1.932150   1.000000   1.000000   0.000000   1.850000
  0.112430   3.751570   2.538820   1.000000   0.000000   0.000000   1.400000
 -2.301690   3.224650   2.640050   1.000000   0.000000   0.000000   1.400000
 -0.934580   3.138210   0.555430   1.000000   0.000000   0.000000   1.400000
 -1.450570   5.165040   1.572780   1.000000   0.000000   0.000000   1.400000
 -2.676590   5.750270   1.850080   0.000000   1.000000   0.000000   1.850000
 -3.040420   5.447330   2.866580   1.000000   1.000000   1.000000   1.200000
 -3.435670   5.438490   1.084350   1.000000   1.000000   1.000000   1.200000
 -2.555990   6.865100   1.817490   1.000000   1.000000   1.000000   1.200000
  0.823180   5.171010   0.247440   0.000000   0.000000   1.000000   1.540000
  1.045610   5.054270   1.251960   1.000000   1.000000   1.000000   1.200000
  1.562940   5.636270  -0.262020   1.000000   1.000000   1.000000   1.200000
 -0.067740   5.687350   0.215580   1.000000   1.000000   1.000000   1.200000
  0.613330   4.217460  -0.120940   1.000000   1.000000   1.000000   1.200000
  0.960000   2.509980   4.874580   0.000000   0.000000   1.000000   1.540000
  1.568600   0.770370   3.627790   1.000000   1.000000   1.000000   1.200000
  1.391780   3.093860   4.181820   1.000000   1.000000   1.000000   1.200000
  1.260870   2.809470   5.778440   1.000000   1.000000   1.000000   1.200000
 -0.028330   2.659760   4.807470   1.000000   1.000000   1.000000   1.200000
 -3.649940   0.893430   3.397520   0.000000   0.000000   1.000000   1.540000
 -2.045780  -0.291630   3.641610   1.000000   1.000000   1.000000   1.200000
 -3.464620   1.180580   2.454550   1.000000   1.000000   1.000000   1.200000
 -3.450790   1.684780   3.980460   1.000000   1.000000   1.000000   1.200000
 -4.621500   0.674800   3.472580   1.000000   1.000000   1.000000   1.200000
28 bonds follow (x1 y1 z1 x2 y2 z2)
 -3.649940   0.893430   3.397520  -4.621500   0.674800   3.472580
 -3.649940   0.893430   3.397520  -3.450790   1.684780   3.980460
 -3.649940   0.893430   3.397520  -3.464620   1.180580   2.454550
 -1.118160  -0.575760   3.565390  -2.045780  -0.291630   3.641610
  0.960000   2.509980   4.874580  -0.028330   2.659760   4.807470
  0.960000   2.509980   4.874580   1.260870   2.809470   5.778440
  0.960000   2.509980   4.874580   1.391780   3.093860   4.181820
  1.298700   0.122670   2.967570   1.568600   0.770370   3.627790
  0.823180   5.171010   0.247440   0.613330   4.217460  -0.120940
  0.823180   5.171010   0.247440  -0.067740   5.687350   0.215580
  0.823180   5.171010   0.247440   1.562940   5.636270  -0.262020
  0.823180   5.171010   0.247440   1.045610   5.054270   1.251960
 -2.676590   5.750270   1.850080  -2.555990   6.865100   1.817490
 -2.676590   5.750270   1.850080  -3.435670   5.438490   1.084350
 -2.676590   5.750270   1.850080  -3.040420   5.447330   2.866580
 -1.450570   5.165040   1.572780  -2.676590   5.750270   1.850080
 -1.128630   3.427740   1.932150  -1.450570   5.165040   1.572780
 -1.128630   3.427740   1.932150  -0.934580   3.138210   0.555430
 -1.128630   3.427740   1.932150  -2.301690   3.224650   2.640050
 -1.128630   3.427740   1.932150   0.112430   3.751570   2.538820
 -0.211360   0.145760   2.502980  -0.720820   1.511890   2.230890
 -0.211360   0.145760   2.502980  -1.118160  -0.575760   3.565390
 -0.211360   0.145760   2.502980   1.298700   0.122670   2.967570
 -0.284920  -0.803850   1.232870  -0.211360   0.145760   2.502980
 -0.233250  -0.208570  -0.047080  -0.284920  -0.803850   1.232870
 -0.233250  -0.208570  -0.047080  -1.047410  -0.677880  -0.658930
 -0.233250  -0.208570  -0.047080  -0.390550   0.903770   0.022950
 -0.233250  -0.208570  -0.047080   0.756720  -0.456340  -0.511490
