33 atoms follow (x y z r g b radiusScale)
 -0.421550  -0.227170  -0.009150   0.000000   1.000000   0.000000   1.850000
  0.518650  -0.377000  -0.602400   1.000000   1.000000   1.000000   1.200000
 -0.672580   0.865860   0.067020   1.000000   1.000000   1.000000   1.200000
 -1.254030  -0.795780  -0.500840   1.000000   1.000000   1.000000   1.200000
 -0.226800  -0.797920   1.266830   1.000000   0.000000   0.000000   1.400000
 -0.213630   0.154450   2.534820   0.500000   0.500000   0.500000   1.900000
  1.247600   0.066880   3.123100   1.000000   0.000000   0.000000   1.400000
 -1.160970  -0.595020   3.543050   1.000000   0.000000   0.000000   1.400000
 -0.620920   1.543780   2.207530   1.000000   0.000000   0.000000   1.400000
 -1.191270   3.401310   1.766870   1.000000   1.000000   0.000000   1.850000
 -0.129390   3.833460   2.605780   1.000000   0.000000   0.000000   1.400000
 -2.458620   3.076460   2.223570   1.000000   0.000000   0.000000   1.400000
 -0.707580   3.198410   0.448190   1.000000   0.000000   0.000000   1.400000
 -1.602500   5.101490   1.387400   1.000000   0.000000   0.000000   1.400000
 -2.681780   5.782420   1.919780   0.000000   1.000000   0.000000   1.850000
 -3.634650   5.445830   1.434350   1.000000   1.000000   1.000000   1.200000
 -2.533170   6.877920   1.725270   1.000000   1.000000   1.000000   1.200000
 -2.756280   5.609460   3.026020   1.000000   1.000000   1.000000   1.200000
  0.950960   5.294240   0.565040   0.000000   0.000000   1.000000   1.540000
  1.472540   4.588600   1.081780   1.000000   1.000000   1.000000   1.200000
  1.545400   5.985790   0.135580   1.000000   1.000000   1.000000   1.200000
  0.269760   5.713480   1.244530   1.000000   1.000000   1.000000   1.200000
  0.362490   4.777300  -0.135460   1.000000   1.000000   1.000000   1.200000
  1.332060   2.456760   4.837860   0.000000   0.000000   1.000000   1.540000
  1.463060   0.649640   3.866310   1.000000   1.000000   1.000000   1.200000
  0.892540   3.067010   4.172980   1.000000   1.000000   1.000000   1.200000
  2.257130   2.781970   5.021710   1.000000   1.000000   1.000000   1.200000
  0.813690   2.470580   5.690520   1.000000   1.000000   1.000000   1.200000
 -3.618010   0.952650   3.675670   0.000000   0.000000   1.000000   1.540000
 -2.069280  -0.269520   3.673780   1.000000   1.000000   1.000000   1.200000
 -3.699220   1.196620   2.706000   1.000000   1.000000   1.000000   1.200000
 -3.332180   1.781550   4.159230   1.000000   1.000000   1.000000   1.200000
 -4.513630   0.672020   4.016200   1.000000   1.000000   1.000000   1.200000
28 bonds follow (x1 y1 z1 x2 y2 z2)
 -3.618010   0.952650   3.675670  -4.513630   0.672020   4.016200
 -3.618010   0.952650   3.675670  -3.332180   1.781550   4.159230
 -3.618010   0.952650   3.675670  -3.699220   1.196620   2.706000
 -1.160970  -0.595020   3.543050  -2.069280  -0.269520   3.673780
  1.332060   2.456760   4.837860   0.813690   2.470580   5.690520
  1.332060   2.456760   4.837860   2.257130   2.781970   5.021710
  1.332060   2.456760   4.837860   0.892540   3.067010   4.172980
  1.247600   0.066880   3.123100   1.463060   0.649640   3.866310
  0.950960   5.294240   0.565040   0.362490   4.777300  -0.135460
  0.950960   5.294240   0.565040   0.269760   5.713480   1.244530
  0.950960   5.294240   0.565040   1.545400   5.985790   0.135580
  0.950960   5.294240   0.565040   1.472540   4.588600   1.081780
 -2.681780   5.782420   1.919780  -2.756280   5.609460   3.026020
 -2.681780   5.782420   1.919780  -2.533170   6.877920   1.725270
 -2.681780   5.782420   1.919780  -3.634650   5.445830   1.434350
 -1.602500   5.101490   1.387400  -2.681780   5.782420   1.919780
 -1.191270   3.401310   1.766870  -1.602500   5.101490   1.387400
 -1.191270   3.401310   1.766870  -0.707580   3.198410   0.448190
 -1.191270   3.401310   1.766870  -2.458620   3.076460   2.223570
 -1.191270   3.401310   1.766870  -0.129390   3.833460   2.605780
 -0.213630   0.154450   2.534820  -0.620920   1.543780   2.207530
 -0.213630   0.154450   2.534820  -1.160970  -0.595020   3.543050
 -0.213630   0.154450   2.534820   1.247600   0.066880   3.123100
 -0.226800  -0.797920   1.266830  -0.213630   0.154450   2.534820
 -0.421550  -0.227170  -0.009150  -0.226800  -0.797920   1.266830
 -0.421550  -0.227170  -0.009150  -1.254030  -0.795780  -0.500840
 -0.421550  -0.227170  -0.009150  -0.672580   0.865860   0.067020
 -0.421550  -0.227170  -0.009150   0.518650  -0.377000  -0.602400
