33 atoms follow (x y z r g b radiusScale)
 -0.175550  -0.131540  -0.042780   0.000000   1.000000   0.000000   1.850000
  0.781390  -0.500310  -0.497370   1.000000   1.000000   1.000000   1.200000
 -0.185350   0.988160   0.048470   1.000000   1.000000   1.000000   1.200000
 -1.033670  -0.475210  -0.678570   1.000000   1.000000   1.000000   1.200000
 -0.324310  -0.743130   1.221450   1.000000   0.000000   0.000000   1.400000
 -0.249940   0.164960   2.520330   0.500000   0.500000   0.500000   1.900000
  1.228050   0.008020   3.046200   1.000000   0.000000   0.000000   1.400000
 -1.189710  -0.504250   3.573870   1.000000   0.000000   0.000000   1.400000
 -0.661770   1.564870   2.249760   1.000000   0.000000   0.000000   1.400000
 -1.208290   3.400410   1.815440   1.000000   1.000000   0.000000   1.850000
 -0.141480   3.819300   2.665190   1.000000   0.000000   0.000000   1.400000
 -2.452370   3.122620   2.353570   1.000000   0.000000   0.000000   1.400000
 -0.740340   3.115070   0.509150   1.000000   0.000000   0.000000   1.400000
 -1.592850   5.078920   1.300720   1.000000   0.000000   0.000000   1.400000
 -2.750030   5.727920   1.688590   0.000000   1.000000   0.000000   1.850000
 -3.582840   5.492780   0.974640   1.000000   1.000000   1.000000   1.200000
 -2.559230   6.834030   1.676060   1.000000   1.000000   1.000000   1.200000
 -3.059890   5.418070   2.721470   1.000000   1.000000   1.000000   1.200000
  0.933430   5.284380   0.638110   0.000000   0.000000   1.000000   1.540000
  1.128300   4.638200   1.426800   1.000000   1.000000   1.000000   1.200000
  1.773440   5.700880   0.268460   1.000000   1.000000   1.000000   1.200000
  0.272740   5.990490   1.003080   1.000000   1.000000   1.000000   1.200000
  0.406460   4.729020  -0.073780   1.000000   1.000000   1.000000   1.200000
  1.471530   2.365250   4.788290   0.000000   0.000000   1.000000   1.540000
  1.572290   0.690090   3.641550   1.000000   1.000000   1.000000   1.200000
  0.935570   2.905490   4.131830   1.000000   1.000000   1.000000   1.200000
  2.375430   2.777990   4.881750   1.000000   1.000000   1.000000   1.200000
  1.016100   2.395120   5.676070   1.000000   1.000000   1.000000   1.200000
 -3.609500   0.952610   3.726110   0.000000   0.000000   1.000000   1.540000
 -2.087600  -0.137070   3.715550   1.000000   1.000000   1.000000   1.200000
 -3.809300   1.144910   2.763400   1.000000   1.000000   1.000000   1.200000
 -3.204640   1.785690   4.111160   1.000000   1.000000   1.000000   1.200000
 -4.462860   0.753710   4.203120   1.000000   1.000000   1.000000   1.200000
28 bonds follow (x1 y1 z1 x2 y2 z2)
 -3.609500   0.952610   3.726110  -4.462860   0.753710   4.203120
 -3.609500   0.952610   3.726110  -3.204640   1.785690   4.111160
 -3.609500   0.952610   3.726110  -3.809300   1.144910   2.763400
 -1.189710  -0.504250   3.573870  -2.087600  -0.137070   3.715550
  1.471530   2.365250   4.788290   1.016100   2.395120   5.676070
  1.471530   2.365250   4.788290   2.375430   2.777990   4.881750
  1.471530   2.365250   4.788290   0.935570   2.905490   4.131830
  1.228050   0.008020   3.046200   1.572290   0.690090   3.641550
  0.933430   5.284380   0.638110   0.406460   4.729020  -0.073780
  0.933430   5.284380   0.638110   0.272740   5.990490   1.003080
  0.933430   5.284380   0.638110   1.773440   5.700880   0.268460
  0.933430   5.284380   0.638110   1.128300   4.638200   1.426800
 -2.750030   5.727920   1.688590  -3.059890   5.418070   2.721470
 -2.750030   5.727920   1.688590  -2.559230   6.834030   1.676060
 -2.750030   5.727920   1.688590  -3.582840   5.492780   0.974640
 -1.592850   5.078920   1.300720  -2.750030   5.727920   1.688590
 -1.208290   3.400410   1.815440  -1.592850   5.078920   1.300720
 -1.208290   3.400410   1.815440  -0.740340   3.115070   0.509150
 -1.208290   3.400410   1.815440  -2.452370   3.122620   2.353570
 -1.208290   3.400410   1.815440  -0.141480   3.819300   2.665190
 -0.249940   0.164960   2.520330  -0.661770   1.564870   2.249760
 -0.249940   0.164960   2.520330  -1.189710  -0.504250   3.573870
 -0.249940   0.164960   2.520330   1.228050   0.008020   3.046200
 -0.324310  -0.743130   1.221450  -0.249940   0.164960   2.520330
 -0.175550  -0.131540  -0.042780  -0.324310  -0.743130   1.221450
 -0.175550  -0.131540  -0.042780  -1.033670  -0.475210  -0.678570
 -0.175550  -0.131540  -0.042780  -0.185350   0.988160   0.048470
 -0.175550  -0.131540  -0.042780   0.781390  -0.500310  -0.497370
