33 atoms follow (x y z r g b radiusScale)
 -0.003070   0.001700   0.003630   0.000000   1.000000   0.000000   1.850000
  1.116010  -0.000920  -0.005640   1.000000   1.000000   1.000000   1.200000
 -0.403280   1.053160   0.013770   1.000000   1.000000   1.000000   1.200000
 -0.397030  -0.567920  -0.874870   1.000000   1.000000   1.000000   1.200000
 -0.441330  -0.685170   1.157500   1.000000   0.000000   0.000000   1.400000
 -0.332250   0.137070   2.514540   0.500000   0.500000   0.500000   1.900000
  1.151300  -0.074520   2.990250   1.000000   0.000000   0.000000   1.400000
 -1.237500  -0.628730   3.537930   1.000000   0.000000   0.000000   1.400000
 -0.671290   1.574560   2.364640   1.000000   0.000000   0.000000   1.400000
 -1.178100   3.452300   1.964800   1.000000   1.000000   0.000000   1.850000
 -0.002380   3.878060   2.653050   1.000000   0.000000   0.000000   1.400000
 -2.391940   3.103620   2.538060   1.000000   0.000000   0.000000   1.400000
 -0.812070   3.208300   0.605300   1.000000   0.000000   0.000000   1.400000
 -1.603620   5.149550   1.629400   1.000000   0.000000   0.000000   1.400000
 -2.766530   5.564690   1.006830   0.000000   1.000000   0.000000   1.850000
 -2.751570   5.271040  -0.078130   1.000000   1.000000   1.000000   1.200000
 -2.819980   6.683370   1.079260   1.000000   1.000000   1.000000   1.200000
 -3.669480   5.117230   1.496830   1.000000   1.000000   1.000000   1.200000
  0.849530   5.354630   0.502140   0.000000   0.000000   1.000000   1.540000
  0.978600   5.057800   1.497680   1.000000   1.000000   1.000000   1.200000
  0.143550   6.088510   0.506770   1.000000   1.000000   1.000000   1.200000
  0.431360   4.526980   0.016510   1.000000   1.000000   1.000000   1.200000
  1.718620   5.643020   0.077480   1.000000   1.000000   1.000000   1.200000
  1.618680   2.236460   4.686920   0.000000   0.000000   1.000000   1.540000
  1.517180   0.557880   3.629940   1.000000   1.000000   1.000000   1.200000
  1.146180   2.869800   4.065550   1.000000   1.000000   1.000000   1.200000
  2.553510   2.553470   4.830790   1.000000   1.000000   1.000000   1.200000
  1.145520   2.227090   5.565640   1.000000   1.000000   1.000000   1.200000
 -3.603600   0.951290   3.772780   0.000000   0.000000   1.000000   1.540000
 -2.130710  -0.279190   3.727370   1.000000   1.000000   1.000000   1.200000
 -3.819230   1.186470   2.823200   1.000000   1.000000   1.000000   1.200000
 -3.155480   1.753580   4.175700   1.000000   1.000000   1.000000   1.200000
 -4.454330   0.774190   4.263320   1.000000   1.000000   1.000000   1.200000
28 bonds follow (x1 y1 z1 x2 y2 z2)
 -3.603600   0.951290   3.772780  -4.454330   0.774190   4.263320
 -3.603600   0.951290   3.772780  -3.155480   1.753580   4.175700
 -3.603600   0.951290   3.772780  -3.819230   1.186470   2.823200
 -1.237500  -0.628730   3.537930  -2.130710  -0.279190   3.727370
  1.618680   2.236460   4.686920   1.145520   2.227090   5.565640
  1.618680   2.236460   4.686920   2.553510   2.553470   4.830790
  1.618680   2.236460   4.686920   1.146180   2.869800   4.065550
  1.151300  -0.074520   2.990250   1.517180   0.557880   3.629940
  0.849530   5.354630   0.502140   1.718620   5.643020   0.077480
  0.849530   5.354630   0.502140   0.431360   4.526980   0.016510
  0.849530   5.354630   0.502140   0.143550   6.088510   0.506770
  0.849530   5.354630   0.502140   0.978600   5.057800   1.497680
 -2.766530   5.564690   1.006830  -3.669480   5.117230   1.496830
 -2.766530   5.564690   1.006830  -2.819980   6.683370   1.079260
 -2.766530   5.564690   1.006830  -2.751570   5.271040  -0.078130
 -1.603620   5.149550   1.629400  -2.766530   5.564690   1.006830
 -1.178100   3.452300   1.964800  -1.603620   5.149550   1.629400
 -1.178100   3.452300   1.964800  -0.812070   3.208300   0.605300
 -1.178100   3.452300   1.964800  -2.391940   3.103620   2.538060
 -1.178100   3.452300   1.964800  -0.002380   3.878060   2.653050
 -0.332250   0.137070   2.514540  -0.671290   1.574560   2.364640
 -0.332250   0.137070   2.514540  -1.237500  -0.628730   3.537930
 -0.332250   0.137070   2.514540   1.151300  -0.074520   2.990250
 -0.441330  -0.685170   1.157500  -0.332250   0.137070   2.514540
 -0.003070   0.001700   0.003630  -0.441330  -0.685170   1.157500
 -0.003070   0.001700   0.003630  -0.397030  -0.567920  -0.874870
 -0.003070   0.001700   0.003630  -0.403280   1.053160   0.013770
 -0.003070   0.001700   0.003630   1.116010  -0.000920  -0.005640
