33 atoms follow (x y z r g b radiusScale)
 -0.451710  -0.245340  -0.004320   0.000000   1.000000   0.000000   1.850000
  0.469490  -0.395130  -0.627160   1.000000   1.000000   1.000000   1.200000
 -0.705350   0.846530   0.069140   1.000000   1.000000   1.000000   1.200000
 -1.296520  -0.818960  -0.468240   1.000000   1.000000   1.000000   1.200000
 -0.213410  -0.797160   1.271520   1.000000   0.000000   0.000000   1.400000
 -0.211620   0.170120   2.537280   0.500000   0.500000   0.500000   1.900000
  1.232220   0.032790   3.141850   1.000000   0.000000   0.000000   1.400000
 -1.138500  -0.603360   3.533100   1.000000   0.000000   0.000000   1.400000
 -0.662690   1.545380   2.219920   1.000000   0.000000   0.000000   1.400000
 -1.187450   3.421500   1.766560   1.000000   1.000000   0.000000   1.850000
 -0.117840   3.850220   2.595930   1.000000   0.000000   0.000000   1.400000
 -2.454910   3.058320   2.204550   1.000000   0.000000   0.000000   1.400000
 -0.705000   3.190140   0.443060   1.000000   0.000000   0.000000   1.400000
 -1.608330   5.106360   1.386670   1.000000   0.000000   0.000000   1.400000
 -2.673520   5.778560   1.954210   0.000000   1.000000   0.000000   1.850000
 -3.641380   5.419760   1.517390   1.000000   1.000000   1.000000   1.200000
 -2.550580   6.872610   1.737240   1.000000   1.000000   1.000000   1.200000
 -2.697550   5.623980   3.065020   1.000000   1.000000   1.000000   1.200000
  0.942510   5.290580   0.552140   0.000000   0.000000   1.000000   1.540000
  1.421620   4.625250   1.180420   1.000000   1.000000   1.000000   1.200000
  1.584450   5.832110  -0.005000   1.000000   1.000000   1.000000   1.200000
  0.336410   5.878450   1.144960   1.000000   1.000000   1.000000   1.200000
  0.289900   4.730830  -0.035520   1.000000   1.000000   1.000000   1.200000
  1.315940   2.461920   4.851360   0.000000   0.000000   1.000000   1.540000
  1.477880   0.628640   3.862590   1.000000   1.000000   1.000000   1.200000
  0.882900   3.086970   4.196220   1.000000   1.000000   1.000000   1.200000
  2.220310   2.809250   5.089710   1.000000   1.000000   1.000000   1.200000
  0.762000   2.421120   5.680710   1.000000   1.000000   1.000000   1.200000
 -3.572620   0.951470   3.635900   0.000000   0.000000   1.000000   1.540000
 -2.056180  -0.292540   3.641080   1.000000   1.000000   1.000000   1.200000
 -3.732490   1.268510   2.698140   1.000000   1.000000   1.000000   1.200000
 -3.272040   1.743900   4.167570   1.000000   1.000000   1.000000   1.200000
 -4.426580   0.605740   4.019270   1.000000   1.000000   1.000000   1.200000
28 bonds follow (x1 y1 z1 x2 y2 z2)
 -3.572620   0.951470   3.635900  -4.426580   0.605740   4.019270
 -3.572620   0.951470   3.635900  -3.272040   1.743900   4.167570
 -3.572620   0.951470   3.635900  -3.732490   1.268510   2.698140
 -1.138500  -0.603360   3.533100  -2.056180  -0.292540   3.641080
  1.315940   2.461920   4.851360   0.762000   2.421120   5.680710
  1.315940   2.461920   4.851360   2.220310   2.809250   5.089710
  1.315940   2.461920   4.851360   0.882900   3.086970   4.196220
  1.232220   0.032790   3.141850   1.477880   0.628640   3.862590
  0.942510   5.290580   0.552140   0.289900   4.730830  -0.035520
  0.942510   5.290580   0.552140   0.336410   5.878450   1.144960
  0.942510   5.290580   0.552140   1.584450   5.832110  -0.005000
  0.942510   5.290580   0.552140   1.421620   4.625250   1.180420
 -2.673520   5.778560   1.954210  -2.697550   5.623980   3.065020
 -2.673520   5.778560   1.954210  -2.550580   6.872610   1.737240
 -2.673520   5.778560   1.954210  -3.641380   5.419760   1.517390
 -1.608330   5.106360   1.386670  -2.673520   5.778560   1.954210
 -1.187450   3.421500   1.766560  -1.608330   5.106360   1.386670
 -1.187450   3.421500   1.766560  -0.705000   3.190140   0.443060
 -1.187450   3.421500   1.766560  -2.454910   3.058320   2.204550
 -1.187450   3.421500   1.766560  -0.117840   3.850220   2.595930
 -0.211620   0.170120   2.537280  -0.662690   1.545380   2.219920
 -0.211620   0.170120   2.537280  -1.138500  -0.603360   3.533100
 -0.211620   0.170120   2.537280   1.232220   0.032790   3.141850
 -0.213410  -0.797160   1.271520  -0.211620   0.170120   2.537280
 -0.451710  -0.245340  -0.004320  -0.213410  -0.797160   1.271520
 -0.451710  -0.245340  -0.004320  -1.296520  -0.818960  -0.468240
 -0.451710  -0.245340  -0.004320  -0.705350   0.846530   0.069140
 -0.451710  -0.245340  -0.004320   0.469490  -0.395130  -0.627160
