33 atoms follow (x y z r g b radiusScale)
 -0.245580  -0.177780  -0.037310   0.000000   1.000000   0.000000   1.850000
  0.711960  -0.454440  -0.552230   1.000000   1.000000   1.000000   1.200000
 -0.347380   0.936700   0.065130   1.000000   1.000000   1.000000   1.200000
 -1.106660  -0.589600  -0.626810   1.000000   1.000000   1.000000   1.200000
 -0.262420  -0.803650   1.229700   1.000000   0.000000   0.000000   1.400000
 -0.224520   0.151130   2.502470   0.500000   0.500000   0.500000   1.900000
  1.278820   0.129750   2.959730   1.000000   0.000000   0.000000   1.400000
 -1.079410  -0.582990   3.583690   1.000000   0.000000   0.000000   1.400000
 -0.703450   1.532770   2.248250   1.000000   0.000000   0.000000   1.400000
 -1.125280   3.418990   1.915640   1.000000   1.000000   0.000000   1.850000
  0.110070   3.754090   2.540210   1.000000   0.000000   0.000000   1.400000
 -2.297070   3.206020   2.624350   1.000000   0.000000   0.000000   1.400000
 -0.950040   3.136620   0.530360   1.000000   0.000000   0.000000   1.400000
 -1.468170   5.128350   1.565670   1.000000   0.000000   0.000000   1.400000
 -2.651790   5.780750   1.849520   0.000000   1.000000   0.000000   1.850000
 -3.056710   5.472100   2.847740   1.000000   1.000000   1.000000   1.200000
 -3.416960   5.558630   1.059410   1.000000   1.000000   1.000000   1.200000
 -2.444790   6.884150   1.856310   1.000000   1.000000   1.000000   1.200000
  0.817430   5.155450   0.270680   0.000000   0.000000   1.000000   1.540000
  1.120340   4.899690   1.233850   1.000000   1.000000   1.000000   1.200000
  1.577790   5.517270  -0.279060   1.000000   1.000000   1.000000   1.200000
  0.037390   5.836650   0.374430   1.000000   1.000000   1.000000   1.200000
  0.398360   4.306170  -0.147450   1.000000   1.000000   1.000000   1.200000
  0.969380   2.507290   4.898340   0.000000   0.000000   1.000000   1.540000
  1.572280   0.794870   3.590050   1.000000   1.000000   1.000000   1.200000
  1.341880   3.068280   4.153940   1.000000   1.000000   1.000000   1.200000
  1.309450   2.864500   5.766600   1.000000   1.000000   1.000000   1.200000
 -0.025590   2.618730   4.882750   1.000000   1.000000   1.000000   1.200000
 -3.669410   0.892990   3.389500   0.000000   0.000000   1.000000   1.540000
 -2.011280  -0.322680   3.679900   1.000000   1.000000   1.000000   1.200000
 -3.557720   1.262950   2.464270   1.000000   1.000000   1.000000   1.200000
 -3.519950   1.654750   4.023130   1.000000   1.000000   1.000000   1.200000
 -4.606650   0.564680   3.494080   1.000000   1.000000   1.000000   1.200000
28 bonds follow (x1 y1 z1 x2 y2 z2)
 -3.669410   0.892990   3.389500  -4.606650   0.564680   3.494080
 -3.669410   0.892990   3.389500  -3.519950   1.654750   4.023130
 -3.669410   0.892990   3.389500  -3.557720   1.262950   2.464270
 -1.079410  -0.582990   3.583690  -2.011280  -0.322680   3.679900
  0.969380   2.507290   4.898340  -0.025590   2.618730   4.882750
  0.969380   2.507290   4.898340   1.309450   2.864500   5.766600
  0.969380   2.507290   4.898340   1.341880   3.068280   4.153940
  1.278820   0.129750   2.959730   1.572280   0.794870   3.590050
  0.817430   5.155450   0.270680   0.398360   4.306170  -0.147450
  0.817430   5.155450   0.270680   0.037390   5.836650   0.374430
  0.817430   5.155450   0.270680   1.577790   5.517270  -0.279060
  0.817430   5.155450   0.270680   1.120340   4.899690   1.233850
 -2.651790   5.780750   1.849520  -2.444790   6.884150   1.856310
 -2.651790   5.780750   1.849520  -3.416960   5.558630   1.059410
 -2.651790   5.780750   1.849520  -3.056710   5.472100   2.847740
 -1.468170   5.128350   1.565670  -2.651790   5.780750   1.849520
 -1.125280   3.418990   1.915640  -1.468170   5.128350   1.565670
 -1.125280   3.418990   1.915640  -0.950040   3.136620   0.530360
 -1.125280   3.418990   1.915640  -2.297070   3.206020   2.624350
 -1.125280   3.418990   1.915640   0.110070   3.754090   2.540210
 -0.224520   0.151130   2.502470  -0.703450   1.532770   2.248250
 -0.224520   0.151130   2.502470  -1.079410  -0.582990   3.583690
 -0.224520   0.151130   2.502470   1.278820   0.129750   2.959730
 -0.262420  -0.803650   1.229700  -0.224520   0.151130   2.502470
 -0.245580  -0.177780  -0.037310  -0.262420  -0.803650   1.229700
 -0.245580  -0.177780  -0.037310  -1.106660  -0.589600  -0.626810
 -0.245580  -0.177780  -0.037310  -0.347380   0.936700   0.065130
 -0.245580  -0.177780  -0.037310   0.711960  -0.454440  -0.552230
