33 atoms follow (x y z r g b radiusScale)
  0.035810  -0.062270   0.034540   0.000000   1.000000   0.000000   1.850000
  1.153350  -0.016670   0.055320   1.000000   1.000000   1.000000   1.200000
 -0.412000   0.968870   0.040130   1.000000   1.000000   1.000000   1.200000
 -0.316550  -0.642320  -0.854480   1.000000   1.000000   1.000000   1.200000
 -0.401860  -0.773180   1.179570   1.000000   0.000000   0.000000   1.400000
 -0.312600   0.029980   2.540300   0.500000   0.500000   0.500000   1.900000
  1.160590  -0.126260   3.025590   1.000000   0.000000   0.000000   1.400000
 -1.241720  -0.703980   3.550940   1.000000   0.000000   0.000000   1.400000
 -0.711230   1.475080   2.370250   1.000000   0.000000   0.000000   1.400000
 -1.100830   3.226540   2.032110   1.000000   1.000000   0.000000   1.850000
 -0.104110   3.806600   2.787680   1.000000   0.000000   0.000000   1.400000
 -2.360770   3.126190   2.535170   1.000000   0.000000   0.000000   1.400000
 -0.944140   3.194150   0.666110   1.000000   0.000000   0.000000   1.400000
 -2.001030   5.754760   1.682900   1.000000   0.000000   0.000000   1.400000
 -3.113720   5.850990   0.835140   0.000000   1.000000   0.000000   1.850000
 -2.808450   5.668950  -0.226220   1.000000   1.000000   1.000000   1.200000
 -3.569950   6.871040   0.918270   1.000000   1.000000   1.000000   1.200000
 -3.867960   5.087400   1.156110   1.000000   1.000000   1.000000   1.200000
  1.543420   5.664930   0.121310   0.000000   0.000000   1.000000   1.540000
  1.404670   5.733320   1.112920   1.000000   1.000000   1.000000   1.200000
 -1.302530   6.401700   1.470370   1.000000   1.000000   1.000000   1.200000
  0.639380   5.563990  -0.302090   1.000000   1.000000   1.000000   1.200000
  2.055900   4.818200  -0.054270   1.000000   1.000000   1.000000   1.200000
  1.673960   2.162740   4.648540   0.000000   0.000000   1.000000   1.540000
  1.519200   0.492390   3.693600   1.000000   1.000000   1.000000   1.200000
  1.339680   2.896390   4.049950   1.000000   1.000000   1.000000   1.200000
  2.626940   2.343750   4.885780   1.000000   1.000000   1.000000   1.200000
  1.132050   2.158140   5.487670   1.000000   1.000000   1.000000   1.200000
 -3.555460   0.937110   3.762720   0.000000   0.000000   1.000000   1.540000
 -2.138310  -0.351150   3.745720   1.000000   1.000000   1.000000   1.200000
 -3.773850   1.164480   2.811950   1.000000   1.000000   1.000000   1.200000
 -3.148770   1.756110   4.174670   1.000000   1.000000   1.000000   1.200000
 -4.401240   0.716400   4.244920   1.000000   1.000000   1.000000   1.200000
28 bonds follow (x1 y1 z1 x2 y2 z2)
 -3.555460   0.937110   3.762720  -4.401240   0.716400   4.244920
 -3.555460   0.937110   3.762720  -3.148770   1.756110   4.174670
 -3.555460   0.937110   3.762720  -3.773850   1.164480   2.811950
 -1.241720  -0.703980   3.550940  -2.138310  -0.351150   3.745720
  1.673960   2.162740   4.648540   1.132050   2.158140   5.487670
  1.673960   2.162740   4.648540   2.626940   2.343750   4.885780
  1.673960   2.162740   4.648540   1.339680   2.896390   4.049950
  1.160590  -0.126260   3.025590   1.519200   0.492390   3.693600
  1.543420   5.664930   0.121310   2.055900   4.818200  -0.054270
  1.543420   5.664930   0.121310   0.639380   5.563990  -0.302090
 -2.001030   5.754760   1.682900  -1.302530   6.401700   1.470370
  1.543420   5.664930   0.121310   1.404670   5.733320   1.112920
 -3.113720   5.850990   0.835140  -3.867960   5.087400   1.156110
 -3.113720   5.850990   0.835140  -3.569950   6.871040   0.918270
 -3.113720   5.850990   0.835140  -2.808450   5.668950  -0.226220
 -2.001030   5.754760   1.682900  -3.113720   5.850990   0.835140
 -1.100830   3.226540   2.032110  -0.944140   3.194150   0.666110
 -1.100830   3.226540   2.032110  -2.360770   3.126190   2.535170
 -1.100830   3.226540   2.032110  -0.104110   3.806600   2.787680
 -0.711230   1.475080   2.370250  -1.100830   3.226540   2.032110
 -0.312600   0.029980   2.540300  -0.711230   1.475080   2.370250
 -0.312600   0.029980   2.540300  -1.241720  -0.703980   3.550940
 -0.312600   0.029980   2.540300   1.160590  -0.126260   3.025590
 -0.401860  -0.773180   1.179570  -0.312600   0.029980   2.540300
  0.035810  -0.062270   0.034540  -0.401860  -0.773180   1.179570
  0.035810  -0.062270   0.034540  -0.316550  -0.642320  -0.854480
  0.035810  -0.062270   0.034540  -0.412000   0.968870   0.040130
  0.035810  -0.062270   0.034540   1.153350  -0.016670   0.055320
