33 atoms follow (x y z r g b radiusScale)
 -0.345500  -0.072900  -0.058710   0.000000   1.000000   0.000000   1.850000
  0.603470  -0.297260  -0.613010   1.000000   1.000000   1.000000   1.200000
 -0.496120   1.033500   0.067830   1.000000   1.000000   1.000000   1.200000
 -1.206300  -0.520410  -0.621490   1.000000   1.000000   1.000000   1.200000
 -0.287390  -0.720540   1.196600   1.000000   0.000000   0.000000   1.400000
 -0.183390   0.165100   2.515420   0.500000   0.500000   0.500000   1.900000
  1.295250   0.005250   3.051930   1.000000   0.000000   0.000000   1.400000
 -1.009140  -0.605370   3.602450   1.000000   0.000000   0.000000   1.400000
 -0.683450   1.538030   2.296380   1.000000   0.000000   0.000000   1.400000
 -1.170230   3.428490   1.872930   1.000000   1.000000   0.000000   1.850000
  0.056850   3.805630   2.489490   1.000000   0.000000   0.000000   1.400000
 -2.345880   3.186800   2.572310   1.000000   0.000000   0.000000   1.400000
 -0.965720   3.105380   0.504160   1.000000   0.000000   0.000000   1.400000
 -1.504820   5.114750   1.431700   1.000000   0.000000   0.000000   1.400000
 -2.568020   5.885630   1.850850   0.000000   1.000000   0.000000   1.850000
 -3.062810   5.442390   2.753390   1.000000   1.000000   1.000000   1.200000
 -3.320440   5.971450   1.022370   1.000000   1.000000   1.000000   1.200000
 -2.187010   6.912120   2.101620   1.000000   1.000000   1.000000   1.200000
  0.863840   5.146430   0.304650   0.000000   0.000000   1.000000   1.540000
  1.368090   4.414760   0.817100   1.000000   1.000000   1.000000   1.200000
  1.468240   5.687660  -0.295610   1.000000   1.000000   1.000000   1.200000
  0.387570   5.727160   1.022810   1.000000   1.000000   1.000000   1.200000
  0.095170   4.678610  -0.208960   1.000000   1.000000   1.000000   1.200000
  1.012320   2.520650   5.015900   0.000000   0.000000   1.000000   1.540000
  1.474880   0.312360   3.943890   1.000000   1.000000   1.000000   1.200000
  1.136320   2.953600   4.118320   1.000000   1.000000   1.000000   1.200000
  1.647340   2.942370   5.661610   1.000000   1.000000   1.000000   1.200000
  0.080480   2.714010   5.322570   1.000000   1.000000   1.000000   1.200000
 -3.685600   0.755460   3.416770   0.000000   0.000000   1.000000   1.540000
 -1.971790  -0.570740   3.589850   1.000000   1.000000   1.000000   1.200000
 -3.566420   1.090020   2.478820   1.000000   1.000000   1.000000   1.200000
 -3.318790   1.467080   4.021020   1.000000   1.000000   1.000000   1.200000
 -4.665510   0.668590   3.591640   1.000000   1.000000   1.000000   1.200000
28 bonds follow (x1 y1 z1 x2 y2 z2)
 -3.685600   0.755460   3.416770  -4.665510   0.668590   3.591640
 -3.685600   0.755460   3.416770  -3.318790   1.467080   4.021020
 -3.685600   0.755460   3.416770  -3.566420   1.090020   2.478820
 -1.009140  -0.605370   3.602450  -1.971790  -0.570740   3.589850
  1.012320   2.520650   5.015900   0.080480   2.714010   5.322570
  1.012320   2.520650   5.015900   1.647340   2.942370   5.661610
  1.012320   2.520650   5.015900   1.136320   2.953600   4.118320
  1.295250   0.005250   3.051930   1.474880   0.312360   3.943890
  0.863840   5.146430   0.304650   0.095170   4.678610  -0.208960
  0.863840   5.146430   0.304650   0.387570   5.727160   1.022810
  0.863840   5.146430   0.304650   1.468240   5.687660  -0.295610
  0.863840   5.146430   0.304650   1.368090   4.414760   0.817100
 -2.568020   5.885630   1.850850  -2.187010   6.912120   2.101620
 -2.568020   5.885630   1.850850  -3.320440   5.971450   1.022370
 -2.568020   5.885630   1.850850  -3.062810   5.442390   2.753390
 -1.504820   5.114750   1.431700  -2.568020   5.885630   1.850850
 -1.170230   3.428490   1.872930  -1.504820   5.114750   1.431700
 -1.170230   3.428490   1.872930  -0.965720   3.105380   0.504160
 -1.170230   3.428490   1.872930  -2.345880   3.186800   2.572310
 -1.170230   3.428490   1.872930   0.056850   3.805630   2.489490
 -0.183390   0.165100   2.515420  -0.683450   1.538030   2.296380
 -0.183390   0.165100   2.515420  -1.009140  -0.605370   3.602450
 -0.183390   0.165100   2.515420   1.295250   0.005250   3.051930
 -0.287390  -0.720540   1.196600  -0.183390   0.165100   2.515420
 -0.345500  -0.072900  -0.058710  -0.287390  -0.720540   1.196600
 -0.345500  -0.072900  -0.058710  -1.206300  -0.520410  -0.621490
 -0.345500  -0.072900  -0.058710  -0.496120   1.033500   0.067830
 -0.345500  -0.072900  -0.058710   0.603470  -0.297260  -0.613010
