33 atoms follow (x y z r g b radiusScale)
 -0.016970   0.009470  -0.019880   0.000000   1.000000   0.000000   1.850000
  1.101650  -0.017160  -0.040220   1.000000   1.000000   1.000000   1.200000
 -0.396570   1.068630  -0.013860   1.000000   1.000000   1.000000   1.200000
 -0.431510  -0.560760  -0.888550   1.000000   1.000000   1.000000   1.200000
 -0.457610  -0.658570   1.144100   1.000000   0.000000   0.000000   1.400000
 -0.310580   0.158110   2.499040   0.500000   0.500000   0.500000   1.900000
  1.162830  -0.094310   2.989000   1.000000   0.000000   0.000000   1.400000
 -1.226340  -0.594660   3.520960   1.000000   0.000000   0.000000   1.400000
 -0.601300   1.606310   2.341260   1.000000   0.000000   0.000000   1.400000
 -1.204180   3.448760   1.969460   1.000000   1.000000   0.000000   1.850000
 -0.069220   3.890070   2.701820   1.000000   0.000000   0.000000   1.400000
 -2.435770   3.162720   2.553400   1.000000   0.000000   0.000000   1.400000
 -0.860830   3.168930   0.614890   1.000000   0.000000   0.000000   1.400000
 -1.532930   5.144370   1.486140   1.000000   0.000000   0.000000   1.400000
 -2.827170   5.469520   1.125570   0.000000   1.000000   0.000000   1.850000
 -3.003010   5.211750   0.046220   1.000000   1.000000   1.000000   1.200000
 -2.977850   6.571240   1.265730   1.000000   1.000000   1.000000   1.200000
 -3.576610   4.921460   1.755950   1.000000   1.000000   1.000000   1.200000
  0.985660   5.305340   0.523750   0.000000   0.000000   1.000000   1.540000
  0.847490   5.195640   1.555320   1.000000   1.000000   1.000000   1.200000
  0.781920   6.257210   0.263830   1.000000   1.000000   1.000000   1.200000
  0.259660   4.673670   0.100470   1.000000   1.000000   1.000000   1.200000
  1.916910   5.029930   0.246600   1.000000   1.000000   1.000000   1.200000
  1.594000   2.270960   4.690230   0.000000   0.000000   1.000000   1.540000
  1.536120   0.534400   3.625410   1.000000   1.000000   1.000000   1.200000
  1.097710   2.882450   4.065650   1.000000   1.000000   1.000000   1.200000
  2.525070   2.609690   4.807950   1.000000   1.000000   1.000000   1.200000
  1.139640   2.275910   5.578960   1.000000   1.000000   1.000000   1.200000
 -3.625170   0.927080   3.787750   0.000000   0.000000   1.000000   1.540000
 -2.129040  -0.259200   3.689430   1.000000   1.000000   1.000000   1.200000
 -3.869380   1.204020   2.856790   1.000000   1.000000   1.000000   1.200000
 -3.220640   1.728520   4.234420   1.000000   1.000000   1.000000   1.200000
 -4.453230   0.661970   4.277470   1.000000   1.000000   1.000000   1.200000
28 bonds follow (x1 y1 z1 x2 y2 z2)
 -3.625170   0.927080   3.787750  -4.453230   0.661970   4.277470
 -3.625170   0.927080   3.787750  -3.220640   1.728520   4.234420
 -3.625170   0.927080   3.787750  -3.869380   1.204020   2.856790
 -1.226340  -0.594660   3.520960  -2.129040  -0.259200   3.689430
  1.594000   2.270960   4.690230   1.139640   2.275910   5.578960
  1.594000   2.270960   4.690230   2.525070   2.609690   4.807950
  1.594000   2.270960   4.690230   1.097710   2.882450   4.065650
  1.162830  -0.094310   2.989000   1.536120   0.534400   3.625410
  0.985660   5.305340   0.523750   1.916910   5.029930   0.246600
  0.985660   5.305340   0.523750   0.259660   4.673670   0.100470
  0.985660   5.305340   0.523750   0.781920   6.257210   0.263830
  0.985660   5.305340   0.523750   0.847490   5.195640   1.555320
 -2.827170   5.469520   1.125570  -3.576610   4.921460   1.755950
 -2.827170   5.469520   1.125570  -2.977850   6.571240   1.265730
 -2.827170   5.469520   1.125570  -3.003010   5.211750   0.046220
 -1.532930   5.144370   1.486140  -2.827170   5.469520   1.125570
 -1.204180   3.448760   1.969460  -1.532930   5.144370   1.486140
 -1.204180   3.448760   1.969460  -0.860830   3.168930   0.614890
 -1.204180   3.448760   1.969460  -2.435770   3.162720   2.553400
 -1.204180   3.448760   1.969460  -0.069220   3.890070   2.701820
 -0.310580   0.158110   2.499040  -0.601300   1.606310   2.341260
 -0.310580   0.158110   2.499040  -1.226340  -0.594660   3.520960
 -0.310580   0.158110   2.499040   1.162830  -0.094310   2.989000
 -0.457610  -0.658570   1.144100  -0.310580   0.158110   2.499040
 -0.016970   0.009470  -0.019880  -0.457610  -0.658570   1.144100
 -0.016970   0.009470  -0.019880  -0.431510  -0.560760  -0.888550
 -0.016970   0.009470  -0.019880  -0.396570   1.068630  -0.013860
 -0.016970   0.009470  -0.019880   1.101650  -0.017160  -0.040220
