33 atoms follow (x y z r g b radiusScale)
 -0.127390  -0.104480  -0.022170   0.000000   1.000000   0.000000   1.850000
  0.865810  -0.441620  -0.418700   1.000000   1.000000   1.000000   1.200000
 -0.164550   1.012960   0.100140   1.000000   1.000000   1.000000   1.200000
 -0.932320  -0.440850  -0.726860   1.000000   1.000000   1.000000   1.200000
 -0.359040  -0.752420   1.212500   1.000000   0.000000   0.000000   1.400000
 -0.282800   0.142820   2.527320   0.500000   0.500000   0.500000   1.900000
  1.207220   0.010410   3.013980   1.000000   0.000000   0.000000   1.400000
 -1.180680  -0.589770   3.583440   1.000000   0.000000   0.000000   1.400000
 -0.656020   1.561310   2.311610   1.000000   0.000000   0.000000   1.400000
 -1.215380   3.422420   1.842130   1.000000   1.000000   0.000000   1.850000
 -0.155600   3.895970   2.669150   1.000000   0.000000   0.000000   1.400000
 -2.472830   3.086240   2.324840   1.000000   0.000000   0.000000   1.400000
 -0.754550   3.146000   0.528230   1.000000   0.000000   0.000000   1.400000
 -1.563840   5.102800   1.363230   1.000000   0.000000   0.000000   1.400000
 -2.766710   5.722760   1.622060   0.000000   1.000000   0.000000   1.850000
 -3.515530   5.460570   0.828200   1.000000   1.000000   1.000000   1.200000
 -2.604910   6.833080   1.619530   1.000000   1.000000   1.000000   1.200000
 -3.172660   5.409960   2.620240   1.000000   1.000000   1.000000   1.200000
  0.950600   5.292050   0.569780   0.000000   0.000000   1.000000   1.540000
  1.064950   4.942330   1.540840   1.000000   1.000000   1.000000   1.200000
  1.744540   5.824070   0.254740   1.000000   1.000000   1.000000   1.200000
  0.084460   5.854240   0.575890   1.000000   1.000000   1.000000   1.200000
  0.755430   4.461460  -0.021500   1.000000   1.000000   1.000000   1.200000
  1.492080   2.346640   4.764940   0.000000   0.000000   1.000000   1.540000
  1.485610   0.530230   3.780050   1.000000   1.000000   1.000000   1.200000
  0.993190   2.987310   4.173260   1.000000   1.000000   1.000000   1.200000
  2.435730   2.652780   4.867450   1.000000   1.000000   1.000000   1.200000
  1.062480   2.324780   5.665230   1.000000   1.000000   1.000000   1.200000
 -3.546210   0.964400   3.708670   0.000000   0.000000   1.000000   1.540000
 -2.079220  -0.237800   3.753010   1.000000   1.000000   1.000000   1.200000
 -3.778370   1.096560   2.743180   1.000000   1.000000   1.000000   1.200000
 -3.172850   1.834310   4.040580   1.000000   1.000000   1.000000   1.200000
 -4.378150   0.750050   4.216110   1.000000   1.000000   1.000000   1.200000
28 bonds follow (x1 y1 z1 x2 y2 z2)
 -3.546210   0.964400   3.708670  -4.378150   0.750050   4.216110
 -3.546210   0.964400   3.708670  -3.172850   1.834310   4.040580
 -3.546210   0.964400   3.708670  -3.778370   1.096560   2.743180
 -1.180680  -0.589770   3.583440  -2.079220  -0.237800   3.753010
  1.492080   2.346640   4.764940   1.062480   2.324780   5.665230
  1.492080   2.346640   4.764940   2.435730   2.652780   4.867450
  1.492080   2.346640   4.764940   0.993190   2.987310   4.173260
  1.207220   0.010410   3.013980   1.485610   0.530230   3.780050
  0.950600   5.292050   0.569780   0.755430   4.461460  -0.021500
  0.950600   5.292050   0.569780   0.084460   5.854240   0.575890
  0.950600   5.292050   0.569780   1.744540   5.824070   0.254740
  0.950600   5.292050   0.569780   1.064950   4.942330   1.540840
 -2.766710   5.722760   1.622060  -3.172660   5.409960   2.620240
 -2.766710   5.722760   1.622060  -2.604910   6.833080   1.619530
 -2.766710   5.722760   1.622060  -3.515530   5.460570   0.828200
 -1.563840   5.102800   1.363230  -2.766710   5.722760   1.622060
 -1.215380   3.422420   1.842130  -1.563840   5.102800   1.363230
 -1.215380   3.422420   1.842130  -0.754550   3.146000   0.528230
 -1.215380   3.422420   1.842130  -2.472830   3.086240   2.324840
 -1.215380   3.422420   1.842130  -0.155600   3.895970   2.669150
 -0.282800   0.142820   2.527320  -0.656020   1.561310   2.311610
 -0.282800   0.142820   2.527320  -1.180680  -0.589770   3.583440
 -0.282800   0.142820   2.527320   1.207220   0.010410   3.013980
 -0.359040  -0.752420   1.212500  -0.282800   0.142820   2.527320
 -0.127390  -0.104480  -0.022170  -0.359040  -0.752420   1.212500
 -0.127390  -0.104480  -0.022170  -0.932320  -0.440850  -0.726860
 -0.127390  -0.104480  -0.022170  -0.164550   1.012960   0.100140
 -0.127390  -0.104480  -0.022170   0.865810  -0.441620  -0.418700
