33 atoms follow (x y z r g b radiusScale)
 -0.056140   0.014760   0.004460   0.000000   1.000000   0.000000   1.850000
  1.042410  -0.139590  -0.148440   1.000000   1.000000   1.000000   1.200000
 -0.308300   1.106730   0.097420   1.000000   1.000000   1.000000   1.200000
 -0.621600  -0.442280  -0.846980   1.000000   1.000000   1.000000   1.200000
 -0.450100  -0.678850   1.169810   1.000000   0.000000   0.000000   1.400000
 -0.298370   0.130780   2.528940   0.500000   0.500000   0.500000   1.900000
  1.203090  -0.053440   2.970000   1.000000   0.000000   0.000000   1.400000
 -1.171760  -0.693350   3.537440   1.000000   0.000000   0.000000   1.400000
 -0.687910   1.559000   2.416050   1.000000   0.000000   0.000000   1.400000
 -1.184740   3.439530   1.917210   1.000000   1.000000   0.000000   1.850000
 -0.139220   3.927540   2.738600   1.000000   0.000000   0.000000   1.400000
 -2.449310   3.134040   2.383190   1.000000   0.000000   0.000000   1.400000
 -0.744330   3.126700   0.606050   1.000000   0.000000   0.000000   1.400000
 -1.526130   5.132890   1.390480   1.000000   0.000000   0.000000   1.400000
 -2.802100   5.657040   1.358860   0.000000   1.000000   0.000000   1.850000
 -3.310490   5.379830   0.396800   1.000000   1.000000   1.000000   1.200000
 -2.734040   6.774950   1.424160   1.000000   1.000000   1.000000   1.200000
 -3.414690   5.274250   2.216970   1.000000   1.000000   1.000000   1.200000
  0.906760   5.299530   0.483410   0.000000   0.000000   1.000000   1.540000
  0.616940   5.459520   1.475340   1.000000   1.000000   1.000000   1.200000
  1.430150   6.074500   0.112050   1.000000   1.000000   1.000000   1.200000
  0.012100   5.139730  -0.029680   1.000000   1.000000   1.000000   1.200000
  1.435400   4.433840   0.449560   1.000000   1.000000   1.000000   1.200000
  1.540900   2.303630   4.702490   0.000000   0.000000   1.000000   1.540000
  1.570070   0.599770   3.585760   1.000000   1.000000   1.000000   1.200000
  1.009930   2.921120   4.113500   1.000000   1.000000   1.000000   1.200000
  2.449810   2.689880   4.844760   1.000000   1.000000   1.000000   1.200000
  1.086090   2.229300   5.588120   1.000000   1.000000   1.000000   1.200000
 -3.590750   0.949650   3.751670   0.000000   0.000000   1.000000   1.540000
 -2.070010  -0.372650   3.729460   1.000000   1.000000   1.000000   1.200000
 -3.839670   1.169750   2.806670   1.000000   1.000000   1.000000   1.200000
 -3.130080   1.758680   4.124490   1.000000   1.000000   1.000000   1.200000
 -4.424300   0.781810   4.274630   1.000000   1.000000   1.000000   1.200000
28 bonds follow (x1 y1 z1 x2 y2 z2)
 -3.590750   0.949650   3.751670  -4.424300   0.781810   4.274630
 -3.590750   0.949650   3.751670  -3.130080   1.758680   4.124490
 -3.590750   0.949650   3.751670  -3.839670   1.169750   2.806670
 -1.171760  -0.693350   3.537440  -2.070010  -0.372650   3.729460
  1.540900   2.303630   4.702490   1.086090   2.229300   5.588120
  1.540900   2.303630   4.702490   2.449810   2.689880   4.844760
  1.540900   2.303630   4.702490   1.009930   2.921120   4.113500
  1.203090  -0.053440   2.970000   1.570070   0.599770   3.585760
  0.906760   5.299530   0.483410   1.435400   4.433840   0.449560
  0.906760   5.299530   0.483410   0.012100   5.139730  -0.029680
  0.906760   5.299530   0.483410   1.430150   6.074500   0.112050
  0.906760   5.299530   0.483410   0.616940   5.459520   1.475340
 -2.802100   5.657040   1.358860  -3.414690   5.274250   2.216970
 -2.802100   5.657040   1.358860  -2.734040   6.774950   1.424160
 -2.802100   5.657040   1.358860  -3.310490   5.379830   0.396800
 -1.526130   5.132890   1.390480  -2.802100   5.657040   1.358860
 -1.184740   3.439530   1.917210  -1.526130   5.132890   1.390480
 -1.184740   3.439530   1.917210  -0.744330   3.126700   0.606050
 -1.184740   3.439530   1.917210  -2.449310   3.134040   2.383190
 -1.184740   3.439530   1.917210  -0.139220   3.927540   2.738600
 -0.298370   0.130780   2.528940  -0.687910   1.559000   2.416050
 -0.298370   0.130780   2.528940  -1.171760  -0.693350   3.537440
 -0.298370   0.130780   2.528940   1.203090  -0.053440   2.970000
 -0.450100  -0.678850   1.169810  -0.298370   0.130780   2.528940
 -0.056140   0.014760   0.004460  -0.450100  -0.678850   1.169810
 -0.056140   0.014760   0.004460  -0.621600  -0.442280  -0.846980
 -0.056140   0.014760   0.004460  -0.308300   1.106730   0.097420
 -0.056140   0.014760   0.004460   1.042410  -0.139590  -0.148440
