33 atoms follow (x y z r g b radiusScale)
 -0.242140  -0.184840  -0.037080   0.000000   1.000000   0.000000   1.850000
  0.722890  -0.456750  -0.539010   1.000000   1.000000   1.000000   1.200000
 -0.355880   0.930810   0.058880   1.000000   1.000000   1.000000   1.200000
 -1.092560  -0.608210  -0.633410   1.000000   1.000000   1.000000   1.200000
 -0.268980  -0.805460   1.231580   1.000000   0.000000   0.000000   1.400000
 -0.220100   0.149560   2.501360   0.500000   0.500000   0.500000   1.900000
  1.287060   0.128450   2.962000   1.000000   0.000000   0.000000   1.400000
 -1.089920  -0.579560   3.578420   1.000000   0.000000   0.000000   1.400000
 -0.710560   1.527120   2.243000   1.000000   0.000000   0.000000   1.400000
 -1.125180   3.419700   1.920490   1.000000   1.000000   0.000000   1.850000
  0.111500   3.751890   2.543770   1.000000   0.000000   0.000000   1.400000
 -2.297380   3.214700   2.627270   1.000000   0.000000   0.000000   1.400000
 -0.946670   3.138050   0.535160   1.000000   0.000000   0.000000   1.400000
 -1.464100   5.137620   1.567550   1.000000   0.000000   0.000000   1.400000
 -2.658720   5.772100   1.850310   0.000000   1.000000   0.000000   1.850000
 -3.053870   5.463630   2.852720   1.000000   1.000000   1.000000   1.200000
 -3.423570   5.528810   1.065450   1.000000   1.000000   1.000000   1.200000
 -2.473930   6.879950   1.848000   1.000000   1.000000   1.000000   1.200000
  0.817530   5.159320   0.265420   0.000000   0.000000   1.000000   1.540000
  1.108170   4.945160   1.240780   1.000000   1.000000   1.000000   1.200000
  1.571990   5.540740  -0.280680   1.000000   1.000000   1.000000   1.200000
  0.012600   5.804950   0.330050   1.000000   1.000000   1.000000   1.200000
  0.451270   4.269700  -0.142780   1.000000   1.000000   1.000000   1.200000
  0.966490   2.507600   4.890640   0.000000   0.000000   1.000000   1.540000
  1.569270   0.801900   3.589510   1.000000   1.000000   1.000000   1.200000
  1.351500   3.074150   4.156740   1.000000   1.000000   1.000000   1.200000
  1.292900   2.857730   5.766910   1.000000   1.000000   1.000000   1.200000
 -0.028070   2.620150   4.860040   1.000000   1.000000   1.000000   1.200000
 -3.665120   0.894290   3.392510   0.000000   0.000000   1.000000   1.540000
 -2.024820  -0.326810   3.660330   1.000000   1.000000   1.000000   1.200000
 -3.527030   1.236080   2.459940   1.000000   1.000000   1.000000   1.200000
 -3.514680   1.671740   4.006780   1.000000   1.000000   1.000000   1.200000
 -4.611130   0.587880   3.484350   1.000000   1.000000   1.000000   1.200000
28 bonds follow (x1 y1 z1 x2 y2 z2)
 -3.665120   0.894290   3.392510  -4.611130   0.587880   3.484350
 -3.665120   0.894290   3.392510  -3.514680   1.671740   4.006780
 -3.665120   0.894290   3.392510  -3.527030   1.236080   2.459940
 -1.089920  -0.579560   3.578420  -2.024820  -0.326810   3.660330
  0.966490   2.507600   4.890640  -0.028070   2.620150   4.860040
  0.966490   2.507600   4.890640   1.292900   2.857730   5.766910
  0.966490   2.507600   4.890640   1.351500   3.074150   4.156740
  1.287060   0.128450   2.962000   1.569270   0.801900   3.589510
  0.817530   5.159320   0.265420   0.451270   4.269700  -0.142780
  0.817530   5.159320   0.265420   0.012600   5.804950   0.330050
  0.817530   5.159320   0.265420   1.571990   5.540740  -0.280680
  0.817530   5.159320   0.265420   1.108170   4.945160   1.240780
 -2.658720   5.772100   1.850310  -2.473930   6.879950   1.848000
 -2.658720   5.772100   1.850310  -3.423570   5.528810   1.065450
 -2.658720   5.772100   1.850310  -3.053870   5.463630   2.852720
 -1.464100   5.137620   1.567550  -2.658720   5.772100   1.850310
 -1.125180   3.419700   1.920490  -1.464100   5.137620   1.567550
 -1.125180   3.419700   1.920490  -0.946670   3.138050   0.535160
 -1.125180   3.419700   1.920490  -2.297380   3.214700   2.627270
 -1.125180   3.419700   1.920490   0.111500   3.751890   2.543770
 -0.220100   0.149560   2.501360  -0.710560   1.527120   2.243000
 -0.220100   0.149560   2.501360  -1.089920  -0.579560   3.578420
 -0.220100   0.149560   2.501360   1.287060   0.128450   2.962000
 -0.268980  -0.805460   1.231580  -0.220100   0.149560   2.501360
 -0.242140  -0.184840  -0.037080  -0.268980  -0.805460   1.231580
 -0.242140  -0.184840  -0.037080  -1.092560  -0.608210  -0.633410
 -0.242140  -0.184840  -0.037080  -0.355880   0.930810   0.058880
 -0.242140  -0.184840  -0.037080   0.722890  -0.456750  -0.539010
