33 atoms follow (x y z r g b radiusScale)
 -0.078950  -0.080200  -0.032470   0.000000   1.000000   0.000000   1.850000
  0.978750  -0.334150  -0.305410   1.000000   1.000000   1.000000   1.200000
 -0.229890   1.030810   0.044400   1.000000   1.000000   1.000000   1.200000
 -0.767250  -0.518680  -0.801270   1.000000   1.000000   1.000000   1.200000
 -0.399620  -0.701760   1.192120   1.000000   0.000000   0.000000   1.400000
 -0.315470   0.140170   2.537020   0.500000   0.500000   0.500000   1.900000
  1.171780  -0.039170   3.015240   1.000000   0.000000   0.000000   1.400000
 -1.136340  -0.689290   3.586400   1.000000   0.000000   0.000000   1.400000
 -0.695790   1.567210   2.395820   1.000000   0.000000   0.000000   1.400000
 -1.185290   3.455630   1.869650   1.000000   1.000000   0.000000   1.850000
 -0.111320   3.894260   2.685960   1.000000   0.000000   0.000000   1.400000
 -2.459630   3.098530   2.268950   1.000000   0.000000   0.000000   1.400000
 -0.664330   3.164890   0.576250   1.000000   0.000000   0.000000   1.400000
 -1.600650   5.155130   1.446170   1.000000   0.000000   0.000000   1.400000
 -2.840790   5.768540   1.509780   0.000000   1.000000   0.000000   1.850000
 -3.464180   5.481920   0.621930   1.000000   1.000000   1.000000   1.200000
 -2.680100   6.880010   1.499110   1.000000   1.000000   1.000000   1.200000
 -3.384740   5.480290   2.445940   1.000000   1.000000   1.000000   1.200000
  0.892510   5.244700   0.505740   0.000000   0.000000   1.000000   1.540000
  0.812380   5.436430   1.519850   1.000000   1.000000   1.000000   1.200000
  1.653240   5.739990   0.072210   1.000000   1.000000   1.000000   1.200000
 -0.027540   5.498310   0.101700   1.000000   1.000000   1.000000   1.200000
  0.974840   4.219550   0.407160   1.000000   1.000000   1.000000   1.200000
  1.511630   2.309100   4.732640   0.000000   0.000000   1.000000   1.540000
  1.548480   0.638280   3.594810   1.000000   1.000000   1.000000   1.200000
  0.990600   2.868130   4.079900   1.000000   1.000000   1.000000   1.200000
  2.429050   2.691260   4.823890   1.000000   1.000000   1.000000   1.200000
  1.060830   2.350160   5.622250   1.000000   1.000000   1.000000   1.200000
 -3.526860   0.938150   3.719200   0.000000   0.000000   1.000000   1.540000
 -2.046740  -0.417040   3.786460   1.000000   1.000000   1.000000   1.200000
 -3.757460   1.106920   2.758360   1.000000   1.000000   1.000000   1.200000
 -3.029240   1.748310   4.040870   1.000000   1.000000   1.000000   1.200000
 -4.374970   0.859590   4.240160   1.000000   1.000000   1.000000   1.200000
28 bonds follow (x1 y1 z1 x2 y2 z2)
 -3.526860   0.938150   3.719200  -4.374970   0.859590   4.240160
 -3.526860   0.938150   3.719200  -3.029240   1.748310   4.040870
 -3.526860   0.938150   3.719200  -3.757460   1.106920   2.758360
 -1.136340  -0.689290   3.586400  -2.046740  -0.417040   3.786460
  1.511630   2.309100   4.732640   1.060830   2.350160   5.622250
  1.511630   2.309100   4.732640   2.429050   2.691260   4.823890
  1.511630   2.309100   4.732640   0.990600   2.868130   4.079900
  1.171780  -0.039170   3.015240   1.548480   0.638280   3.594810
  0.892510   5.244700   0.505740   0.974840   4.219550   0.407160
  0.892510   5.244700   0.505740  -0.027540   5.498310   0.101700
  0.892510   5.244700   0.505740   1.653240   5.739990   0.072210
  0.892510   5.244700   0.505740   0.812380   5.436430   1.519850
 -2.840790   5.768540   1.509780  -3.384740   5.480290   2.445940
 -2.840790   5.768540   1.509780  -2.680100   6.880010   1.499110
 -2.840790   5.768540   1.509780  -3.464180   5.481920   0.621930
 -1.600650   5.155130   1.446170  -2.840790   5.768540   1.509780
 -1.185290   3.455630   1.869650  -1.600650   5.155130   1.446170
 -1.185290   3.455630   1.869650  -0.664330   3.164890   0.576250
 -1.185290   3.455630   1.869650  -2.459630   3.098530   2.268950
 -1.185290   3.455630   1.869650  -0.111320   3.894260   2.685960
 -0.315470   0.140170   2.537020  -0.695790   1.567210   2.395820
 -0.315470   0.140170   2.537020  -1.136340  -0.689290   3.586400
 -0.315470   0.140170   2.537020   1.171780  -0.039170   3.015240
 -0.399620  -0.701760   1.192120  -0.315470   0.140170   2.537020
 -0.078950  -0.080200  -0.032470  -0.399620  -0.701760   1.192120
 -0.078950  -0.080200  -0.032470  -0.767250  -0.518680  -0.801270
 -0.078950  -0.080200  -0.032470  -0.229890   1.030810   0.044400
 -0.078950  -0.080200  -0.032470   0.978750  -0.334150  -0.305410
