33 atoms follow (x y z r g b radiusScale)
 -0.050300   0.031630  -0.003470   0.000000   1.000000   0.000000   1.850000
  1.054310  -0.086660  -0.143420   1.000000   1.000000   1.000000   1.200000
 -0.338420   1.115140   0.083180   1.000000   1.000000   1.000000   1.200000
 -0.590440  -0.449290  -0.858090   1.000000   1.000000   1.000000   1.200000
 -0.435490  -0.670170   1.160490   1.000000   0.000000   0.000000   1.400000
 -0.312680   0.136720   2.524550   0.500000   0.500000   0.500000   1.900000
  1.190280  -0.052430   2.952760   1.000000   0.000000   0.000000   1.400000
 -1.185740  -0.676410   3.541210   1.000000   0.000000   0.000000   1.400000
 -0.654150   1.576180   2.408410   1.000000   0.000000   0.000000   1.400000
 -1.196000   3.437450   1.930890   1.000000   1.000000   0.000000   1.850000
 -0.125830   3.922140   2.724420   1.000000   0.000000   0.000000   1.400000
 -2.447540   3.119330   2.440640   1.000000   0.000000   0.000000   1.400000
 -0.749490   3.110910   0.624760   1.000000   0.000000   0.000000   1.400000
 -1.534930   5.101100   1.377620   1.000000   0.000000   0.000000   1.400000
 -2.803340   5.645740   1.311780   0.000000   1.000000   0.000000   1.850000
 -3.283890   5.382830   0.331900   1.000000   1.000000   1.000000   1.200000
 -2.716490   6.761640   1.388900   1.000000   1.000000   1.000000   1.200000
 -3.443760   5.263730   2.149290   1.000000   1.000000   1.000000   1.200000
  0.925440   5.305160   0.497460   0.000000   0.000000   1.000000   1.540000
  0.653510   5.425310   1.503240   1.000000   1.000000   1.000000   1.200000
  1.340030   6.145810   0.115010   1.000000   1.000000   1.000000   1.200000
  0.020930   5.063540   0.022920   1.000000   1.000000   1.000000   1.200000
  1.536370   4.502280   0.427330   1.000000   1.000000   1.000000   1.200000
  1.549380   2.295680   4.706900   0.000000   0.000000   1.000000   1.540000
  1.592640   0.640980   3.494620   1.000000   1.000000   1.000000   1.200000
  1.027020   2.889460   4.086420   1.000000   1.000000   1.000000   1.200000
  2.464900   2.674230   4.826250   1.000000   1.000000   1.000000   1.200000
  1.095530   2.278340   5.595720   1.000000   1.000000   1.000000   1.200000
 -3.598090   0.955590   3.754440   0.000000   0.000000   1.000000   1.540000
 -2.075030  -0.339660   3.751430   1.000000   1.000000   1.000000   1.200000
 -3.837890   1.169560   2.805650   1.000000   1.000000   1.000000   1.200000
 -3.157650   1.773860   4.132310   1.000000   1.000000   1.000000   1.200000
 -4.436310   0.774230   4.265240   1.000000   1.000000   1.000000   1.200000
28 bonds follow (x1 y1 z1 x2 y2 z2)
 -3.598090   0.955590   3.754440  -4.436310   0.774230   4.265240
 -3.598090   0.955590   3.754440  -3.157650   1.773860   4.132310
 -3.598090   0.955590   3.754440  -3.837890   1.169560   2.805650
 -1.185740  -0.676410   3.541210  -2.075030  -0.339660   3.751430
  1.549380   2.295680   4.706900   1.095530   2.278340   5.595720
  1.549380   2.295680   4.706900   2.464900   2.674230   4.826250
  1.549380   2.295680   4.706900   1.027020   2.889460   4.086420
  1.190280  -0.052430   2.952760   1.592640   0.640980   3.494620
  0.925440   5.305160   0.497460   1.536370   4.502280   0.427330
  0.925440   5.305160   0.497460   0.020930   5.063540   0.022920
  0.925440   5.305160   0.497460   1.340030   6.145810   0.115010
  0.925440   5.305160   0.497460   0.653510   5.425310   1.503240
 -2.803340   5.645740   1.311780  -3.443760   5.263730   2.149290
 -2.803340   5.645740   1.311780  -2.716490   6.761640   1.388900
 -2.803340   5.645740   1.311780  -3.283890   5.382830   0.331900
 -1.534930   5.101100   1.377620  -2.803340   5.645740   1.311780
 -1.196000   3.437450   1.930890  -1.534930   5.101100   1.377620
 -1.196000   3.437450   1.930890  -0.749490   3.110910   0.624760
 -1.196000   3.437450   1.930890  -2.447540   3.119330   2.440640
 -1.196000   3.437450   1.930890  -0.125830   3.922140   2.724420
 -0.312680   0.136720   2.524550  -0.654150   1.576180   2.408410
 -0.312680   0.136720   2.524550  -1.185740  -0.676410   3.541210
 -0.312680   0.136720   2.524550   1.190280  -0.052430   2.952760
 -0.435490  -0.670170   1.160490  -0.312680   0.136720   2.524550
 -0.050300   0.031630  -0.003470  -0.435490  -0.670170   1.160490
 -0.050300   0.031630  -0.003470  -0.590440  -0.449290  -0.858090
 -0.050300   0.031630  -0.003470  -0.338420   1.115140   0.083180
 -0.050300   0.031630  -0.003470   1.054310  -0.086660  -0.143420
