33 atoms follow (x y z r g b radiusScale)
  0.002410  -0.000820  -0.002540   0.000000   1.000000   0.000000   1.850000
  1.121160  -0.005280   0.001040   1.000000   1.000000   1.000000   1.200000
 -0.401940   1.047830  -0.009250   1.000000   1.000000   1.000000   1.200000
 -0.385750  -0.583080  -0.875550   1.000000   1.000000   1.000000   1.200000
 -0.449080  -0.674840   1.156990   1.000000   0.000000   0.000000   1.400000
 -0.324030   0.121040   2.516950   0.500000   0.500000   0.500000   1.900000
  1.152080  -0.061490   2.996000   1.000000   0.000000   0.000000   1.400000
 -1.240990  -0.617870   3.538490   1.000000   0.000000   0.000000   1.400000
 -0.686390   1.566760   2.369010   1.000000   0.000000   0.000000   1.400000
 -1.102430   3.307370   1.989560   1.000000   1.000000   0.000000   1.850000
 -0.068960   3.833820   2.740240   1.000000   0.000000   0.000000   1.400000
 -2.386520   3.205130   2.510310   1.000000   0.000000   0.000000   1.400000
 -0.914970   3.145530   0.627660   1.000000   0.000000   0.000000   1.400000
 -1.538880   5.251750   1.552990   1.000000   0.000000   0.000000   1.400000
 -2.744000   5.647710   0.949580   0.000000   1.000000   0.000000   1.850000
 -2.764890   5.322180  -0.120740   1.000000   1.000000   1.000000   1.200000
 -2.836250   6.761070   1.011310   1.000000   1.000000   1.000000   1.200000
 -3.576830   5.161090   1.516220   1.000000   1.000000   1.000000   1.200000
  0.816830   5.462010   0.471540   0.000000   0.000000   1.000000   1.540000
  1.304410   5.200650   1.298330   1.000000   1.000000   1.000000   1.200000
 -0.829680   5.653390   1.213660   1.000000   1.000000   1.000000   1.200000
  0.748060   4.689410  -0.150290   1.000000   1.000000   1.000000   1.200000
  1.216910   6.258030   0.038320   1.000000   1.000000   1.000000   1.200000
  1.620600   2.230690   4.684000   0.000000   0.000000   1.000000   1.540000
  1.523950   0.578790   3.632530   1.000000   1.000000   1.000000   1.200000
  1.193630   2.914190   4.085070   1.000000   1.000000   1.000000   1.200000
  2.578480   2.474330   4.824800   1.000000   1.000000   1.000000   1.200000
  1.156730   2.241330   5.568130   1.000000   1.000000   1.000000   1.200000
 -3.596030   0.961330   3.765720   0.000000   0.000000   1.000000   1.540000
 -2.140020  -0.271590   3.720370   1.000000   1.000000   1.000000   1.200000
 -3.842610   1.200740   2.824950   1.000000   1.000000   1.000000   1.200000
 -3.178960   1.777790   4.172880   1.000000   1.000000   1.000000   1.200000
 -4.425860   0.731550   4.270530   1.000000   1.000000   1.000000   1.200000
28 bonds follow (x1 y1 z1 x2 y2 z2)
 -3.596030   0.961330   3.765720  -4.425860   0.731550   4.270530
 -3.596030   0.961330   3.765720  -3.178960   1.777790   4.172880
 -3.596030   0.961330   3.765720  -3.842610   1.200740   2.824950
 -1.240990  -0.617870   3.538490  -2.140020  -0.271590   3.720370
  1.620600   2.230690   4.684000   1.156730   2.241330   5.568130
  1.620600   2.230690   4.684000   2.578480   2.474330   4.824800
  1.620600   2.230690   4.684000   1.193630   2.914190   4.085070
  1.152080  -0.061490   2.996000   1.523950   0.578790   3.632530
  0.816830   5.462010   0.471540   1.216910   6.258030   0.038320
  0.816830   5.462010   0.471540   0.748060   4.689410  -0.150290
 -1.538880   5.251750   1.552990  -0.829680   5.653390   1.213660
  0.816830   5.462010   0.471540   1.304410   5.200650   1.298330
 -2.744000   5.647710   0.949580  -3.576830   5.161090   1.516220
 -2.744000   5.647710   0.949580  -2.836250   6.761070   1.011310
 -2.744000   5.647710   0.949580  -2.764890   5.322180  -0.120740
 -1.538880   5.251750   1.552990  -2.744000   5.647710   0.949580
 -1.102430   3.307370   1.989560  -0.914970   3.145530   0.627660
 -1.102430   3.307370   1.989560  -2.386520   3.205130   2.510310
 -1.102430   3.307370   1.989560  -0.068960   3.833820   2.740240
 -0.686390   1.566760   2.369010  -1.102430   3.307370   1.989560
 -0.324030   0.121040   2.516950  -0.686390   1.566760   2.369010
 -0.324030   0.121040   2.516950  -1.240990  -0.617870   3.538490
 -0.324030   0.121040   2.516950   1.152080  -0.061490   2.996000
 -0.449080  -0.674840   1.156990  -0.324030   0.121040   2.516950
  0.002410  -0.000820  -0.002540  -0.449080  -0.674840   1.156990
  0.002410  -0.000820  -0.002540  -0.385750  -0.583080  -0.875550
  0.002410  -0.000820  -0.002540  -0.401940   1.047830  -0.009250
  0.002410  -0.000820  -0.002540   1.121160  -0.005280   0.001040
