33 atoms follow (x y z r g b radiusScale)
  0.028950  -0.048280   0.035010   0.000000   1.000000   0.000000   1.850000
  1.146840  -0.016280   0.055910   1.000000   1.000000   1.000000   1.200000
 -0.407040   0.987340   0.047830   1.000000   1.000000   1.000000   1.200000
 -0.330770  -0.616300  -0.858840   1.000000   1.000000   1.000000   1.200000
 -0.414230  -0.765130   1.174050   1.000000   0.000000   0.000000   1.400000
 -0.309710   0.034020   2.533150   0.500000   0.500000   0.500000   1.900000
  1.163030  -0.114600   3.027050   1.000000   0.000000   0.000000   1.400000
 -1.240480  -0.686750   3.547010   1.000000   0.000000   0.000000   1.400000
 -0.714050   1.477670   2.377740   1.000000   0.000000   0.000000   1.400000
 -1.107390   3.211250   2.035430   1.000000   1.000000   0.000000   1.850000
 -0.091840   3.805660   2.761190   1.000000   0.000000   0.000000   1.400000
 -2.374910   3.131590   2.539060   1.000000   0.000000   0.000000   1.400000
 -0.924840   3.185830   0.670830   1.000000   0.000000   0.000000   1.400000
 -1.966370   5.704690   1.686690   1.000000   0.000000   0.000000   1.400000
 -3.087240   5.841450   0.834440   0.000000   1.000000   0.000000   1.850000
 -2.808480   5.582880  -0.216360   1.000000   1.000000   1.000000   1.200000
 -3.516930   6.870180   0.886810   1.000000   1.000000   1.000000   1.200000
 -3.814720   5.092590   1.225850   1.000000   1.000000   1.000000   1.200000
  1.486830   5.668340   0.145220   0.000000   0.000000   1.000000   1.540000
  1.373470   5.643180   1.142940   1.000000   1.000000   1.000000   1.200000
 -1.248720   6.493540   1.434010   1.000000   1.000000   1.000000   1.200000
  0.592650   5.469660  -0.263770   1.000000   1.000000   1.000000   1.200000
  2.105380   4.920380  -0.102350   1.000000   1.000000   1.000000   1.200000
  1.668570   2.170330   4.657910   0.000000   0.000000   1.000000   1.540000
  1.533820   0.539610   3.656890   1.000000   1.000000   1.000000   1.200000
  1.322850   2.896220   4.054780   1.000000   1.000000   1.000000   1.200000
  2.621030   2.364110   4.886370   1.000000   1.000000   1.000000   1.200000
  1.132420   2.167050   5.500460   1.000000   1.000000   1.000000   1.200000
 -3.555510   0.955220   3.755000   0.000000   0.000000   1.000000   1.540000
 -2.126880  -0.307090   3.739990   1.000000   1.000000   1.000000   1.200000
 -3.790970   1.170840   2.805610   1.000000   1.000000   1.000000   1.200000
 -3.157600   1.783900   4.156680   1.000000   1.000000   1.000000   1.200000
 -4.390210   0.722840   4.250480   1.000000   1.000000   1.000000   1.200000
28 bonds follow (x1 y1 z1 x2 y2 z2)
 -3.555510   0.955220   3.755000  -4.390210   0.722840   4.250480
 -3.555510   0.955220   3.755000  -3.157600   1.783900   4.156680
 -3.555510   0.955220   3.755000  -3.790970   1.170840   2.805610
 -1.240480  -0.686750   3.547010  -2.126880  -0.307090   3.739990
  1.668570   2.170330   4.657910   1.132420   2.167050   5.500460
  1.668570   2.170330   4.657910   2.621030   2.364110   4.886370
  1.668570   2.170330   4.657910   1.322850   2.896220   4.054780
  1.163030  -0.114600   3.027050   1.533820   0.539610   3.656890
  1.486830   5.668340   0.145220   2.105380   4.920380  -0.102350
  1.486830   5.668340   0.145220   0.592650   5.469660  -0.263770
 -1.966370   5.704690   1.686690  -1.248720   6.493540   1.434010
  1.486830   5.668340   0.145220   1.373470   5.643180   1.142940
 -3.087240   5.841450   0.834440  -3.814720   5.092590   1.225850
 -3.087240   5.841450   0.834440  -3.516930   6.870180   0.886810
 -3.087240   5.841450   0.834440  -2.808480   5.582880  -0.216360
 -1.966370   5.704690   1.686690  -3.087240   5.841450   0.834440
 -1.107390   3.211250   2.035430  -0.924840   3.185830   0.670830
 -1.107390   3.211250   2.035430  -2.374910   3.131590   2.539060
 -1.107390   3.211250   2.035430  -0.091840   3.805660   2.761190
 -0.714050   1.477670   2.377740  -1.107390   3.211250   2.035430
 -0.309710   0.034020   2.533150  -0.714050   1.477670   2.377740
 -0.309710   0.034020   2.533150  -1.240480  -0.686750   3.547010
 -0.309710   0.034020   2.533150   1.163030  -0.114600   3.027050
 -0.414230  -0.765130   1.174050  -0.309710   0.034020   2.533150
  0.028950  -0.048280   0.035010  -0.414230  -0.765130   1.174050
  0.028950  -0.048280   0.035010  -0.330770  -0.616300  -0.858840
  0.028950  -0.048280   0.035010  -0.407040   0.987340   0.047830
  0.028950  -0.048280   0.035010   1.146840  -0.016280   0.055910
