33 atoms follow (x y z r g b radiusScale)
 -0.058420   0.003410   0.002410   0.000000   1.000000   0.000000   1.850000
  1.037200  -0.165310  -0.157870   1.000000   1.000000   1.000000   1.200000
 -0.297300   1.098860   0.093060   1.000000   1.000000   1.000000   1.200000
 -0.634920  -0.450410  -0.843450   1.000000   1.000000   1.000000   1.200000
 -0.453360  -0.680260   1.172700   1.000000   0.000000   0.000000   1.400000
 -0.294600   0.128200   2.531460   0.500000   0.500000   0.500000   1.900000
  1.206960  -0.051600   2.977230   1.000000   0.000000   0.000000   1.400000
 -1.167090  -0.698280   3.539800   1.000000   0.000000   0.000000   1.400000
 -0.698350   1.552530   2.420350   1.000000   0.000000   0.000000   1.400000
 -1.180120   3.443730   1.909080   1.000000   1.000000   0.000000   1.850000
 -0.137880   3.925740   2.739220   1.000000   0.000000   0.000000   1.400000
 -2.452280   3.140270   2.358940   1.000000   0.000000   0.000000   1.400000
 -0.733860   3.138020   0.598750   1.000000   0.000000   0.000000   1.400000
 -1.528030   5.140220   1.399750   1.000000   0.000000   0.000000   1.400000
 -2.806320   5.667890   1.379090   0.000000   1.000000   0.000000   1.850000
 -3.323140   5.383160   0.423960   1.000000   1.000000   1.000000   1.200000
 -2.734080   6.786150   1.437360   1.000000   1.000000   1.000000   1.200000
 -3.407790   5.289810   2.246650   1.000000   1.000000   1.000000   1.200000
  0.896200   5.289550   0.481920   0.000000   0.000000   1.000000   1.540000
  0.601510   5.467910   1.467480   1.000000   1.000000   1.000000   1.200000
  1.454740   6.046450   0.110700   1.000000   1.000000   1.000000   1.200000
 -0.002060   5.169360  -0.033990   1.000000   1.000000   1.000000   1.200000
  1.378570   4.391380   0.460500   1.000000   1.000000   1.000000   1.200000
  1.537010   2.307980   4.700060   0.000000   0.000000   1.000000   1.540000
  1.548780   0.567250   3.641480   1.000000   1.000000   1.000000   1.200000
  1.001300   2.937660   4.129090   1.000000   1.000000   1.000000   1.200000
  2.443180   2.695750   4.854450   1.000000   1.000000   1.000000   1.200000
  1.082750   2.202890   5.582960   1.000000   1.000000   1.000000   1.200000
 -3.585260   0.945040   3.750750   0.000000   0.000000   1.000000   1.540000
 -2.072760  -0.388880   3.715450   1.000000   1.000000   1.000000   1.200000
 -3.830760   1.162810   2.804140   1.000000   1.000000   1.000000   1.200000
 -3.112550   1.750070   4.117300   1.000000   1.000000   1.000000   1.200000
 -4.421930   0.795350   4.274430   1.000000   1.000000   1.000000   1.200000
28 bonds follow (x1 y1 z1 x2 y2 z2)
 -3.585260   0.945040   3.750750  -4.421930   0.795350   4.274430
 -3.585260   0.945040   3.750750  -3.112550   1.750070   4.117300
 -3.585260   0.945040   3.750750  -3.830760   1.162810   2.804140
 -1.167090  -0.698280   3.539800  -2.072760  -0.388880   3.715450
  1.537010   2.307980   4.700060   1.082750   2.202890   5.582960
  1.537010   2.307980   4.700060   2.443180   2.695750   4.854450
  1.537010   2.307980   4.700060   1.001300   2.937660   4.129090
  1.206960  -0.051600   2.977230   1.548780   0.567250   3.641480
  0.896200   5.289550   0.481920   1.378570   4.391380   0.460500
  0.896200   5.289550   0.481920  -0.002060   5.169360  -0.033990
  0.896200   5.289550   0.481920   1.454740   6.046450   0.110700
  0.896200   5.289550   0.481920   0.601510   5.467910   1.467480
 -2.806320   5.667890   1.379090  -3.407790   5.289810   2.246650
 -2.806320   5.667890   1.379090  -2.734080   6.786150   1.437360
 -2.806320   5.667890   1.379090  -3.323140   5.383160   0.423960
 -1.528030   5.140220   1.399750  -2.806320   5.667890   1.379090
 -1.180120   3.443730   1.909080  -1.528030   5.140220   1.399750
 -1.180120   3.443730   1.909080  -0.733860   3.138020   0.598750
 -1.180120   3.443730   1.909080  -2.452280   3.140270   2.358940
 -1.180120   3.443730   1.909080  -0.137880   3.925740   2.739220
 -0.294600   0.128200   2.531460  -0.698350   1.552530   2.420350
 -0.294600   0.128200   2.531460  -1.167090  -0.698280   3.539800
 -0.294600   0.128200   2.531460   1.206960  -0.051600   2.977230
 -0.453360  -0.680260   1.172700  -0.294600   0.128200   2.531460
 -0.058420   0.003410   0.002410  -0.453360  -0.680260   1.172700
 -0.058420   0.003410   0.002410  -0.634920  -0.450410  -0.843450
 -0.058420   0.003410   0.002410  -0.297300   1.098860   0.093060
 -0.058420   0.003410   0.002410   1.037200  -0.165310  -0.157870
