33 atoms follow (x y z r g b radiusScale)
 -0.232600  -0.210710  -0.048430   0.000000   1.000000   0.000000   1.850000
  0.759450  -0.455520  -0.509950   1.000000   1.000000   1.000000   1.200000
 -0.393970   0.901260   0.019940   1.000000   1.000000   1.000000   1.200000
 -1.043500  -0.684130  -0.661220   1.000000   1.000000   1.000000   1.200000
 -0.285780  -0.803530   1.232560   1.000000   0.000000   0.000000   1.400000
 -0.211180   0.145380   2.503570   0.500000   0.500000   0.500000   1.900000
  1.298310   0.122040   2.967910   1.000000   0.000000   0.000000   1.400000
 -1.119610  -0.575640   3.564190   1.000000   0.000000   0.000000   1.400000
 -0.720900   1.511060   2.230410   1.000000   0.000000   0.000000   1.400000
 -1.128990   3.428870   1.932590   1.000000   1.000000   0.000000   1.850000
  0.112410   3.752130   2.537750   1.000000   0.000000   0.000000   1.400000
 -2.302100   3.224430   2.641360   1.000000   0.000000   0.000000   1.400000
 -0.933620   3.138290   0.557280   1.000000   0.000000   0.000000   1.400000
 -1.449900   5.166770   1.573530   1.000000   0.000000   0.000000   1.400000
 -2.677420   5.748510   1.849780   0.000000   1.000000   0.000000   1.850000
 -3.039290   5.447350   2.867620   1.000000   1.000000   1.000000   1.200000
 -3.436100   5.431500   1.085780   1.000000   1.000000   1.000000   1.200000
 -2.561120   6.863580   1.813750   1.000000   1.000000   1.000000   1.200000
  0.823460   5.172080   0.246400   0.000000   0.000000   1.000000   1.540000
  1.040240   5.061990   1.249880   1.000000   1.000000   1.000000   1.200000
  1.562340   5.644180  -0.258760   1.000000   1.000000   1.000000   1.200000
 -0.071240   5.675960   0.206080   1.000000   1.000000   1.000000   1.200000
  0.626240   4.213360  -0.120970   1.000000   1.000000   1.000000   1.200000
  0.959600   2.510290   4.873760   0.000000   0.000000   1.000000   1.540000
  1.569160   0.764370   3.632960   1.000000   1.000000   1.000000   1.200000
  1.396020   3.095100   4.184810   1.000000   1.000000   1.000000   1.200000
  1.259430   2.803840   5.779920   1.000000   1.000000   1.000000   1.200000
 -0.027830   2.665060   4.804320   1.000000   1.000000   1.000000   1.200000
 -3.648570   0.893180   3.397570   0.000000   0.000000   1.000000   1.540000
 -2.045700  -0.286170   3.642340   1.000000   1.000000   1.000000   1.200000
 -3.462540   1.178840   2.454270   1.000000   1.000000   1.000000   1.200000
 -3.443090   1.683440   3.979960   1.000000   1.000000   1.000000   1.200000
 -4.621670   0.681970   3.473800   1.000000   1.000000   1.000000   1.200000
28 bonds follow (x1 y1 z1 x2 y2 z2)
 -3.648570   0.893180   3.397570  -4.621670   0.681970   3.473800
 -3.648570   0.893180   3.397570  -3.443090   1.683440   3.979960
 -3.648570   0.893180   3.397570  -3.462540   1.178840   2.454270
 -1.119610  -0.575640   3.564190  -2.045700  -0.286170   3.642340
  0.959600   2.510290   4.873760  -0.027830   2.665060   4.804320
  0.959600   2.510290   4.873760   1.259430   2.803840   5.779920
  0.959600   2.510290   4.873760   1.396020   3.095100   4.184810
  1.298310   0.122040   2.967910   1.569160   0.764370   3.632960
  0.823460   5.172080   0.246400   0.626240   4.213360  -0.120970
  0.823460   5.172080   0.246400  -0.071240   5.675960   0.206080
  0.823460   5.172080   0.246400   1.562340   5.644180  -0.258760
  0.823460   5.172080   0.246400   1.040240   5.061990   1.249880
 -2.677420   5.748510   1.849780  -2.561120   6.863580   1.813750
 -2.677420   5.748510   1.849780  -3.436100   5.431500   1.085780
 -2.677420   5.748510   1.849780  -3.039290   5.447350   2.867620
 -1.449900   5.166770   1.573530  -2.677420   5.748510   1.849780
 -1.128990   3.428870   1.932590  -1.449900   5.166770   1.573530
 -1.128990   3.428870   1.932590  -0.933620   3.138290   0.557280
 -1.128990   3.428870   1.932590  -2.302100   3.224430   2.641360
 -1.128990   3.428870   1.932590   0.112410   3.752130   2.537750
 -0.211180   0.145380   2.503570  -0.720900   1.511060   2.230410
 -0.211180   0.145380   2.503570  -1.119610  -0.575640   3.564190
 -0.211180   0.145380   2.503570   1.298310   0.122040   2.967910
 -0.285780  -0.803530   1.232560  -0.211180   0.145380   2.503570
 -0.232600  -0.210710  -0.048430  -0.285780  -0.803530   1.232560
 -0.232600  -0.210710  -0.048430  -1.043500  -0.684130  -0.661220
 -0.232600  -0.210710  -0.048430  -0.393970   0.901260   0.019940
 -0.232600  -0.210710  -0.048430   0.759450  -0.455520  -0.509950
