33 atoms follow (x y z r g b radiusScale)
 -0.075090  -0.073840  -0.032740   0.000000   1.000000   0.000000   1.850000
  0.989440  -0.315580  -0.288830   1.000000   1.000000   1.000000   1.200000
 -0.240180   1.035220   0.039470   1.000000   1.000000   1.000000   1.200000
 -0.746750  -0.523260  -0.809940   1.000000   1.000000   1.000000   1.200000
 -0.408270  -0.695370   1.188490   1.000000   0.000000   0.000000   1.400000
 -0.313230   0.137950   2.538290   0.500000   0.500000   0.500000   1.900000
  1.175920  -0.042720   3.013460   1.000000   0.000000   0.000000   1.400000
 -1.138110  -0.694730   3.583790   1.000000   0.000000   0.000000   1.400000
 -0.697880   1.563890   2.404710   1.000000   0.000000   0.000000   1.400000
 -1.185340   3.461570   1.871320   1.000000   1.000000   0.000000   1.850000
 -0.107460   3.890280   2.685510   1.000000   0.000000   0.000000   1.400000
 -2.462300   3.108380   2.272830   1.000000   0.000000   0.000000   1.400000
 -0.652110   3.172480   0.583070   1.000000   0.000000   0.000000   1.400000
 -1.596490   5.154530   1.447210   1.000000   0.000000   0.000000   1.400000
 -2.838230   5.760850   1.494540   0.000000   1.000000   0.000000   1.850000
 -3.448120   5.473230   0.597540   1.000000   1.000000   1.000000   1.200000
 -2.684880   6.872830   1.488960   1.000000   1.000000   1.000000   1.200000
 -3.395000   5.466740   2.421630   1.000000   1.000000   1.000000   1.200000
  0.877240   5.239810   0.503830   0.000000   0.000000   1.000000   1.540000
  0.772530   5.456440   1.510800   1.000000   1.000000   1.000000   1.200000
  1.632970   5.747380   0.071040   1.000000   1.000000   1.000000   1.200000
 -0.040660   5.443670   0.072070   1.000000   1.000000   1.000000   1.200000
  1.008400   4.204440   0.434290   1.000000   1.000000   1.000000   1.200000
  1.514120   2.308600   4.726340   0.000000   0.000000   1.000000   1.540000
  1.540150   0.632360   3.605640   1.000000   1.000000   1.000000   1.200000
  0.987400   2.871820   4.082100   1.000000   1.000000   1.000000   1.200000
  2.425840   2.701420   4.827890   1.000000   1.000000   1.000000   1.200000
  1.060350   2.325820   5.615320   1.000000   1.000000   1.000000   1.200000
 -3.531980   0.934330   3.724960   0.000000   0.000000   1.000000   1.540000
 -2.055040  -0.433610   3.766540   1.000000   1.000000   1.000000   1.200000
 -3.754990   1.105550   2.762710   1.000000   1.000000   1.000000   1.200000
 -3.022720   1.736990   4.047180   1.000000   1.000000   1.000000   1.200000
 -4.384210   0.872060   4.241420   1.000000   1.000000   1.000000   1.200000
28 bonds follow (x1 y1 z1 x2 y2 z2)
 -3.531980   0.934330   3.724960  -4.384210   0.872060   4.241420
 -3.531980   0.934330   3.724960  -3.022720   1.736990   4.047180
 -3.531980   0.934330   3.724960  -3.754990   1.105550   2.762710
 -1.138110  -0.694730   3.583790  -2.055040  -0.433610   3.766540
  1.514120   2.308600   4.726340   1.060350   2.325820   5.615320
  1.514120   2.308600   4.726340   2.425840   2.701420   4.827890
  1.514120   2.308600   4.726340   0.987400   2.871820   4.082100
  1.175920  -0.042720   3.013460   1.540150   0.632360   3.605640
  0.877240   5.239810   0.503830   1.008400   4.204440   0.434290
  0.877240   5.239810   0.503830  -0.040660   5.443670   0.072070
  0.877240   5.239810   0.503830   1.632970   5.747380   0.071040
  0.877240   5.239810   0.503830   0.772530   5.456440   1.510800
 -2.838230   5.760850   1.494540  -3.395000   5.466740   2.421630
 -2.838230   5.760850   1.494540  -2.684880   6.872830   1.488960
 -2.838230   5.760850   1.494540  -3.448120   5.473230   0.597540
 -1.596490   5.154530   1.447210  -2.838230   5.760850   1.494540
 -1.185340   3.461570   1.871320  -1.596490   5.154530   1.447210
 -1.185340   3.461570   1.871320  -0.652110   3.172480   0.583070
 -1.185340   3.461570   1.871320  -2.462300   3.108380   2.272830
 -1.185340   3.461570   1.871320  -0.107460   3.890280   2.685510
 -0.313230   0.137950   2.538290  -0.697880   1.563890   2.404710
 -0.313230   0.137950   2.538290  -1.138110  -0.694730   3.583790
 -0.313230   0.137950   2.538290   1.175920  -0.042720   3.013460
 -0.408270  -0.695370   1.188490  -0.313230   0.137950   2.538290
 -0.075090  -0.073840  -0.032740  -0.408270  -0.695370   1.188490
 -0.075090  -0.073840  -0.032740  -0.746750  -0.523260  -0.809940
 -0.075090  -0.073840  -0.032740  -0.240180   1.035220   0.039470
 -0.075090  -0.073840  -0.032740   0.989440  -0.315580  -0.288830
