33 atoms follow (x y z r g b radiusScale)
 -0.550440  -0.140150  -0.027100   0.000000   1.000000   0.000000   1.850000
  0.258650  -0.369910  -0.769320   1.000000   1.000000   1.000000   1.200000
 -0.694180   0.969600   0.076600   1.000000   1.000000   1.000000   1.200000
 -1.498140  -0.638800  -0.361930   1.000000   1.000000   1.000000   1.200000
 -0.165930  -0.715540   1.203540   1.000000   0.000000   0.000000   1.400000
 -0.165840   0.178980   2.517050   0.500000   0.500000   0.500000   1.900000
  1.293580   0.048480   3.080540   1.000000   0.000000   0.000000   1.400000
 -1.082640  -0.615690   3.510780   1.000000   0.000000   0.000000   1.400000
 -0.590570   1.584420   2.313470   1.000000   0.000000   0.000000   1.400000
 -1.187050   3.421300   1.860690   1.000000   1.000000   0.000000   1.850000
 -0.091570   3.942720   2.612250   1.000000   0.000000   0.000000   1.400000
 -2.411320   3.095350   2.430750   1.000000   0.000000   0.000000   1.400000
 -0.786570   3.098710   0.532150   1.000000   0.000000   0.000000   1.400000
 -1.567880   5.071180   1.295140   1.000000   0.000000   0.000000   1.400000
 -2.490150   5.880360   1.921960   0.000000   1.000000   0.000000   1.850000
 -3.387600   5.287090   2.242160   1.000000   1.000000   1.000000   1.200000
 -2.812730   6.678390   1.202290   1.000000   1.000000   1.000000   1.200000
 -2.030500   6.366650   2.824780   1.000000   1.000000   1.000000   1.200000
  0.883450   5.185960   0.312330   0.000000   0.000000   1.000000   1.540000
  0.878430   5.203930   1.350370   1.000000   1.000000   1.000000   1.200000
  1.629920   5.733390  -0.084010   1.000000   1.000000   1.000000   1.200000
 -0.058020   5.522710   0.021800   1.000000   1.000000   1.000000   1.200000
  0.919910   4.193620   0.039740   1.000000   1.000000   1.000000   1.200000
  1.102940   2.405880   4.968480   0.000000   0.000000   1.000000   1.540000
  1.551420   0.623830   3.810800   1.000000   1.000000   1.000000   1.200000
  0.831830   3.051310   4.247540   1.000000   1.000000   1.000000   1.200000
  1.844790   2.804880   5.503140   1.000000   1.000000   1.000000   1.200000
  0.324300   2.251890   5.574480   1.000000   1.000000   1.000000   1.200000
 -3.693430   0.802300   3.509380   0.000000   0.000000   1.000000   1.540000
 -2.003360  -0.329820   3.625110   1.000000   1.000000   1.000000   1.200000
 -3.992520   0.951460   2.567490   1.000000   1.000000   1.000000   1.200000
 -3.413940   1.690750   3.880500   1.000000   1.000000   1.000000   1.200000
 -4.458330   0.443680   4.040860   1.000000   1.000000   1.000000   1.200000
28 bonds follow (x1 y1 z1 x2 y2 z2)
 -3.693430   0.802300   3.509380  -4.458330   0.443680   4.040860
 -3.693430   0.802300   3.509380  -3.413940   1.690750   3.880500
 -3.693430   0.802300   3.509380  -3.992520   0.951460   2.567490
 -1.082640  -0.615690   3.510780  -2.003360  -0.329820   3.625110
  1.102940   2.405880   4.968480   0.324300   2.251890   5.574480
  1.102940   2.405880   4.968480   1.844790   2.804880   5.503140
  1.102940   2.405880   4.968480   0.831830   3.051310   4.247540
  1.293580   0.048480   3.080540   1.551420   0.623830   3.810800
  0.883450   5.185960   0.312330   0.919910   4.193620   0.039740
  0.883450   5.185960   0.312330  -0.058020   5.522710   0.021800
  0.883450   5.185960   0.312330   1.629920   5.733390  -0.084010
  0.883450   5.185960   0.312330   0.878430   5.203930   1.350370
 -2.490150   5.880360   1.921960  -2.030500   6.366650   2.824780
 -2.490150   5.880360   1.921960  -2.812730   6.678390   1.202290
 -2.490150   5.880360   1.921960  -3.387600   5.287090   2.242160
 -1.567880   5.071180   1.295140  -2.490150   5.880360   1.921960
 -1.187050   3.421300   1.860690  -1.567880   5.071180   1.295140
 -1.187050   3.421300   1.860690  -0.786570   3.098710   0.532150
 -1.187050   3.421300   1.860690  -2.411320   3.095350   2.430750
 -1.187050   3.421300   1.860690  -0.091570   3.942720   2.612250
 -0.165840   0.178980   2.517050  -0.590570   1.584420   2.313470
 -0.165840   0.178980   2.517050  -1.082640  -0.615690   3.510780
 -0.165840   0.178980   2.517050   1.293580   0.048480   3.080540
 -0.165930  -0.715540   1.203540  -0.165840   0.178980   2.517050
 -0.550440  -0.140150  -0.027100  -0.165930  -0.715540   1.203540
 -0.550440  -0.140150  -0.027100  -1.498140  -0.638800  -0.361930
 -0.550440  -0.140150  -0.027100  -0.694180   0.969600   0.076600
 -0.550440  -0.140150  -0.027100   0.258650  -0.369910  -0.769320
