33 atoms follow (x y z r g b radiusScale)
 -0.447970  -0.243070  -0.004370   0.000000   1.000000   0.000000   1.850000
  0.476010  -0.390680  -0.623240   1.000000   1.000000   1.000000   1.200000
 -0.702460   0.848680   0.070740   1.000000   1.000000   1.000000   1.200000
 -1.290460  -0.815770  -0.473440   1.000000   1.000000   1.000000   1.200000
 -0.216030  -0.798270   1.271460   1.000000   0.000000   0.000000   1.400000
 -0.210970   0.168480   2.538220   0.500000   0.500000   0.500000   1.900000
  1.234100   0.037180   3.138960   1.000000   0.000000   0.000000   1.400000
 -1.140900  -0.603580   3.532770   1.000000   0.000000   0.000000   1.400000
 -0.657200   1.544610   2.217460   1.000000   0.000000   0.000000   1.400000
 -1.187950   3.418990   1.766260   1.000000   1.000000   0.000000   1.850000
 -0.118910   3.847890   2.597270   1.000000   0.000000   0.000000   1.400000
 -2.457210   3.061800   2.206930   1.000000   0.000000   0.000000   1.400000
 -0.703630   3.193310   0.443050   1.000000   0.000000   0.000000   1.400000
 -1.608410   5.104090   1.387680   1.000000   0.000000   0.000000   1.400000
 -2.674910   5.779060   1.950020   0.000000   1.000000   0.000000   1.850000
 -3.641510   5.425030   1.506480   1.000000   1.000000   1.000000   1.200000
 -2.546330   6.872760   1.734930   1.000000   1.000000   1.000000   1.200000
 -2.706620   5.623370   3.060720   1.000000   1.000000   1.000000   1.200000
  0.944490   5.289900   0.554050   0.000000   0.000000   1.000000   1.540000
  1.430710   4.626440   1.162440   1.000000   1.000000   1.000000   1.200000
  1.575880   5.852420   0.008210   1.000000   1.000000   1.000000   1.200000
  0.330280   5.861240   1.164180   1.000000   1.000000   1.000000   1.200000
  0.291140   4.732750  -0.050040   1.000000   1.000000   1.000000   1.200000
  1.317870   2.462060   4.848780   0.000000   0.000000   1.000000   1.540000
  1.477180   0.623600   3.868380   1.000000   1.000000   1.000000   1.200000
  0.883790   3.089360   4.196460   1.000000   1.000000   1.000000   1.200000
  2.225680   2.804350   5.081370   1.000000   1.000000   1.000000   1.200000
  0.769220   2.424610   5.681840   1.000000   1.000000   1.000000   1.200000
 -3.578860   0.952590   3.641100   0.000000   0.000000   1.000000   1.540000
 -2.057400  -0.291270   3.641700   1.000000   1.000000   1.000000   1.200000
 -3.732080   1.260700   2.699230   1.000000   1.000000   1.000000   1.200000
 -3.284620   1.750940   4.167540   1.000000   1.000000   1.000000   1.200000
 -4.435580   0.609110   4.020600   1.000000   1.000000   1.000000   1.200000
28 bonds follow (x1 y1 z1 x2 y2 z2)
 -3.578860   0.952590   3.641100  -4.435580   0.609110   4.020600
 -3.578860   0.952590   3.641100  -3.284620   1.750940   4.167540
 -3.578860   0.952590   3.641100  -3.732080   1.260700   2.699230
 -1.140900  -0.603580   3.532770  -2.057400  -0.291270   3.641700
  1.317870   2.462060   4.848780   0.769220   2.424610   5.681840
  1.317870   2.462060   4.848780   2.225680   2.804350   5.081370
  1.317870   2.462060   4.848780   0.883790   3.089360   4.196460
  1.234100   0.037180   3.138960   1.477180   0.623600   3.868380
  0.944490   5.289900   0.554050   0.291140   4.732750  -0.050040
  0.944490   5.289900   0.554050   0.330280   5.861240   1.164180
  0.944490   5.289900   0.554050   1.575880   5.852420   0.008210
  0.944490   5.289900   0.554050   1.430710   4.626440   1.162440
 -2.674910   5.779060   1.950020  -2.706620   5.623370   3.060720
 -2.674910   5.779060   1.950020  -2.546330   6.872760   1.734930
 -2.674910   5.779060   1.950020  -3.641510   5.425030   1.506480
 -1.608410   5.104090   1.387680  -2.674910   5.779060   1.950020
 -1.187950   3.418990   1.766260  -1.608410   5.104090   1.387680
 -1.187950   3.418990   1.766260  -0.703630   3.193310   0.443050
 -1.187950   3.418990   1.766260  -2.457210   3.061800   2.206930
 -1.187950   3.418990   1.766260  -0.118910   3.847890   2.597270
 -0.210970   0.168480   2.538220  -0.657200   1.544610   2.217460
 -0.210970   0.168480   2.538220  -1.140900  -0.603580   3.532770
 -0.210970   0.168480   2.538220   1.234100   0.037180   3.138960
 -0.216030  -0.798270   1.271460  -0.210970   0.168480   2.538220
 -0.447970  -0.243070  -0.004370  -0.216030  -0.798270   1.271460
 -0.447970  -0.243070  -0.004370  -1.290460  -0.815770  -0.473440
 -0.447970  -0.243070  -0.004370  -0.702460   0.848680   0.070740
 -0.447970  -0.243070  -0.004370   0.476010  -0.390680  -0.623240
