33 atoms follow (x y z r g b radiusScale)
 -0.278210  -0.182080  -0.065110   0.000000   1.000000   0.000000   1.850000
  0.660620  -0.473030  -0.604950   1.000000   1.000000   1.000000   1.200000
 -0.376340   0.935770   0.007250   1.000000   1.000000   1.000000   1.200000
 -1.157340  -0.621330  -0.606120   1.000000   1.000000   1.000000   1.200000
 -0.237980  -0.768700   1.221190   1.000000   0.000000   0.000000   1.400000
 -0.251740   0.171890   2.501750   0.500000   0.500000   0.500000   1.900000
  1.203170   0.067870   3.069700   1.000000   0.000000   0.000000   1.400000
 -1.155440  -0.483810   3.597990   1.000000   0.000000   0.000000   1.400000
 -0.655590   1.570370   2.224020   1.000000   0.000000   0.000000   1.400000
 -1.189650   3.369810   1.803350   1.000000   1.000000   0.000000   1.850000
 -0.110160   3.870740   2.590620   1.000000   0.000000   0.000000   1.400000
 -2.435410   3.015680   2.309790   1.000000   0.000000   0.000000   1.400000
 -0.737220   3.130340   0.474810   1.000000   0.000000   0.000000   1.400000
 -1.607100   5.047500   1.342200   1.000000   0.000000   0.000000   1.400000
 -2.695350   5.766690   1.780040   0.000000   1.000000   0.000000   1.850000
 -3.602920   5.518720   1.168610   1.000000   1.000000   1.000000   1.200000
 -2.466790   6.860870   1.665620   1.000000   1.000000   1.000000   1.200000
 -2.916060   5.550050   2.859160   1.000000   1.000000   1.000000   1.200000
  0.943320   5.284620   0.670960   0.000000   0.000000   1.000000   1.540000
  1.377190   4.508240   1.184550   1.000000   1.000000   1.000000   1.200000
  1.600550   5.815900   0.130220   1.000000   1.000000   1.000000   1.200000
  0.449170   5.860180   1.377330   1.000000   1.000000   1.000000   1.200000
  0.184010   4.860490   0.072150   1.000000   1.000000   1.000000   1.200000
  1.426130   2.422860   4.808630   0.000000   0.000000   1.000000   1.540000
  1.457810   0.648360   3.802340   1.000000   1.000000   1.000000   1.200000
  0.882500   3.069060   4.264760   1.000000   1.000000   1.000000   1.200000
  2.328730   2.809770   4.981310   1.000000   1.000000   1.000000   1.200000
  0.974830   2.257680   5.683370   1.000000   1.000000   1.000000   1.200000
 -3.682280   0.970290   3.724640   0.000000   0.000000   1.000000   1.540000
 -2.064180  -0.153410   3.729890   1.000000   1.000000   1.000000   1.200000
 -3.853820   1.231980   2.772430   1.000000   1.000000   1.000000   1.200000
 -3.326780   1.783270   4.189310   1.000000   1.000000   1.000000   1.200000
 -4.542750   0.700060   4.151860   1.000000   1.000000   1.000000   1.200000
29 bonds follow (x1 y1 z1 x2 y2 z2)
 -3.682280   0.970290   3.724640  -4.542750   0.700060   4.151860
 -3.682280   0.970290   3.724640  -3.326780   1.783270   4.189310
 -3.682280   0.970290   3.724640  -3.853820   1.231980   2.772430
 -1.155440  -0.483810   3.597990  -2.064180  -0.153410   3.729890
  1.426130   2.422860   4.808630   0.974830   2.257680   5.683370
  1.426130   2.422860   4.808630   2.328730   2.809770   4.981310
  1.426130   2.422860   4.808630   0.882500   3.069060   4.264760
  1.203170   0.067870   3.069700   1.457810   0.648360   3.802340
  0.943320   5.284620   0.670960   0.184010   4.860490   0.072150
  0.943320   5.284620   0.670960   0.449170   5.860180   1.377330
  0.943320   5.284620   0.670960   1.600550   5.815900   0.130220
  0.943320   5.284620   0.670960   1.377190   4.508240   1.184550
 -2.695350   5.766690   1.780040  -2.916060   5.550050   2.859160
 -2.695350   5.766690   1.780040  -2.466790   6.860870   1.665620
 -2.695350   5.766690   1.780040  -3.602920   5.518720   1.168610
 -1.607100   5.047500   1.342200  -2.695350   5.766690   1.780040
 -1.189650   3.369810   1.803350  -1.607100   5.047500   1.342200
 -1.189650   3.369810   1.803350  -0.737220   3.130340   0.474810
 -1.189650   3.369810   1.803350  -2.435410   3.015680   2.309790
 -1.189650   3.369810   1.803350  -0.110160   3.870740   2.590620
 -0.655590   1.570370   2.224020  -1.189650   3.369810   1.803350
 -0.251740   0.171890   2.501750  -0.655590   1.570370   2.224020
 -0.251740   0.171890   2.501750  -1.155440  -0.483810   3.597990
 -0.251740   0.171890   2.501750   1.203170   0.067870   3.069700
 -0.237980  -0.768700   1.221190  -0.251740   0.171890   2.501750
 -0.278210  -0.182080  -0.065110  -0.237980  -0.768700   1.221190
 -0.278210  -0.182080  -0.065110  -1.157340  -0.621330  -0.606120
 -0.278210  -0.182080  -0.065110  -0.376340   0.935770   0.007250
 -0.278210  -0.182080  -0.065110   0.660620  -0.473030  -0.604950
