33 atoms follow (x y z r g b radiusScale)
  0.000880  -0.000160  -0.000960   0.000000   1.000000   0.000000   1.850000
  1.119690  -0.001080   0.000000   1.000000   1.000000   1.000000   1.200000
 -0.403410   1.048820  -0.003180   1.000000   1.000000   1.000000   1.200000
 -0.386500  -0.579780  -0.875870   1.000000   1.000000   1.000000   1.200000
 -0.446930  -0.678670   1.157000   1.000000   0.000000   0.000000   1.400000
 -0.326500   0.126550   2.516080   0.500000   0.500000   0.500000   1.900000
  1.152210  -0.064660   2.994420   1.000000   0.000000   0.000000   1.400000
 -1.241200  -0.621520   3.539420   1.000000   0.000000   0.000000   1.400000
 -0.683690   1.571880   2.367320   1.000000   0.000000   0.000000   1.400000
 -1.130370   3.361360   1.981720   1.000000   1.000000   0.000000   1.850000
 -0.048170   3.840400   2.713270   1.000000   0.000000   0.000000   1.400000
 -2.395350   3.178230   2.522160   1.000000   0.000000   0.000000   1.400000
 -0.880170   3.157500   0.623470   1.000000   0.000000   0.000000   1.400000
 -1.500460   5.197320   1.551100   1.000000   0.000000   0.000000   1.400000
 -2.709600   5.632760   0.956320   0.000000   1.000000   0.000000   1.850000
 -2.745520   5.312140  -0.114010   1.000000   1.000000   1.000000   1.200000
 -2.770660   6.744480   1.047010   1.000000   1.000000   1.000000   1.200000
 -3.509810   5.130190   1.558200   1.000000   1.000000   1.000000   1.200000
  0.754390   5.426450   0.509730   0.000000   0.000000   1.000000   1.540000
  1.299650   5.187140   1.309510   1.000000   1.000000   1.000000   1.200000
 -0.779630   5.597970   1.045990   1.000000   1.000000   1.000000   1.200000
  0.740240   4.672830  -0.143140   1.000000   1.000000   1.000000   1.200000
  1.077510   6.265920   0.089040   1.000000   1.000000   1.000000   1.200000
  1.620580   2.231530   4.685330   0.000000   0.000000   1.000000   1.540000
  1.519610   0.574050   3.633000   1.000000   1.000000   1.000000   1.200000
  1.181580   2.900880   4.078810   1.000000   1.000000   1.000000   1.200000
  2.572230   2.497150   4.826770   1.000000   1.000000   1.000000   1.200000
  1.153730   2.234250   5.567580   1.000000   1.000000   1.000000   1.200000
 -3.597360   0.960020   3.766750   0.000000   0.000000   1.000000   1.540000
 -2.136880  -0.272510   3.723460   1.000000   1.000000   1.000000   1.200000
 -3.836110   1.195210   2.823250   1.000000   1.000000   1.000000   1.200000
 -3.171300   1.771560   4.173740   1.000000   1.000000   1.000000   1.200000
 -4.431780   0.742220   4.268900   1.000000   1.000000   1.000000   1.200000
29 bonds follow (x1 y1 z1 x2 y2 z2)
 -3.597360   0.960020   3.766750  -4.431780   0.742220   4.268900
 -3.597360   0.960020   3.766750  -3.171300   1.771560   4.173740
 -3.597360   0.960020   3.766750  -3.836110   1.195210   2.823250
 -1.241200  -0.621520   3.539420  -2.136880  -0.272510   3.723460
  1.620580   2.231530   4.685330   1.153730   2.234250   5.567580
  1.620580   2.231530   4.685330   2.572230   2.497150   4.826770
  1.620580   2.231530   4.685330   1.181580   2.900880   4.078810
  1.152210  -0.064660   2.994420   1.519610   0.574050   3.633000
  0.754390   5.426450   0.509730   1.077510   6.265920   0.089040
  0.754390   5.426450   0.509730   0.740240   4.672830  -0.143140
 -1.500460   5.197320   1.551100  -0.779630   5.597970   1.045990
  0.754390   5.426450   0.509730   1.299650   5.187140   1.309510
 -2.709600   5.632760   0.956320  -3.509810   5.130190   1.558200
 -2.709600   5.632760   0.956320  -2.770660   6.744480   1.047010
 -2.709600   5.632760   0.956320  -2.745520   5.312140  -0.114010
 -1.500460   5.197320   1.551100  -2.709600   5.632760   0.956320
 -1.130370   3.361360   1.981720  -1.500460   5.197320   1.551100
 -1.130370   3.361360   1.981720  -0.880170   3.157500   0.623470
 -1.130370   3.361360   1.981720  -2.395350   3.178230   2.522160
 -1.130370   3.361360   1.981720  -0.048170   3.840400   2.713270
 -0.683690   1.571880   2.367320  -1.130370   3.361360   1.981720
 -0.326500   0.126550   2.516080  -0.683690   1.571880   2.367320
 -0.326500   0.126550   2.516080  -1.241200  -0.621520   3.539420
 -0.326500   0.126550   2.516080   1.152210  -0.064660   2.994420
 -0.446930  -0.678670   1.157000  -0.326500   0.126550   2.516080
  0.000880  -0.000160  -0.000960  -0.446930  -0.678670   1.157000
  0.000880  -0.000160  -0.000960  -0.386500  -0.579780  -0.875870
  0.000880  -0.000160  -0.000960  -0.403410   1.048820  -0.003180
  0.000880  -0.000160  -0.000960   1.119690  -0.001080   0.000000
