33 atoms follow (x y z r g b radiusScale)
  0.079120  -0.142220   0.025960   0.000000   1.000000   0.000000   1.850000
  1.191900  -0.052070   0.096530   1.000000   1.000000   1.000000   1.200000
 -0.402810   0.867880  -0.052380   1.000000   1.000000   1.000000   1.200000
 -0.207590  -0.793360  -0.837630   1.000000   1.000000   1.000000   1.200000
 -0.392910  -0.793130   1.189740   1.000000   0.000000   0.000000   1.400000
 -0.312470   0.023070   2.541960   0.500000   0.500000   0.500000   1.900000
  1.140800  -0.165510   3.068290   1.000000   0.000000   0.000000   1.400000
 -1.240760  -0.721120   3.549480   1.000000   0.000000   0.000000   1.400000
 -0.632950   1.483540   2.324920   1.000000   0.000000   0.000000   1.400000
 -1.123470   3.231610   2.059080   1.000000   1.000000   0.000000   1.850000
 -0.134630   3.781580   2.821240   1.000000   0.000000   0.000000   1.400000
 -2.408720   3.129230   2.557510   1.000000   0.000000   0.000000   1.400000
 -0.912150   3.273740   0.708080   1.000000   0.000000   0.000000   1.400000
 -2.129080   5.896020   1.655780   1.000000   0.000000   0.000000   1.400000
 -3.266760   5.961840   0.814420   0.000000   1.000000   0.000000   1.850000
 -2.955890   6.009990  -0.260310   1.000000   1.000000   1.000000   1.200000
 -3.887870   6.856550   1.071410   1.000000   1.000000   1.000000   1.200000
 -3.843210   5.013510   0.986360   1.000000   1.000000   1.000000   1.200000
  1.800380   5.612200   0.021390   0.000000   0.000000   1.000000   1.540000
  1.715590   6.065940   0.907310   1.000000   1.000000   1.000000   1.200000
 -1.597260   6.635590   1.512120   1.000000   1.000000   1.000000   1.200000
  1.045540   5.898910  -0.567460   1.000000   1.000000   1.000000   1.200000
  1.743520   4.619680   0.159080   1.000000   1.000000   1.000000   1.200000
  1.691340   2.125860   4.609540   0.000000   0.000000   1.000000   1.540000
  1.545560   0.535520   3.620960   1.000000   1.000000   1.000000   1.200000
  1.419550   2.825710   3.942100   1.000000   1.000000   1.000000   1.200000
  2.668920   2.213340   4.795940   1.000000   1.000000   1.000000   1.200000
  1.188300   2.280410   5.457990   1.000000   1.000000   1.000000   1.200000
 -3.560130   0.837120   3.800570   0.000000   0.000000   1.000000   1.540000
 -2.151660  -0.399190   3.718170   1.000000   1.000000   1.000000   1.200000
 -3.811260   1.196680   2.899750   1.000000   1.000000   1.000000   1.200000
 -3.191980   1.603240   4.331170   1.000000   1.000000   1.000000   1.200000
 -4.378660   0.489620   4.255050   1.000000   1.000000   1.000000   1.200000
28 bonds follow (x1 y1 z1 x2 y2 z2)
 -3.560130   0.837120   3.800570  -4.378660   0.489620   4.255050
 -3.560130   0.837120   3.800570  -3.191980   1.603240   4.331170
 -3.560130   0.837120   3.800570  -3.811260   1.196680   2.899750
 -1.240760  -0.721120   3.549480  -2.151660  -0.399190   3.718170
  1.691340   2.125860   4.609540   1.188300   2.280410   5.457990
  1.691340   2.125860   4.609540   2.668920   2.213340   4.795940
  1.691340   2.125860   4.609540   1.419550   2.825710   3.942100
  1.140800  -0.165510   3.068290   1.545560   0.535520   3.620960
  1.800380   5.612200   0.021390   1.743520   4.619680   0.159080
  1.800380   5.612200   0.021390   1.045540   5.898910  -0.567460
 -2.129080   5.896020   1.655780  -1.597260   6.635590   1.512120
  1.800380   5.612200   0.021390   1.715590   6.065940   0.907310
 -3.266760   5.961840   0.814420  -3.843210   5.013510   0.986360
 -3.266760   5.961840   0.814420  -3.887870   6.856550   1.071410
 -3.266760   5.961840   0.814420  -2.955890   6.009990  -0.260310
 -2.129080   5.896020   1.655780  -3.266760   5.961840   0.814420
 -1.123470   3.231610   2.059080  -0.912150   3.273740   0.708080
 -1.123470   3.231610   2.059080  -2.408720   3.129230   2.557510
 -1.123470   3.231610   2.059080  -0.134630   3.781580   2.821240
 -0.632950   1.483540   2.324920  -1.123470   3.231610   2.059080
 -0.312470   0.023070   2.541960  -0.632950   1.483540   2.324920
 -0.312470   0.023070   2.541960  -1.240760  -0.721120   3.549480
 -0.312470   0.023070   2.541960   1.140800  -0.165510   3.068290
 -0.392910  -0.793130   1.189740  -0.312470   0.023070   2.541960
  0.079120  -0.142220   0.025960  -0.392910  -0.793130   1.189740
  0.079120  -0.142220   0.025960  -0.207590  -0.793360  -0.837630
  0.079120  -0.142220   0.025960  -0.402810   0.867880  -0.052380
  0.079120  -0.142220   0.025960   1.191900  -0.052070   0.096530
