33 atoms follow (x y z r g b radiusScale)
 -0.540520  -0.121110  -0.014910   0.000000   1.000000   0.000000   1.850000
  0.306480  -0.291870  -0.731230   1.000000   1.000000   1.000000   1.200000
 -0.741740   0.976820   0.106930   1.000000   1.000000   1.000000   1.200000
 -1.449210  -0.655860  -0.399460   1.000000   1.000000   1.000000   1.200000
 -0.183520  -0.716740   1.212690   1.000000   0.000000   0.000000   1.400000
 -0.156550   0.173000   2.522670   0.500000   0.500000   0.500000   1.900000
  1.317300   0.011930   3.075910   1.000000   0.000000   0.000000   1.400000
 -1.096590  -0.619060   3.502920   1.000000   0.000000   0.000000   1.400000
 -0.583590   1.577270   2.306960   1.000000   0.000000   0.000000   1.400000
 -1.184920   3.429680   1.860000   1.000000   1.000000   0.000000   1.850000
 -0.102270   3.933320   2.616370   1.000000   0.000000   0.000000   1.400000
 -2.417730   3.157250   2.440600   1.000000   0.000000   0.000000   1.400000
 -0.786190   3.093170   0.535590   1.000000   0.000000   0.000000   1.400000
 -1.588560   5.083560   1.292400   1.000000   0.000000   0.000000   1.400000
 -2.512420   5.890500   1.930650   0.000000   1.000000   0.000000   1.850000
 -3.365080   5.286550   2.338390   1.000000   1.000000   1.000000   1.200000
 -2.908300   6.633840   1.188770   1.000000   1.000000   1.000000   1.200000
 -2.020120   6.446990   2.773470   1.000000   1.000000   1.000000   1.200000
  0.891240   5.156590   0.297800   0.000000   0.000000   1.000000   1.540000
  0.995040   5.100840   1.337060   1.000000   1.000000   1.000000   1.200000
  1.658330   5.641800  -0.142640   1.000000   1.000000   1.000000   1.200000
 -0.027640   5.614270   0.124950   1.000000   1.000000   1.000000   1.200000
  0.792330   4.191140  -0.040610   1.000000   1.000000   1.000000   1.200000
  1.083520   2.417670   4.969400   0.000000   0.000000   1.000000   1.540000
  1.551230   0.551160   3.839100   1.000000   1.000000   1.000000   1.200000
  0.839240   3.068000   4.243940   1.000000   1.000000   1.000000   1.200000
  1.853230   2.782990   5.489070   1.000000   1.000000   1.000000   1.200000
  0.305120   2.317560   5.587230   1.000000   1.000000   1.000000   1.200000
 -3.660190   0.782670   3.496680   0.000000   0.000000   1.000000   1.540000
 -2.024770  -0.334540   3.578390   1.000000   1.000000   1.000000   1.200000
 -3.918390   0.893620   2.537270   1.000000   1.000000   1.000000   1.200000
 -3.410120   1.688880   3.846350   1.000000   1.000000   1.000000   1.200000
 -4.444300   0.432400   4.005370   1.000000   1.000000   1.000000   1.200000
28 bonds follow (x1 y1 z1 x2 y2 z2)
 -3.660190   0.782670   3.496680  -4.444300   0.432400   4.005370
 -3.660190   0.782670   3.496680  -3.410120   1.688880   3.846350
 -3.660190   0.782670   3.496680  -3.918390   0.893620   2.537270
 -1.096590  -0.619060   3.502920  -2.024770  -0.334540   3.578390
  1.083520   2.417670   4.969400   0.305120   2.317560   5.587230
  1.083520   2.417670   4.969400   1.853230   2.782990   5.489070
  1.083520   2.417670   4.969400   0.839240   3.068000   4.243940
  1.317300   0.011930   3.075910   1.551230   0.551160   3.839100
  0.891240   5.156590   0.297800   0.792330   4.191140  -0.040610
  0.891240   5.156590   0.297800  -0.027640   5.614270   0.124950
  0.891240   5.156590   0.297800   1.658330   5.641800  -0.142640
  0.891240   5.156590   0.297800   0.995040   5.100840   1.337060
 -2.512420   5.890500   1.930650  -2.020120   6.446990   2.773470
 -2.512420   5.890500   1.930650  -2.908300   6.633840   1.188770
 -2.512420   5.890500   1.930650  -3.365080   5.286550   2.338390
 -1.588560   5.083560   1.292400  -2.512420   5.890500   1.930650
 -1.184920   3.429680   1.860000  -1.588560   5.083560   1.292400
 -1.184920   3.429680   1.860000  -0.786190   3.093170   0.535590
 -1.184920   3.429680   1.860000  -2.417730   3.157250   2.440600
 -1.184920   3.429680   1.860000  -0.102270   3.933320   2.616370
 -0.156550   0.173000   2.522670  -0.583590   1.577270   2.306960
 -0.156550   0.173000   2.522670  -1.096590  -0.619060   3.502920
 -0.156550   0.173000   2.522670   1.317300   0.011930   3.075910
 -0.183520  -0.716740   1.212690  -0.156550   0.173000   2.522670
 -0.540520  -0.121110  -0.014910  -0.183520  -0.716740   1.212690
 -0.540520  -0.121110  -0.014910  -1.449210  -0.655860  -0.399460
 -0.540520  -0.121110  -0.014910  -0.741740   0.976820   0.106930
 -0.540520  -0.121110  -0.014910   0.306480  -0.291870  -0.731230
