33 atoms follow (x y z r g b radiusScale)
 -0.045740   0.036510  -0.016370   0.000000   1.000000   0.000000   1.850000
  1.062520  -0.055370  -0.146710   1.000000   1.000000   1.000000   1.200000
 -0.359330   1.113260   0.057390   1.000000   1.000000   1.000000   1.200000
 -0.566910  -0.470040  -0.868160   1.000000   1.000000   1.000000   1.200000
 -0.425120  -0.660660   1.152800   1.000000   0.000000   0.000000   1.400000
 -0.321530   0.140200   2.521310   0.500000   0.500000   0.500000   1.900000
  1.182490  -0.050630   2.940750   1.000000   0.000000   0.000000   1.400000
 -1.199740  -0.659320   3.547290   1.000000   0.000000   0.000000   1.400000
 -0.633450   1.587120   2.407640   1.000000   0.000000   0.000000   1.400000
 -1.197090   3.433180   1.939700   1.000000   1.000000   0.000000   1.850000
 -0.107590   3.918900   2.712180   1.000000   0.000000   0.000000   1.400000
 -2.442210   3.115620   2.475260   1.000000   0.000000   0.000000   1.400000
 -0.748730   3.108240   0.630670   1.000000   0.000000   0.000000   1.400000
 -1.555830   5.081460   1.374110   1.000000   0.000000   0.000000   1.400000
 -2.809790   5.644480   1.278050   0.000000   1.000000   0.000000   1.850000
 -3.269950   5.395650   0.284350   1.000000   1.000000   1.000000   1.200000
 -2.704070   6.758980   1.359420   1.000000   1.000000   1.000000   1.200000
 -3.480820   5.273730   2.096450   1.000000   1.000000   1.000000   1.200000
  0.928710   5.295740   0.516660   0.000000   0.000000   1.000000   1.540000
  0.693000   5.381380   1.532820   1.000000   1.000000   1.000000   1.200000
  1.266870   6.168150   0.129790   1.000000   1.000000   1.000000   1.200000
  0.031430   4.988800   0.065400   1.000000   1.000000   1.000000   1.200000
  1.605300   4.556110   0.404980   1.000000   1.000000   1.000000   1.200000
  1.555560   2.293650   4.707290   0.000000   0.000000   1.000000   1.540000
  1.578840   0.635780   3.496110   1.000000   1.000000   1.000000   1.200000
  1.036770   2.885100   4.081620   1.000000   1.000000   1.000000   1.200000
  2.474140   2.666190   4.821400   1.000000   1.000000   1.000000   1.200000
  1.103110   2.287010   5.596840   1.000000   1.000000   1.000000   1.200000
 -3.601170   0.954800   3.757990   0.000000   0.000000   1.000000   1.540000
 -2.087820  -0.318800   3.760420   1.000000   1.000000   1.000000   1.200000
 -3.823530   1.159810   2.802970   1.000000   1.000000   1.000000   1.200000
 -3.166270   1.775820   4.136900   1.000000   1.000000   1.000000   1.200000
 -4.449250   0.780080   4.254520   1.000000   1.000000   1.000000   1.200000
28 bonds follow (x1 y1 z1 x2 y2 z2)
 -3.601170   0.954800   3.757990  -4.449250   0.780080   4.254520
 -3.601170   0.954800   3.757990  -3.166270   1.775820   4.136900
 -3.601170   0.954800   3.757990  -3.823530   1.159810   2.802970
 -1.199740  -0.659320   3.547290  -2.087820  -0.318800   3.760420
  1.555560   2.293650   4.707290   1.103110   2.287010   5.596840
  1.555560   2.293650   4.707290   2.474140   2.666190   4.821400
  1.555560   2.293650   4.707290   1.036770   2.885100   4.081620
  1.182490  -0.050630   2.940750   1.578840   0.635780   3.496110
  0.928710   5.295740   0.516660   1.605300   4.556110   0.404980
  0.928710   5.295740   0.516660   0.031430   4.988800   0.065400
  0.928710   5.295740   0.516660   1.266870   6.168150   0.129790
  0.928710   5.295740   0.516660   0.693000   5.381380   1.532820
 -2.809790   5.644480   1.278050  -3.480820   5.273730   2.096450
 -2.809790   5.644480   1.278050  -2.704070   6.758980   1.359420
 -2.809790   5.644480   1.278050  -3.269950   5.395650   0.284350
 -1.555830   5.081460   1.374110  -2.809790   5.644480   1.278050
 -1.197090   3.433180   1.939700  -1.555830   5.081460   1.374110
 -1.197090   3.433180   1.939700  -0.748730   3.108240   0.630670
 -1.197090   3.433180   1.939700  -2.442210   3.115620   2.475260
 -1.197090   3.433180   1.939700  -0.107590   3.918900   2.712180
 -0.321530   0.140200   2.521310  -0.633450   1.587120   2.407640
 -0.321530   0.140200   2.521310  -1.199740  -0.659320   3.547290
 -0.321530   0.140200   2.521310   1.182490  -0.050630   2.940750
 -0.425120  -0.660660   1.152800  -0.321530   0.140200   2.521310
 -0.045740   0.036510  -0.016370  -0.425120  -0.660660   1.152800
 -0.045740   0.036510  -0.016370  -0.566910  -0.470040  -0.868160
 -0.045740   0.036510  -0.016370  -0.359330   1.113260   0.057390
 -0.045740   0.036510  -0.016370   1.062520  -0.055370  -0.146710
