33 atoms follow (x y z r g b radiusScale)
 -0.464810  -0.080160  -0.055490   0.000000   1.000000   0.000000   1.850000
  0.475300  -0.102930  -0.666460   1.000000   1.000000   1.000000   1.200000
 -0.818000   0.975940   0.095490   1.000000   1.000000   1.000000   1.200000
 -1.245310  -0.698290  -0.571870   1.000000   1.000000   1.000000   1.200000
 -0.199870  -0.701920   1.183740   1.000000   0.000000   0.000000   1.400000
 -0.209180   0.148190   2.525960   0.500000   0.500000   0.500000   1.900000
  1.261270  -0.055860   3.062320   1.000000   0.000000   0.000000   1.400000
 -1.044210  -0.640530   3.599870   1.000000   0.000000   0.000000   1.400000
 -0.586380   1.572650   2.379110   1.000000   0.000000   0.000000   1.400000
 -1.191010   3.454440   1.862480   1.000000   1.000000   0.000000   1.850000
 -0.044370   3.953370   2.526070   1.000000   0.000000   0.000000   1.400000
 -2.379970   3.111520   2.482200   1.000000   0.000000   0.000000   1.400000
 -0.907310   3.108330   0.518470   1.000000   0.000000   0.000000   1.400000
 -1.588380   5.119550   1.353790   1.000000   0.000000   0.000000   1.400000
 -2.551220   5.945490   1.897470   0.000000   1.000000   0.000000   1.850000
 -3.218750   5.384630   2.601620   1.000000   1.000000   1.000000   1.200000
 -3.169970   6.377150   1.066190   1.000000   1.000000   1.000000   1.200000
 -2.053190   6.786950   2.450640   1.000000   1.000000   1.000000   1.200000
  0.909560   5.097700   0.295740   0.000000   0.000000   1.000000   1.540000
  1.301750   4.438190   0.989080   1.000000   1.000000   1.000000   1.200000
  1.624930   5.597360  -0.212140   1.000000   1.000000   1.000000   1.200000
  0.291140   5.726870   0.835260   1.000000   1.000000   1.000000   1.200000
  0.283230   4.547020  -0.327360   1.000000   1.000000   1.000000   1.200000
  1.043060   2.471140   5.020200   0.000000   0.000000   1.000000   1.540000
  1.442880   0.252350   3.952270   1.000000   1.000000   1.000000   1.200000
  0.938410   2.935300   4.135480   1.000000   1.000000   1.000000   1.200000
  1.820320   2.873190   5.501680   1.000000   1.000000   1.000000   1.200000
  0.219790   2.640310   5.560620   1.000000   1.000000   1.000000   1.200000
 -3.527540   0.763840   3.391200   0.000000   0.000000   1.000000   1.540000
 -1.984960  -0.419800   3.710130   1.000000   1.000000   1.000000   1.200000
 -3.803820   0.917200   2.442630   1.000000   1.000000   1.000000   1.200000
 -3.183060   1.637140   3.748620   1.000000   1.000000   1.000000   1.200000
 -4.328400   0.490610   3.920620   1.000000   1.000000   1.000000   1.200000
28 bonds follow (x1 y1 z1 x2 y2 z2)
 -3.527540   0.763840   3.391200  -4.328400   0.490610   3.920620
 -3.527540   0.763840   3.391200  -3.183060   1.637140   3.748620
 -3.527540   0.763840   3.391200  -3.803820   0.917200   2.442630
 -1.044210  -0.640530   3.599870  -1.984960  -0.419800   3.710130
  1.043060   2.471140   5.020200   0.219790   2.640310   5.560620
  1.043060   2.471140   5.020200   1.820320   2.873190   5.501680
  1.043060   2.471140   5.020200   0.938410   2.935300   4.135480
  1.261270  -0.055860   3.062320   1.442880   0.252350   3.952270
  0.909560   5.097700   0.295740   0.283230   4.547020  -0.327360
  0.909560   5.097700   0.295740   0.291140   5.726870   0.835260
  0.909560   5.097700   0.295740   1.624930   5.597360  -0.212140
  0.909560   5.097700   0.295740   1.301750   4.438190   0.989080
 -2.551220   5.945490   1.897470  -2.053190   6.786950   2.450640
 -2.551220   5.945490   1.897470  -3.169970   6.377150   1.066190
 -2.551220   5.945490   1.897470  -3.218750   5.384630   2.601620
 -1.588380   5.119550   1.353790  -2.551220   5.945490   1.897470
 -1.191010   3.454440   1.862480  -1.588380   5.119550   1.353790
 -1.191010   3.454440   1.862480  -0.907310   3.108330   0.518470
 -1.191010   3.454440   1.862480  -2.379970   3.111520   2.482200
 -1.191010   3.454440   1.862480  -0.044370   3.953370   2.526070
 -0.209180   0.148190   2.525960  -0.586380   1.572650   2.379110
 -0.209180   0.148190   2.525960  -1.044210  -0.640530   3.599870
 -0.209180   0.148190   2.525960   1.261270  -0.055860   3.062320
 -0.199870  -0.701920   1.183740  -0.209180   0.148190   2.525960
 -0.464810  -0.080160  -0.055490  -0.199870  -0.701920   1.183740
 -0.464810  -0.080160  -0.055490  -1.245310  -0.698290  -0.571870
 -0.464810  -0.080160  -0.055490  -0.818000   0.975940   0.095490
 -0.464810  -0.080160  -0.055490   0.475300  -0.102930  -0.666460
