33 atoms follow (x y z r g b radiusScale)
  0.000750  -0.000120  -0.000820   0.000000   1.000000   0.000000   1.850000
  1.119580  -0.000920  -0.000020   1.000000   1.000000   1.000000   1.200000
 -0.403640   1.048800  -0.002730   1.000000   1.000000   1.000000   1.200000
 -0.386510  -0.579590  -0.875900   1.000000   1.000000   1.000000   1.200000
 -0.446750  -0.678920   1.156890   1.000000   0.000000   0.000000   1.400000
 -0.326800   0.126890   2.516100   0.500000   0.500000   0.500000   1.900000
  1.152360  -0.064830   2.994320   1.000000   0.000000   0.000000   1.400000
 -1.241220  -0.621760   3.539480   1.000000   0.000000   0.000000   1.400000
 -0.683190   1.571580   2.367270   1.000000   0.000000   0.000000   1.400000
 -1.133170   3.366270   1.980960   1.000000   1.000000   0.000000   1.850000
 -0.045880   3.840790   2.711630   1.000000   0.000000   0.000000   1.400000
 -2.395560   3.175940   2.523040   1.000000   0.000000   0.000000   1.400000
 -0.877200   3.158010   0.622710   1.000000   0.000000   0.000000   1.400000
 -1.496900   5.196270   1.548650   1.000000   0.000000   0.000000   1.400000
 -2.707710   5.630140   0.958760   0.000000   1.000000   0.000000   1.850000
 -2.744170   5.312490  -0.112460   1.000000   1.000000   1.000000   1.200000
 -2.767580   6.742040   1.048210   1.000000   1.000000   1.000000   1.200000
 -3.516470   5.133410   1.553430   1.000000   1.000000   1.000000   1.200000
  0.750780   5.424870   0.511780   0.000000   0.000000   1.000000   1.540000
  1.296400   5.184110   1.310620   1.000000   1.000000   1.000000   1.200000
 -0.791390   5.545570   1.071720   1.000000   1.000000   1.000000   1.200000
  0.737350   4.670440  -0.139810   1.000000   1.000000   1.000000   1.200000
  1.077120   6.262120   0.090550   1.000000   1.000000   1.000000   1.200000
  1.620600   2.231610   4.685370   0.000000   0.000000   1.000000   1.540000
  1.518860   0.573750   3.633360   1.000000   1.000000   1.000000   1.200000
  1.180490   2.899900   4.078610   1.000000   1.000000   1.000000   1.200000
  2.571810   2.498490   4.827090   1.000000   1.000000   1.000000   1.200000
  1.153450   2.233590   5.567450   1.000000   1.000000   1.000000   1.200000
 -3.597380   0.959920   3.766800   0.000000   0.000000   1.000000   1.540000
 -2.136540  -0.272060   3.723360   1.000000   1.000000   1.000000   1.200000
 -3.835690   1.195150   2.823190   1.000000   1.000000   1.000000   1.200000
 -3.170930   1.771410   4.173490   1.000000   1.000000   1.000000   1.200000
 -4.432160   0.743080   4.268740   1.000000   1.000000   1.000000   1.200000
29 bonds follow (x1 y1 z1 x2 y2 z2)
 -3.597380   0.959920   3.766800  -4.432160   0.743080   4.268740
 -3.597380   0.959920   3.766800  -3.170930   1.771410   4.173490
 -3.597380   0.959920   3.766800  -3.835690   1.195150   2.823190
 -1.241220  -0.621760   3.539480  -2.136540  -0.272060   3.723360
  1.620600   2.231610   4.685370   1.153450   2.233590   5.567450
  1.620600   2.231610   4.685370   2.571810   2.498490   4.827090
  1.620600   2.231610   4.685370   1.180490   2.899900   4.078610
  1.152360  -0.064830   2.994320   1.518860   0.573750   3.633360
  0.750780   5.424870   0.511780   1.077120   6.262120   0.090550
  0.750780   5.424870   0.511780   0.737350   4.670440  -0.139810
 -1.496900   5.196270   1.548650  -0.791390   5.545570   1.071720
  0.750780   5.424870   0.511780   1.296400   5.184110   1.310620
 -2.707710   5.630140   0.958760  -3.516470   5.133410   1.553430
 -2.707710   5.630140   0.958760  -2.767580   6.742040   1.048210
 -2.707710   5.630140   0.958760  -2.744170   5.312490  -0.112460
 -1.496900   5.196270   1.548650  -2.707710   5.630140   0.958760
 -1.133170   3.366270   1.980960  -1.496900   5.196270   1.548650
 -1.133170   3.366270   1.980960  -0.877200   3.158010   0.622710
 -1.133170   3.366270   1.980960  -2.395560   3.175940   2.523040
 -1.133170   3.366270   1.980960  -0.045880   3.840790   2.711630
 -0.683190   1.571580   2.367270  -1.133170   3.366270   1.980960
 -0.326800   0.126890   2.516100  -0.683190   1.571580   2.367270
 -0.326800   0.126890   2.516100  -1.241220  -0.621760   3.539480
 -0.326800   0.126890   2.516100   1.152360  -0.064830   2.994320
 -0.446750  -0.678920   1.156890  -0.326800   0.126890   2.516100
  0.000750  -0.000120  -0.000820  -0.446750  -0.678920   1.156890
  0.000750  -0.000120  -0.000820  -0.386510  -0.579590  -0.875900
  0.000750  -0.000120  -0.000820  -0.403640   1.048800  -0.002730
  0.000750  -0.000120  -0.000820   1.119580  -0.000920  -0.000020
