33 atoms follow (x y z r g b radiusScale)
  0.316370  -0.168820   0.065550   0.000000   1.000000   0.000000   1.850000
  1.410680  -0.292100   0.261760   1.000000   1.000000   1.000000   1.200000
  0.037020   0.914420  -0.021770   1.000000   1.000000   1.000000   1.200000
  0.009480  -0.740410  -0.845740   1.000000   1.000000   1.000000   1.200000
 -0.400420  -0.740700   1.145620   1.000000   0.000000   0.000000   1.400000
 -0.289510   0.003560   2.529100   0.500000   0.500000   0.500000   1.900000
  1.202220  -0.147870   2.949460   1.000000   0.000000   0.000000   1.400000
 -1.218630  -0.743180   3.530870   1.000000   0.000000   0.000000   1.400000
 -0.675680   1.457350   2.398930   1.000000   0.000000   0.000000   1.400000
 -1.171180   3.190130   2.172500   1.000000   1.000000   0.000000   1.850000
 -0.357060   3.710420   3.150490   1.000000   0.000000   0.000000   1.400000
 -2.513010   3.058450   2.439220   1.000000   0.000000   0.000000   1.400000
 -0.721250   3.320660   0.881970   1.000000   0.000000   0.000000   1.400000
 -2.376860   6.309200   1.444000   1.000000   0.000000   0.000000   1.400000
 -3.696670   6.196700   0.922440   0.000000   1.000000   0.000000   1.850000
 -3.907910   6.989470   0.170320   1.000000   1.000000   1.000000   1.200000
 -4.443790   6.221350   1.749740   1.000000   1.000000   1.000000   1.200000
 -3.664710   5.191800   0.424620   1.000000   1.000000   1.000000   1.200000
  2.342210   5.191360  -0.192310   0.000000   0.000000   1.000000   1.540000
  2.109710   5.852720   0.521220   1.000000   1.000000   1.000000   1.200000
 -2.422640   7.059300   1.894420   1.000000   1.000000   1.000000   1.200000
  2.225610   5.639930  -1.078770   1.000000   1.000000   1.000000   1.200000
  1.675340   4.440930  -0.133910   1.000000   1.000000   1.000000   1.200000
  1.824340   2.174090   4.403130   0.000000   0.000000   1.000000   1.540000
  1.624950   0.513080   3.542170   1.000000   1.000000   1.000000   1.200000
  1.522660   2.881740   3.757790   1.000000   1.000000   1.000000   1.200000
  2.776910   2.342090   4.651420   1.000000   1.000000   1.000000   1.200000
  1.261040   2.241000   5.225730   1.000000   1.000000   1.000000   1.200000
 -3.638940   0.773580   3.840180   0.000000   0.000000   1.000000   1.540000
 -2.119470  -0.401830   3.717160   1.000000   1.000000   1.000000   1.200000
 -3.630650   1.224990   2.943470   1.000000   1.000000   1.000000   1.200000
 -3.441900   1.471480   4.529100   1.000000   1.000000   1.000000   1.200000
 -4.553900   0.408740   4.006110   1.000000   1.000000   1.000000   1.200000
28 bonds follow (x1 y1 z1 x2 y2 z2)
 -3.638940   0.773580   3.840180  -4.553900   0.408740   4.006110
 -3.638940   0.773580   3.840180  -3.441900   1.471480   4.529100
 -3.638940   0.773580   3.840180  -3.630650   1.224990   2.943470
 -1.218630  -0.743180   3.530870  -2.119470  -0.401830   3.717160
  1.824340   2.174090   4.403130   1.261040   2.241000   5.225730
  1.824340   2.174090   4.403130   2.776910   2.342090   4.651420
  1.824340   2.174090   4.403130   1.522660   2.881740   3.757790
  1.202220  -0.147870   2.949460   1.624950   0.513080   3.542170
  2.342210   5.191360  -0.192310   1.675340   4.440930  -0.133910
  2.342210   5.191360  -0.192310   2.225610   5.639930  -1.078770
 -2.376860   6.309200   1.444000  -2.422640   7.059300   1.894420
  2.342210   5.191360  -0.192310   2.109710   5.852720   0.521220
 -3.696670   6.196700   0.922440  -3.664710   5.191800   0.424620
 -3.696670   6.196700   0.922440  -4.443790   6.221350   1.749740
 -3.696670   6.196700   0.922440  -3.907910   6.989470   0.170320
 -2.376860   6.309200   1.444000  -3.696670   6.196700   0.922440
 -1.171180   3.190130   2.172500  -0.721250   3.320660   0.881970
 -1.171180   3.190130   2.172500  -2.513010   3.058450   2.439220
 -1.171180   3.190130   2.172500  -0.357060   3.710420   3.150490
 -0.675680   1.457350   2.398930  -1.171180   3.190130   2.172500
 -0.289510   0.003560   2.529100  -0.675680   1.457350   2.398930
 -0.289510   0.003560   2.529100  -1.218630  -0.743180   3.530870
 -0.289510   0.003560   2.529100   1.202220  -0.147870   2.949460
 -0.400420  -0.740700   1.145620  -0.289510   0.003560   2.529100
  0.316370  -0.168820   0.065550  -0.400420  -0.740700   1.145620
  0.316370  -0.168820   0.065550   0.009480  -0.740410  -0.845740
  0.316370  -0.168820   0.065550   0.037020   0.914420  -0.021770
  0.316370  -0.168820   0.065550   1.410680  -0.292100   0.261760
