33 atoms follow (x y z r g b radiusScale)
  0.227200  -0.182020   0.030600   0.000000   1.000000   0.000000   1.850000
  1.334800  -0.236810   0.175560   1.000000   1.000000   1.000000   1.200000
 -0.119970   0.882540  -0.045280   1.000000   1.000000   1.000000   1.200000
 -0.085460  -0.774260  -0.865610   1.000000   1.000000   1.000000   1.200000
 -0.401820  -0.793150   1.146740   1.000000   0.000000   0.000000   1.400000
 -0.306370  -0.001100   2.510770   0.500000   0.500000   0.500000   1.900000
  1.175270  -0.134980   2.958320   1.000000   0.000000   0.000000   1.400000
 -1.264080  -0.668500   3.551320   1.000000   0.000000   0.000000   1.400000
 -0.603510   1.464060   2.327240   1.000000   0.000000   0.000000   1.400000
 -1.146370   3.182020   2.143230   1.000000   1.000000   0.000000   1.850000
 -0.260170   3.731500   3.037830   1.000000   0.000000   0.000000   1.400000
 -2.443840   2.994300   2.538210   1.000000   0.000000   0.000000   1.400000
 -0.839260   3.270320   0.812110   1.000000   0.000000   0.000000   1.400000
 -2.287730   6.139070   1.523680   1.000000   0.000000   0.000000   1.400000
 -3.539650   6.121280   0.859680   0.000000   1.000000   0.000000   1.850000
 -3.519770   6.705040  -0.096040   1.000000   1.000000   1.000000   1.200000
 -4.324720   6.528250   1.550110   1.000000   1.000000   1.000000   1.200000
 -3.734460   5.036870   0.616700   1.000000   1.000000   1.000000   1.200000
  2.163440   5.393410  -0.115660   0.000000   0.000000   1.000000   1.540000
  2.279930   6.080620   0.599840   1.000000   1.000000   1.000000   1.200000
 -2.069570   6.959290   1.679990   1.000000   1.000000   1.000000   1.200000
  2.099210   5.856690  -0.999670   1.000000   1.000000   1.000000   1.200000
  1.311670   4.888650   0.050560   1.000000   1.000000   1.000000   1.200000
  1.806820   2.203710   4.543350   0.000000   0.000000   1.000000   1.540000
  1.546090   0.557250   3.547340   1.000000   1.000000   1.000000   1.200000
  1.548680   2.935620   3.906280   1.000000   1.000000   1.000000   1.200000
  2.764260   2.315280   4.803850   1.000000   1.000000   1.000000   1.200000
  1.240210   2.283160   5.361960   1.000000   1.000000   1.000000   1.200000
 -3.666990   0.830860   3.844240   0.000000   0.000000   1.000000   1.540000
 -2.159210  -0.294150   3.723120   1.000000   1.000000   1.000000   1.200000
 -3.792770   1.311850   2.973270   1.000000   1.000000   1.000000   1.200000
 -3.443000   1.514530   4.538670   1.000000   1.000000   1.000000   1.200000
 -4.517650   0.374130   4.097750   1.000000   1.000000   1.000000   1.200000
28 bonds follow (x1 y1 z1 x2 y2 z2)
 -3.666990   0.830860   3.844240  -4.517650   0.374130   4.097750
 -3.666990   0.830860   3.844240  -3.443000   1.514530   4.538670
 -3.666990   0.830860   3.844240  -3.792770   1.311850   2.973270
 -1.264080  -0.668500   3.551320  -2.159210  -0.294150   3.723120
  1.806820   2.203710   4.543350   1.240210   2.283160   5.361960
  1.806820   2.203710   4.543350   2.764260   2.315280   4.803850
  1.806820   2.203710   4.543350   1.548680   2.935620   3.906280
  1.175270  -0.134980   2.958320   1.546090   0.557250   3.547340
  2.163440   5.393410  -0.115660   1.311670   4.888650   0.050560
  2.163440   5.393410  -0.115660   2.099210   5.856690  -0.999670
 -2.287730   6.139070   1.523680  -2.069570   6.959290   1.679990
  2.163440   5.393410  -0.115660   2.279930   6.080620   0.599840
 -3.539650   6.121280   0.859680  -3.734460   5.036870   0.616700
 -3.539650   6.121280   0.859680  -4.324720   6.528250   1.550110
 -3.539650   6.121280   0.859680  -3.519770   6.705040  -0.096040
 -2.287730   6.139070   1.523680  -3.539650   6.121280   0.859680
 -1.146370   3.182020   2.143230  -0.839260   3.270320   0.812110
 -1.146370   3.182020   2.143230  -2.443840   2.994300   2.538210
 -1.146370   3.182020   2.143230  -0.260170   3.731500   3.037830
 -0.603510   1.464060   2.327240  -1.146370   3.182020   2.143230
 -0.306370  -0.001100   2.510770  -0.603510   1.464060   2.327240
 -0.306370  -0.001100   2.510770  -1.264080  -0.668500   3.551320
 -0.306370  -0.001100   2.510770   1.175270  -0.134980   2.958320
 -0.401820  -0.793150   1.146740  -0.306370  -0.001100   2.510770
  0.227200  -0.182020   0.030600  -0.401820  -0.793150   1.146740
  0.227200  -0.182020   0.030600  -0.085460  -0.774260  -0.865610
  0.227200  -0.182020   0.030600  -0.119970   0.882540  -0.045280
  0.227200  -0.182020   0.030600   1.334800  -0.236810   0.175560
