33 atoms follow (x y z r g b radiusScale)
 -0.572490  -0.167540  -0.045980   0.000000   1.000000   0.000000   1.850000
  0.153670  -0.515180  -0.826170   1.000000   1.000000   1.000000   1.200000
 -0.602870   0.954030   0.004230   1.000000   1.000000   1.000000   1.200000
 -1.584820  -0.590800  -0.280100   1.000000   1.000000   1.000000   1.200000
 -0.131940  -0.705360   1.184600   1.000000   0.000000   0.000000   1.400000
 -0.190490   0.170270   2.510990   0.500000   0.500000   0.500000   1.900000
  1.257210   0.139360   3.099430   1.000000   0.000000   0.000000   1.400000
 -1.100320  -0.574270   3.546850   1.000000   0.000000   0.000000   1.400000
 -0.603920   1.580270   2.308980   1.000000   0.000000   0.000000   1.400000
 -1.150730   3.381110   1.827180   1.000000   1.000000   0.000000   1.850000
 -0.062630   3.882920   2.597010   1.000000   0.000000   0.000000   1.400000
 -2.387950   3.057020   2.369710   1.000000   0.000000   0.000000   1.400000
 -0.735090   3.084390   0.499380   1.000000   0.000000   0.000000   1.400000
 -1.609580   5.052010   1.328230   1.000000   0.000000   0.000000   1.400000
 -2.508520   5.912350   1.929490   0.000000   1.000000   0.000000   1.850000
 -3.522070   5.441170   2.010980   1.000000   1.000000   1.000000   1.200000
 -2.578820   6.839710   1.298560   1.000000   1.000000   1.000000   1.200000
 -2.153160   6.200290   2.955210   1.000000   1.000000   1.000000   1.200000
  0.829820   5.236330   0.395380   0.000000   0.000000   1.000000   1.540000
  0.665470   5.353430   1.427750   1.000000   1.000000   1.000000   1.200000
  1.563820   5.833270   0.053230   1.000000   1.000000   1.000000   1.200000
 -0.086080   5.428590  -0.051490   1.000000   1.000000   1.000000   1.200000
  1.013440   4.241970   0.244560   1.000000   1.000000   1.000000   1.200000
  1.152650   2.387260   4.967960   0.000000   0.000000   1.000000   1.540000
  1.469520   0.791560   3.788630   1.000000   1.000000   1.000000   1.200000
  0.911650   3.031620   4.235100   1.000000   1.000000   1.000000   1.200000
  1.956560   2.724620   5.452980   1.000000   1.000000   1.000000   1.200000
  0.391780   2.329950   5.611510   1.000000   1.000000   1.000000   1.200000
 -3.720250   0.817570   3.557430   0.000000   0.000000   1.000000   1.540000
 -2.027820  -0.322010   3.655900   1.000000   1.000000   1.000000   1.200000
 -3.885680   0.971720   2.581480   1.000000   1.000000   1.000000   1.200000
 -3.144620   1.578670   3.873920   1.000000   1.000000   1.000000   1.200000
 -4.596460   0.876900   4.033750   1.000000   1.000000   1.000000   1.200000
29 bonds follow (x1 y1 z1 x2 y2 z2)
 -3.720250   0.817570   3.557430  -4.596460   0.876900   4.033750
 -3.720250   0.817570   3.557430  -3.144620   1.578670   3.873920
 -3.720250   0.817570   3.557430  -3.885680   0.971720   2.581480
 -1.100320  -0.574270   3.546850  -2.027820  -0.322010   3.655900
  1.152650   2.387260   4.967960   0.391780   2.329950   5.611510
  1.152650   2.387260   4.967960   1.956560   2.724620   5.452980
  1.152650   2.387260   4.967960   0.911650   3.031620   4.235100
  1.257210   0.139360   3.099430   1.469520   0.791560   3.788630
  0.829820   5.236330   0.395380   1.013440   4.241970   0.244560
  0.829820   5.236330   0.395380  -0.086080   5.428590  -0.051490
  0.829820   5.236330   0.395380   1.563820   5.833270   0.053230
  0.829820   5.236330   0.395380   0.665470   5.353430   1.427750
 -2.508520   5.912350   1.929490  -2.153160   6.200290   2.955210
 -2.508520   5.912350   1.929490  -2.578820   6.839710   1.298560
 -2.508520   5.912350   1.929490  -3.522070   5.441170   2.010980
 -1.609580   5.052010   1.328230  -2.508520   5.912350   1.929490
 -1.150730   3.381110   1.827180  -1.609580   5.052010   1.328230
 -1.150730   3.381110   1.827180  -0.735090   3.084390   0.499380
 -1.150730   3.381110   1.827180  -2.387950   3.057020   2.369710
 -1.150730   3.381110   1.827180  -0.062630   3.882920   2.597010
 -0.603920   1.580270   2.308980  -1.150730   3.381110   1.827180
 -0.190490   0.170270   2.510990  -0.603920   1.580270   2.308980
 -0.190490   0.170270   2.510990  -1.100320  -0.574270   3.546850
 -0.190490   0.170270   2.510990   1.257210   0.139360   3.099430
 -0.131940  -0.705360   1.184600  -0.190490   0.170270   2.510990
 -0.572490  -0.167540  -0.045980  -0.131940  -0.705360   1.184600
 -0.572490  -0.167540  -0.045980  -1.584820  -0.590800  -0.280100
 -0.572490  -0.167540  -0.045980  -0.602870   0.954030   0.004230
 -0.572490  -0.167540  -0.045980   0.153670  -0.515180  -0.826170
