33 atoms follow (x y z r g b radiusScale)
 -0.000280   0.000120   0.000350   0.000000   1.000000   0.000000   1.850000
  1.118770  -0.000300  -0.000480   1.000000   1.000000   1.000000   1.200000
 -0.405510   1.049550   0.001270   1.000000   1.000000   1.000000   1.200000
 -0.386920  -0.577840  -0.876030   1.000000   1.000000   1.000000   1.200000
 -0.445220  -0.680930   1.155850   1.000000   0.000000   0.000000   1.400000
 -0.329320   0.129700   2.516290   0.500000   0.500000   0.500000   1.900000
  1.153730  -0.066230   2.993550   1.000000   0.000000   0.000000   1.400000
 -1.241220  -0.623730   3.539980   1.000000   0.000000   0.000000   1.400000
 -0.678890   1.568250   2.367040   1.000000   0.000000   0.000000   1.400000
 -1.155150   3.405690   1.974410   1.000000   1.000000   0.000000   1.850000
 -0.026510   3.844110   2.698840   1.000000   0.000000   0.000000   1.400000
 -2.397260   3.156740   2.530290   1.000000   0.000000   0.000000   1.400000
 -0.852880   3.161850   0.615770   1.000000   0.000000   0.000000   1.400000
 -1.547320   5.158680   1.578550   1.000000   0.000000   0.000000   1.400000
 -2.708000   5.607410   0.980360   0.000000   1.000000   0.000000   1.850000
 -2.731460   5.315240  -0.104020   1.000000   1.000000   1.000000   1.200000
 -2.745400   6.726390   1.056260   1.000000   1.000000   1.000000   1.200000
 -3.599500   5.169410   1.499900   1.000000   1.000000   1.000000   1.200000
  0.770400   5.416580   0.506640   0.000000   0.000000   1.000000   1.540000
  1.262260   5.132090   1.358180   1.000000   1.000000   1.000000   1.200000
 -0.241410   5.653620   0.807460   1.000000   1.000000   1.000000   1.200000
  0.702440   4.607310  -0.117000   1.000000   1.000000   1.000000   1.200000
  1.203010   6.209740   0.061560   1.000000   1.000000   1.000000   1.200000
  1.620800   2.232280   4.685670   0.000000   0.000000   1.000000   1.540000
  1.512060   0.571120   3.635780   1.000000   1.000000   1.000000   1.200000
  1.170540   2.892240   4.076320   1.000000   1.000000   1.000000   1.200000
  2.568280   2.509260   4.829930   1.000000   1.000000   1.000000   1.200000
  1.151180   2.228310   5.566310   1.000000   1.000000   1.000000   1.200000
 -3.597500   0.959000   3.767210   0.000000   0.000000   1.000000   1.540000
 -2.135050  -0.267510   3.722540   1.000000   1.000000   1.000000   1.200000
 -3.832090   1.195230   2.822520   1.000000   1.000000   1.000000   1.200000
 -3.167570   1.770750   4.170970   1.000000   1.000000   1.000000   1.200000
 -4.435380   0.750330   4.267390   1.000000   1.000000   1.000000   1.200000
29 bonds follow (x1 y1 z1 x2 y2 z2)
 -3.597500   0.959000   3.767210  -4.435380   0.750330   4.267390
 -3.597500   0.959000   3.767210  -3.167570   1.770750   4.170970
 -3.597500   0.959000   3.767210  -3.832090   1.195230   2.822520
 -1.241220  -0.623730   3.539980  -2.135050  -0.267510   3.722540
  1.620800   2.232280   4.685670   1.151180   2.228310   5.566310
  1.620800   2.232280   4.685670   2.568280   2.509260   4.829930
  1.620800   2.232280   4.685670   1.170540   2.892240   4.076320
  1.153730  -0.066230   2.993550   1.512060   0.571120   3.635780
  0.770400   5.416580   0.506640   1.203010   6.209740   0.061560
  0.770400   5.416580   0.506640   0.702440   4.607310  -0.117000
  0.770400   5.416580   0.506640  -0.241410   5.653620   0.807460
  0.770400   5.416580   0.506640   1.262260   5.132090   1.358180
 -2.708000   5.607410   0.980360  -3.599500   5.169410   1.499900
 -2.708000   5.607410   0.980360  -2.745400   6.726390   1.056260
 -2.708000   5.607410   0.980360  -2.731460   5.315240  -0.104020
 -1.547320   5.158680   1.578550  -2.708000   5.607410   0.980360
 -1.155150   3.405690   1.974410  -1.547320   5.158680   1.578550
 -1.155150   3.405690   1.974410  -0.852880   3.161850   0.615770
 -1.155150   3.405690   1.974410  -2.397260   3.156740   2.530290
 -1.155150   3.405690   1.974410  -0.026510   3.844110   2.698840
 -0.678890   1.568250   2.367040  -1.155150   3.405690   1.974410
 -0.329320   0.129700   2.516290  -0.678890   1.568250   2.367040
 -0.329320   0.129700   2.516290  -1.241220  -0.623730   3.539980
 -0.329320   0.129700   2.516290   1.153730  -0.066230   2.993550
 -0.445220  -0.680930   1.155850  -0.329320   0.129700   2.516290
 -0.000280   0.000120   0.000350  -0.445220  -0.680930   1.155850
 -0.000280   0.000120   0.000350  -0.386920  -0.577840  -0.876030
 -0.000280   0.000120   0.000350  -0.405510   1.049550   0.001270
 -0.000280   0.000120   0.000350   1.118770  -0.000300  -0.000480
