33 atoms follow (x y z r g b radiusScale)
 -0.012540   0.007260  -0.013880   0.000000   1.000000   0.000000   1.850000
  1.106180  -0.015630  -0.033800   1.000000   1.000000   1.000000   1.200000
 -0.396120   1.064870  -0.007420   1.000000   1.000000   1.000000   1.200000
 -0.424160  -0.562520  -0.884330   1.000000   1.000000   1.000000   1.200000
 -0.452440  -0.664280   1.148110   1.000000   0.000000   0.000000   1.400000
 -0.318640   0.153900   2.504610   0.500000   0.500000   0.500000   1.900000
  1.159000  -0.092050   2.987380   1.000000   0.000000   0.000000   1.400000
 -1.227910  -0.610220   3.527030   1.000000   0.000000   0.000000   1.400000
 -0.599360   1.601600   2.337860   1.000000   0.000000   0.000000   1.400000
 -1.191110   3.465590   1.964370   1.000000   1.000000   0.000000   1.850000
 -0.062020   3.881880   2.722350   1.000000   0.000000   0.000000   1.400000
 -2.422700   3.159100   2.534490   1.000000   0.000000   0.000000   1.400000
 -0.888700   3.181810   0.599430   1.000000   0.000000   0.000000   1.400000
 -1.532120   5.155570   1.516900   1.000000   0.000000   0.000000   1.400000
 -2.823010   5.457760   1.107570   0.000000   1.000000   0.000000   1.850000
 -2.947770   5.194520   0.023020   1.000000   1.000000   1.000000   1.200000
 -2.986300   6.558190   1.241350   1.000000   1.000000   1.000000   1.200000
 -3.584340   4.899230   1.712450   1.000000   1.000000   1.000000   1.200000
  0.968510   5.311060   0.517590   0.000000   0.000000   1.000000   1.540000
  0.853540   5.175570   1.546830   1.000000   1.000000   1.000000   1.200000
  0.718570   6.257680   0.272440   1.000000   1.000000   1.000000   1.200000
  0.280500   4.647120   0.086470   1.000000   1.000000   1.000000   1.200000
  1.912650   5.097480   0.227140   1.000000   1.000000   1.000000   1.200000
  1.596250   2.267670   4.685860   0.000000   0.000000   1.000000   1.540000
  1.526930   0.532590   3.630870   1.000000   1.000000   1.000000   1.200000
  1.107590   2.893090   4.070210   1.000000   1.000000   1.000000   1.200000
  2.532140   2.590800   4.808050   1.000000   1.000000   1.000000   1.200000
  1.142130   2.265260   5.574650   1.000000   1.000000   1.000000   1.200000
 -3.626310   0.925180   3.790540   0.000000   0.000000   1.000000   1.540000
 -2.133160  -0.284620   3.695210   1.000000   1.000000   1.000000   1.200000
 -3.854170   1.195570   2.853230   1.000000   1.000000   1.000000   1.200000
 -3.205650   1.723160   4.228770   1.000000   1.000000   1.000000   1.200000
 -4.467040   0.692100   4.275120   1.000000   1.000000   1.000000   1.200000
28 bonds follow (x1 y1 z1 x2 y2 z2)
 -3.626310   0.925180   3.790540  -4.467040   0.692100   4.275120
 -3.626310   0.925180   3.790540  -3.205650   1.723160   4.228770
 -3.626310   0.925180   3.790540  -3.854170   1.195570   2.853230
 -1.227910  -0.610220   3.527030  -2.133160  -0.284620   3.695210
  1.596250   2.267670   4.685860   1.142130   2.265260   5.574650
  1.596250   2.267670   4.685860   2.532140   2.590800   4.808050
  1.596250   2.267670   4.685860   1.107590   2.893090   4.070210
  1.159000  -0.092050   2.987380   1.526930   0.532590   3.630870
  0.968510   5.311060   0.517590   1.912650   5.097480   0.227140
  0.968510   5.311060   0.517590   0.280500   4.647120   0.086470
  0.968510   5.311060   0.517590   0.718570   6.257680   0.272440
  0.968510   5.311060   0.517590   0.853540   5.175570   1.546830
 -2.823010   5.457760   1.107570  -3.584340   4.899230   1.712450
 -2.823010   5.457760   1.107570  -2.986300   6.558190   1.241350
 -2.823010   5.457760   1.107570  -2.947770   5.194520   0.023020
 -1.532120   5.155570   1.516900  -2.823010   5.457760   1.107570
 -1.191110   3.465590   1.964370  -1.532120   5.155570   1.516900
 -1.191110   3.465590   1.964370  -0.888700   3.181810   0.599430
 -1.191110   3.465590   1.964370  -2.422700   3.159100   2.534490
 -1.191110   3.465590   1.964370  -0.062020   3.881880   2.722350
 -0.318640   0.153900   2.504610  -0.599360   1.601600   2.337860
 -0.318640   0.153900   2.504610  -1.227910  -0.610220   3.527030
 -0.318640   0.153900   2.504610   1.159000  -0.092050   2.987380
 -0.452440  -0.664280   1.148110  -0.318640   0.153900   2.504610
 -0.012540   0.007260  -0.013880  -0.452440  -0.664280   1.148110
 -0.012540   0.007260  -0.013880  -0.424160  -0.562520  -0.884330
 -0.012540   0.007260  -0.013880  -0.396120   1.064870  -0.007420
 -0.012540   0.007260  -0.013880   1.106180  -0.015630  -0.033800
