33 atoms follow (x y z r g b radiusScale)
 -0.572720  -0.156730   0.008610   0.000000   1.000000   0.000000   1.850000
  0.173100  -0.466330  -0.768740   1.000000   1.000000   1.000000   1.200000
 -0.620200   0.964090   0.084740   1.000000   1.000000   1.000000   1.200000
 -1.575930  -0.577730  -0.263570   1.000000   1.000000   1.000000   1.200000
 -0.161180  -0.738250   1.229820   1.000000   0.000000   0.000000   1.400000
 -0.170760   0.179320   2.527860   0.500000   0.500000   0.500000   1.900000
  1.272710   0.110880   3.134480   1.000000   0.000000   0.000000   1.400000
 -1.103200  -0.595520   3.513820   1.000000   0.000000   0.000000   1.400000
 -0.683170   1.537590   2.223410   1.000000   0.000000   0.000000   1.400000
 -1.168560   3.383400   1.806000   1.000000   1.000000   0.000000   1.850000
 -0.070680   3.846010   2.591230   1.000000   0.000000   0.000000   1.400000
 -2.415620   3.070810   2.329600   1.000000   0.000000   0.000000   1.400000
 -0.718240   3.111890   0.487830   1.000000   0.000000   0.000000   1.400000
 -1.594580   5.051470   1.322920   1.000000   0.000000   0.000000   1.400000
 -2.526660   5.847650   1.953770   0.000000   1.000000   0.000000   1.850000
 -3.549260   5.394120   1.880500   1.000000   1.000000   1.000000   1.200000
 -2.528170   6.852400   1.451530   1.000000   1.000000   1.000000   1.200000
 -2.263850   5.981790   3.037350   1.000000   1.000000   1.000000   1.200000
  0.835840   5.294430   0.444160   0.000000   0.000000   1.000000   1.540000
  0.822040   5.374620   1.481110   1.000000   1.000000   1.000000   1.200000
  1.557660   5.851020   0.015520   1.000000   1.000000   1.000000   1.200000
 -0.114400   5.563210   0.116230   1.000000   1.000000   1.000000   1.200000
  0.942220   4.291450   0.229570   1.000000   1.000000   1.000000   1.200000
  1.188670   2.399230   4.949400   0.000000   0.000000   1.000000   1.540000
  1.484000   0.713580   3.864480   1.000000   1.000000   1.000000   1.200000
  0.957320   3.062810   4.231020   1.000000   1.000000   1.000000   1.200000
  2.068740   2.639940   5.353250   1.000000   1.000000   1.000000   1.200000
  0.489870   2.434430   5.661100   1.000000   1.000000   1.000000   1.200000
 -3.651190   0.900430   3.554510   0.000000   0.000000   1.000000   1.540000
 -2.019470  -0.282940   3.614480   1.000000   1.000000   1.000000   1.200000
 -3.878390   1.011480   2.586440   1.000000   1.000000   1.000000   1.200000
 -3.301040   1.783500   3.876760   1.000000   1.000000   1.000000   1.200000
 -4.483070   0.674420   4.058340   1.000000   1.000000   1.000000   1.200000
28 bonds follow (x1 y1 z1 x2 y2 z2)
 -3.651190   0.900430   3.554510  -4.483070   0.674420   4.058340
 -3.651190   0.900430   3.554510  -3.301040   1.783500   3.876760
 -3.651190   0.900430   3.554510  -3.878390   1.011480   2.586440
 -1.103200  -0.595520   3.513820  -2.019470  -0.282940   3.614480
  1.188670   2.399230   4.949400   0.489870   2.434430   5.661100
  1.188670   2.399230   4.949400   2.068740   2.639940   5.353250
  1.188670   2.399230   4.949400   0.957320   3.062810   4.231020
  1.272710   0.110880   3.134480   1.484000   0.713580   3.864480
  0.835840   5.294430   0.444160   0.942220   4.291450   0.229570
  0.835840   5.294430   0.444160  -0.114400   5.563210   0.116230
  0.835840   5.294430   0.444160   1.557660   5.851020   0.015520
  0.835840   5.294430   0.444160   0.822040   5.374620   1.481110
 -2.526660   5.847650   1.953770  -2.263850   5.981790   3.037350
 -2.526660   5.847650   1.953770  -2.528170   6.852400   1.451530
 -2.526660   5.847650   1.953770  -3.549260   5.394120   1.880500
 -1.594580   5.051470   1.322920  -2.526660   5.847650   1.953770
 -1.168560   3.383400   1.806000  -1.594580   5.051470   1.322920
 -1.168560   3.383400   1.806000  -0.718240   3.111890   0.487830
 -1.168560   3.383400   1.806000  -2.415620   3.070810   2.329600
 -1.168560   3.383400   1.806000  -0.070680   3.846010   2.591230
 -0.170760   0.179320   2.527860  -0.683170   1.537590   2.223410
 -0.170760   0.179320   2.527860  -1.103200  -0.595520   3.513820
 -0.170760   0.179320   2.527860   1.272710   0.110880   3.134480
 -0.161180  -0.738250   1.229820  -0.170760   0.179320   2.527860
 -0.572720  -0.156730   0.008610  -0.161180  -0.738250   1.229820
 -0.572720  -0.156730   0.008610  -1.575930  -0.577730  -0.263570
 -0.572720  -0.156730   0.008610  -0.620200   0.964090   0.084740
 -0.572720  -0.156730   0.008610   0.173100  -0.466330  -0.768740
