33 atoms follow (x y z r g b radiusScale)
  0.416590  -0.059100   0.106360   0.000000   1.000000   0.000000   1.850000
  1.483910  -0.181410   0.419250   1.000000   1.000000   1.000000   1.200000
  0.139310   1.025730   0.026620   1.000000   1.000000   1.000000   1.200000
  0.216260  -0.602030  -0.850580   1.000000   1.000000   1.000000   1.200000
 -0.407750  -0.667610   1.087480   1.000000   0.000000   0.000000   1.400000
 -0.324070  -0.023020   2.530800   0.500000   0.500000   0.500000   1.900000
  1.185930  -0.111870   2.941650   1.000000   0.000000   0.000000   1.400000
 -1.211040  -0.852360   3.503240   1.000000   0.000000   0.000000   1.400000
 -0.739760   1.431120   2.469590   1.000000   0.000000   0.000000   1.400000
 -1.153100   3.203110   2.212170   1.000000   1.000000   0.000000   1.850000
 -0.513640   3.698800   3.319070   1.000000   0.000000   0.000000   1.400000
 -2.528040   3.050980   2.246860   1.000000   0.000000   0.000000   1.400000
 -0.456320   3.299820   1.034120   1.000000   0.000000   0.000000   1.400000
 -2.568790   6.610940   1.402620   1.000000   0.000000   0.000000   1.400000
 -3.870770   6.258520   1.021470   0.000000   1.000000   0.000000   1.850000
 -4.474990   7.189530   0.827130   1.000000   1.000000   1.000000   1.200000
 -4.383890   5.638700   1.817060   1.000000   1.000000   1.000000   1.200000
 -3.822300   5.657000   0.090810   1.000000   1.000000   1.000000   1.200000
  2.423120   4.735550  -0.264380   0.000000   0.000000   1.000000   1.540000
  2.059750   5.307890   0.468810   1.000000   1.000000   1.000000   1.200000
 -2.554840   7.291830   2.109320   1.000000   1.000000   1.000000   1.200000
  2.013980   5.038290  -1.121960   1.000000   1.000000   1.000000   1.200000
  2.096370   3.804010  -0.089060   1.000000   1.000000   1.000000   1.200000
  1.907330   2.324920   4.283760   0.000000   0.000000   1.000000   1.540000
  1.618700   0.652360   3.377860   1.000000   1.000000   1.000000   1.200000
  1.569890   2.975980   3.599730   1.000000   1.000000   1.000000   1.200000
  2.879530   2.493160   4.440310   1.000000   1.000000   1.000000   1.200000
  1.408670   2.489000   5.134270   1.000000   1.000000   1.000000   1.200000
 -3.529040   0.739710   3.749730   0.000000   0.000000   1.000000   1.540000
 -2.107990  -0.503550   3.720470   1.000000   1.000000   1.000000   1.200000
 -3.467160   1.289700   2.912230   1.000000   1.000000   1.000000   1.200000
 -3.358290   1.341000   4.530120   1.000000   1.000000   1.000000   1.200000
 -4.454850   0.372650   3.822060   1.000000   1.000000   1.000000   1.200000
28 bonds follow (x1 y1 z1 x2 y2 z2)
 -3.529040   0.739710   3.749730  -4.454850   0.372650   3.822060
 -3.529040   0.739710   3.749730  -3.358290   1.341000   4.530120
 -3.529040   0.739710   3.749730  -3.467160   1.289700   2.912230
 -1.211040  -0.852360   3.503240  -2.107990  -0.503550   3.720470
  1.907330   2.324920   4.283760   1.408670   2.489000   5.134270
  1.907330   2.324920   4.283760   2.879530   2.493160   4.440310
  1.907330   2.324920   4.283760   1.569890   2.975980   3.599730
  1.185930  -0.111870   2.941650   1.618700   0.652360   3.377860
  2.423120   4.735550  -0.264380   2.096370   3.804010  -0.089060
  2.423120   4.735550  -0.264380   2.013980   5.038290  -1.121960
 -2.568790   6.610940   1.402620  -2.554840   7.291830   2.109320
  2.423120   4.735550  -0.264380   2.059750   5.307890   0.468810
 -3.870770   6.258520   1.021470  -3.822300   5.657000   0.090810
 -3.870770   6.258520   1.021470  -4.383890   5.638700   1.817060
 -3.870770   6.258520   1.021470  -4.474990   7.189530   0.827130
 -2.568790   6.610940   1.402620  -3.870770   6.258520   1.021470
 -1.153100   3.203110   2.212170  -0.456320   3.299820   1.034120
 -1.153100   3.203110   2.212170  -2.528040   3.050980   2.246860
 -1.153100   3.203110   2.212170  -0.513640   3.698800   3.319070
 -0.739760   1.431120   2.469590  -1.153100   3.203110   2.212170
 -0.324070  -0.023020   2.530800  -0.739760   1.431120   2.469590
 -0.324070  -0.023020   2.530800  -1.211040  -0.852360   3.503240
 -0.324070  -0.023020   2.530800   1.185930  -0.111870   2.941650
 -0.407750  -0.667610   1.087480  -0.324070  -0.023020   2.530800
  0.416590  -0.059100   0.106360  -0.407750  -0.667610   1.087480
  0.416590  -0.059100   0.106360   0.216260  -0.602030  -0.850580
  0.416590  -0.059100   0.106360   0.139310   1.025730   0.026620
  0.416590  -0.059100   0.106360   1.483910  -0.181410   0.419250
