33 atoms follow (x y z r g b radiusScale)
 -0.491730  -0.262260  -0.024220   0.000000   1.000000   0.000000   1.850000
  0.382940  -0.455800  -0.699780   1.000000   1.000000   1.000000   1.200000
 -0.714430   0.837220   0.033420   1.000000   1.000000   1.000000   1.200000
 -1.377020  -0.833230  -0.410660   1.000000   1.000000   1.000000   1.200000
 -0.168530  -0.775770   1.248500   1.000000   0.000000   0.000000   1.400000
 -0.229210   0.166630   2.528370   0.500000   0.500000   0.500000   1.900000
  1.202570   0.024040   3.159030   1.000000   0.000000   0.000000   1.400000
 -1.134680  -0.580600   3.564320   1.000000   0.000000   0.000000   1.400000
 -0.669400   1.556390   2.259680   1.000000   0.000000   0.000000   1.400000
 -1.184810   3.427480   1.762480   1.000000   1.000000   0.000000   1.850000
 -0.110990   3.872020   2.584730   1.000000   0.000000   0.000000   1.400000
 -2.440130   3.051370   2.203370   1.000000   0.000000   0.000000   1.400000
 -0.735250   3.144100   0.455140   1.000000   0.000000   0.000000   1.400000
 -1.590930   5.135990   1.365940   1.000000   0.000000   0.000000   1.400000
 -2.649960   5.769600   1.991650   0.000000   1.000000   0.000000   1.850000
 -3.625330   5.348730   1.632750   1.000000   1.000000   1.000000   1.200000
 -2.605720   6.863670   1.749490   1.000000   1.000000   1.000000   1.200000
 -2.586840   5.637210   3.104420   1.000000   1.000000   1.000000   1.200000
  0.925880   5.307810   0.528570   0.000000   0.000000   1.000000   1.540000
  1.178930   4.710360   1.351930   1.000000   1.000000   1.000000   1.200000
  1.739530   5.676260   0.058130   1.000000   1.000000   1.000000   1.200000
  0.300320   6.041790   0.881210   1.000000   1.000000   1.000000   1.200000
  0.350370   4.711280  -0.090450   1.000000   1.000000   1.000000   1.200000
  1.295160   2.448870   4.886860   0.000000   0.000000   1.000000   1.540000
  1.485900   0.689610   3.799790   1.000000   1.000000   1.000000   1.200000
  0.884690   3.021350   4.171110   1.000000   1.000000   1.000000   1.200000
  2.157170   2.859130   5.176980   1.000000   1.000000   1.000000   1.200000
  0.678410   2.417700   5.671140   1.000000   1.000000   1.000000   1.200000
 -3.511480   0.914660   3.593550   0.000000   0.000000   1.000000   1.540000
 -2.061580  -0.293680   3.676380   1.000000   1.000000   1.000000   1.200000
 -3.617470   1.248460   2.652850   1.000000   1.000000   1.000000   1.200000
 -3.102120   1.661720   4.121230   1.000000   1.000000   1.000000   1.200000
 -4.412430   0.710890   3.971310   1.000000   1.000000   1.000000   1.200000
28 bonds follow (x1 y1 z1 x2 y2 z2)
 -3.511480   0.914660   3.593550  -4.412430   0.710890   3.971310
 -3.511480   0.914660   3.593550  -3.102120   1.661720   4.121230
 -3.511480   0.914660   3.593550  -3.617470   1.248460   2.652850
 -1.134680  -0.580600   3.564320  -2.061580  -0.293680   3.676380
  1.295160   2.448870   4.886860   0.678410   2.417700   5.671140
  1.295160   2.448870   4.886860   2.157170   2.859130   5.176980
  1.295160   2.448870   4.886860   0.884690   3.021350   4.171110
  1.202570   0.024040   3.159030   1.485900   0.689610   3.799790
  0.925880   5.307810   0.528570   0.350370   4.711280  -0.090450
  0.925880   5.307810   0.528570   0.300320   6.041790   0.881210
  0.925880   5.307810   0.528570   1.739530   5.676260   0.058130
  0.925880   5.307810   0.528570   1.178930   4.710360   1.351930
 -2.649960   5.769600   1.991650  -2.586840   5.637210   3.104420
 -2.649960   5.769600   1.991650  -2.605720   6.863670   1.749490
 -2.649960   5.769600   1.991650  -3.625330   5.348730   1.632750
 -1.590930   5.135990   1.365940  -2.649960   5.769600   1.991650
 -1.184810   3.427480   1.762480  -1.590930   5.135990   1.365940
 -1.184810   3.427480   1.762480  -0.735250   3.144100   0.455140
 -1.184810   3.427480   1.762480  -2.440130   3.051370   2.203370
 -1.184810   3.427480   1.762480  -0.110990   3.872020   2.584730
 -0.229210   0.166630   2.528370  -0.669400   1.556390   2.259680
 -0.229210   0.166630   2.528370  -1.134680  -0.580600   3.564320
 -0.229210   0.166630   2.528370   1.202570   0.024040   3.159030
 -0.168530  -0.775770   1.248500  -0.229210   0.166630   2.528370
 -0.491730  -0.262260  -0.024220  -0.168530  -0.775770   1.248500
 -0.491730  -0.262260  -0.024220  -1.377020  -0.833230  -0.410660
 -0.491730  -0.262260  -0.024220  -0.714430   0.837220   0.033420
 -0.491730  -0.262260  -0.024220   0.382940  -0.455800  -0.699780
