33 atoms follow (x y z r g b radiusScale)
 -0.443790  -0.066160  -0.053750   0.000000   1.000000   0.000000   1.850000
  0.509590  -0.110860  -0.642600   1.000000   1.000000   1.000000   1.200000
 -0.780300   0.997340   0.085110   1.000000   1.000000   1.000000   1.200000
 -1.224270  -0.669500  -0.587260   1.000000   1.000000   1.000000   1.200000
 -0.223310  -0.693320   1.190470   1.000000   0.000000   0.000000   1.400000
 -0.207390   0.153040   2.530560   0.500000   0.500000   0.500000   1.900000
  1.264130  -0.052250   3.064850   1.000000   0.000000   0.000000   1.400000
 -1.022800  -0.664630   3.602050   1.000000   0.000000   0.000000   1.400000
 -0.592930   1.567660   2.350640   1.000000   0.000000   0.000000   1.400000
 -1.190320   3.452370   1.857480   1.000000   1.000000   0.000000   1.850000
 -0.029830   3.917420   2.525140   1.000000   0.000000   0.000000   1.400000
 -2.372020   3.138310   2.503110   1.000000   0.000000   0.000000   1.400000
 -0.922200   3.093490   0.505400   1.000000   0.000000   0.000000   1.400000
 -1.574530   5.121420   1.373440   1.000000   0.000000   0.000000   1.400000
 -2.556260   5.944180   1.887060   0.000000   1.000000   0.000000   1.850000
 -3.186900   5.405620   2.641110   1.000000   1.000000   1.000000   1.200000
 -3.209320   6.302630   1.047100   1.000000   1.000000   1.000000   1.200000
 -2.074600   6.835080   2.374210   1.000000   1.000000   1.000000   1.200000
  0.909340   5.108060   0.294570   0.000000   0.000000   1.000000   1.540000
  1.366260   4.402520   0.873120   1.000000   1.000000   1.000000   1.200000
  1.563390   5.655650  -0.240240   1.000000   1.000000   1.000000   1.200000
  0.344570   5.688890   0.944480   1.000000   1.000000   1.000000   1.200000
  0.217090   4.605270  -0.313030   1.000000   1.000000   1.000000   1.200000
  1.040530   2.492310   5.019370   0.000000   0.000000   1.000000   1.540000
  1.415450   0.119830   3.995400   1.000000   1.000000   1.000000   1.200000
  0.930330   2.968990   4.142150   1.000000   1.000000   1.000000   1.200000
  1.778560   2.930480   5.530170   1.000000   1.000000   1.000000   1.200000
  0.195510   2.599380   5.541960   1.000000   1.000000   1.000000   1.200000
 -3.554970   0.761490   3.386710   0.000000   0.000000   1.000000   1.540000
 -1.950670  -0.431340   3.751370   1.000000   1.000000   1.000000   1.200000
 -3.816690   0.998400   2.451000   1.000000   1.000000   1.000000   1.200000
 -3.221390   1.602650   3.821770   1.000000   1.000000   1.000000   1.200000
 -4.361700   0.436630   3.876580   1.000000   1.000000   1.000000   1.200000
28 bonds follow (x1 y1 z1 x2 y2 z2)
 -3.554970   0.761490   3.386710  -4.361700   0.436630   3.876580
 -3.554970   0.761490   3.386710  -3.221390   1.602650   3.821770
 -3.554970   0.761490   3.386710  -3.816690   0.998400   2.451000
 -1.022800  -0.664630   3.602050  -1.950670  -0.431340   3.751370
  1.040530   2.492310   5.019370   0.195510   2.599380   5.541960
  1.040530   2.492310   5.019370   1.778560   2.930480   5.530170
  1.040530   2.492310   5.019370   0.930330   2.968990   4.142150
  1.264130  -0.052250   3.064850   1.415450   0.119830   3.995400
  0.909340   5.108060   0.294570   0.217090   4.605270  -0.313030
  0.909340   5.108060   0.294570   0.344570   5.688890   0.944480
  0.909340   5.108060   0.294570   1.563390   5.655650  -0.240240
  0.909340   5.108060   0.294570   1.366260   4.402520   0.873120
 -2.556260   5.944180   1.887060  -2.074600   6.835080   2.374210
 -2.556260   5.944180   1.887060  -3.209320   6.302630   1.047100
 -2.556260   5.944180   1.887060  -3.186900   5.405620   2.641110
 -1.574530   5.121420   1.373440  -2.556260   5.944180   1.887060
 -1.190320   3.452370   1.857480  -1.574530   5.121420   1.373440
 -1.190320   3.452370   1.857480  -0.922200   3.093490   0.505400
 -1.190320   3.452370   1.857480  -2.372020   3.138310   2.503110
 -1.190320   3.452370   1.857480  -0.029830   3.917420   2.525140
 -0.207390   0.153040   2.530560  -0.592930   1.567660   2.350640
 -0.207390   0.153040   2.530560  -1.022800  -0.664630   3.602050
 -0.207390   0.153040   2.530560   1.264130  -0.052250   3.064850
 -0.223310  -0.693320   1.190470  -0.207390   0.153040   2.530560
 -0.443790  -0.066160  -0.053750  -0.223310  -0.693320   1.190470
 -0.443790  -0.066160  -0.053750  -1.224270  -0.669500  -0.587260
 -0.443790  -0.066160  -0.053750  -0.780300   0.997340   0.085110
 -0.443790  -0.066160  -0.053750   0.509590  -0.110860  -0.642600
