33 atoms follow (x y z r g b radiusScale)
  0.030800  -0.052070   0.035210   0.000000   1.000000   0.000000   1.850000
  1.148700  -0.016000   0.056040   1.000000   1.000000   1.000000   1.200000
 -0.408000   0.981890   0.047230   1.000000   1.000000   1.000000   1.200000
 -0.327020  -0.622910  -0.857800   1.000000   1.000000   1.000000   1.200000
 -0.410690  -0.768080   1.175730   1.000000   0.000000   0.000000   1.400000
 -0.310640   0.033330   2.535110   0.500000   0.500000   0.500000   1.900000
  1.162400  -0.118250   3.026590   1.000000   0.000000   0.000000   1.400000
 -1.240550  -0.691650   3.547750   1.000000   0.000000   0.000000   1.400000
 -0.714290   1.477050   2.375900   1.000000   0.000000   0.000000   1.400000
 -1.105820   3.214400   2.034670   1.000000   1.000000   0.000000   1.850000
 -0.094900   3.806920   2.769110   1.000000   0.000000   0.000000   1.400000
 -2.369460   3.129950   2.537300   1.000000   0.000000   0.000000   1.400000
 -0.930830   3.188640   0.669250   1.000000   0.000000   0.000000   1.400000
 -1.974770   5.723010   1.683310   1.000000   0.000000   0.000000   1.400000
 -3.094480   5.842620   0.836530   0.000000   1.000000   0.000000   1.850000
 -2.807500   5.606180  -0.221100   1.000000   1.000000   1.000000   1.200000
 -3.532420   6.869350   0.896350   1.000000   1.000000   1.000000   1.200000
 -3.841400   5.092730   1.198160   1.000000   1.000000   1.000000   1.200000
  1.503430   5.668100   0.137870   0.000000   0.000000   1.000000   1.540000
  1.383280   5.665250   1.132720   1.000000   1.000000   1.000000   1.200000
 -1.287640   6.428980   1.469420   1.000000   1.000000   1.000000   1.200000
  0.606990   5.495660  -0.273220   1.000000   1.000000   1.000000   1.200000
  2.088060   4.889430  -0.084250   1.000000   1.000000   1.000000   1.200000
  1.670280   2.168160   4.655310   0.000000   0.000000   1.000000   1.540000
  1.530160   0.525180   3.668860   1.000000   1.000000   1.000000   1.200000
  1.327700   2.896380   4.053540   1.000000   1.000000   1.000000   1.200000
  2.622450   2.359570   4.886980   1.000000   1.000000   1.000000   1.200000
  1.131890   2.163160   5.496440   1.000000   1.000000   1.000000   1.200000
 -3.555500   0.950410   3.757110   0.000000   0.000000   1.000000   1.540000
 -2.128800  -0.320760   3.741650   1.000000   1.000000   1.000000   1.200000
 -3.785330   1.168070   2.806890   1.000000   1.000000   1.000000   1.200000
 -3.154540   1.776090   4.161470   1.000000   1.000000   1.000000   1.200000
 -4.393470   0.721750   4.248700   1.000000   1.000000   1.000000   1.200000
28 bonds follow (x1 y1 z1 x2 y2 z2)
 -3.555500   0.950410   3.757110  -4.393470   0.721750   4.248700
 -3.555500   0.950410   3.757110  -3.154540   1.776090   4.161470
 -3.555500   0.950410   3.757110  -3.785330   1.168070   2.806890
 -1.240550  -0.691650   3.547750  -2.128800  -0.320760   3.741650
  1.670280   2.168160   4.655310   1.131890   2.163160   5.496440
  1.670280   2.168160   4.655310   2.622450   2.359570   4.886980
  1.670280   2.168160   4.655310   1.327700   2.896380   4.053540
  1.162400  -0.118250   3.026590   1.530160   0.525180   3.668860
  1.503430   5.668100   0.137870   2.088060   4.889430  -0.084250
  1.503430   5.668100   0.137870   0.606990   5.495660  -0.273220
 -1.974770   5.723010   1.683310  -1.287640   6.428980   1.469420
  1.503430   5.668100   0.137870   1.383280   5.665250   1.132720
 -3.094480   5.842620   0.836530  -3.841400   5.092730   1.198160
 -3.094480   5.842620   0.836530  -3.532420   6.869350   0.896350
 -3.094480   5.842620   0.836530  -2.807500   5.606180  -0.221100
 -1.974770   5.723010   1.683310  -3.094480   5.842620   0.836530
 -1.105820   3.214400   2.034670  -0.930830   3.188640   0.669250
 -1.105820   3.214400   2.034670  -2.369460   3.129950   2.537300
 -1.105820   3.214400   2.034670  -0.094900   3.806920   2.769110
 -0.714290   1.477050   2.375900  -1.105820   3.214400   2.034670
 -0.310640   0.033330   2.535110  -0.714290   1.477050   2.375900
 -0.310640   0.033330   2.535110  -1.240550  -0.691650   3.547750
 -0.310640   0.033330   2.535110   1.162400  -0.118250   3.026590
 -0.410690  -0.768080   1.175730  -0.310640   0.033330   2.535110
  0.030800  -0.052070   0.035210  -0.410690  -0.768080   1.175730
  0.030800  -0.052070   0.035210  -0.327020  -0.622910  -0.857800
  0.030800  -0.052070   0.035210  -0.408000   0.981890   0.047230
  0.030800  -0.052070   0.035210   1.148700  -0.016000   0.056040
