33 atoms follow (x y z r g b radiusScale)
 -0.551130  -0.141660  -0.028460   0.000000   1.000000   0.000000   1.850000
  0.254560  -0.375550  -0.772620   1.000000   1.000000   1.000000   1.200000
 -0.690560   0.969320   0.073860   1.000000   1.000000   1.000000   1.200000
 -1.501570  -0.637110  -0.359710   1.000000   1.000000   1.000000   1.200000
 -0.164430  -0.715510   1.202480   1.000000   0.000000   0.000000   1.400000
 -0.166900   0.179470   2.516690   0.500000   0.500000   0.500000   1.900000
  1.291540   0.051310   3.081100   1.000000   0.000000   0.000000   1.400000
 -1.081710  -0.615010   3.511780   1.000000   0.000000   0.000000   1.400000
 -0.591270   1.585020   2.314280   1.000000   0.000000   0.000000   1.400000
 -1.186700   3.421250   1.860380   1.000000   1.000000   0.000000   1.850000
 -0.090400   3.942440   2.611950   1.000000   0.000000   0.000000   1.400000
 -2.410130   3.090160   2.429540   1.000000   0.000000   0.000000   1.400000
 -0.786740   3.098370   0.532170   1.000000   0.000000   0.000000   1.400000
 -1.567130   5.070490   1.295480   1.000000   0.000000   0.000000   1.400000
 -2.488920   5.880150   1.921330   0.000000   1.000000   0.000000   1.850000
 -3.389920   5.289140   2.234960   1.000000   1.000000   1.000000   1.200000
 -2.805260   6.682220   1.203600   1.000000   1.000000   1.000000   1.200000
 -2.031800   6.361060   2.828310   1.000000   1.000000   1.000000   1.200000
  0.882280   5.188510   0.314260   0.000000   0.000000   1.000000   1.540000
  0.869350   5.209100   1.348250   1.000000   1.000000   1.000000   1.200000
  1.627640   5.738410  -0.078490   1.000000   1.000000   1.000000   1.200000
 -0.058490   5.515170   0.015470   1.000000   1.000000   1.000000   1.200000
  0.928300   4.189890   0.044030   1.000000   1.000000   1.000000   1.200000
  1.104400   2.404850   4.968620   0.000000   0.000000   1.000000   1.540000
  1.551260   0.631460   3.807160   1.000000   1.000000   1.000000   1.200000
  0.832480   3.048490   4.246250   1.000000   1.000000   1.000000   1.200000
  1.844630   2.806770   5.503310   1.000000   1.000000   1.000000   1.200000
  0.325570   2.249790   5.574060   1.000000   1.000000   1.000000   1.200000
 -3.695520   0.803130   3.510350   0.000000   0.000000   1.000000   1.540000
 -2.001400  -0.326340   3.629180   1.000000   1.000000   1.000000   1.200000
 -3.995900   0.956080   2.569470   1.000000   1.000000   1.000000   1.200000
 -3.408910   1.689180   3.881960   1.000000   1.000000   1.000000   1.200000
 -4.461870   0.449490   4.043140   1.000000   1.000000   1.000000   1.200000
28 bonds follow (x1 y1 z1 x2 y2 z2)
 -3.695520   0.803130   3.510350  -4.461870   0.449490   4.043140
 -3.695520   0.803130   3.510350  -3.408910   1.689180   3.881960
 -3.695520   0.803130   3.510350  -3.995900   0.956080   2.569470
 -1.081710  -0.615010   3.511780  -2.001400  -0.326340   3.629180
  1.104400   2.404850   4.968620   0.325570   2.249790   5.574060
  1.104400   2.404850   4.968620   1.844630   2.806770   5.503310
  1.104400   2.404850   4.968620   0.832480   3.048490   4.246250
  1.291540   0.051310   3.081100   1.551260   0.631460   3.807160
  0.882280   5.188510   0.314260   0.928300   4.189890   0.044030
  0.882280   5.188510   0.314260  -0.058490   5.515170   0.015470
  0.882280   5.188510   0.314260   1.627640   5.738410  -0.078490
  0.882280   5.188510   0.314260   0.869350   5.209100   1.348250
 -2.488920   5.880150   1.921330  -2.031800   6.361060   2.828310
 -2.488920   5.880150   1.921330  -2.805260   6.682220   1.203600
 -2.488920   5.880150   1.921330  -3.389920   5.289140   2.234960
 -1.567130   5.070490   1.295480  -2.488920   5.880150   1.921330
 -1.186700   3.421250   1.860380  -1.567130   5.070490   1.295480
 -1.186700   3.421250   1.860380  -0.786740   3.098370   0.532170
 -1.186700   3.421250   1.860380  -2.410130   3.090160   2.429540
 -1.186700   3.421250   1.860380  -0.090400   3.942440   2.611950
 -0.166900   0.179470   2.516690  -0.591270   1.585020   2.314280
 -0.166900   0.179470   2.516690  -1.081710  -0.615010   3.511780
 -0.166900   0.179470   2.516690   1.291540   0.051310   3.081100
 -0.164430  -0.715510   1.202480  -0.166900   0.179470   2.516690
 -0.551130  -0.141660  -0.028460  -0.164430  -0.715510   1.202480
 -0.551130  -0.141660  -0.028460  -1.501570  -0.637110  -0.359710
 -0.551130  -0.141660  -0.028460  -0.690560   0.969320   0.073860
 -0.551130  -0.141660  -0.028460   0.254560  -0.375550  -0.772620
