33 atoms follow (x y z r g b radiusScale)
 -0.046780   0.035870  -0.013210   0.000000   1.000000   0.000000   1.850000
  1.060800  -0.061630  -0.145920   1.000000   1.000000   1.000000   1.200000
 -0.354750   1.113930   0.063740   1.000000   1.000000   1.000000   1.200000
 -0.572230  -0.464710  -0.866000   1.000000   1.000000   1.000000   1.200000
 -0.427110  -0.662870   1.154530   1.000000   0.000000   0.000000   1.400000
 -0.319900   0.139460   2.522100   0.500000   0.500000   0.500000   1.900000
  1.183980  -0.050960   2.943210   1.000000   0.000000   0.000000   1.400000
 -1.196440  -0.663550   3.546030   1.000000   0.000000   0.000000   1.400000
 -0.637210   1.584980   2.407420   1.000000   0.000000   0.000000   1.400000
 -1.197610   3.434630   1.937630   1.000000   1.000000   0.000000   1.850000
 -0.111850   3.919220   2.714720   1.000000   0.000000   0.000000   1.400000
 -2.444230   3.115760   2.468400   1.000000   0.000000   0.000000   1.400000
 -0.748650   3.108380   0.630220   1.000000   0.000000   0.000000   1.400000
 -1.550410   5.085080   1.374480   1.000000   0.000000   0.000000   1.400000
 -2.807790   5.644380   1.285570   0.000000   1.000000   0.000000   1.850000
 -3.272170   5.391960   0.294880   1.000000   1.000000   1.000000   1.200000
 -2.705680   6.758980   1.366140   1.000000   1.000000   1.000000   1.200000
 -3.471370   5.270510   2.108800   1.000000   1.000000   1.000000   1.200000
  0.928140   5.298960   0.512020   0.000000   0.000000   1.000000   1.540000
  0.685790   5.393260   1.520940   1.000000   1.000000   1.000000   1.200000
  1.282050   6.160630   0.127210   1.000000   1.000000   1.000000   1.200000
  0.031960   5.008780   0.057270   1.000000   1.000000   1.000000   1.200000
  1.592430   4.542250   0.409660   1.000000   1.000000   1.000000   1.200000
  1.554170   2.293830   4.707430   0.000000   0.000000   1.000000   1.540000
  1.583290   0.639650   3.490970   1.000000   1.000000   1.000000   1.200000
  1.034760   2.884740   4.081580   1.000000   1.000000   1.000000   1.200000
  2.472200   2.667630   4.821820   1.000000   1.000000   1.000000   1.200000
  1.101470   2.287030   5.596850   1.000000   1.000000   1.000000   1.200000
 -3.600550   0.955370   3.757070   0.000000   0.000000   1.000000   1.540000
 -2.084560  -0.323630   3.758850   1.000000   1.000000   1.000000   1.200000
 -3.827100   1.162210   2.803450   1.000000   1.000000   1.000000   1.200000
 -3.164970   1.776140   4.135630   1.000000   1.000000   1.000000   1.200000
 -4.446210   0.778550   4.256960   1.000000   1.000000   1.000000   1.200000
28 bonds follow (x1 y1 z1 x2 y2 z2)
 -3.600550   0.955370   3.757070  -4.446210   0.778550   4.256960
 -3.600550   0.955370   3.757070  -3.164970   1.776140   4.135630
 -3.600550   0.955370   3.757070  -3.827100   1.162210   2.803450
 -1.196440  -0.663550   3.546030  -2.084560  -0.323630   3.758850
  1.554170   2.293830   4.707430   1.101470   2.287030   5.596850
  1.554170   2.293830   4.707430   2.472200   2.667630   4.821820
  1.554170   2.293830   4.707430   1.034760   2.884740   4.081580
  1.183980  -0.050960   2.943210   1.583290   0.639650   3.490970
  0.928140   5.298960   0.512020   1.592430   4.542250   0.409660
  0.928140   5.298960   0.512020   0.031960   5.008780   0.057270
  0.928140   5.298960   0.512020   1.282050   6.160630   0.127210
  0.928140   5.298960   0.512020   0.685790   5.393260   1.520940
 -2.807790   5.644380   1.285570  -3.471370   5.270510   2.108800
 -2.807790   5.644380   1.285570  -2.705680   6.758980   1.366140
 -2.807790   5.644380   1.285570  -3.272170   5.391960   0.294880
 -1.550410   5.085080   1.374480  -2.807790   5.644380   1.285570
 -1.197610   3.434630   1.937630  -1.550410   5.085080   1.374480
 -1.197610   3.434630   1.937630  -0.748650   3.108380   0.630220
 -1.197610   3.434630   1.937630  -2.444230   3.115760   2.468400
 -1.197610   3.434630   1.937630  -0.111850   3.919220   2.714720
 -0.319900   0.139460   2.522100  -0.637210   1.584980   2.407420
 -0.319900   0.139460   2.522100  -1.196440  -0.663550   3.546030
 -0.319900   0.139460   2.522100   1.183980  -0.050960   2.943210
 -0.427110  -0.662870   1.154530  -0.319900   0.139460   2.522100
 -0.046780   0.035870  -0.013210  -0.427110  -0.662870   1.154530
 -0.046780   0.035870  -0.013210  -0.572230  -0.464710  -0.866000
 -0.046780   0.035870  -0.013210  -0.354750   1.113930   0.063740
 -0.046780   0.035870  -0.013210   1.060800  -0.061630  -0.145920
