33 atoms follow (x y z r g b radiusScale)
  0.302120  -0.169320   0.073340   0.000000   1.000000   0.000000   1.850000
  1.396680  -0.298460   0.265690   1.000000   1.000000   1.000000   1.200000
  0.022580   0.916400   0.009020   1.000000   1.000000   1.000000   1.200000
 -0.007010  -0.715620  -0.852570   1.000000   1.000000   1.000000   1.200000
 -0.405690  -0.763560   1.146130   1.000000   0.000000   0.000000   1.400000
 -0.285610   0.000370   2.520130   0.500000   0.500000   0.500000   1.900000
  1.210140  -0.151750   2.948920   1.000000   0.000000   0.000000   1.400000
 -1.219500  -0.726090   3.522680   1.000000   0.000000   0.000000   1.400000
 -0.690110   1.448470   2.400510   1.000000   0.000000   0.000000   1.400000
 -1.156350   3.188530   2.170640   1.000000   1.000000   0.000000   1.850000
 -0.348080   3.724080   3.134190   1.000000   0.000000   0.000000   1.400000
 -2.499390   3.038090   2.448860   1.000000   0.000000   0.000000   1.400000
 -0.755160   3.324330   0.870280   1.000000   0.000000   0.000000   1.400000
 -2.372620   6.283570   1.449940   1.000000   0.000000   0.000000   1.400000
 -3.669430   6.170580   0.914240   0.000000   1.000000   0.000000   1.850000
 -3.817630   6.985500   0.151090   1.000000   1.000000   1.000000   1.200000
 -4.463070   6.266060   1.706980   1.000000   1.000000   1.000000   1.200000
 -3.739400   5.179860   0.413600   1.000000   1.000000   1.000000   1.200000
  2.318810   5.223520  -0.182280   0.000000   0.000000   1.000000   1.540000
  2.155750   5.904420   0.528060   1.000000   1.000000   1.000000   1.200000
 -2.245140   7.208840   1.940100   1.000000   1.000000   1.000000   1.200000
  2.242930   5.678050  -1.065610   1.000000   1.000000   1.000000   1.200000
  1.616190   4.514680  -0.124260   1.000000   1.000000   1.000000   1.200000
  1.826820   2.179400   4.428550   0.000000   0.000000   1.000000   1.540000
  1.635550   0.516240   3.529150   1.000000   1.000000   1.000000   1.200000
  1.526260   2.877540   3.772780   1.000000   1.000000   1.000000   1.200000
  2.775240   2.358650   4.684870   1.000000   1.000000   1.000000   1.200000
  1.254510   2.252310   5.244550   1.000000   1.000000   1.000000   1.200000
 -3.656070   0.788890   3.842740   0.000000   0.000000   1.000000   1.540000
 -2.111400  -0.355930   3.712590   1.000000   1.000000   1.000000   1.200000
 -3.661090   1.254930   2.953440   1.000000   1.000000   1.000000   1.200000
 -3.448560   1.475900   4.539970   1.000000   1.000000   1.000000   1.200000
 -4.568080   0.421970   4.018890   1.000000   1.000000   1.000000   1.200000
28 bonds follow (x1 y1 z1 x2 y2 z2)
 -3.656070   0.788890   3.842740  -4.568080   0.421970   4.018890
 -3.656070   0.788890   3.842740  -3.448560   1.475900   4.539970
 -3.656070   0.788890   3.842740  -3.661090   1.254930   2.953440
 -1.219500  -0.726090   3.522680  -2.111400  -0.355930   3.712590
  1.826820   2.179400   4.428550   1.254510   2.252310   5.244550
  1.826820   2.179400   4.428550   2.775240   2.358650   4.684870
  1.826820   2.179400   4.428550   1.526260   2.877540   3.772780
  1.210140  -0.151750   2.948920   1.635550   0.516240   3.529150
  2.318810   5.223520  -0.182280   1.616190   4.514680  -0.124260
  2.318810   5.223520  -0.182280   2.242930   5.678050  -1.065610
 -2.372620   6.283570   1.449940  -2.245140   7.208840   1.940100
  2.318810   5.223520  -0.182280   2.155750   5.904420   0.528060
 -3.669430   6.170580   0.914240  -3.739400   5.179860   0.413600
 -3.669430   6.170580   0.914240  -4.463070   6.266060   1.706980
 -3.669430   6.170580   0.914240  -3.817630   6.985500   0.151090
 -2.372620   6.283570   1.449940  -3.669430   6.170580   0.914240
 -1.156350   3.188530   2.170640  -0.755160   3.324330   0.870280
 -1.156350   3.188530   2.170640  -2.499390   3.038090   2.448860
 -1.156350   3.188530   2.170640  -0.348080   3.724080   3.134190
 -0.690110   1.448470   2.400510  -1.156350   3.188530   2.170640
 -0.285610   0.000370   2.520130  -0.690110   1.448470   2.400510
 -0.285610   0.000370   2.520130  -1.219500  -0.726090   3.522680
 -0.285610   0.000370   2.520130   1.210140  -0.151750   2.948920
 -0.405690  -0.763560   1.146130  -0.285610   0.000370   2.520130
  0.302120  -0.169320   0.073340  -0.405690  -0.763560   1.146130
  0.302120  -0.169320   0.073340  -0.007010  -0.715620  -0.852570
  0.302120  -0.169320   0.073340   0.022580   0.916400   0.009020
  0.302120  -0.169320   0.073340   1.396680  -0.298460   0.265690
