33 atoms follow (x y z r g b radiusScale)
 -0.270160  -0.179520  -0.065800   0.000000   1.000000   0.000000   1.850000
  0.668470  -0.481840  -0.599710   1.000000   1.000000   1.000000   1.200000
 -0.357880   0.939840   0.003790   1.000000   1.000000   1.000000   1.200000
 -1.150940  -0.612260  -0.609210   1.000000   1.000000   1.000000   1.200000
 -0.241640  -0.764130   1.221340   1.000000   0.000000   0.000000   1.400000
 -0.252430   0.174100   2.501330   0.500000   0.500000   0.500000   1.900000
  1.204490   0.062660   3.067160   1.000000   0.000000   0.000000   1.400000
 -1.156690  -0.481780   3.598490   1.000000   0.000000   0.000000   1.400000
 -0.657110   1.572260   2.223200   1.000000   0.000000   0.000000   1.400000
 -1.190530   3.368500   1.804670   1.000000   1.000000   0.000000   1.850000
 -0.107500   3.867740   2.591920   1.000000   0.000000   0.000000   1.400000
 -2.437250   3.025430   2.314340   1.000000   0.000000   0.000000   1.400000
 -0.733440   3.128490   0.476760   1.000000   0.000000   0.000000   1.400000
 -1.609720   5.043950   1.338060   1.000000   0.000000   0.000000   1.400000
 -2.699220   5.765350   1.773310   0.000000   1.000000   0.000000   1.850000
 -3.603350   5.521560   1.155870   1.000000   1.000000   1.000000   1.200000
 -2.467610   6.859550   1.664770   1.000000   1.000000   1.000000   1.200000
 -2.925770   5.544270   2.849670   1.000000   1.000000   1.000000   1.200000
  0.938530   5.281820   0.675850   0.000000   0.000000   1.000000   1.540000
  1.362800   4.504260   1.206380   1.000000   1.000000   1.000000   1.200000
  1.604510   5.788080   0.112240   1.000000   1.000000   1.000000   1.200000
  0.461130   5.875590   1.363340   1.000000   1.000000   1.000000   1.200000
  0.181290   4.856180   0.100280   1.000000   1.000000   1.000000   1.200000
  1.430690   2.421340   4.806030   0.000000   0.000000   1.000000   1.540000
  1.462410   0.633540   3.805140   1.000000   1.000000   1.000000   1.200000
  0.881510   3.070950   4.271910   1.000000   1.000000   1.000000   1.200000
  2.330800   2.812030   4.982510   1.000000   1.000000   1.000000   1.200000
  0.981920   2.239670   5.678650   1.000000   1.000000   1.000000   1.200000
 -3.680420   0.970920   3.725150   0.000000   0.000000   1.000000   1.540000
 -2.070140  -0.160940   3.722180   1.000000   1.000000   1.000000   1.200000
 -3.865580   1.234080   2.776120   1.000000   1.000000   1.000000   1.200000
 -3.325850   1.784730   4.188950   1.000000   1.000000   1.000000   1.200000
 -4.532940   0.690920   4.161840   1.000000   1.000000   1.000000   1.200000
29 bonds follow (x1 y1 z1 x2 y2 z2)
 -3.680420   0.970920   3.725150  -4.532940   0.690920   4.161840
 -3.680420   0.970920   3.725150  -3.325850   1.784730   4.188950
 -3.680420   0.970920   3.725150  -3.865580   1.234080   2.776120
 -1.156690  -0.481780   3.598490  -2.070140  -0.160940   3.722180
  1.430690   2.421340   4.806030   0.981920   2.239670   5.678650
  1.430690   2.421340   4.806030   2.330800   2.812030   4.982510
  1.430690   2.421340   4.806030   0.881510   3.070950   4.271910
  1.204490   0.062660   3.067160   1.462410   0.633540   3.805140
  0.938530   5.281820   0.675850   0.181290   4.856180   0.100280
  0.938530   5.281820   0.675850   0.461130   5.875590   1.363340
  0.938530   5.281820   0.675850   1.604510   5.788080   0.112240
  0.938530   5.281820   0.675850   1.362800   4.504260   1.206380
 -2.699220   5.765350   1.773310  -2.925770   5.544270   2.849670
 -2.699220   5.765350   1.773310  -2.467610   6.859550   1.664770
 -2.699220   5.765350   1.773310  -3.603350   5.521560   1.155870
 -1.609720   5.043950   1.338060  -2.699220   5.765350   1.773310
 -1.190530   3.368500   1.804670  -1.609720   5.043950   1.338060
 -1.190530   3.368500   1.804670  -0.733440   3.128490   0.476760
 -1.190530   3.368500   1.804670  -2.437250   3.025430   2.314340
 -1.190530   3.368500   1.804670  -0.107500   3.867740   2.591920
 -0.657110   1.572260   2.223200  -1.190530   3.368500   1.804670
 -0.252430   0.174100   2.501330  -0.657110   1.572260   2.223200
 -0.252430   0.174100   2.501330  -1.156690  -0.481780   3.598490
 -0.252430   0.174100   2.501330   1.204490   0.062660   3.067160
 -0.241640  -0.764130   1.221340  -0.252430   0.174100   2.501330
 -0.270160  -0.179520  -0.065800  -0.241640  -0.764130   1.221340
 -0.270160  -0.179520  -0.065800  -1.150940  -0.612260  -0.609210
 -0.270160  -0.179520  -0.065800  -0.357880   0.939840   0.003790
 -0.270160  -0.179520  -0.065800   0.668470  -0.481840  -0.599710
