33 atoms follow (x y z r g b radiusScale)
 -0.560800  -0.161160  -0.043880   0.000000   1.000000   0.000000   1.850000
  0.200270  -0.469720  -0.807710   1.000000   1.000000   1.000000   1.200000
 -0.636770   0.957860   0.021030   1.000000   1.000000   1.000000   1.200000
 -1.549280  -0.618690  -0.314130   1.000000   1.000000   1.000000   1.200000
 -0.141880  -0.706420   1.188630   1.000000   0.000000   0.000000   1.400000
 -0.187470   0.181080   2.501770   0.500000   0.500000   0.500000   1.900000
  1.272100   0.096360   3.094990   1.000000   0.000000   0.000000   1.400000
 -1.082210  -0.596910   3.536320   1.000000   0.000000   0.000000   1.400000
 -0.600710   1.594310   2.327140   1.000000   0.000000   0.000000   1.400000
 -1.168690   3.414180   1.850800   1.000000   1.000000   0.000000   1.850000
 -0.075560   3.918670   2.607040   1.000000   0.000000   0.000000   1.400000
 -2.383450   3.029790   2.401970   1.000000   0.000000   0.000000   1.400000
 -0.781090   3.084380   0.527130   1.000000   0.000000   0.000000   1.400000
 -1.574480   5.065010   1.302030   1.000000   0.000000   0.000000   1.400000
 -2.488240   5.895670   1.919180   0.000000   1.000000   0.000000   1.850000
 -3.444970   5.347500   2.124490   1.000000   1.000000   1.000000   1.200000
 -2.693690   6.763480   1.237630   1.000000   1.000000   1.000000   1.200000
 -2.070060   6.283730   2.886820   1.000000   1.000000   1.000000   1.200000
  0.858290   5.212480   0.346750   0.000000   0.000000   1.000000   1.540000
  0.728340   5.285100   1.388880   1.000000   1.000000   1.000000   1.200000
  1.593500   5.814670   0.010240   1.000000   1.000000   1.000000   1.200000
 -0.063540   5.447510  -0.061220   1.000000   1.000000   1.000000   1.200000
  1.020300   4.225050   0.141380   1.000000   1.000000   1.000000   1.200000
  1.127860   2.388890   4.972150   0.000000   0.000000   1.000000   1.540000
  1.512140   0.777740   3.740010   1.000000   1.000000   1.000000   1.200000
  0.861740   2.995700   4.216530   1.000000   1.000000   1.000000   1.200000
  1.864840   2.818610   5.489350   1.000000   1.000000   1.000000   1.200000
  0.344070   2.266560   5.578560   1.000000   1.000000   1.000000   1.200000
 -3.720540   0.805640   3.529970   0.000000   0.000000   1.000000   1.540000
 -1.986830  -0.291870   3.698710   1.000000   1.000000   1.000000   1.200000
 -3.985110   1.008400   2.586590   1.000000   1.000000   1.000000   1.200000
 -3.262620   1.625260   3.886170   1.000000   1.000000   1.000000   1.200000
 -4.547050   0.638400   4.065450   1.000000   1.000000   1.000000   1.200000
28 bonds follow (x1 y1 z1 x2 y2 z2)
 -3.720540   0.805640   3.529970  -4.547050   0.638400   4.065450
 -3.720540   0.805640   3.529970  -3.262620   1.625260   3.886170
 -3.720540   0.805640   3.529970  -3.985110   1.008400   2.586590
 -1.082210  -0.596910   3.536320  -1.986830  -0.291870   3.698710
  1.127860   2.388890   4.972150   0.344070   2.266560   5.578560
  1.127860   2.388890   4.972150   1.864840   2.818610   5.489350
  1.127860   2.388890   4.972150   0.861740   2.995700   4.216530
  1.272100   0.096360   3.094990   1.512140   0.777740   3.740010
  0.858290   5.212480   0.346750   1.020300   4.225050   0.141380
  0.858290   5.212480   0.346750  -0.063540   5.447510  -0.061220
  0.858290   5.212480   0.346750   1.593500   5.814670   0.010240
  0.858290   5.212480   0.346750   0.728340   5.285100   1.388880
 -2.488240   5.895670   1.919180  -2.070060   6.283730   2.886820
 -2.488240   5.895670   1.919180  -2.693690   6.763480   1.237630
 -2.488240   5.895670   1.919180  -3.444970   5.347500   2.124490
 -1.574480   5.065010   1.302030  -2.488240   5.895670   1.919180
 -1.168690   3.414180   1.850800  -1.574480   5.065010   1.302030
 -1.168690   3.414180   1.850800  -0.781090   3.084380   0.527130
 -1.168690   3.414180   1.850800  -2.383450   3.029790   2.401970
 -1.168690   3.414180   1.850800  -0.075560   3.918670   2.607040
 -0.187470   0.181080   2.501770  -0.600710   1.594310   2.327140
 -0.187470   0.181080   2.501770  -1.082210  -0.596910   3.536320
 -0.187470   0.181080   2.501770   1.272100   0.096360   3.094990
 -0.141880  -0.706420   1.188630  -0.187470   0.181080   2.501770
 -0.560800  -0.161160  -0.043880  -0.141880  -0.706420   1.188630
 -0.560800  -0.161160  -0.043880  -1.549280  -0.618690  -0.314130
 -0.560800  -0.161160  -0.043880  -0.636770   0.957860   0.021030
 -0.560800  -0.161160  -0.043880   0.200270  -0.469720  -0.807710
