33 atoms follow (x y z r g b radiusScale)
 -0.034830   0.031100  -0.044570   0.000000   1.000000   0.000000   1.850000
  1.080090  -0.017100  -0.132840   1.000000   1.000000   1.000000   1.200000
 -0.397040   1.094670  -0.015100   1.000000   1.000000   1.000000   1.200000
 -0.505330  -0.529110  -0.892180   1.000000   1.000000   1.000000   1.200000
 -0.428320  -0.639790   1.135180   1.000000   0.000000   0.000000   1.400000
 -0.318630   0.150790   2.506150   0.500000   0.500000   0.500000   1.900000
  1.178020  -0.057940   2.940370   1.000000   0.000000   0.000000   1.400000
 -1.229670  -0.591090   3.538470   1.000000   0.000000   0.000000   1.400000
 -0.647050   1.598340   2.417340   1.000000   0.000000   0.000000   1.400000
 -1.164240   3.417250   1.954090   1.000000   1.000000   0.000000   1.850000
 -0.068080   3.929320   2.703140   1.000000   0.000000   0.000000   1.400000
 -2.387960   3.123570   2.527010   1.000000   0.000000   0.000000   1.400000
 -0.779450   3.103000   0.619750   1.000000   0.000000   0.000000   1.400000
 -1.619060   5.067860   1.394580   1.000000   0.000000   0.000000   1.400000
 -2.854330   5.645030   1.193130   0.000000   1.000000   0.000000   1.850000
 -3.230450   5.413610   0.159770   1.000000   1.000000   1.000000   1.200000
 -2.744400   6.759720   1.290080   1.000000   1.000000   1.000000   1.200000
 -3.603770   5.282830   1.943460   1.000000   1.000000   1.000000   1.200000
  0.931940   5.244430   0.572450   0.000000   0.000000   1.000000   1.540000
  0.754360   5.232220   1.605030   1.000000   1.000000   1.000000   1.200000
  1.020990   6.188390   0.240860   1.000000   1.000000   1.000000   1.200000
  0.088930   4.784020   0.142790   1.000000   1.000000   1.000000   1.200000
  1.762960   4.699570   0.360040   1.000000   1.000000   1.000000   1.200000
  1.572730   2.294370   4.699080   0.000000   0.000000   1.000000   1.540000
  1.530620   0.512890   3.637960   1.000000   1.000000   1.000000   1.200000
  1.055920   2.911540   4.098090   1.000000   1.000000   1.000000   1.200000
  2.492330   2.658660   4.829600   1.000000   1.000000   1.000000   1.200000
  1.119580   2.251380   5.587560   1.000000   1.000000   1.000000   1.200000
 -3.609000   0.938460   3.770850   0.000000   0.000000   1.000000   1.540000
 -2.117170  -0.224790   3.737640   1.000000   1.000000   1.000000   1.200000
 -3.808120   1.158830   2.814060   1.000000   1.000000   1.000000   1.200000
 -3.181120   1.752620   4.172630   1.000000   1.000000   1.000000   1.200000
 -4.467060   0.753210   4.245200   1.000000   1.000000   1.000000   1.200000
29 bonds follow (x1 y1 z1 x2 y2 z2)
 -3.609000   0.938460   3.770850  -4.467060   0.753210   4.245200
 -3.609000   0.938460   3.770850  -3.181120   1.752620   4.172630
 -3.609000   0.938460   3.770850  -3.808120   1.158830   2.814060
 -1.229670  -0.591090   3.538470  -2.117170  -0.224790   3.737640
  1.572730   2.294370   4.699080   1.119580   2.251380   5.587560
  1.572730   2.294370   4.699080   2.492330   2.658660   4.829600
  1.572730   2.294370   4.699080   1.055920   2.911540   4.098090
  1.178020  -0.057940   2.940370   1.530620   0.512890   3.637960
  0.931940   5.244430   0.572450   1.762960   4.699570   0.360040
  0.931940   5.244430   0.572450   0.088930   4.784020   0.142790
  0.931940   5.244430   0.572450   1.020990   6.188390   0.240860
  0.931940   5.244430   0.572450   0.754360   5.232220   1.605030
 -2.854330   5.645030   1.193130  -3.603770   5.282830   1.943460
 -2.854330   5.645030   1.193130  -2.744400   6.759720   1.290080
 -2.854330   5.645030   1.193130  -3.230450   5.413610   0.159770
 -1.619060   5.067860   1.394580  -2.854330   5.645030   1.193130
 -1.164240   3.417250   1.954090  -1.619060   5.067860   1.394580
 -1.164240   3.417250   1.954090  -0.779450   3.103000   0.619750
 -1.164240   3.417250   1.954090  -2.387960   3.123570   2.527010
 -1.164240   3.417250   1.954090  -0.068080   3.929320   2.703140
 -0.647050   1.598340   2.417340  -1.164240   3.417250   1.954090
 -0.318630   0.150790   2.506150  -0.647050   1.598340   2.417340
 -0.318630   0.150790   2.506150  -1.229670  -0.591090   3.538470
 -0.318630   0.150790   2.506150   1.178020  -0.057940   2.940370
 -0.428320  -0.639790   1.135180  -0.318630   0.150790   2.506150
 -0.034830   0.031100  -0.044570  -0.428320  -0.639790   1.135180
 -0.034830   0.031100  -0.044570  -0.505330  -0.529110  -0.892180
 -0.034830   0.031100  -0.044570  -0.397040   1.094670  -0.015100
 -0.034830   0.031100  -0.044570   1.080090  -0.017100  -0.132840
