33 atoms follow (x y z r g b radiusScale)
 -0.508680  -0.259470  -0.035160   0.000000   1.000000   0.000000   1.850000
  0.341500  -0.474170  -0.734650   1.000000   1.000000   1.000000   1.200000
 -0.706710   0.844340   0.023420   1.000000   1.000000   1.000000   1.200000
 -1.415630  -0.817310  -0.388980   1.000000   1.000000   1.000000   1.200000
 -0.149090  -0.766250   1.232370   1.000000   0.000000   0.000000   1.400000
 -0.235930   0.155510   2.530710   0.500000   0.500000   0.500000   1.900000
  1.197410   0.041820   3.154080   1.000000   0.000000   0.000000   1.400000
 -1.141580  -0.570990   3.579490   1.000000   0.000000   0.000000   1.400000
 -0.643960   1.558490   2.273910   1.000000   0.000000   0.000000   1.400000
 -1.187340   3.423580   1.761640   1.000000   1.000000   0.000000   1.850000
 -0.113540   3.871780   2.583460   1.000000   0.000000   0.000000   1.400000
 -2.449040   3.074440   2.222170   1.000000   0.000000   0.000000   1.400000
 -0.740070   3.133530   0.449320   1.000000   0.000000   0.000000   1.400000
 -1.579600   5.127020   1.359020   1.000000   0.000000   0.000000   1.400000
 -2.632910   5.763680   1.999510   0.000000   1.000000   0.000000   1.850000
 -3.610150   5.320400   1.675390   1.000000   1.000000   1.000000   1.200000
 -2.606410   6.850850   1.728750   1.000000   1.000000   1.000000   1.200000
 -2.535740   5.655610   3.112130   1.000000   1.000000   1.000000   1.200000
  0.917480   5.319370   0.513840   0.000000   0.000000   1.000000   1.540000
  1.066030   4.779030   1.403230   1.000000   1.000000   1.000000   1.200000
  1.789880   5.671190   0.146360   1.000000   1.000000   1.000000   1.200000
  0.249690   6.065690   0.732720   1.000000   1.000000   1.000000   1.200000
  0.448550   4.679360  -0.146820   1.000000   1.000000   1.000000   1.200000
  1.284850   2.441870   4.900520   0.000000   0.000000   1.000000   1.540000
  1.450060   0.692600   3.824270   1.000000   1.000000   1.000000   1.200000
  0.890840   3.005080   4.168090   1.000000   1.000000   1.000000   1.200000
  2.135900   2.858530   5.212410   1.000000   1.000000   1.000000   1.200000
  0.645900   2.411970   5.666810   1.000000   1.000000   1.000000   1.200000
 -3.500860   0.897760   3.585390   0.000000   0.000000   1.000000   1.540000
 -2.072800  -0.298860   3.696340   1.000000   1.000000   1.000000   1.200000
 -3.563320   1.180530   2.623720   1.000000   1.000000   1.000000   1.200000
 -3.070760   1.657840   4.079270   1.000000   1.000000   1.000000   1.200000
 -4.425140   0.773150   3.940730   1.000000   1.000000   1.000000   1.200000
28 bonds follow (x1 y1 z1 x2 y2 z2)
 -3.500860   0.897760   3.585390  -4.425140   0.773150   3.940730
 -3.500860   0.897760   3.585390  -3.070760   1.657840   4.079270
 -3.500860   0.897760   3.585390  -3.563320   1.180530   2.623720
 -1.141580  -0.570990   3.579490  -2.072800  -0.298860   3.696340
  1.284850   2.441870   4.900520   0.645900   2.411970   5.666810
  1.284850   2.441870   4.900520   2.135900   2.858530   5.212410
  1.284850   2.441870   4.900520   0.890840   3.005080   4.168090
  1.197410   0.041820   3.154080   1.450060   0.692600   3.824270
  0.917480   5.319370   0.513840   0.448550   4.679360  -0.146820
  0.917480   5.319370   0.513840   0.249690   6.065690   0.732720
  0.917480   5.319370   0.513840   1.789880   5.671190   0.146360
  0.917480   5.319370   0.513840   1.066030   4.779030   1.403230
 -2.632910   5.763680   1.999510  -2.535740   5.655610   3.112130
 -2.632910   5.763680   1.999510  -2.606410   6.850850   1.728750
 -2.632910   5.763680   1.999510  -3.610150   5.320400   1.675390
 -1.579600   5.127020   1.359020  -2.632910   5.763680   1.999510
 -1.187340   3.423580   1.761640  -1.579600   5.127020   1.359020
 -1.187340   3.423580   1.761640  -0.740070   3.133530   0.449320
 -1.187340   3.423580   1.761640  -2.449040   3.074440   2.222170
 -1.187340   3.423580   1.761640  -0.113540   3.871780   2.583460
 -0.235930   0.155510   2.530710  -0.643960   1.558490   2.273910
 -0.235930   0.155510   2.530710  -1.141580  -0.570990   3.579490
 -0.235930   0.155510   2.530710   1.197410   0.041820   3.154080
 -0.149090  -0.766250   1.232370  -0.235930   0.155510   2.530710
 -0.508680  -0.259470  -0.035160  -0.149090  -0.766250   1.232370
 -0.508680  -0.259470  -0.035160  -1.415630  -0.817310  -0.388980
 -0.508680  -0.259470  -0.035160  -0.706710   0.844340   0.023420
 -0.508680  -0.259470  -0.035160   0.341500  -0.474170  -0.734650
