33 atoms follow (x y z r g b radiusScale)
 -0.222060  -0.243920  -0.067690   0.000000   1.000000   0.000000   1.850000
  0.802490  -0.420070  -0.488540   1.000000   1.000000   1.000000   1.200000
 -0.470260   0.852340  -0.033440   1.000000   1.000000   1.000000   1.200000
 -0.968830  -0.800690  -0.692340   1.000000   1.000000   1.000000   1.200000
 -0.280530  -0.803550   1.225080   1.000000   0.000000   0.000000   1.400000
 -0.229520   0.143420   2.496840   0.500000   0.500000   0.500000   1.900000
  1.272790   0.091580   2.980600   1.000000   0.000000   0.000000   1.400000
 -1.125970  -0.585110   3.559170   1.000000   0.000000   0.000000   1.400000
 -0.705920   1.519640   2.245860   1.000000   0.000000   0.000000   1.400000
 -1.131750   3.449590   1.932310   1.000000   1.000000   0.000000   1.850000
  0.117880   3.790150   2.524410   1.000000   0.000000   0.000000   1.400000
 -2.288100   3.205430   2.658880   1.000000   0.000000   0.000000   1.400000
 -0.929290   3.156460   0.560830   1.000000   0.000000   0.000000   1.400000
 -1.450520   5.167460   1.595800   1.000000   0.000000   0.000000   1.400000
 -2.692770   5.731350   1.836700   0.000000   1.000000   0.000000   1.850000
 -3.032780   5.510010   2.881890   1.000000   1.000000   1.000000   1.200000
 -3.448400   5.324280   1.113350   1.000000   1.000000   1.000000   1.200000
 -2.607380   6.841120   1.698410   1.000000   1.000000   1.000000   1.200000
  0.822780   5.176720   0.232940   0.000000   0.000000   1.000000   1.540000
  0.915820   5.143170   1.270390   1.000000   1.000000   1.000000   1.200000
  1.528490   5.757340  -0.198650   1.000000   1.000000   1.000000   1.200000
 -0.134060   5.514750   0.056920   1.000000   1.000000   1.000000   1.200000
  0.844110   4.197790  -0.095560   1.000000   1.000000   1.000000   1.200000
  0.957190   2.515240   4.874030   0.000000   0.000000   1.000000   1.540000
  1.506870   0.632550   3.740980   1.000000   1.000000   1.000000   1.200000
  1.494430   3.074090   4.238930   1.000000   1.000000   1.000000   1.200000
  1.248850   2.710660   5.808520   1.000000   1.000000   1.000000   1.200000
  0.000410   2.793360   4.769820   1.000000   1.000000   1.000000   1.200000
 -3.620300   0.891780   3.390340   0.000000   0.000000   1.000000   1.540000
 -2.031250  -0.261330   3.702710   1.000000   1.000000   1.000000   1.200000
 -3.534450   1.236190   2.452320   1.000000   1.000000   1.000000   1.200000
 -3.282300   1.619320   3.993780   1.000000   1.000000   1.000000   1.200000
 -4.588260   0.743330   3.585450   1.000000   1.000000   1.000000   1.200000
28 bonds follow (x1 y1 z1 x2 y2 z2)
 -3.620300   0.891780   3.390340  -4.588260   0.743330   3.585450
 -3.620300   0.891780   3.390340  -3.282300   1.619320   3.993780
 -3.620300   0.891780   3.390340  -3.534450   1.236190   2.452320
 -1.125970  -0.585110   3.559170  -2.031250  -0.261330   3.702710
  0.957190   2.515240   4.874030   0.000410   2.793360   4.769820
  0.957190   2.515240   4.874030   1.248850   2.710660   5.808520
  0.957190   2.515240   4.874030   1.494430   3.074090   4.238930
  1.272790   0.091580   2.980600   1.506870   0.632550   3.740980
  0.822780   5.176720   0.232940   0.844110   4.197790  -0.095560
  0.822780   5.176720   0.232940  -0.134060   5.514750   0.056920
  0.822780   5.176720   0.232940   1.528490   5.757340  -0.198650
  0.822780   5.176720   0.232940   0.915820   5.143170   1.270390
 -2.692770   5.731350   1.836700  -2.607380   6.841120   1.698410
 -2.692770   5.731350   1.836700  -3.448400   5.324280   1.113350
 -2.692770   5.731350   1.836700  -3.032780   5.510010   2.881890
 -1.450520   5.167460   1.595800  -2.692770   5.731350   1.836700
 -1.131750   3.449590   1.932310  -1.450520   5.167460   1.595800
 -1.131750   3.449590   1.932310  -0.929290   3.156460   0.560830
 -1.131750   3.449590   1.932310  -2.288100   3.205430   2.658880
 -1.131750   3.449590   1.932310   0.117880   3.790150   2.524410
 -0.229520   0.143420   2.496840  -0.705920   1.519640   2.245860
 -0.229520   0.143420   2.496840  -1.125970  -0.585110   3.559170
 -0.229520   0.143420   2.496840   1.272790   0.091580   2.980600
 -0.280530  -0.803550   1.225080  -0.229520   0.143420   2.496840
 -0.222060  -0.243920  -0.067690  -0.280530  -0.803550   1.225080
 -0.222060  -0.243920  -0.067690  -0.968830  -0.800690  -0.692340
 -0.222060  -0.243920  -0.067690  -0.470260   0.852340  -0.033440
 -0.222060  -0.243920  -0.067690   0.802490  -0.420070  -0.488540
