33 atoms follow (x y z r g b radiusScale)
 -0.230770  -0.216960  -0.052450   0.000000   1.000000   0.000000   1.850000
  0.767950  -0.452560  -0.506030   1.000000   1.000000   1.000000   1.200000
 -0.404390   0.891860   0.011180   1.000000   1.000000   1.000000   1.200000
 -1.032070  -0.703190  -0.668190   1.000000   1.000000   1.000000   1.200000
 -0.287750  -0.802570   1.231340   1.000000   0.000000   0.000000   1.400000
 -0.211300   0.144240   2.505360   0.500000   0.500000   0.500000   1.900000
  1.296150   0.119840   2.968920   1.000000   0.000000   0.000000   1.400000
 -1.122980  -0.575430   3.560640   1.000000   0.000000   0.000000   1.400000
 -0.720470   1.509140   2.229670   1.000000   0.000000   0.000000   1.400000
 -1.130130   3.432580   1.933430   1.000000   1.000000   0.000000   1.850000
  0.112430   3.754530   2.534400   1.000000   0.000000   0.000000   1.400000
 -2.302960   3.223050   2.645270   1.000000   0.000000   0.000000   1.400000
 -0.930970   3.138890   0.562340   1.000000   0.000000   0.000000   1.400000
 -1.448440   5.170970   1.576160   1.000000   0.000000   0.000000   1.400000
 -2.679450   5.743430   1.848630   0.000000   1.000000   0.000000   1.850000
 -3.036320   5.449330   2.870420   1.000000   1.000000   1.000000   1.200000
 -3.436900   5.411610   1.090080   1.000000   1.000000   1.000000   1.200000
 -2.574470   6.858460   1.801030   1.000000   1.000000   1.000000   1.200000
  0.825000   5.173860   0.242480   0.000000   0.000000   1.000000   1.540000
  1.027100   5.081450   1.255230   1.000000   1.000000   1.000000   1.200000
  1.554130   5.663120  -0.246550   1.000000   1.000000   1.000000   1.200000
 -0.093830   5.653260   0.175580   1.000000   1.000000   1.000000   1.200000
  0.668440   4.213590  -0.117360   1.000000   1.000000   1.000000   1.200000
  0.958550   2.511250   4.871780   0.000000   0.000000   1.000000   1.540000
  1.569510   0.744360   3.649230   1.000000   1.000000   1.000000   1.200000
  1.409590   3.097970   4.194100   1.000000   1.000000   1.000000   1.200000
  1.256020   2.786180   5.784460   1.000000   1.000000   1.000000   1.200000
 -0.025730   2.682210   4.796060   1.000000   1.000000   1.000000   1.200000
 -3.644370   0.892440   3.397370   0.000000   0.000000   1.000000   1.540000
 -2.044730  -0.269780   3.646870   1.000000   1.000000   1.000000   1.200000
 -3.459800   1.176770   2.453290   1.000000   1.000000   1.000000   1.200000
 -3.418810   1.677560   3.979880   1.000000   1.000000   1.000000   1.200000
 -4.621230   0.702110   3.480090   1.000000   1.000000   1.000000   1.200000
28 bonds follow (x1 y1 z1 x2 y2 z2)
 -3.644370   0.892440   3.397370  -4.621230   0.702110   3.480090
 -3.644370   0.892440   3.397370  -3.418810   1.677560   3.979880
 -3.644370   0.892440   3.397370  -3.459800   1.176770   2.453290
 -1.122980  -0.575430   3.560640  -2.044730  -0.269780   3.646870
  0.958550   2.511250   4.871780  -0.025730   2.682210   4.796060
  0.958550   2.511250   4.871780   1.256020   2.786180   5.784460
  0.958550   2.511250   4.871780   1.409590   3.097970   4.194100
  1.296150   0.119840   2.968920   1.569510   0.744360   3.649230
  0.825000   5.173860   0.242480   0.668440   4.213590  -0.117360
  0.825000   5.173860   0.242480  -0.093830   5.653260   0.175580
  0.825000   5.173860   0.242480   1.554130   5.663120  -0.246550
  0.825000   5.173860   0.242480   1.027100   5.081450   1.255230
 -2.679450   5.743430   1.848630  -2.574470   6.858460   1.801030
 -2.679450   5.743430   1.848630  -3.436900   5.411610   1.090080
 -2.679450   5.743430   1.848630  -3.036320   5.449330   2.870420
 -1.448440   5.170970   1.576160  -2.679450   5.743430   1.848630
 -1.130130   3.432580   1.933430  -1.448440   5.170970   1.576160
 -1.130130   3.432580   1.933430  -0.930970   3.138890   0.562340
 -1.130130   3.432580   1.933430  -2.302960   3.223050   2.645270
 -1.130130   3.432580   1.933430   0.112430   3.754530   2.534400
 -0.211300   0.144240   2.505360  -0.720470   1.509140   2.229670
 -0.211300   0.144240   2.505360  -1.122980  -0.575430   3.560640
 -0.211300   0.144240   2.505360   1.296150   0.119840   2.968920
 -0.287750  -0.802570   1.231340  -0.211300   0.144240   2.505360
 -0.230770  -0.216960  -0.052450  -0.287750  -0.802570   1.231340
 -0.230770  -0.216960  -0.052450  -1.032070  -0.703190  -0.668190
 -0.230770  -0.216960  -0.052450  -0.404390   0.891860   0.011180
 -0.230770  -0.216960  -0.052450   0.767950  -0.452560  -0.506030
