33 atoms follow (x y z r g b radiusScale)
 -0.438970  -0.062480  -0.053130   0.000000   1.000000   0.000000   1.850000
  0.517360  -0.113470  -0.637710   1.000000   1.000000   1.000000   1.200000
 -0.768020   1.001810   0.086710   1.000000   1.000000   1.000000   1.200000
 -1.221940  -0.657880  -0.592010   1.000000   1.000000   1.000000   1.200000
 -0.230280  -0.693700   1.191960   1.000000   0.000000   0.000000   1.400000
 -0.204160   0.155550   2.532620   0.500000   0.500000   0.500000   1.900000
  1.264410  -0.051210   3.066290   1.000000   0.000000   0.000000   1.400000
 -1.018920  -0.667710   3.599590   1.000000   0.000000   0.000000   1.400000
 -0.596280   1.565490   2.341580   1.000000   0.000000   0.000000   1.400000
 -1.190250   3.452000   1.856450   1.000000   1.000000   0.000000   1.850000
 -0.024060   3.905430   2.524570   1.000000   0.000000   0.000000   1.400000
 -2.370430   3.146720   2.507540   1.000000   0.000000   0.000000   1.400000
 -0.923260   3.090560   0.505390   1.000000   0.000000   0.000000   1.400000
 -1.571300   5.123630   1.375420   1.000000   0.000000   0.000000   1.400000
 -2.557630   5.942900   1.884760   0.000000   1.000000   0.000000   1.850000
 -3.178770   5.407820   2.649970   1.000000   1.000000   1.000000   1.200000
 -3.219700   6.285110   1.044910   1.000000   1.000000   1.000000   1.200000
 -2.080590   6.843810   2.358290   1.000000   1.000000   1.000000   1.200000
  0.905540   5.109260   0.294490   0.000000   0.000000   1.000000   1.540000
  1.382480   4.393120   0.859970   1.000000   1.000000   1.000000   1.200000
  1.545210   5.668620  -0.246030   1.000000   1.000000   1.000000   1.200000
  0.351840   5.685220   0.970810   1.000000   1.000000   1.000000   1.200000
  0.210220   4.616410  -0.298790   1.000000   1.000000   1.000000   1.200000
  1.039600   2.496660   5.018730   0.000000   0.000000   1.000000   1.540000
  1.424400   0.094490   3.999200   1.000000   1.000000   1.000000   1.200000
  0.929300   2.974240   4.142240   1.000000   1.000000   1.000000   1.200000
  1.767960   2.944460   5.535280   1.000000   1.000000   1.000000   1.200000
  0.189870   2.591880   5.536200   1.000000   1.000000   1.000000   1.200000
 -3.563710   0.759020   3.387700   0.000000   0.000000   1.000000   1.540000
 -1.944910  -0.434620   3.758790   1.000000   1.000000   1.000000   1.200000
 -3.811600   1.013700   2.452620   1.000000   1.000000   1.000000   1.200000
 -3.226430   1.590080   3.838750   1.000000   1.000000   1.000000   1.200000
 -4.380130   0.436400   3.862950   1.000000   1.000000   1.000000   1.200000
28 bonds follow (x1 y1 z1 x2 y2 z2)
 -3.563710   0.759020   3.387700  -4.380130   0.436400   3.862950
 -3.563710   0.759020   3.387700  -3.226430   1.590080   3.838750
 -3.563710   0.759020   3.387700  -3.811600   1.013700   2.452620
 -1.018920  -0.667710   3.599590  -1.944910  -0.434620   3.758790
  1.039600   2.496660   5.018730   0.189870   2.591880   5.536200
  1.039600   2.496660   5.018730   1.767960   2.944460   5.535280
  1.039600   2.496660   5.018730   0.929300   2.974240   4.142240
  1.264410  -0.051210   3.066290   1.424400   0.094490   3.999200
  0.905540   5.109260   0.294490   0.210220   4.616410  -0.298790
  0.905540   5.109260   0.294490   0.351840   5.685220   0.970810
  0.905540   5.109260   0.294490   1.545210   5.668620  -0.246030
  0.905540   5.109260   0.294490   1.382480   4.393120   0.859970
 -2.557630   5.942900   1.884760  -2.080590   6.843810   2.358290
 -2.557630   5.942900   1.884760  -3.219700   6.285110   1.044910
 -2.557630   5.942900   1.884760  -3.178770   5.407820   2.649970
 -1.571300   5.123630   1.375420  -2.557630   5.942900   1.884760
 -1.190250   3.452000   1.856450  -1.571300   5.123630   1.375420
 -1.190250   3.452000   1.856450  -0.923260   3.090560   0.505390
 -1.190250   3.452000   1.856450  -2.370430   3.146720   2.507540
 -1.190250   3.452000   1.856450  -0.024060   3.905430   2.524570
 -0.204160   0.155550   2.532620  -0.596280   1.565490   2.341580
 -0.204160   0.155550   2.532620  -1.018920  -0.667710   3.599590
 -0.204160   0.155550   2.532620   1.264410  -0.051210   3.066290
 -0.230280  -0.693700   1.191960  -0.204160   0.155550   2.532620
 -0.438970  -0.062480  -0.053130  -0.230280  -0.693700   1.191960
 -0.438970  -0.062480  -0.053130  -1.221940  -0.657880  -0.592010
 -0.438970  -0.062480  -0.053130  -0.768020   1.001810   0.086710
 -0.438970  -0.062480  -0.053130   0.517360  -0.113470  -0.637710
