33 atoms follow (x y z r g b radiusScale)
 -0.004660   0.002920   0.003230   0.000000   1.000000   0.000000   1.850000
  1.114360  -0.004920  -0.011380   1.000000   1.000000   1.000000   1.200000
 -0.400710   1.055760   0.015010   1.000000   1.000000   1.000000   1.200000
 -0.405220  -0.564510  -0.873840   1.000000   1.000000   1.000000   1.200000
 -0.440760  -0.682550   1.158230   1.000000   0.000000   0.000000   1.400000
 -0.332110   0.141760   2.513170   0.500000   0.500000   0.500000   1.900000
  1.150070  -0.080410   2.987690   1.000000   0.000000   0.000000   1.400000
 -1.233720  -0.629420   3.535390   1.000000   0.000000   0.000000   1.400000
 -0.659900   1.580940   2.359270   1.000000   0.000000   0.000000   1.400000
 -1.172950   3.465530   1.959850   1.000000   1.000000   0.000000   1.850000
 -0.010250   3.890670   2.662310   1.000000   0.000000   0.000000   1.400000
 -2.379440   3.094320   2.527580   1.000000   0.000000   0.000000   1.400000
 -0.832660   3.221030   0.598160   1.000000   0.000000   0.000000   1.400000
 -1.587510   5.179510   1.612480   1.000000   0.000000   0.000000   1.400000
 -2.789170   5.532430   1.027810   0.000000   1.000000   0.000000   1.850000
 -2.796860   5.234790  -0.056170   1.000000   1.000000   1.000000   1.200000
 -2.910500   6.644900   1.098470   1.000000   1.000000   1.000000   1.200000
 -3.649750   5.035260   1.547550   1.000000   1.000000   1.000000   1.200000
  0.861630   5.309250   0.522390   0.000000   0.000000   1.000000   1.540000
  0.876770   5.072980   1.543880   1.000000   1.000000   1.000000   1.200000
  0.329820   6.178150   0.416270   1.000000   1.000000   1.000000   1.200000
  0.324300   4.544450   0.046710   1.000000   1.000000   1.000000   1.200000
  1.794270   5.390890   0.150120   1.000000   1.000000   1.000000   1.200000
  1.613490   2.243820   4.685410   0.000000   0.000000   1.000000   1.540000
  1.520710   0.546410   3.628750   1.000000   1.000000   1.000000   1.200000
  1.134370   2.872670   4.065180   1.000000   1.000000   1.000000   1.200000
  2.546140   2.569130   4.825480   1.000000   1.000000   1.000000   1.200000
  1.143550   2.233510   5.565950   1.000000   1.000000   1.000000   1.200000
 -3.611220   0.941890   3.779740   0.000000   0.000000   1.000000   1.540000
 -2.131400  -0.292680   3.722260   1.000000   1.000000   1.000000   1.200000
 -3.816980   1.181980   2.829090   1.000000   1.000000   1.000000   1.200000
 -3.157660   1.738170   4.188100   1.000000   1.000000   1.000000   1.200000
 -4.467890   0.773600   4.263050   1.000000   1.000000   1.000000   1.200000
28 bonds follow (x1 y1 z1 x2 y2 z2)
 -3.611220   0.941890   3.779740  -4.467890   0.773600   4.263050
 -3.611220   0.941890   3.779740  -3.157660   1.738170   4.188100
 -3.611220   0.941890   3.779740  -3.816980   1.181980   2.829090
 -1.233720  -0.629420   3.535390  -2.131400  -0.292680   3.722260
  1.613490   2.243820   4.685410   1.143550   2.233510   5.565950
  1.613490   2.243820   4.685410   2.546140   2.569130   4.825480
  1.613490   2.243820   4.685410   1.134370   2.872670   4.065180
  1.150070  -0.080410   2.987690   1.520710   0.546410   3.628750
  0.861630   5.309250   0.522390   1.794270   5.390890   0.150120
  0.861630   5.309250   0.522390   0.324300   4.544450   0.046710
  0.861630   5.309250   0.522390   0.329820   6.178150   0.416270
  0.861630   5.309250   0.522390   0.876770   5.072980   1.543880
 -2.789170   5.532430   1.027810  -3.649750   5.035260   1.547550
 -2.789170   5.532430   1.027810  -2.910500   6.644900   1.098470
 -2.789170   5.532430   1.027810  -2.796860   5.234790  -0.056170
 -1.587510   5.179510   1.612480  -2.789170   5.532430   1.027810
 -1.172950   3.465530   1.959850  -1.587510   5.179510   1.612480
 -1.172950   3.465530   1.959850  -0.832660   3.221030   0.598160
 -1.172950   3.465530   1.959850  -2.379440   3.094320   2.527580
 -1.172950   3.465530   1.959850  -0.010250   3.890670   2.662310
 -0.332110   0.141760   2.513170  -0.659900   1.580940   2.359270
 -0.332110   0.141760   2.513170  -1.233720  -0.629420   3.535390
 -0.332110   0.141760   2.513170   1.150070  -0.080410   2.987690
 -0.440760  -0.682550   1.158230  -0.332110   0.141760   2.513170
 -0.004660   0.002920   0.003230  -0.440760  -0.682550   1.158230
 -0.004660   0.002920   0.003230  -0.405220  -0.564510  -0.873840
 -0.004660   0.002920   0.003230  -0.400710   1.055760   0.015010
 -0.004660   0.002920   0.003230   1.114360  -0.004920  -0.011380
