33 atoms follow (x y z r g b radiusScale)
 -0.000110   0.000040   0.000130   0.000000   1.000000   0.000000   1.850000
  1.118910  -0.000120  -0.000150   1.000000   1.000000   1.000000   1.200000
 -0.405390   1.049370   0.000450   1.000000   1.000000   1.000000   1.200000
 -0.386690  -0.578270  -0.876030   1.000000   1.000000   1.000000   1.200000
 -0.445490  -0.680550   1.156010   1.000000   0.000000   0.000000   1.400000
 -0.328900   0.129200   2.516280   0.500000   0.500000   0.500000   1.900000
  1.153520  -0.065950   2.993700   1.000000   0.000000   0.000000   1.400000
 -1.241200  -0.623360   3.539880   1.000000   0.000000   0.000000   1.400000
 -0.679620   1.568760   2.367080   1.000000   0.000000   0.000000   1.400000
 -1.151460   3.398920   1.975590   1.000000   1.000000   0.000000   1.850000
 -0.029870   3.843400   2.701230   1.000000   0.000000   0.000000   1.400000
 -2.396860   3.160270   2.528950   1.000000   0.000000   0.000000   1.400000
 -0.857210   3.161020   0.616980   1.000000   0.000000   0.000000   1.400000
 -1.534850   5.167100   1.570010   1.000000   0.000000   0.000000   1.400000
 -2.705900   5.611050   0.977180   0.000000   1.000000   0.000000   1.850000
 -2.734130   5.315140  -0.105160   1.000000   1.000000   1.000000   1.200000
 -2.749580   6.728880   1.054430   1.000000   1.000000   1.000000   1.200000
 -3.585030   5.163340   1.509150   1.000000   1.000000   1.000000   1.200000
  0.758330   5.418020   0.511030   0.000000   0.000000   1.000000   1.540000
  1.273180   5.142980   1.348530   1.000000   1.000000   1.000000   1.200000
 -0.282830   5.595390   0.848580   1.000000   1.000000   1.000000   1.200000
  0.710930   4.619860  -0.123910   1.000000   1.000000   1.000000   1.200000
  1.161440   6.226970   0.071100   1.000000   1.000000   1.000000   1.200000
  1.620780   2.232160   4.685610   0.000000   0.000000   1.000000   1.540000
  1.513150   0.571570   3.635380   1.000000   1.000000   1.000000   1.200000
  1.172220   2.893710   4.076790   1.000000   1.000000   1.000000   1.200000
  2.568960   2.507160   4.829490   1.000000   1.000000   1.000000   1.200000
  1.151570   2.229260   5.566500   1.000000   1.000000   1.000000   1.200000
 -3.597460   0.959160   3.767130   0.000000   0.000000   1.000000   1.540000
 -2.135440  -0.268170   3.722650   1.000000   1.000000   1.000000   1.200000
 -3.832780   1.195360   2.822650   1.000000   1.000000   1.000000   1.200000
 -3.168240   1.770990   4.171350   1.000000   1.000000   1.000000   1.200000
 -4.434790   0.749000   4.267640   1.000000   1.000000   1.000000   1.200000
29 bonds follow (x1 y1 z1 x2 y2 z2)
 -3.597460   0.959160   3.767130  -4.434790   0.749000   4.267640
 -3.597460   0.959160   3.767130  -3.168240   1.770990   4.171350
 -3.597460   0.959160   3.767130  -3.832780   1.195360   2.822650
 -1.241200  -0.623360   3.539880  -2.135440  -0.268170   3.722650
  1.620780   2.232160   4.685610   1.151570   2.229260   5.566500
  1.620780   2.232160   4.685610   2.568960   2.507160   4.829490
  1.620780   2.232160   4.685610   1.172220   2.893710   4.076790
  1.153520  -0.065950   2.993700   1.513150   0.571570   3.635380
  0.758330   5.418020   0.511030   1.161440   6.226970   0.071100
  0.758330   5.418020   0.511030   0.710930   4.619860  -0.123910
  0.758330   5.418020   0.511030  -0.282830   5.595390   0.848580
  0.758330   5.418020   0.511030   1.273180   5.142980   1.348530
 -2.705900   5.611050   0.977180  -3.585030   5.163340   1.509150
 -2.705900   5.611050   0.977180  -2.749580   6.728880   1.054430
 -2.705900   5.611050   0.977180  -2.734130   5.315140  -0.105160
 -1.534850   5.167100   1.570010  -2.705900   5.611050   0.977180
 -1.151460   3.398920   1.975590  -1.534850   5.167100   1.570010
 -1.151460   3.398920   1.975590  -0.857210   3.161020   0.616980
 -1.151460   3.398920   1.975590  -2.396860   3.160270   2.528950
 -1.151460   3.398920   1.975590  -0.029870   3.843400   2.701230
 -0.679620   1.568760   2.367080  -1.151460   3.398920   1.975590
 -0.328900   0.129200   2.516280  -0.679620   1.568760   2.367080
 -0.328900   0.129200   2.516280  -1.241200  -0.623360   3.539880
 -0.328900   0.129200   2.516280   1.153520  -0.065950   2.993700
 -0.445490  -0.680550   1.156010  -0.328900   0.129200   2.516280
 -0.000110   0.000040   0.000130  -0.445490  -0.680550   1.156010
 -0.000110   0.000040   0.000130  -0.386690  -0.578270  -0.876030
 -0.000110   0.000040   0.000130  -0.405390   1.049370   0.000450
 -0.000110   0.000040   0.000130   1.118910  -0.000120  -0.000150
