33 atoms follow (x y z r g b radiusScale)
 -0.345170  -0.198810  -0.046150   0.000000   1.000000   0.000000   1.850000
  0.600960  -0.409520  -0.610790   1.000000   1.000000   1.000000   1.200000
 -0.527900   0.907150   0.034610   1.000000   1.000000   1.000000   1.200000
 -1.198160  -0.705240  -0.569800   1.000000   1.000000   1.000000   1.200000
 -0.228090  -0.791780   1.231980   1.000000   0.000000   0.000000   1.400000
 -0.236480   0.150130   2.511770   0.500000   0.500000   0.500000   1.900000
  1.221630   0.095430   3.100800   1.000000   0.000000   0.000000   1.400000
 -1.166040  -0.521410   3.582830   1.000000   0.000000   0.000000   1.400000
 -0.624950   1.551050   2.219810   1.000000   0.000000   0.000000   1.400000
 -1.190500   3.392300   1.780970   1.000000   1.000000   0.000000   1.850000
 -0.128660   3.848900   2.620010   1.000000   0.000000   0.000000   1.400000
 -2.427380   3.007630   2.270020   1.000000   0.000000   0.000000   1.400000
 -0.751580   3.141760   0.458900   1.000000   0.000000   0.000000   1.400000
 -1.587820   5.091700   1.365600   1.000000   0.000000   0.000000   1.400000
 -2.684830   5.780570   1.840690   0.000000   1.000000   0.000000   1.850000
 -3.606220   5.479250   1.276450   1.000000   1.000000   1.000000   1.200000
 -2.506850   6.878950   1.696040   1.000000   1.000000   1.000000   1.200000
 -2.844000   5.573290   2.931980   1.000000   1.000000   1.000000   1.200000
  0.956560   5.302000   0.615320   0.000000   0.000000   1.000000   1.540000
  1.469470   4.536560   1.054130   1.000000   1.000000   1.000000   1.200000
  1.568970   6.040080   0.297220   1.000000   1.000000   1.000000   1.200000
  0.278770   5.650130   1.338630   1.000000   1.000000   1.000000   1.200000
  0.373270   4.903410  -0.147750   1.000000   1.000000   1.000000   1.200000
  1.381250   2.426220   4.830070   0.000000   0.000000   1.000000   1.540000
  1.489050   0.807330   3.703990   1.000000   1.000000   1.000000   1.200000
  0.896510   2.968580   4.136850   1.000000   1.000000   1.000000   1.200000
  2.304820   2.787440   4.940250   1.000000   1.000000   1.000000   1.200000
  0.900340   2.508590   5.700490   1.000000   1.000000   1.000000   1.200000
 -3.676940   0.953960   3.719600   0.000000   0.000000   1.000000   1.540000
 -2.039250  -0.136640   3.773560   1.000000   1.000000   1.000000   1.200000
 -3.714290   1.163940   2.739340   1.000000   1.000000   1.000000   1.200000
 -3.314840   1.769730   4.175240   1.000000   1.000000   1.000000   1.200000
 -4.605090   0.789080   4.047760   1.000000   1.000000   1.000000   1.200000
28 bonds follow (x1 y1 z1 x2 y2 z2)
 -3.676940   0.953960   3.719600  -4.605090   0.789080   4.047760
 -3.676940   0.953960   3.719600  -3.314840   1.769730   4.175240
 -3.676940   0.953960   3.719600  -3.714290   1.163940   2.739340
 -1.166040  -0.521410   3.582830  -2.039250  -0.136640   3.773560
  1.381250   2.426220   4.830070   0.900340   2.508590   5.700490
  1.381250   2.426220   4.830070   2.304820   2.787440   4.940250
  1.381250   2.426220   4.830070   0.896510   2.968580   4.136850
  1.221630   0.095430   3.100800   1.489050   0.807330   3.703990
  0.956560   5.302000   0.615320   0.373270   4.903410  -0.147750
  0.956560   5.302000   0.615320   0.278770   5.650130   1.338630
  0.956560   5.302000   0.615320   1.568970   6.040080   0.297220
  0.956560   5.302000   0.615320   1.469470   4.536560   1.054130
 -2.684830   5.780570   1.840690  -2.844000   5.573290   2.931980
 -2.684830   5.780570   1.840690  -2.506850   6.878950   1.696040
 -2.684830   5.780570   1.840690  -3.606220   5.479250   1.276450
 -1.587820   5.091700   1.365600  -2.684830   5.780570   1.840690
 -1.190500   3.392300   1.780970  -1.587820   5.091700   1.365600
 -1.190500   3.392300   1.780970  -0.751580   3.141760   0.458900
 -1.190500   3.392300   1.780970  -2.427380   3.007630   2.270020
 -1.190500   3.392300   1.780970  -0.128660   3.848900   2.620010
 -0.236480   0.150130   2.511770  -0.624950   1.551050   2.219810
 -0.236480   0.150130   2.511770  -1.166040  -0.521410   3.582830
 -0.236480   0.150130   2.511770   1.221630   0.095430   3.100800
 -0.228090  -0.791780   1.231980  -0.236480   0.150130   2.511770
 -0.345170  -0.198810  -0.046150  -0.228090  -0.791780   1.231980
 -0.345170  -0.198810  -0.046150  -1.198160  -0.705240  -0.569800
 -0.345170  -0.198810  -0.046150  -0.527900   0.907150   0.034610
 -0.345170  -0.198810  -0.046150   0.600960  -0.409520  -0.610790
