33 atoms follow (x y z r g b radiusScale)
 -0.455150  -0.074070  -0.054800   0.000000   1.000000   0.000000   1.850000
  0.492490  -0.105990  -0.655160   1.000000   1.000000   1.000000   1.200000
 -0.803230   0.983680   0.087480   1.000000   1.000000   1.000000   1.200000
 -1.233690  -0.689930  -0.577550   1.000000   1.000000   1.000000   1.200000
 -0.209020  -0.695950   1.186910   1.000000   0.000000   0.000000   1.400000
 -0.211170   0.148680   2.526700   0.500000   0.500000   0.500000   1.900000
  1.263490  -0.054650   3.062740   1.000000   0.000000   0.000000   1.400000
 -1.033330  -0.653350   3.603930   1.000000   0.000000   0.000000   1.400000
 -0.588230   1.572020   2.368850   1.000000   0.000000   0.000000   1.400000
 -1.190050   3.453100   1.860090   1.000000   1.000000   0.000000   1.850000
 -0.040350   3.940740   2.525020   1.000000   0.000000   0.000000   1.400000
 -2.376740   3.121090   2.492440   1.000000   0.000000   0.000000   1.400000
 -0.916550   3.102210   0.510380   1.000000   0.000000   0.000000   1.400000
 -1.581220   5.118490   1.364710   1.000000   0.000000   0.000000   1.400000
 -2.553790   5.946030   1.892840   0.000000   1.000000   0.000000   1.850000
 -3.205690   5.396320   2.620940   1.000000   1.000000   1.000000   1.200000
 -3.186890   6.343210   1.055050   1.000000   1.000000   1.000000   1.200000
 -2.062030   6.811710   2.413880   1.000000   1.000000   1.000000   1.200000
  0.912250   5.103240   0.292810   0.000000   0.000000   1.000000   1.540000
  1.338060   4.409590   0.931470   1.000000   1.000000   1.000000   1.200000
  1.602050   5.621670  -0.224420   1.000000   1.000000   1.000000   1.200000
  0.306270   5.711300   0.892330   1.000000   1.000000   1.000000   1.200000
  0.254810   4.585230  -0.313430   1.000000   1.000000   1.000000   1.200000
  1.042130   2.481230   5.020380   0.000000   0.000000   1.000000   1.540000
  1.414030   0.189640   3.977880   1.000000   1.000000   1.000000   1.200000
  0.935240   2.951600   4.139410   1.000000   1.000000   1.000000   1.200000
  1.802320   2.898390   5.515880   1.000000   1.000000   1.000000   1.200000
  0.208520   2.620830   5.553300   1.000000   1.000000   1.000000   1.200000
 -3.537550   0.764740   3.387260   0.000000   0.000000   1.000000   1.540000
 -1.969230  -0.426950   3.728460   1.000000   1.000000   1.000000   1.200000
 -3.816130   0.956010   2.446130   1.000000   1.000000   1.000000   1.200000
 -3.204900   1.626730   3.780970   1.000000   1.000000   1.000000   1.200000
 -4.334220   0.456310   3.903540   1.000000   1.000000   1.000000   1.200000
28 bonds follow (x1 y1 z1 x2 y2 z2)
 -3.537550   0.764740   3.387260  -4.334220   0.456310   3.903540
 -3.537550   0.764740   3.387260  -3.204900   1.626730   3.780970
 -3.537550   0.764740   3.387260  -3.816130   0.956010   2.446130
 -1.033330  -0.653350   3.603930  -1.969230  -0.426950   3.728460
  1.042130   2.481230   5.020380   0.208520   2.620830   5.553300
  1.042130   2.481230   5.020380   1.802320   2.898390   5.515880
  1.042130   2.481230   5.020380   0.935240   2.951600   4.139410
  1.263490  -0.054650   3.062740   1.414030   0.189640   3.977880
  0.912250   5.103240   0.292810   0.254810   4.585230  -0.313430
  0.912250   5.103240   0.292810   0.306270   5.711300   0.892330
  0.912250   5.103240   0.292810   1.602050   5.621670  -0.224420
  0.912250   5.103240   0.292810   1.338060   4.409590   0.931470
 -2.553790   5.946030   1.892840  -2.062030   6.811710   2.413880
 -2.553790   5.946030   1.892840  -3.186890   6.343210   1.055050
 -2.553790   5.946030   1.892840  -3.205690   5.396320   2.620940
 -1.581220   5.118490   1.364710  -2.553790   5.946030   1.892840
 -1.190050   3.453100   1.860090  -1.581220   5.118490   1.364710
 -1.190050   3.453100   1.860090  -0.916550   3.102210   0.510380
 -1.190050   3.453100   1.860090  -2.376740   3.121090   2.492440
 -1.190050   3.453100   1.860090  -0.040350   3.940740   2.525020
 -0.211170   0.148680   2.526700  -0.588230   1.572020   2.368850
 -0.211170   0.148680   2.526700  -1.033330  -0.653350   3.603930
 -0.211170   0.148680   2.526700   1.263490  -0.054650   3.062740
 -0.209020  -0.695950   1.186910  -0.211170   0.148680   2.526700
 -0.455150  -0.074070  -0.054800  -0.209020  -0.695950   1.186910
 -0.455150  -0.074070  -0.054800  -1.233690  -0.689930  -0.577550
 -0.455150  -0.074070  -0.054800  -0.803230   0.983680   0.087480
 -0.455150  -0.074070  -0.054800   0.492490  -0.105990  -0.655160
