33 atoms follow (x y z r g b radiusScale)
 -0.554920  -0.149860  -0.035640   0.000000   1.000000   0.000000   1.850000
  0.232350  -0.409700  -0.790660   1.000000   1.000000   1.000000   1.200000
 -0.669190   0.964260   0.055570   1.000000   1.000000   1.000000   1.200000
 -1.521330  -0.628440  -0.345640   1.000000   1.000000   1.000000   1.200000
 -0.155620  -0.714110   1.196290   1.000000   0.000000   0.000000   1.400000
 -0.174300   0.181890   2.512870   0.500000   0.500000   0.500000   1.900000
  1.282020   0.067710   3.085510   1.000000   0.000000   0.000000   1.400000
 -1.078380  -0.610140   3.519490   1.000000   0.000000   0.000000   1.400000
 -0.595550   1.588910   2.319370   1.000000   0.000000   0.000000   1.400000
 -1.182290   3.421110   1.857800   1.000000   1.000000   0.000000   1.850000
 -0.084190   3.937390   2.609990   1.000000   0.000000   0.000000   1.400000
 -2.401640   3.061160   2.421140   1.000000   0.000000   0.000000   1.400000
 -0.787160   3.094600   0.532180   1.000000   0.000000   0.000000   1.400000
 -1.564900   5.066620   1.297170   1.000000   0.000000   0.000000   1.400000
 -2.485030   5.882200   1.919180   0.000000   1.000000   0.000000   1.850000
 -3.407360   5.305350   2.193860   1.000000   1.000000   1.000000   1.200000
 -2.761750   6.708930   1.212230   1.000000   1.000000   1.000000   1.200000
 -2.041470   6.330450   2.848890   1.000000   1.000000   1.000000   1.200000
  0.873880   5.198540   0.324110   0.000000   0.000000   1.000000   1.540000
  0.816850   5.241180   1.373260   1.000000   1.000000   1.000000   1.200000
  1.617670   5.768480  -0.048860   1.000000   1.000000   1.000000   1.200000
 -0.060130   5.483230  -0.019900   1.000000   1.000000   1.000000   1.200000
  0.974690   4.208010   0.078140   1.000000   1.000000   1.000000   1.200000
  1.113070   2.398620   4.969780   0.000000   0.000000   1.000000   1.540000
  1.543190   0.683600   3.782540   1.000000   1.000000   1.000000   1.200000
  0.839150   3.028630   4.236320   1.000000   1.000000   1.000000   1.200000
  1.846210   2.816690   5.501900   1.000000   1.000000   1.000000   1.200000
  0.332160   2.246060   5.573250   1.000000   1.000000   1.000000   1.200000
 -3.706610   0.806070   3.516530   0.000000   0.000000   1.000000   1.540000
 -1.990150  -0.304650   3.653690   1.000000   1.000000   1.000000   1.200000
 -4.006640   0.981950   2.579190   1.000000   1.000000   1.000000   1.200000
 -3.366930   1.674150   3.887150   1.000000   1.000000   1.000000   1.200000
 -4.488990   0.498870   4.055300   1.000000   1.000000   1.000000   1.200000
28 bonds follow (x1 y1 z1 x2 y2 z2)
 -3.706610   0.806070   3.516530  -4.488990   0.498870   4.055300
 -3.706610   0.806070   3.516530  -3.366930   1.674150   3.887150
 -3.706610   0.806070   3.516530  -4.006640   0.981950   2.579190
 -1.078380  -0.610140   3.519490  -1.990150  -0.304650   3.653690
  1.113070   2.398620   4.969780   0.332160   2.246060   5.573250
  1.113070   2.398620   4.969780   1.846210   2.816690   5.501900
  1.113070   2.398620   4.969780   0.839150   3.028630   4.236320
  1.282020   0.067710   3.085510   1.543190   0.683600   3.782540
  0.873880   5.198540   0.324110   0.974690   4.208010   0.078140
  0.873880   5.198540   0.324110  -0.060130   5.483230  -0.019900
  0.873880   5.198540   0.324110   1.617670   5.768480  -0.048860
  0.873880   5.198540   0.324110   0.816850   5.241180   1.373260
 -2.485030   5.882200   1.919180  -2.041470   6.330450   2.848890
 -2.485030   5.882200   1.919180  -2.761750   6.708930   1.212230
 -2.485030   5.882200   1.919180  -3.407360   5.305350   2.193860
 -1.564900   5.066620   1.297170  -2.485030   5.882200   1.919180
 -1.182290   3.421110   1.857800  -1.564900   5.066620   1.297170
 -1.182290   3.421110   1.857800  -0.787160   3.094600   0.532180
 -1.182290   3.421110   1.857800  -2.401640   3.061160   2.421140
 -1.182290   3.421110   1.857800  -0.084190   3.937390   2.609990
 -0.174300   0.181890   2.512870  -0.595550   1.588910   2.319370
 -0.174300   0.181890   2.512870  -1.078380  -0.610140   3.519490
 -0.174300   0.181890   2.512870   1.282020   0.067710   3.085510
 -0.155620  -0.714110   1.196290  -0.174300   0.181890   2.512870
 -0.554920  -0.149860  -0.035640  -0.155620  -0.714110   1.196290
 -0.554920  -0.149860  -0.035640  -1.521330  -0.628440  -0.345640
 -0.554920  -0.149860  -0.035640  -0.669190   0.964260   0.055570
 -0.554920  -0.149860  -0.035640   0.232350  -0.409700  -0.790660
