33 atoms follow (x y z r g b radiusScale)
 -0.039280   0.035960  -0.035400   0.000000   1.000000   0.000000   1.850000
  1.072860  -0.026910  -0.147260   1.000000   1.000000   1.000000   1.200000
 -0.384970   1.104260   0.014230   1.000000   1.000000   1.000000   1.200000
 -0.533130  -0.505530  -0.882030   1.000000   1.000000   1.000000   1.200000
 -0.419890  -0.647160   1.142190   1.000000   0.000000   0.000000   1.400000
 -0.325500   0.144480   2.514860   0.500000   0.500000   0.500000   1.900000
  1.177110  -0.050850   2.932400   1.000000   0.000000   0.000000   1.400000
 -1.219170  -0.625650   3.548740   1.000000   0.000000   0.000000   1.400000
 -0.627520   1.596680   2.413150   1.000000   0.000000   0.000000   1.400000
 -1.182290   3.420300   1.951730   1.000000   1.000000   0.000000   1.850000
 -0.083250   3.923120   2.701600   1.000000   0.000000   0.000000   1.400000
 -2.417160   3.120810   2.507780   1.000000   0.000000   0.000000   1.400000
 -0.758530   3.108960   0.625250   1.000000   0.000000   0.000000   1.400000
 -1.591740   5.067080   1.379110   1.000000   0.000000   0.000000   1.400000
 -2.834780   5.650570   1.229720   0.000000   1.000000   0.000000   1.850000
 -3.255280   5.414340   0.215610   1.000000   1.000000   1.000000   1.200000
 -2.713740   6.763740   1.319620   1.000000   1.000000   1.000000   1.200000
 -3.546420   5.289970   2.016800   1.000000   1.000000   1.000000   1.200000
  0.930750   5.267200   0.548810   0.000000   0.000000   1.000000   1.540000
  0.723800   5.305480   1.577130   1.000000   1.000000   1.000000   1.200000
  1.121660   6.189920   0.186480   1.000000   1.000000   1.000000   1.200000
  0.048000   4.876600   0.122270   1.000000   1.000000   1.000000   1.200000
  1.696630   4.619600   0.378330   1.000000   1.000000   1.000000   1.200000
  1.564730   2.294450   4.703800   0.000000   0.000000   1.000000   1.540000
  1.549150   0.576460   3.569620   1.000000   1.000000   1.000000   1.200000
  1.047520   2.899780   4.090690   1.000000   1.000000   1.000000   1.200000
  2.484830   2.660640   4.825420   1.000000   1.000000   1.000000   1.200000
  1.113180   2.269300   5.593600   1.000000   1.000000   1.000000   1.200000
 -3.605170   0.946880   3.765060   0.000000   0.000000   1.000000   1.540000
 -2.107580  -0.276370   3.758620   1.000000   1.000000   1.000000   1.200000
 -3.804780   1.150960   2.804580   1.000000   1.000000   1.000000   1.200000
 -3.171750   1.766260   4.150200   1.000000   1.000000   1.000000   1.200000
 -4.465890   0.781870   4.242650   1.000000   1.000000   1.000000   1.200000
28 bonds follow (x1 y1 z1 x2 y2 z2)
 -3.605170   0.946880   3.765060  -4.465890   0.781870   4.242650
 -3.605170   0.946880   3.765060  -3.171750   1.766260   4.150200
 -3.605170   0.946880   3.765060  -3.804780   1.150960   2.804580
 -1.219170  -0.625650   3.548740  -2.107580  -0.276370   3.758620
  1.564730   2.294450   4.703800   1.113180   2.269300   5.593600
  1.564730   2.294450   4.703800   2.484830   2.660640   4.825420
  1.564730   2.294450   4.703800   1.047520   2.899780   4.090690
  1.177110  -0.050850   2.932400   1.549150   0.576460   3.569620
  0.930750   5.267200   0.548810   1.696630   4.619600   0.378330
  0.930750   5.267200   0.548810   0.048000   4.876600   0.122270
  0.930750   5.267200   0.548810   1.121660   6.189920   0.186480
  0.930750   5.267200   0.548810   0.723800   5.305480   1.577130
 -2.834780   5.650570   1.229720  -3.546420   5.289970   2.016800
 -2.834780   5.650570   1.229720  -2.713740   6.763740   1.319620
 -2.834780   5.650570   1.229720  -3.255280   5.414340   0.215610
 -1.591740   5.067080   1.379110  -2.834780   5.650570   1.229720
 -1.182290   3.420300   1.951730  -1.591740   5.067080   1.379110
 -1.182290   3.420300   1.951730  -0.758530   3.108960   0.625250
 -1.182290   3.420300   1.951730  -2.417160   3.120810   2.507780
 -1.182290   3.420300   1.951730  -0.083250   3.923120   2.701600
 -0.325500   0.144480   2.514860  -0.627520   1.596680   2.413150
 -0.325500   0.144480   2.514860  -1.219170  -0.625650   3.548740
 -0.325500   0.144480   2.514860   1.177110  -0.050850   2.932400
 -0.419890  -0.647160   1.142190  -0.325500   0.144480   2.514860
 -0.039280   0.035960  -0.035400  -0.419890  -0.647160   1.142190
 -0.039280   0.035960  -0.035400  -0.533130  -0.505530  -0.882030
 -0.039280   0.035960  -0.035400  -0.384970   1.104260   0.014230
 -0.039280   0.035960  -0.035400   1.072860  -0.026910  -0.147260
