33 atoms follow (x y z r g b radiusScale)
 -0.442180  -0.064950  -0.053570   0.000000   1.000000   0.000000   1.850000
  0.512150  -0.111680  -0.640970   1.000000   1.000000   1.000000   1.200000
 -0.776390   0.999010   0.085510   1.000000   1.000000   1.000000   1.200000
 -1.223370  -0.665760  -0.588840   1.000000   1.000000   1.000000   1.200000
 -0.225590  -0.693360   1.190960   1.000000   0.000000   0.000000   1.400000
 -0.206390   0.153860   2.531250   0.500000   0.500000   0.500000   1.900000
  1.264160  -0.051890   3.065300   1.000000   0.000000   0.000000   1.400000
 -1.021470  -0.665780   3.601310   1.000000   0.000000   0.000000   1.400000
 -0.593950   1.566910   2.347670   1.000000   0.000000   0.000000   1.400000
 -1.190330   3.452250   1.857130   1.000000   1.000000   0.000000   1.850000
 -0.027950   3.913520   2.525020   1.000000   0.000000   0.000000   1.400000
 -2.371440   3.141080   2.504580   1.000000   0.000000   0.000000   1.400000
 -0.922630   3.092420   0.505260   1.000000   0.000000   0.000000   1.400000
 -1.573510   5.122120   1.374230   1.000000   0.000000   0.000000   1.400000
 -2.556670   5.943760   1.886260   0.000000   1.000000   0.000000   1.850000
 -3.184250   5.406410   2.644120   1.000000   1.000000   1.000000   1.200000
 -3.212760   6.296790   1.046260   1.000000   1.000000   1.000000   1.200000
 -2.076490   6.838150   2.368900   1.000000   1.000000   1.000000   1.200000
  0.908380   5.108450   0.294610   0.000000   0.000000   1.000000   1.540000
  1.370790   4.400770   0.867380   1.000000   1.000000   1.000000   1.200000
  1.556870   5.659840  -0.241890   1.000000   1.000000   1.000000   1.200000
  0.347350   5.688240   0.954000   1.000000   1.000000   1.000000   1.200000
  0.213730   4.608190  -0.310180   1.000000   1.000000   1.000000   1.200000
  1.040240   2.493790   5.019160   0.000000   0.000000   1.000000   1.540000
  1.418180   0.110940   3.996850   1.000000   1.000000   1.000000   1.200000
  0.929870   2.970950   4.142250   1.000000   1.000000   1.000000   1.200000
  1.775030   2.935160   5.531930   1.000000   1.000000   1.000000   1.200000
  0.193650   2.596740   5.540100   1.000000   1.000000   1.000000   1.200000
 -3.557820   0.760720   3.386970   0.000000   0.000000   1.000000   1.540000
 -1.948430  -0.432310   3.754120   1.000000   1.000000   1.000000   1.200000
 -3.815350   1.003760   2.451590   1.000000   1.000000   1.000000   1.200000
 -3.223160   1.598550   3.827490   1.000000   1.000000   1.000000   1.200000
 -4.367430   0.435980   3.872170   1.000000   1.000000   1.000000   1.200000
28 bonds follow (x1 y1 z1 x2 y2 z2)
 -3.557820   0.760720   3.386970  -4.367430   0.435980   3.872170
 -3.557820   0.760720   3.386970  -3.223160   1.598550   3.827490
 -3.557820   0.760720   3.386970  -3.815350   1.003760   2.451590
 -1.021470  -0.665780   3.601310  -1.948430  -0.432310   3.754120
  1.040240   2.493790   5.019160   0.193650   2.596740   5.540100
  1.040240   2.493790   5.019160   1.775030   2.935160   5.531930
  1.040240   2.493790   5.019160   0.929870   2.970950   4.142250
  1.264160  -0.051890   3.065300   1.418180   0.110940   3.996850
  0.908380   5.108450   0.294610   0.213730   4.608190  -0.310180
  0.908380   5.108450   0.294610   0.347350   5.688240   0.954000
  0.908380   5.108450   0.294610   1.556870   5.659840  -0.241890
  0.908380   5.108450   0.294610   1.370790   4.400770   0.867380
 -2.556670   5.943760   1.886260  -2.076490   6.838150   2.368900
 -2.556670   5.943760   1.886260  -3.212760   6.296790   1.046260
 -2.556670   5.943760   1.886260  -3.184250   5.406410   2.644120
 -1.573510   5.122120   1.374230  -2.556670   5.943760   1.886260
 -1.190330   3.452250   1.857130  -1.573510   5.122120   1.374230
 -1.190330   3.452250   1.857130  -0.922630   3.092420   0.505260
 -1.190330   3.452250   1.857130  -2.371440   3.141080   2.504580
 -1.190330   3.452250   1.857130  -0.027950   3.913520   2.525020
 -0.206390   0.153860   2.531250  -0.593950   1.566910   2.347670
 -0.206390   0.153860   2.531250  -1.021470  -0.665780   3.601310
 -0.206390   0.153860   2.531250   1.264160  -0.051890   3.065300
 -0.225590  -0.693360   1.190960  -0.206390   0.153860   2.531250
 -0.442180  -0.064950  -0.053570  -0.225590  -0.693360   1.190960
 -0.442180  -0.064950  -0.053570  -1.223370  -0.665760  -0.588840
 -0.442180  -0.064950  -0.053570  -0.776390   0.999010   0.085510
 -0.442180  -0.064950  -0.053570   0.512150  -0.111680  -0.640970
