33 atoms follow (x y z r g b radiusScale)
 -0.350730  -0.200420  -0.044330   0.000000   1.000000   0.000000   1.850000
  0.595700  -0.404230  -0.611020   1.000000   1.000000   1.000000   1.200000
 -0.540100   0.904410   0.037570   1.000000   1.000000   1.000000   1.200000
 -1.201330  -0.711560  -0.567030   1.000000   1.000000   1.000000   1.200000
 -0.228270  -0.793050   1.233610   1.000000   0.000000   0.000000   1.400000
 -0.234310   0.148920   2.514610   0.500000   0.500000   0.500000   1.900000
  1.222640   0.096520   3.102240   1.000000   0.000000   0.000000   1.400000
 -1.166740  -0.525810   3.579790   1.000000   0.000000   0.000000   1.400000
 -0.621250   1.549120   2.218560   1.000000   0.000000   0.000000   1.400000
 -1.190180   3.393330   1.779380   1.000000   1.000000   0.000000   1.850000
 -0.130440   3.845360   2.621060   1.000000   0.000000   0.000000   1.400000
 -2.429060   3.012640   2.266810   1.000000   0.000000   0.000000   1.400000
 -0.750110   3.144710   0.458090   1.000000   0.000000   0.000000   1.400000
 -1.587150   5.095430   1.367040   1.000000   0.000000   0.000000   1.400000
 -2.684770   5.781270   1.846070   0.000000   1.000000   0.000000   1.850000
 -3.607040   5.475800   1.285930   1.000000   1.000000   1.000000   1.200000
 -2.510820   6.880080   1.698850   1.000000   1.000000   1.000000   1.200000
 -2.838200   5.574450   2.937780   1.000000   1.000000   1.000000   1.200000
  0.955240   5.302090   0.610550   0.000000   0.000000   1.000000   1.540000
  1.476550   4.537500   1.050040   1.000000   1.000000   1.000000   1.200000
  1.561420   6.050980   0.306260   1.000000   1.000000   1.000000   1.200000
  0.268520   5.633000   1.324870   1.000000   1.000000   1.000000   1.200000
  0.392150   4.905170  -0.153260   1.000000   1.000000   1.000000   1.200000
  1.377280   2.427200   4.831110   0.000000   0.000000   1.000000   1.540000
  1.493890   0.807590   3.704200   1.000000   1.000000   1.000000   1.200000
  0.897000   2.964570   4.131010   1.000000   1.000000   1.000000   1.200000
  2.302340   2.785380   4.939490   1.000000   1.000000   1.000000   1.200000
  0.894600   2.522710   5.699190   1.000000   1.000000   1.000000   1.200000
 -3.674830   0.952720   3.718580   0.000000   0.000000   1.000000   1.540000
 -2.040300  -0.141970   3.771500   1.000000   1.000000   1.000000   1.200000
 -3.704660   1.158120   2.737010   1.000000   1.000000   1.000000   1.200000
 -3.315340   1.770290   4.173130   1.000000   1.000000   1.000000   1.200000
 -4.606110   0.791440   4.039840   1.000000   1.000000   1.000000   1.200000
28 bonds follow (x1 y1 z1 x2 y2 z2)
 -3.674830   0.952720   3.718580  -4.606110   0.791440   4.039840
 -3.674830   0.952720   3.718580  -3.315340   1.770290   4.173130
 -3.674830   0.952720   3.718580  -3.704660   1.158120   2.737010
 -1.166740  -0.525810   3.579790  -2.040300  -0.141970   3.771500
  1.377280   2.427200   4.831110   0.894600   2.522710   5.699190
  1.377280   2.427200   4.831110   2.302340   2.785380   4.939490
  1.377280   2.427200   4.831110   0.897000   2.964570   4.131010
  1.222640   0.096520   3.102240   1.493890   0.807590   3.704200
  0.955240   5.302090   0.610550   0.392150   4.905170  -0.153260
  0.955240   5.302090   0.610550   0.268520   5.633000   1.324870
  0.955240   5.302090   0.610550   1.561420   6.050980   0.306260
  0.955240   5.302090   0.610550   1.476550   4.537500   1.050040
 -2.684770   5.781270   1.846070  -2.838200   5.574450   2.937780
 -2.684770   5.781270   1.846070  -2.510820   6.880080   1.698850
 -2.684770   5.781270   1.846070  -3.607040   5.475800   1.285930
 -1.587150   5.095430   1.367040  -2.684770   5.781270   1.846070
 -1.190180   3.393330   1.779380  -1.587150   5.095430   1.367040
 -1.190180   3.393330   1.779380  -0.750110   3.144710   0.458090
 -1.190180   3.393330   1.779380  -2.429060   3.012640   2.266810
 -1.190180   3.393330   1.779380  -0.130440   3.845360   2.621060
 -0.234310   0.148920   2.514610  -0.621250   1.549120   2.218560
 -0.234310   0.148920   2.514610  -1.166740  -0.525810   3.579790
 -0.234310   0.148920   2.514610   1.222640   0.096520   3.102240
 -0.228270  -0.793050   1.233610  -0.234310   0.148920   2.514610
 -0.350730  -0.200420  -0.044330  -0.228270  -0.793050   1.233610
 -0.350730  -0.200420  -0.044330  -1.201330  -0.711560  -0.567030
 -0.350730  -0.200420  -0.044330  -0.540100   0.904410   0.037570
 -0.350730  -0.200420  -0.044330   0.595700  -0.404230  -0.611020
