33 atoms follow (x y z r g b radiusScale)
 -0.082410  -0.084360  -0.031360   0.000000   1.000000   0.000000   1.850000
  0.969050  -0.348650  -0.317690   1.000000   1.000000   1.000000   1.200000
 -0.221420   1.028110   0.050710   1.000000   1.000000   1.000000   1.200000
 -0.784310  -0.512330  -0.793770   1.000000   1.000000   1.000000   1.200000
 -0.393270  -0.707510   1.195110   1.000000   0.000000   0.000000   1.400000
 -0.316090   0.141620   2.535920   0.500000   0.500000   0.500000   1.900000
  1.169940  -0.035340   3.015310   1.000000   0.000000   0.000000   1.400000
 -1.136590  -0.683920   3.587750   1.000000   0.000000   0.000000   1.400000
 -0.693560   1.568930   2.387820   1.000000   0.000000   0.000000   1.400000
 -1.185600   3.451190   1.868490   1.000000   1.000000   0.000000   1.850000
 -0.116400   3.898510   2.686970   1.000000   0.000000   0.000000   1.400000
 -2.457500   3.091160   2.267380   1.000000   0.000000   0.000000   1.400000
 -0.677880   3.157800   0.570000   1.000000   0.000000   0.000000   1.400000
 -1.601780   5.152970   1.443990   1.000000   0.000000   0.000000   1.400000
 -2.840240   5.771840   1.522080   0.000000   1.000000   0.000000   1.850000
 -3.474730   5.486370   0.642200   1.000000   1.000000   1.000000   1.200000
 -2.675310   6.882270   1.508570   1.000000   1.000000   1.000000   1.200000
 -3.373380   5.487160   2.465210   1.000000   1.000000   1.000000   1.200000
  0.905120   5.252060   0.508060   0.000000   0.000000   1.000000   1.540000
  0.849670   5.413860   1.534500   1.000000   1.000000   1.000000   1.200000
  1.672670   5.740800   0.074890   1.000000   1.000000   1.000000   1.200000
 -0.016900   5.539710   0.124030   1.000000   1.000000   1.000000   1.200000
  0.961630   4.222090   0.371840   1.000000   1.000000   1.000000   1.200000
  1.509710   2.310770   4.737170   0.000000   0.000000   1.000000   1.540000
  1.548900   0.635480   3.600240   1.000000   1.000000   1.000000   1.200000
  0.993610   2.873320   4.083560   1.000000   1.000000   1.000000   1.200000
  2.432360   2.681360   4.823880   1.000000   1.000000   1.000000   1.200000
  1.062550   2.361300   5.628100   1.000000   1.000000   1.000000   1.200000
 -3.523810   0.941910   3.714800   0.000000   0.000000   1.000000   1.540000
 -2.041080  -0.401180   3.800870   1.000000   1.000000   1.000000   1.200000
 -3.761430   1.109040   2.755480   1.000000   1.000000   1.000000   1.200000
 -3.039100   1.759760   4.036580   1.000000   1.000000   1.000000   1.200000
 -4.367530   0.845250   4.239750   1.000000   1.000000   1.000000   1.200000
28 bonds follow (x1 y1 z1 x2 y2 z2)
 -3.523810   0.941910   3.714800  -4.367530   0.845250   4.239750
 -3.523810   0.941910   3.714800  -3.039100   1.759760   4.036580
 -3.523810   0.941910   3.714800  -3.761430   1.109040   2.755480
 -1.136590  -0.683920   3.587750  -2.041080  -0.401180   3.800870
  1.509710   2.310770   4.737170   1.062550   2.361300   5.628100
  1.509710   2.310770   4.737170   2.432360   2.681360   4.823880
  1.509710   2.310770   4.737170   0.993610   2.873320   4.083560
  1.169940  -0.035340   3.015310   1.548900   0.635480   3.600240
  0.905120   5.252060   0.508060   0.961630   4.222090   0.371840
  0.905120   5.252060   0.508060  -0.016900   5.539710   0.124030
  0.905120   5.252060   0.508060   1.672670   5.740800   0.074890
  0.905120   5.252060   0.508060   0.849670   5.413860   1.534500
 -2.840240   5.771840   1.522080  -3.373380   5.487160   2.465210
 -2.840240   5.771840   1.522080  -2.675310   6.882270   1.508570
 -2.840240   5.771840   1.522080  -3.474730   5.486370   0.642200
 -1.601780   5.152970   1.443990  -2.840240   5.771840   1.522080
 -1.185600   3.451190   1.868490  -1.601780   5.152970   1.443990
 -1.185600   3.451190   1.868490  -0.677880   3.157800   0.570000
 -1.185600   3.451190   1.868490  -2.457500   3.091160   2.267380
 -1.185600   3.451190   1.868490  -0.116400   3.898510   2.686970
 -0.316090   0.141620   2.535920  -0.693560   1.568930   2.387820
 -0.316090   0.141620   2.535920  -1.136590  -0.683920   3.587750
 -0.316090   0.141620   2.535920   1.169940  -0.035340   3.015310
 -0.393270  -0.707510   1.195110  -0.316090   0.141620   2.535920
 -0.082410  -0.084360  -0.031360  -0.393270  -0.707510   1.195110
 -0.082410  -0.084360  -0.031360  -0.784310  -0.512330  -0.793770
 -0.082410  -0.084360  -0.031360  -0.221420   1.028110   0.050710
 -0.082410  -0.084360  -0.031360   0.969050  -0.348650  -0.317690
