33 atoms follow (x y z r g b radiusScale)
 -0.383630  -0.047150  -0.035710   0.000000   1.000000   0.000000   1.850000
  0.580960  -0.201170  -0.586450   1.000000   1.000000   1.000000   1.200000
 -0.605560   1.047220   0.099130   1.000000   1.000000   1.000000   1.200000
 -1.210200  -0.545220  -0.606360   1.000000   1.000000   1.000000   1.200000
 -0.289600  -0.708980   1.208870   1.000000   0.000000   0.000000   1.400000
 -0.171500   0.168130   2.521260   0.500000   0.500000   0.500000   1.900000
  1.294640  -0.035440   3.072780   1.000000   0.000000   0.000000   1.400000
 -1.001620  -0.637920   3.583490   1.000000   0.000000   0.000000   1.400000
 -0.662100   1.543400   2.285020   1.000000   0.000000   0.000000   1.400000
 -1.180390   3.439320   1.869250   1.000000   1.000000   0.000000   1.850000
  0.036120   3.812480   2.492660   1.000000   0.000000   0.000000   1.400000
 -2.362740   3.206700   2.547970   1.000000   0.000000   0.000000   1.400000
 -0.933480   3.105130   0.507470   1.000000   0.000000   0.000000   1.400000
 -1.524350   5.132270   1.386400   1.000000   0.000000   0.000000   1.400000
 -2.564000   5.908960   1.862250   0.000000   1.000000   0.000000   1.850000
 -3.086370   5.407130   2.718210   1.000000   1.000000   1.000000   1.200000
 -3.302430   6.091870   1.037190   1.000000   1.000000   1.000000   1.200000
 -2.153500   6.895970   2.207770   1.000000   1.000000   1.000000   1.200000
  0.858570   5.120030   0.317390   0.000000   0.000000   1.000000   1.540000
  1.419930   4.404340   0.782750   1.000000   1.000000   1.000000   1.200000
  1.407300   5.710830  -0.285910   1.000000   1.000000   1.000000   1.200000
  0.375290   5.657280   1.066780   1.000000   1.000000   1.000000   1.200000
  0.082020   4.623060  -0.203380   1.000000   1.000000   1.000000   1.200000
  1.024080   2.520350   5.017950   0.000000   0.000000   1.000000   1.540000
  1.437620   0.133160   4.006600   1.000000   1.000000   1.000000   1.200000
  1.010510   2.952690   4.112160   1.000000   1.000000   1.000000   1.200000
  1.683790   3.008810   5.587520   1.000000   1.000000   1.000000   1.200000
  0.119610   2.630400   5.429700   1.000000   1.000000   1.000000   1.200000
 -3.653660   0.738980   3.415700   0.000000   0.000000   1.000000   1.540000
 -1.962230  -0.545790   3.607000   1.000000   1.000000   1.000000   1.200000
 -3.628840   1.037120   2.459100   1.000000   1.000000   1.000000   1.200000
 -3.282800   1.494630   3.961500   1.000000   1.000000   1.000000   1.200000
 -4.608380   0.599140   3.674940   1.000000   1.000000   1.000000   1.200000
28 bonds follow (x1 y1 z1 x2 y2 z2)
 -3.653660   0.738980   3.415700  -4.608380   0.599140   3.674940
 -3.653660   0.738980   3.415700  -3.282800   1.494630   3.961500
 -3.653660   0.738980   3.415700  -3.628840   1.037120   2.459100
 -1.001620  -0.637920   3.583490  -1.962230  -0.545790   3.607000
  1.024080   2.520350   5.017950   0.119610   2.630400   5.429700
  1.024080   2.520350   5.017950   1.683790   3.008810   5.587520
  1.024080   2.520350   5.017950   1.010510   2.952690   4.112160
  1.294640  -0.035440   3.072780   1.437620   0.133160   4.006600
  0.858570   5.120030   0.317390   0.082020   4.623060  -0.203380
  0.858570   5.120030   0.317390   0.375290   5.657280   1.066780
  0.858570   5.120030   0.317390   1.407300   5.710830  -0.285910
  0.858570   5.120030   0.317390   1.419930   4.404340   0.782750
 -2.564000   5.908960   1.862250  -2.153500   6.895970   2.207770
 -2.564000   5.908960   1.862250  -3.302430   6.091870   1.037190
 -2.564000   5.908960   1.862250  -3.086370   5.407130   2.718210
 -1.524350   5.132270   1.386400  -2.564000   5.908960   1.862250
 -1.180390   3.439320   1.869250  -1.524350   5.132270   1.386400
 -1.180390   3.439320   1.869250  -0.933480   3.105130   0.507470
 -1.180390   3.439320   1.869250  -2.362740   3.206700   2.547970
 -1.180390   3.439320   1.869250   0.036120   3.812480   2.492660
 -0.171500   0.168130   2.521260  -0.662100   1.543400   2.285020
 -0.171500   0.168130   2.521260  -1.001620  -0.637920   3.583490
 -0.171500   0.168130   2.521260   1.294640  -0.035440   3.072780
 -0.289600  -0.708980   1.208870  -0.171500   0.168130   2.521260
 -0.383630  -0.047150  -0.035710  -0.289600  -0.708980   1.208870
 -0.383630  -0.047150  -0.035710  -1.210200  -0.545220  -0.606360
 -0.383630  -0.047150  -0.035710  -0.605560   1.047220   0.099130
 -0.383630  -0.047150  -0.035710   0.580960  -0.201170  -0.586450
