33 atoms follow (x y z r g b radiusScale)
 -0.225290  -0.235490  -0.063290   0.000000   1.000000   0.000000   1.850000
  0.790340  -0.437060  -0.495020   1.000000   1.000000   1.000000   1.200000
 -0.442860   0.866850  -0.017780   1.000000   1.000000   1.000000   1.200000
 -0.993210  -0.764570  -0.685960   1.000000   1.000000   1.000000   1.200000
 -0.287100  -0.801070   1.226890   1.000000   0.000000   0.000000   1.400000
 -0.219030   0.142370   2.505190   0.500000   0.500000   0.500000   1.900000
  1.283780   0.106800   2.974010   1.000000   0.000000   0.000000   1.400000
 -1.127390  -0.578220   3.554590   1.000000   0.000000   0.000000   1.400000
 -0.713490   1.510030   2.235750   1.000000   0.000000   0.000000   1.400000
 -1.133340   3.444780   1.933140   1.000000   1.000000   0.000000   1.850000
  0.114810   3.771390   2.525870   1.000000   0.000000   0.000000   1.400000
 -2.298250   3.213460   2.655540   1.000000   0.000000   0.000000   1.400000
 -0.926640   3.146230   0.568650   1.000000   0.000000   0.000000   1.400000
 -1.446740   5.172940   1.587440   1.000000   0.000000   0.000000   1.400000
 -2.686550   5.732280   1.842950   0.000000   1.000000   0.000000   1.850000
 -3.032630   5.476130   2.878440   1.000000   1.000000   1.000000   1.200000
 -3.441320   5.355190   1.102840   1.000000   1.000000   1.000000   1.200000
 -2.599840   6.845750   1.744930   1.000000   1.000000   1.000000   1.200000
  0.825520   5.178030   0.234950   0.000000   0.000000   1.000000   1.540000
  0.956640   5.123500   1.263000   1.000000   1.000000   1.000000   1.200000
  1.533880   5.724120  -0.223590   1.000000   1.000000   1.000000   1.200000
 -0.120370   5.571990   0.098960   1.000000   1.000000   1.000000   1.200000
  0.791930   4.200200  -0.108160   1.000000   1.000000   1.000000   1.200000
  0.956760   2.514350   4.870460   0.000000   0.000000   1.000000   1.540000
  1.543400   0.674500   3.706300   1.000000   1.000000   1.000000   1.200000
  1.459400   3.093260   4.224270   1.000000   1.000000   1.000000   1.200000
  1.250830   2.731010   5.799510   1.000000   1.000000   1.000000   1.200000
 -0.013020   2.747990   4.778360   1.000000   1.000000   1.000000   1.200000
 -3.629910   0.891130   3.393740   0.000000   0.000000   1.000000   1.540000
 -2.033920  -0.243460   3.681810   1.000000   1.000000   1.000000   1.200000
 -3.488040   1.200600   2.450120   1.000000   1.000000   1.000000   1.200000
 -3.335050   1.643960   3.988680   1.000000   1.000000   1.000000   1.200000
 -4.608160   0.743930   3.530090   1.000000   1.000000   1.000000   1.200000
28 bonds follow (x1 y1 z1 x2 y2 z2)
 -3.629910   0.891130   3.393740  -4.608160   0.743930   3.530090
 -3.629910   0.891130   3.393740  -3.335050   1.643960   3.988680
 -3.629910   0.891130   3.393740  -3.488040   1.200600   2.450120
 -1.127390  -0.578220   3.554590  -2.033920  -0.243460   3.681810
  0.956760   2.514350   4.870460  -0.013020   2.747990   4.778360
  0.956760   2.514350   4.870460   1.250830   2.731010   5.799510
  0.956760   2.514350   4.870460   1.459400   3.093260   4.224270
  1.283780   0.106800   2.974010   1.543400   0.674500   3.706300
  0.825520   5.178030   0.234950   0.791930   4.200200  -0.108160
  0.825520   5.178030   0.234950  -0.120370   5.571990   0.098960
  0.825520   5.178030   0.234950   1.533880   5.724120  -0.223590
  0.825520   5.178030   0.234950   0.956640   5.123500   1.263000
 -2.686550   5.732280   1.842950  -2.599840   6.845750   1.744930
 -2.686550   5.732280   1.842950  -3.441320   5.355190   1.102840
 -2.686550   5.732280   1.842950  -3.032630   5.476130   2.878440
 -1.446740   5.172940   1.587440  -2.686550   5.732280   1.842950
 -1.133340   3.444780   1.933140  -1.446740   5.172940   1.587440
 -1.133340   3.444780   1.933140  -0.926640   3.146230   0.568650
 -1.133340   3.444780   1.933140  -2.298250   3.213460   2.655540
 -1.133340   3.444780   1.933140   0.114810   3.771390   2.525870
 -0.219030   0.142370   2.505190  -0.713490   1.510030   2.235750
 -0.219030   0.142370   2.505190  -1.127390  -0.578220   3.554590
 -0.219030   0.142370   2.505190   1.283780   0.106800   2.974010
 -0.287100  -0.801070   1.226890  -0.219030   0.142370   2.505190
 -0.225290  -0.235490  -0.063290  -0.287100  -0.801070   1.226890
 -0.225290  -0.235490  -0.063290  -0.993210  -0.764570  -0.685960
 -0.225290  -0.235490  -0.063290  -0.442860   0.866850  -0.017780
 -0.225290  -0.235490  -0.063290   0.790340  -0.437060  -0.495020
