33 atoms follow (x y z r g b radiusScale)
  0.070210  -0.127200   0.022690   0.000000   1.000000   0.000000   1.850000
  1.184210  -0.036490   0.070510   1.000000   1.000000   1.000000   1.200000
 -0.414040   0.882860  -0.041870   1.000000   1.000000   1.000000   1.200000
 -0.232110  -0.774270  -0.839050   1.000000   1.000000   1.000000   1.200000
 -0.382290  -0.786820   1.190030   1.000000   0.000000   0.000000   1.400000
 -0.318470   0.017790   2.550800   0.500000   0.500000   0.500000   1.900000
  1.145140  -0.161480   3.052720   1.000000   0.000000   0.000000   1.400000
 -1.245380  -0.734160   3.560440   1.000000   0.000000   0.000000   1.400000
 -0.637300   1.479890   2.327770   1.000000   0.000000   0.000000   1.400000
 -1.123230   3.249160   2.046770   1.000000   1.000000   0.000000   1.850000
 -0.125450   3.787620   2.826980   1.000000   0.000000   0.000000   1.400000
 -2.389640   3.131580   2.552080   1.000000   0.000000   0.000000   1.400000
 -0.926270   3.252180   0.686710   1.000000   0.000000   0.000000   1.400000
 -2.112840   5.859200   1.680400   1.000000   0.000000   0.000000   1.400000
 -3.231580   5.948190   0.806550   0.000000   1.000000   0.000000   1.850000
 -2.920240   5.960850  -0.268760   1.000000   1.000000   1.000000   1.200000
 -3.830660   6.861060   1.044950   1.000000   1.000000   1.000000   1.200000
 -3.799280   5.014230   1.072230   1.000000   1.000000   1.000000   1.200000
  1.752640   5.626880   0.038810   0.000000   0.000000   1.000000   1.540000
  1.630770   6.014060   0.954650   1.000000   1.000000   1.000000   1.200000
 -1.551340   6.666600   1.342000   1.000000   1.000000   1.000000   1.200000
  0.939950   5.848380  -0.502300   1.000000   1.000000   1.000000   1.200000
  1.802950   4.629180   0.129640   1.000000   1.000000   1.000000   1.200000
  1.685710   2.129010   4.618250   0.000000   0.000000   1.000000   1.540000
  1.532640   0.531500   3.627090   1.000000   1.000000   1.000000   1.200000
  1.409650   2.835100   3.959130   1.000000   1.000000   1.000000   1.200000
  2.661730   2.221660   4.808700   1.000000   1.000000   1.000000   1.200000
  1.177900   2.265260   5.466850   1.000000   1.000000   1.000000   1.200000
 -3.557920   0.853460   3.793460   0.000000   0.000000   1.000000   1.540000
 -2.155480  -0.419210   3.740340   1.000000   1.000000   1.000000   1.200000
 -3.788750   1.186980   2.877080   1.000000   1.000000   1.000000   1.200000
 -3.164210   1.626040   4.296650   1.000000   1.000000   1.000000   1.200000
 -4.395140   0.561880   4.253150   1.000000   1.000000   1.000000   1.200000
28 bonds follow (x1 y1 z1 x2 y2 z2)
 -3.557920   0.853460   3.793460  -4.395140   0.561880   4.253150
 -3.557920   0.853460   3.793460  -3.164210   1.626040   4.296650
 -3.557920   0.853460   3.793460  -3.788750   1.186980   2.877080
 -1.245380  -0.734160   3.560440  -2.155480  -0.419210   3.740340
  1.685710   2.129010   4.618250   1.177900   2.265260   5.466850
  1.685710   2.129010   4.618250   2.661730   2.221660   4.808700
  1.685710   2.129010   4.618250   1.409650   2.835100   3.959130
  1.145140  -0.161480   3.052720   1.532640   0.531500   3.627090
  1.752640   5.626880   0.038810   1.802950   4.629180   0.129640
  1.752640   5.626880   0.038810   0.939950   5.848380  -0.502300
 -2.112840   5.859200   1.680400  -1.551340   6.666600   1.342000
  1.752640   5.626880   0.038810   1.630770   6.014060   0.954650
 -3.231580   5.948190   0.806550  -3.799280   5.014230   1.072230
 -3.231580   5.948190   0.806550  -3.830660   6.861060   1.044950
 -3.231580   5.948190   0.806550  -2.920240   5.960850  -0.268760
 -2.112840   5.859200   1.680400  -3.231580   5.948190   0.806550
 -1.123230   3.249160   2.046770  -0.926270   3.252180   0.686710
 -1.123230   3.249160   2.046770  -2.389640   3.131580   2.552080
 -1.123230   3.249160   2.046770  -0.125450   3.787620   2.826980
 -0.637300   1.479890   2.327770  -1.123230   3.249160   2.046770
 -0.318470   0.017790   2.550800  -0.637300   1.479890   2.327770
 -0.318470   0.017790   2.550800  -1.245380  -0.734160   3.560440
 -0.318470   0.017790   2.550800   1.145140  -0.161480   3.052720
 -0.382290  -0.786820   1.190030  -0.318470   0.017790   2.550800
  0.070210  -0.127200   0.022690  -0.382290  -0.786820   1.190030
  0.070210  -0.127200   0.022690  -0.232110  -0.774270  -0.839050
  0.070210  -0.127200   0.022690  -0.414040   0.882860  -0.041870
  0.070210  -0.127200   0.022690   1.184210  -0.036490   0.070510
