33 atoms follow (x y z r g b radiusScale)
 -0.002600   0.001380   0.003210   0.000000   1.000000   0.000000   1.850000
  1.116500  -0.000510  -0.004480   1.000000   1.000000   1.000000   1.200000
 -0.403980   1.052380   0.012260   1.000000   1.000000   1.000000   1.200000
 -0.394640  -0.569380  -0.875410   1.000000   1.000000   1.000000   1.200000
 -0.441870  -0.685130   1.156900   1.000000   0.000000   0.000000   1.400000
 -0.332050   0.135930   2.514930   0.500000   0.500000   0.500000   1.900000
  1.152110  -0.072820   2.990990   1.000000   0.000000   0.000000   1.400000
 -1.238660  -0.628240   3.538780   1.000000   0.000000   0.000000   1.400000
 -0.672980   1.572590   2.365490   1.000000   0.000000   0.000000   1.400000
 -1.177500   3.448710   1.965840   1.000000   1.000000   0.000000   1.850000
 -0.003310   3.871310   2.658110   1.000000   0.000000   0.000000   1.400000
 -2.395180   3.110850   2.539190   1.000000   0.000000   0.000000   1.400000
 -0.813620   3.199570   0.607000   1.000000   0.000000   0.000000   1.400000
 -1.605990   5.140600   1.629630   1.000000   0.000000   0.000000   1.400000
 -2.757100   5.571700   1.002960   0.000000   1.000000   0.000000   1.850000
 -2.741250   5.282170  -0.083190   1.000000   1.000000   1.000000   1.200000
 -2.792880   6.691640   1.077330   1.000000   1.000000   1.000000   1.200000
 -3.672030   5.140390   1.484290   1.000000   1.000000   1.000000   1.200000
  0.847820   5.370020   0.495650   0.000000   0.000000   1.000000   1.540000
  1.017060   5.060600   1.475410   1.000000   1.000000   1.000000   1.200000
  0.074550   6.052470   0.542550   1.000000   1.000000   1.000000   1.200000
  0.473690   4.531800   0.004060   1.000000   1.000000   1.000000   1.200000
  1.676870   5.739800   0.056370   1.000000   1.000000   1.000000   1.200000
  1.619550   2.235130   4.686950   0.000000   0.000000   1.000000   1.540000
  1.515160   0.561060   3.631320   1.000000   1.000000   1.000000   1.200000
  1.150190   2.872030   4.066870   1.000000   1.000000   1.000000   1.200000
  2.556180   2.546400   4.831450   1.000000   1.000000   1.000000   1.200000
  1.146370   2.225920   5.565610   1.000000   1.000000   1.000000   1.200000
 -3.601850   0.953410   3.771200   0.000000   0.000000   1.000000   1.540000
 -2.130960  -0.275230   3.726990   1.000000   1.000000   1.000000   1.200000
 -3.821180   1.188170   2.822380   1.000000   1.000000   1.000000   1.200000
 -3.156770   1.757770   4.173480   1.000000   1.000000   1.000000   1.200000
 -4.450270   0.771250   4.263860   1.000000   1.000000   1.000000   1.200000
28 bonds follow (x1 y1 z1 x2 y2 z2)
 -3.601850   0.953410   3.771200  -4.450270   0.771250   4.263860
 -3.601850   0.953410   3.771200  -3.156770   1.757770   4.173480
 -3.601850   0.953410   3.771200  -3.821180   1.188170   2.822380
 -1.238660  -0.628240   3.538780  -2.130960  -0.275230   3.726990
  1.619550   2.235130   4.686950   1.146370   2.225920   5.565610
  1.619550   2.235130   4.686950   2.556180   2.546400   4.831450
  1.619550   2.235130   4.686950   1.150190   2.872030   4.066870
  1.152110  -0.072820   2.990990   1.515160   0.561060   3.631320
  0.847820   5.370020   0.495650   1.676870   5.739800   0.056370
  0.847820   5.370020   0.495650   0.473690   4.531800   0.004060
  0.847820   5.370020   0.495650   0.074550   6.052470   0.542550
  0.847820   5.370020   0.495650   1.017060   5.060600   1.475410
 -2.757100   5.571700   1.002960  -3.672030   5.140390   1.484290
 -2.757100   5.571700   1.002960  -2.792880   6.691640   1.077330
 -2.757100   5.571700   1.002960  -2.741250   5.282170  -0.083190
 -1.605990   5.140600   1.629630  -2.757100   5.571700   1.002960
 -1.177500   3.448710   1.965840  -1.605990   5.140600   1.629630
 -1.177500   3.448710   1.965840  -0.813620   3.199570   0.607000
 -1.177500   3.448710   1.965840  -2.395180   3.110850   2.539190
 -1.177500   3.448710   1.965840  -0.003310   3.871310   2.658110
 -0.332050   0.135930   2.514930  -0.672980   1.572590   2.365490
 -0.332050   0.135930   2.514930  -1.238660  -0.628240   3.538780
 -0.332050   0.135930   2.514930   1.152110  -0.072820   2.990990
 -0.441870  -0.685130   1.156900  -0.332050   0.135930   2.514930
 -0.002600   0.001380   0.003210  -0.441870  -0.685130   1.156900
 -0.002600   0.001380   0.003210  -0.394640  -0.569380  -0.875410
 -0.002600   0.001380   0.003210  -0.403980   1.052380   0.012260
 -0.002600   0.001380   0.003210   1.116500  -0.000510  -0.004480
