33 atoms follow (x y z r g b radiusScale)
  0.112550  -0.175180   0.030980   0.000000   1.000000   0.000000   1.850000
  1.221630  -0.109700   0.167310   1.000000   1.000000   1.000000   1.200000
 -0.342540   0.844520  -0.081740   1.000000   1.000000   1.000000   1.200000
 -0.139510  -0.825020  -0.843830   1.000000   1.000000   1.000000   1.200000
 -0.438350  -0.799720   1.174050   1.000000   0.000000   0.000000   1.400000
 -0.280910   0.023410   2.516570   0.500000   0.500000   0.500000   1.900000
  1.154620  -0.160570   3.090420   1.000000   0.000000   0.000000   1.400000
 -1.252200  -0.659850   3.517880   1.000000   0.000000   0.000000   1.400000
 -0.666380   1.471200   2.329450   1.000000   0.000000   0.000000   1.400000
 -1.123260   3.224220   2.084430   1.000000   1.000000   0.000000   1.850000
 -0.149110   3.756650   2.898590   1.000000   0.000000   0.000000   1.400000
 -2.406450   3.071530   2.556480   1.000000   0.000000   0.000000   1.400000
 -0.910230   3.273610   0.728610   1.000000   0.000000   0.000000   1.400000
 -2.181720   5.956570   1.605650   1.000000   0.000000   0.000000   1.400000
 -3.354200   6.014790   0.820630   0.000000   1.000000   0.000000   1.850000
 -3.105440   6.199650  -0.257050   1.000000   1.000000   1.000000   1.200000
 -4.026240   6.828250   1.194410   1.000000   1.000000   1.000000   1.200000
 -3.858780   5.017870   0.915730   1.000000   1.000000   1.000000   1.200000
  1.930720   5.559430  -0.025420   0.000000   0.000000   1.000000   1.540000
  1.932490   6.153320   0.776910   1.000000   1.000000   1.000000   1.200000
 -1.747480   6.953320   1.700800   1.000000   1.000000   1.000000   1.200000
  1.362070   5.985210  -0.726180   1.000000   1.000000   1.000000   1.200000
  1.534150   4.677190   0.215050   1.000000   1.000000   1.000000   1.200000
  1.721620   2.145790   4.576910   0.000000   0.000000   1.000000   1.540000
  1.465910   0.476240   3.774290   1.000000   1.000000   1.000000   1.200000
  1.427120   2.877070   3.954560   1.000000   1.000000   1.000000   1.200000
  2.685030   2.275150   4.804060   1.000000   1.000000   1.000000   1.200000
  1.183380   2.202080   5.416330   1.000000   1.000000   1.000000   1.200000
 -3.575630   0.804850   3.823110   0.000000   0.000000   1.000000   1.540000
 -2.157520  -0.295700   3.664360   1.000000   1.000000   1.000000   1.200000
 -3.831630   1.193830   2.936230   1.000000   1.000000   1.000000   1.200000
 -3.287220   1.560780   4.412100   1.000000   1.000000   1.000000   1.200000
 -4.362350   0.345690   4.230180   1.000000   1.000000   1.000000   1.200000
28 bonds follow (x1 y1 z1 x2 y2 z2)
 -3.575630   0.804850   3.823110  -4.362350   0.345690   4.230180
 -3.575630   0.804850   3.823110  -3.287220   1.560780   4.412100
 -3.575630   0.804850   3.823110  -3.831630   1.193830   2.936230
 -1.252200  -0.659850   3.517880  -2.157520  -0.295700   3.664360
  1.721620   2.145790   4.576910   1.183380   2.202080   5.416330
  1.721620   2.145790   4.576910   2.685030   2.275150   4.804060
  1.721620   2.145790   4.576910   1.427120   2.877070   3.954560
  1.154620  -0.160570   3.090420   1.465910   0.476240   3.774290
  1.930720   5.559430  -0.025420   1.534150   4.677190   0.215050
  1.930720   5.559430  -0.025420   1.362070   5.985210  -0.726180
 -2.181720   5.956570   1.605650  -1.747480   6.953320   1.700800
  1.930720   5.559430  -0.025420   1.932490   6.153320   0.776910
 -3.354200   6.014790   0.820630  -3.858780   5.017870   0.915730
 -3.354200   6.014790   0.820630  -4.026240   6.828250   1.194410
 -3.354200   6.014790   0.820630  -3.105440   6.199650  -0.257050
 -2.181720   5.956570   1.605650  -3.354200   6.014790   0.820630
 -1.123260   3.224220   2.084430  -0.910230   3.273610   0.728610
 -1.123260   3.224220   2.084430  -2.406450   3.071530   2.556480
 -1.123260   3.224220   2.084430  -0.149110   3.756650   2.898590
 -0.666380   1.471200   2.329450  -1.123260   3.224220   2.084430
 -0.280910   0.023410   2.516570  -0.666380   1.471200   2.329450
 -0.280910   0.023410   2.516570  -1.252200  -0.659850   3.517880
 -0.280910   0.023410   2.516570   1.154620  -0.160570   3.090420
 -0.438350  -0.799720   1.174050  -0.280910   0.023410   2.516570
  0.112550  -0.175180   0.030980  -0.438350  -0.799720   1.174050
  0.112550  -0.175180   0.030980  -0.139510  -0.825020  -0.843830
  0.112550  -0.175180   0.030980  -0.342540   0.844520  -0.081740
  0.112550  -0.175180   0.030980   1.221630  -0.109700   0.167310
