33 atoms follow (x y z r g b radiusScale)
 -0.010640   0.006370  -0.010920   0.000000   1.000000   0.000000   1.850000
  1.108150  -0.014690  -0.030880   1.000000   1.000000   1.000000   1.200000
 -0.396210   1.063430  -0.003570   1.000000   1.000000   1.000000   1.200000
 -0.420880  -0.562810  -0.882420   1.000000   1.000000   1.000000   1.200000
 -0.449840  -0.667250   1.149900   1.000000   0.000000   0.000000   1.400000
 -0.322190   0.152160   2.507040   0.500000   0.500000   0.500000   1.900000
  1.157480  -0.090590   2.986550   1.000000   0.000000   0.000000   1.400000
 -1.228910  -0.616330   3.529550   1.000000   0.000000   0.000000   1.400000
 -0.604680   1.598220   2.339050   1.000000   0.000000   0.000000   1.400000
 -1.184140   3.474290   1.961050   1.000000   1.000000   0.000000   1.850000
 -0.055490   3.879590   2.728320   1.000000   0.000000   0.000000   1.400000
 -2.410780   3.151030   2.525950   1.000000   0.000000   0.000000   1.400000
 -0.896360   3.185870   0.593200   1.000000   0.000000   0.000000   1.400000
 -1.538150   5.161130   1.533360   1.000000   0.000000   0.000000   1.400000
 -2.818750   5.459690   1.096730   0.000000   1.000000   0.000000   1.850000
 -2.923300   5.192150   0.010880   1.000000   1.000000   1.000000   1.200000
 -2.986440   6.560850   1.222570   1.000000   1.000000   1.000000   1.200000
 -3.591260   4.902390   1.688630   1.000000   1.000000   1.000000   1.200000
  0.955740   5.309780   0.517130   0.000000   0.000000   1.000000   1.540000
  0.848800   5.165260   1.550710   1.000000   1.000000   1.000000   1.200000
  0.665950   6.259720   0.287050   1.000000   1.000000   1.000000   1.200000
  0.281220   4.633160   0.077310   1.000000   1.000000   1.000000   1.200000
  1.903430   5.123490   0.221110   1.000000   1.000000   1.000000   1.200000
  1.597750   2.265520   4.684080   0.000000   0.000000   1.000000   1.540000
  1.522980   0.531650   3.633640   1.000000   1.000000   1.000000   1.200000
  1.112410   2.896280   4.071960   1.000000   1.000000   1.000000   1.200000
  2.535010   2.583560   4.808960   1.000000   1.000000   1.000000   1.200000
  1.142790   2.259150   5.572400   1.000000   1.000000   1.000000   1.200000
 -3.625840   0.925350   3.790930   0.000000   0.000000   1.000000   1.540000
 -2.134720  -0.293340   3.698430   1.000000   1.000000   1.000000   1.200000
 -3.845880   1.191070   2.850350   1.000000   1.000000   1.000000   1.200000
 -3.197150   1.721680   4.224440   1.000000   1.000000   1.000000   1.200000
 -4.471950   0.707790   4.273290   1.000000   1.000000   1.000000   1.200000
28 bonds follow (x1 y1 z1 x2 y2 z2)
 -3.625840   0.925350   3.790930  -4.471950   0.707790   4.273290
 -3.625840   0.925350   3.790930  -3.197150   1.721680   4.224440
 -3.625840   0.925350   3.790930  -3.845880   1.191070   2.850350
 -1.228910  -0.616330   3.529550  -2.134720  -0.293340   3.698430
  1.597750   2.265520   4.684080   1.142790   2.259150   5.572400
  1.597750   2.265520   4.684080   2.535010   2.583560   4.808960
  1.597750   2.265520   4.684080   1.112410   2.896280   4.071960
  1.157480  -0.090590   2.986550   1.522980   0.531650   3.633640
  0.955740   5.309780   0.517130   1.903430   5.123490   0.221110
  0.955740   5.309780   0.517130   0.281220   4.633160   0.077310
  0.955740   5.309780   0.517130   0.665950   6.259720   0.287050
  0.955740   5.309780   0.517130   0.848800   5.165260   1.550710
 -2.818750   5.459690   1.096730  -3.591260   4.902390   1.688630
 -2.818750   5.459690   1.096730  -2.986440   6.560850   1.222570
 -2.818750   5.459690   1.096730  -2.923300   5.192150   0.010880
 -1.538150   5.161130   1.533360  -2.818750   5.459690   1.096730
 -1.184140   3.474290   1.961050  -1.538150   5.161130   1.533360
 -1.184140   3.474290   1.961050  -0.896360   3.185870   0.593200
 -1.184140   3.474290   1.961050  -2.410780   3.151030   2.525950
 -1.184140   3.474290   1.961050  -0.055490   3.879590   2.728320
 -0.322190   0.152160   2.507040  -0.604680   1.598220   2.339050
 -0.322190   0.152160   2.507040  -1.228910  -0.616330   3.529550
 -0.322190   0.152160   2.507040   1.157480  -0.090590   2.986550
 -0.449840  -0.667250   1.149900  -0.322190   0.152160   2.507040
 -0.010640   0.006370  -0.010920  -0.449840  -0.667250   1.149900
 -0.010640   0.006370  -0.010920  -0.420880  -0.562810  -0.882420
 -0.010640   0.006370  -0.010920  -0.396210   1.063430  -0.003570
 -0.010640   0.006370  -0.010920   1.108150  -0.014690  -0.030880
