33 atoms follow (x y z r g b radiusScale)
 -0.319910  -0.192410  -0.054700   0.000000   1.000000   0.000000   1.850000
  0.623850  -0.433120  -0.611160   1.000000   1.000000   1.000000   1.200000
 -0.471280   0.918720   0.024210   1.000000   1.000000   1.000000   1.200000
 -1.184090  -0.674100  -0.583270   1.000000   1.000000   1.000000   1.200000
 -0.228490  -0.785500   1.225790   1.000000   0.000000   0.000000   1.400000
 -0.244880   0.157850   2.503910   0.500000   0.500000   0.500000   1.900000
  1.214700   0.086820   3.090040   1.000000   0.000000   0.000000   1.400000
 -1.160600  -0.503950   3.592700   1.000000   0.000000   0.000000   1.400000
 -0.640920   1.559910   2.223740   1.000000   0.000000   0.000000   1.400000
 -1.189480   3.385030   1.790120   1.000000   1.000000   0.000000   1.850000
 -0.122510   3.863820   2.607870   1.000000   0.000000   0.000000   1.400000
 -2.426050   2.994280   2.285110   1.000000   0.000000   0.000000   1.400000
 -0.752620   3.133950   0.463840   1.000000   0.000000   0.000000   1.400000
 -1.591950   5.072120   1.358000   1.000000   0.000000   0.000000   1.400000
 -2.687830   5.777040   1.818020   0.000000   1.000000   0.000000   1.850000
 -3.603100   5.496410   1.234190   1.000000   1.000000   1.000000   1.200000
 -2.486130   6.872640   1.680480   1.000000   1.000000   1.000000   1.200000
 -2.870360   5.567860   2.904490   1.000000   1.000000   1.000000   1.200000
  0.956630   5.301470   0.637220   0.000000   0.000000   1.000000   1.540000
  1.433390   4.510210   1.084940   1.000000   1.000000   1.000000   1.200000
  1.599160   5.966900   0.229900   1.000000   1.000000   1.000000   1.200000
  0.346710   5.717960   1.368410   1.000000   1.000000   1.000000   1.200000
  0.303000   4.891880  -0.057160   1.000000   1.000000   1.000000   1.200000
  1.399310   2.424330   4.823460   0.000000   0.000000   1.000000   1.540000
  1.456090   0.774300   3.733970   1.000000   1.000000   1.000000   1.200000
  0.892910   3.007500   4.180190   1.000000   1.000000   1.000000   1.200000
  2.314710   2.798900   4.953360   1.000000   1.000000   1.000000   1.200000
  0.927930   2.417570   5.703160   1.000000   1.000000   1.000000   1.200000
 -3.683140   0.960780   3.722350   0.000000   0.000000   1.000000   1.540000
 -2.040350  -0.123420   3.766870   1.000000   1.000000   1.000000   1.200000
 -3.767430   1.194670   2.750700   1.000000   1.000000   1.000000   1.200000
 -3.317910   1.771600   4.183920   1.000000   1.000000   1.000000   1.200000
 -4.590490   0.763350   4.088370   1.000000   1.000000   1.000000   1.200000
28 bonds follow (x1 y1 z1 x2 y2 z2)
 -3.683140   0.960780   3.722350  -4.590490   0.763350   4.088370
 -3.683140   0.960780   3.722350  -3.317910   1.771600   4.183920
 -3.683140   0.960780   3.722350  -3.767430   1.194670   2.750700
 -1.160600  -0.503950   3.592700  -2.040350  -0.123420   3.766870
  1.399310   2.424330   4.823460   0.927930   2.417570   5.703160
  1.399310   2.424330   4.823460   2.314710   2.798900   4.953360
  1.399310   2.424330   4.823460   0.892910   3.007500   4.180190
  1.214700   0.086820   3.090040   1.456090   0.774300   3.733970
  0.956630   5.301470   0.637220   0.303000   4.891880  -0.057160
  0.956630   5.301470   0.637220   0.346710   5.717960   1.368410
  0.956630   5.301470   0.637220   1.599160   5.966900   0.229900
  0.956630   5.301470   0.637220   1.433390   4.510210   1.084940
 -2.687830   5.777040   1.818020  -2.870360   5.567860   2.904490
 -2.687830   5.777040   1.818020  -2.486130   6.872640   1.680480
 -2.687830   5.777040   1.818020  -3.603100   5.496410   1.234190
 -1.591950   5.072120   1.358000  -2.687830   5.777040   1.818020
 -1.189480   3.385030   1.790120  -1.591950   5.072120   1.358000
 -1.189480   3.385030   1.790120  -0.752620   3.133950   0.463840
 -1.189480   3.385030   1.790120  -2.426050   2.994280   2.285110
 -1.189480   3.385030   1.790120  -0.122510   3.863820   2.607870
 -0.244880   0.157850   2.503910  -0.640920   1.559910   2.223740
 -0.244880   0.157850   2.503910  -1.160600  -0.503950   3.592700
 -0.244880   0.157850   2.503910   1.214700   0.086820   3.090040
 -0.228490  -0.785500   1.225790  -0.244880   0.157850   2.503910
 -0.319910  -0.192410  -0.054700  -0.228490  -0.785500   1.225790
 -0.319910  -0.192410  -0.054700  -1.184090  -0.674100  -0.583270
 -0.319910  -0.192410  -0.054700  -0.471280   0.918720   0.024210
 -0.319910  -0.192410  -0.054700   0.623850  -0.433120  -0.611160
