33 atoms follow (x y z r g b radiusScale)
 -0.254280  -0.163790  -0.042850   0.000000   1.000000   0.000000   1.850000
  0.686500  -0.453770  -0.580000   1.000000   1.000000   1.000000   1.200000
 -0.336440   0.952340   0.061540   1.000000   1.000000   1.000000   1.200000
 -1.134330  -0.563310  -0.612790   1.000000   1.000000   1.000000   1.200000
 -0.248320  -0.791300   1.224220   1.000000   0.000000   0.000000   1.400000
 -0.234990   0.155480   2.503150   0.500000   0.500000   0.500000   1.900000
  1.265970   0.129320   2.956550   1.000000   0.000000   0.000000   1.400000
 -1.063280  -0.595540   3.601130   1.000000   0.000000   0.000000   1.400000
 -0.684260   1.545030   2.259180   1.000000   0.000000   0.000000   1.400000
 -1.130820   3.416690   1.908050   1.000000   1.000000   0.000000   1.850000
  0.105970   3.761820   2.523270   1.000000   0.000000   0.000000   1.400000
 -2.297330   3.180020   2.618380   1.000000   0.000000   0.000000   1.400000
 -0.955730   3.128030   0.522760   1.000000   0.000000   0.000000   1.400000
 -1.473340   5.116240   1.557140   1.000000   0.000000   0.000000   1.400000
 -2.637500   5.803290   1.847540   0.000000   1.000000   0.000000   1.850000
 -3.058470   5.487250   2.836450   1.000000   1.000000   1.000000   1.200000
 -3.402170   5.622110   1.046700   1.000000   1.000000   1.000000   1.200000
 -2.391770   6.898410   1.878430   1.000000   1.000000   1.000000   1.200000
  0.820480   5.152280   0.281910   0.000000   0.000000   1.000000   1.540000
  1.133820   4.782390   1.209670   1.000000   1.000000   1.000000   1.200000
  1.583150   5.488900  -0.276180   1.000000   1.000000   1.000000   1.200000
  0.121250   5.895900   0.483040   1.000000   1.000000   1.000000   1.200000
  0.309050   4.380850  -0.187130   1.000000   1.000000   1.000000   1.200000
  0.976680   2.507780   4.918810   0.000000   0.000000   1.000000   1.540000
  1.560280   0.761580   3.617920   1.000000   1.000000   1.000000   1.200000
  1.327750   3.057950   4.156040   1.000000   1.000000   1.000000   1.200000
  1.355750   2.864390   5.771080   1.000000   1.000000   1.000000   1.200000
 -0.016260   2.632190   4.941070   1.000000   1.000000   1.000000   1.200000
 -3.677460   0.885390   3.382560   0.000000   0.000000   1.000000   1.540000
 -1.977170  -0.306780   3.751870   1.000000   1.000000   1.000000   1.200000
 -3.623080   1.322650   2.482080   1.000000   1.000000   1.000000   1.200000
 -3.500040   1.599250   4.062600   1.000000   1.000000   1.000000   1.200000
 -4.601940   0.533140   3.516880   1.000000   1.000000   1.000000   1.200000
28 bonds follow (x1 y1 z1 x2 y2 z2)
 -3.677460   0.885390   3.382560  -4.601940   0.533140   3.516880
 -3.677460   0.885390   3.382560  -3.500040   1.599250   4.062600
 -3.677460   0.885390   3.382560  -3.623080   1.322650   2.482080
 -1.063280  -0.595540   3.601130  -1.977170  -0.306780   3.751870
  0.976680   2.507780   4.918810  -0.016260   2.632190   4.941070
  0.976680   2.507780   4.918810   1.355750   2.864390   5.771080
  0.976680   2.507780   4.918810   1.327750   3.057950   4.156040
  1.265970   0.129320   2.956550   1.560280   0.761580   3.617920
  0.820480   5.152280   0.281910   0.309050   4.380850  -0.187130
  0.820480   5.152280   0.281910   0.121250   5.895900   0.483040
  0.820480   5.152280   0.281910   1.583150   5.488900  -0.276180
  0.820480   5.152280   0.281910   1.133820   4.782390   1.209670
 -2.637500   5.803290   1.847540  -2.391770   6.898410   1.878430
 -2.637500   5.803290   1.847540  -3.402170   5.622110   1.046700
 -2.637500   5.803290   1.847540  -3.058470   5.487250   2.836450
 -1.473340   5.116240   1.557140  -2.637500   5.803290   1.847540
 -1.130820   3.416690   1.908050  -1.473340   5.116240   1.557140
 -1.130820   3.416690   1.908050  -0.955730   3.128030   0.522760
 -1.130820   3.416690   1.908050  -2.297330   3.180020   2.618380
 -1.130820   3.416690   1.908050   0.105970   3.761820   2.523270
 -0.234990   0.155480   2.503150  -0.684260   1.545030   2.259180
 -0.234990   0.155480   2.503150  -1.063280  -0.595540   3.601130
 -0.234990   0.155480   2.503150   1.265970   0.129320   2.956550
 -0.248320  -0.791300   1.224220  -0.234990   0.155480   2.503150
 -0.254280  -0.163790  -0.042850  -0.248320  -0.791300   1.224220
 -0.254280  -0.163790  -0.042850  -1.134330  -0.563310  -0.612790
 -0.254280  -0.163790  -0.042850  -0.336440   0.952340   0.061540
 -0.254280  -0.163790  -0.042850   0.686500  -0.453770  -0.580000
