33 atoms follow (x y z r g b radiusScale)
 -0.547790  -0.210780  -0.014350   0.000000   1.000000   0.000000   1.850000
  0.243520  -0.475300  -0.762680   1.000000   1.000000   1.000000   1.200000
 -0.667480   0.905150   0.059400   1.000000   1.000000   1.000000   1.200000
 -1.510130  -0.699760  -0.319040   1.000000   1.000000   1.000000   1.200000
 -0.144560  -0.754960   1.226160   1.000000   0.000000   0.000000   1.400000
 -0.210270   0.156120   2.533430   0.500000   0.500000   0.500000   1.900000
  1.228220   0.082520   3.147730   1.000000   0.000000   0.000000   1.400000
 -1.127930  -0.590270   3.558910   1.000000   0.000000   0.000000   1.400000
 -0.645990   1.546350   2.255550   1.000000   0.000000   0.000000   1.400000
 -1.185620   3.402060   1.773630   1.000000   1.000000   0.000000   1.850000
 -0.119130   3.837780   2.603200   1.000000   0.000000   0.000000   1.400000
 -2.441600   3.102940   2.285200   1.000000   0.000000   0.000000   1.400000
 -0.747380   3.132350   0.454490   1.000000   0.000000   0.000000   1.400000
 -1.572180   5.086260   1.328430   1.000000   0.000000   0.000000   1.400000
 -2.576650   5.772600   1.990530   0.000000   1.000000   0.000000   1.850000
 -3.574610   5.307320   1.780720   1.000000   1.000000   1.000000   1.200000
 -2.575600   6.833320   1.626370   1.000000   1.000000   1.000000   1.200000
 -2.394550   5.760180   3.098080   1.000000   1.000000   1.000000   1.200000
  0.900550   5.341850   0.467040   0.000000   0.000000   1.000000   1.540000
  0.937350   5.091840   1.476030   1.000000   1.000000   1.000000   1.200000
  1.730040   5.826500   0.162250   1.000000   1.000000   1.000000   1.200000
  0.043980   5.910820   0.345150   1.000000   1.000000   1.000000   1.200000
  0.731060   4.449090  -0.044550   1.000000   1.000000   1.000000   1.200000
  1.243650   2.419910   4.927390   0.000000   0.000000   1.000000   1.540000
  1.435250   0.671670   3.888760   1.000000   1.000000   1.000000   1.200000
  0.922620   3.006030   4.177090   1.000000   1.000000   1.000000   1.200000
  2.105390   2.779280   5.278830   1.000000   1.000000   1.000000   1.200000
  0.568250   2.434730   5.662130   1.000000   1.000000   1.000000   1.200000
 -3.546940   0.909830   3.560620   0.000000   0.000000   1.000000   1.540000
 -2.025730  -0.237520   3.716610   1.000000   1.000000   1.000000   1.200000
 -3.706160   1.092300   2.588220   1.000000   1.000000   1.000000   1.200000
 -3.213290   1.766600   3.962190   1.000000   1.000000   1.000000   1.200000
 -4.413340   0.662540   3.990330   1.000000   1.000000   1.000000   1.200000
28 bonds follow (x1 y1 z1 x2 y2 z2)
 -3.546940   0.909830   3.560620  -4.413340   0.662540   3.990330
 -3.546940   0.909830   3.560620  -3.213290   1.766600   3.962190
 -3.546940   0.909830   3.560620  -3.706160   1.092300   2.588220
 -1.127930  -0.590270   3.558910  -2.025730  -0.237520   3.716610
  1.243650   2.419910   4.927390   0.568250   2.434730   5.662130
  1.243650   2.419910   4.927390   2.105390   2.779280   5.278830
  1.243650   2.419910   4.927390   0.922620   3.006030   4.177090
  1.228220   0.082520   3.147730   1.435250   0.671670   3.888760
  0.900550   5.341850   0.467040   0.731060   4.449090  -0.044550
  0.900550   5.341850   0.467040   0.043980   5.910820   0.345150
  0.900550   5.341850   0.467040   1.730040   5.826500   0.162250
  0.900550   5.341850   0.467040   0.937350   5.091840   1.476030
 -2.576650   5.772600   1.990530  -2.394550   5.760180   3.098080
 -2.576650   5.772600   1.990530  -2.575600   6.833320   1.626370
 -2.576650   5.772600   1.990530  -3.574610   5.307320   1.780720
 -1.572180   5.086260   1.328430  -2.576650   5.772600   1.990530
 -1.185620   3.402060   1.773630  -1.572180   5.086260   1.328430
 -1.185620   3.402060   1.773630  -0.747380   3.132350   0.454490
 -1.185620   3.402060   1.773630  -2.441600   3.102940   2.285200
 -1.185620   3.402060   1.773630  -0.119130   3.837780   2.603200
 -0.210270   0.156120   2.533430  -0.645990   1.546350   2.255550
 -0.210270   0.156120   2.533430  -1.127930  -0.590270   3.558910
 -0.210270   0.156120   2.533430   1.228220   0.082520   3.147730
 -0.144560  -0.754960   1.226160  -0.210270   0.156120   2.533430
 -0.547790  -0.210780  -0.014350  -0.144560  -0.754960   1.226160
 -0.547790  -0.210780  -0.014350  -1.510130  -0.699760  -0.319040
 -0.547790  -0.210780  -0.014350  -0.667480   0.905150   0.059400
 -0.547790  -0.210780  -0.014350   0.243520  -0.475300  -0.762680
