33 atoms follow (x y z r g b radiusScale)
  0.219310  -0.184640   0.023870   0.000000   1.000000   0.000000   1.850000
  1.327570  -0.227490   0.165610   1.000000   1.000000   1.000000   1.200000
 -0.139600   0.875470  -0.064570   1.000000   1.000000   1.000000   1.200000
 -0.090770  -0.791950  -0.862680   1.000000   1.000000   1.000000   1.200000
 -0.401220  -0.787900   1.148410   1.000000   0.000000   0.000000   1.400000
 -0.310700   0.002780   2.512320   0.500000   0.500000   0.500000   1.900000
  1.170000  -0.133730   2.967170   1.000000   0.000000   0.000000   1.400000
 -1.266530  -0.663610   3.551350   1.000000   0.000000   0.000000   1.400000
 -0.594290   1.469550   2.318150   1.000000   0.000000   0.000000   1.400000
 -1.144440   3.174450   2.139820   1.000000   1.000000   0.000000   1.850000
 -0.253780   3.730960   3.027320   1.000000   0.000000   0.000000   1.400000
 -2.441830   3.003980   2.546540   1.000000   0.000000   0.000000   1.400000
 -0.842710   3.267190   0.806320   1.000000   0.000000   0.000000   1.400000
 -2.288250   6.121550   1.523990   1.000000   0.000000   0.000000   1.400000
 -3.523640   6.106360   0.856040   0.000000   1.000000   0.000000   1.850000
 -3.487100   6.668390  -0.107880   1.000000   1.000000   1.000000   1.200000
 -4.311230   6.556290   1.517890   1.000000   1.000000   1.000000   1.200000
 -3.771550   5.047890   0.637690   1.000000   1.000000   1.000000   1.200000
  2.148570   5.406910  -0.109480   0.000000   0.000000   1.000000   1.540000
  2.263920   6.091540   0.608130   1.000000   1.000000   1.000000   1.200000
 -1.917030   7.089840   1.768540   1.000000   1.000000   1.000000   1.200000
  2.055870   5.874890  -0.985590   1.000000   1.000000   1.000000   1.200000
  1.303830   4.908650   0.074780   1.000000   1.000000   1.000000   1.200000
  1.801330   2.201230   4.550380   0.000000   0.000000   1.000000   1.540000
  1.560460   0.562330   3.537170   1.000000   1.000000   1.000000   1.200000
  1.541040   2.927890   3.907180   1.000000   1.000000   1.000000   1.200000
  2.759860   2.314510   4.805120   1.000000   1.000000   1.000000   1.200000
  1.238720   2.287530   5.370690   1.000000   1.000000   1.000000   1.200000
 -3.661550   0.825130   3.846170   0.000000   0.000000   1.000000   1.540000
 -2.162660  -0.287600   3.721940   1.000000   1.000000   1.000000   1.200000
 -3.779530   1.291670   2.965600   1.000000   1.000000   1.000000   1.200000
 -3.435000   1.522040   4.527510   1.000000   1.000000   1.000000   1.200000
 -4.519950   0.385820   4.103850   1.000000   1.000000   1.000000   1.200000
28 bonds follow (x1 y1 z1 x2 y2 z2)
 -3.661550   0.825130   3.846170  -4.519950   0.385820   4.103850
 -3.661550   0.825130   3.846170  -3.435000   1.522040   4.527510
 -3.661550   0.825130   3.846170  -3.779530   1.291670   2.965600
 -1.266530  -0.663610   3.551350  -2.162660  -0.287600   3.721940
  1.801330   2.201230   4.550380   1.238720   2.287530   5.370690
  1.801330   2.201230   4.550380   2.759860   2.314510   4.805120
  1.801330   2.201230   4.550380   1.541040   2.927890   3.907180
  1.170000  -0.133730   2.967170   1.560460   0.562330   3.537170
  2.148570   5.406910  -0.109480   1.303830   4.908650   0.074780
  2.148570   5.406910  -0.109480   2.055870   5.874890  -0.985590
 -2.288250   6.121550   1.523990  -1.917030   7.089840   1.768540
  2.148570   5.406910  -0.109480   2.263920   6.091540   0.608130
 -3.523640   6.106360   0.856040  -3.771550   5.047890   0.637690
 -3.523640   6.106360   0.856040  -4.311230   6.556290   1.517890
 -3.523640   6.106360   0.856040  -3.487100   6.668390  -0.107880
 -2.288250   6.121550   1.523990  -3.523640   6.106360   0.856040
 -1.144440   3.174450   2.139820  -0.842710   3.267190   0.806320
 -1.144440   3.174450   2.139820  -2.441830   3.003980   2.546540
 -1.144440   3.174450   2.139820  -0.253780   3.730960   3.027320
 -0.594290   1.469550   2.318150  -1.144440   3.174450   2.139820
 -0.310700   0.002780   2.512320  -0.594290   1.469550   2.318150
 -0.310700   0.002780   2.512320  -1.266530  -0.663610   3.551350
 -0.310700   0.002780   2.512320   1.170000  -0.133730   2.967170
 -0.401220  -0.787900   1.148410  -0.310700   0.002780   2.512320
  0.219310  -0.184640   0.023870  -0.401220  -0.787900   1.148410
  0.219310  -0.184640   0.023870  -0.090770  -0.791950  -0.862680
  0.219310  -0.184640   0.023870  -0.139600   0.875470  -0.064570
  0.219310  -0.184640   0.023870   1.327570  -0.227490   0.165610
