33 atoms follow (x y z r g b radiusScale)
 -0.010290   0.006220  -0.010340   0.000000   1.000000   0.000000   1.850000
  1.108520  -0.014450  -0.030260   1.000000   1.000000   1.000000   1.200000
 -0.396220   1.063110  -0.002740   1.000000   1.000000   1.000000   1.200000
 -0.420290  -0.562850  -0.882040   1.000000   1.000000   1.000000   1.200000
 -0.449340  -0.667850   1.150250   1.000000   0.000000   0.000000   1.400000
 -0.322840   0.151820   2.507480   0.500000   0.500000   0.500000   1.900000
  1.157180  -0.090290   2.986410   1.000000   0.000000   0.000000   1.400000
 -1.229100  -0.617390   3.529980   1.000000   0.000000   0.000000   1.400000
 -0.606150   1.597530   2.339460   1.000000   0.000000   0.000000   1.400000
 -1.182860   3.475780   1.960430   1.000000   1.000000   0.000000   1.850000
 -0.054020   3.879360   2.728830   1.000000   0.000000   0.000000   1.400000
 -2.408180   3.149040   2.524450   1.000000   0.000000   0.000000   1.400000
 -0.897150   3.186700   0.592220   1.000000   0.000000   0.000000   1.400000
 -1.539600   5.162300   1.536670   1.000000   0.000000   0.000000   1.400000
 -2.817880   5.460710   1.094400   0.000000   1.000000   0.000000   1.850000
 -2.918650   5.192110   0.008480   1.000000   1.000000   1.000000   1.200000
 -2.986320   6.562010   1.218330   1.000000   1.000000   1.000000   1.200000
 -3.592740   4.903980   1.683770   1.000000   1.000000   1.000000   1.200000
  0.952480   5.309380   0.517370   0.000000   0.000000   1.000000   1.540000
  0.847270   5.163440   1.548370   1.000000   1.000000   1.000000   1.200000
  0.656180   6.254820   0.291630   1.000000   1.000000   1.000000   1.200000
  0.282470   4.632490   0.077150   1.000000   1.000000   1.000000   1.200000
  1.902940   5.128980   0.219140   1.000000   1.000000   1.000000   1.200000
  1.598100   2.265020   4.683800   0.000000   0.000000   1.000000   1.540000
  1.522350   0.531550   3.634060   1.000000   1.000000   1.000000   1.200000
  1.113310   2.896660   4.072140   1.000000   1.000000   1.000000   1.200000
  2.535520   2.582360   4.809210   1.000000   1.000000   1.000000   1.200000
  1.142890   2.257930   5.571960   1.000000   1.000000   1.000000   1.200000
 -3.625660   0.925500   3.790920   0.000000   0.000000   1.000000   1.540000
 -2.134880  -0.294750   3.699100   1.000000   1.000000   1.000000   1.200000
 -3.844260   1.190170   2.849710   1.000000   1.000000   1.000000   1.200000
 -3.195410   1.721490   4.223500   1.000000   1.000000   1.000000   1.200000
 -4.472730   0.710880   4.272890   1.000000   1.000000   1.000000   1.200000
28 bonds follow (x1 y1 z1 x2 y2 z2)
 -3.625660   0.925500   3.790920  -4.472730   0.710880   4.272890
 -3.625660   0.925500   3.790920  -3.195410   1.721490   4.223500
 -3.625660   0.925500   3.790920  -3.844260   1.190170   2.849710
 -1.229100  -0.617390   3.529980  -2.134880  -0.294750   3.699100
  1.598100   2.265020   4.683800   1.142890   2.257930   5.571960
  1.598100   2.265020   4.683800   2.535520   2.582360   4.809210
  1.598100   2.265020   4.683800   1.113310   2.896660   4.072140
  1.157180  -0.090290   2.986410   1.522350   0.531550   3.634060
  0.952480   5.309380   0.517370   1.902940   5.128980   0.219140
  0.952480   5.309380   0.517370   0.282470   4.632490   0.077150
  0.952480   5.309380   0.517370   0.656180   6.254820   0.291630
  0.952480   5.309380   0.517370   0.847270   5.163440   1.548370
 -2.817880   5.460710   1.094400  -3.592740   4.903980   1.683770
 -2.817880   5.460710   1.094400  -2.986320   6.562010   1.218330
 -2.817880   5.460710   1.094400  -2.918650   5.192110   0.008480
 -1.539600   5.162300   1.536670  -2.817880   5.460710   1.094400
 -1.182860   3.475780   1.960430  -1.539600   5.162300   1.536670
 -1.182860   3.475780   1.960430  -0.897150   3.186700   0.592220
 -1.182860   3.475780   1.960430  -2.408180   3.149040   2.524450
 -1.182860   3.475780   1.960430  -0.054020   3.879360   2.728830
 -0.322840   0.151820   2.507480  -0.606150   1.597530   2.339460
 -0.322840   0.151820   2.507480  -1.229100  -0.617390   3.529980
 -0.322840   0.151820   2.507480   1.157180  -0.090290   2.986410
 -0.449340  -0.667850   1.150250  -0.322840   0.151820   2.507480
 -0.010290   0.006220  -0.010340  -0.449340  -0.667850   1.150250
 -0.010290   0.006220  -0.010340  -0.420290  -0.562850  -0.882040
 -0.010290   0.006220  -0.010340  -0.396220   1.063110  -0.002740
 -0.010290   0.006220  -0.010340   1.108520  -0.014450  -0.030260
