33 atoms follow (x y z r g b radiusScale)
 -0.122400  -0.102490  -0.021150   0.000000   1.000000   0.000000   1.850000
  0.875850  -0.434980  -0.408850   1.000000   1.000000   1.000000   1.200000
 -0.166550   1.015010   0.100500   1.000000   1.000000   1.000000   1.200000
 -0.919780  -0.443980  -0.731610   1.000000   1.000000   1.000000   1.200000
 -0.361510  -0.750400   1.211730   1.000000   0.000000   0.000000   1.400000
 -0.288170   0.142010   2.527430   0.500000   0.500000   0.500000   1.900000
  1.203460   0.008370   3.011920   1.000000   0.000000   0.000000   1.400000
 -1.176560  -0.601560   3.585150   1.000000   0.000000   0.000000   1.400000
 -0.658100   1.562410   2.318810   1.000000   0.000000   0.000000   1.400000
 -1.213310   3.425740   1.844420   1.000000   1.000000   0.000000   1.850000
 -0.154640   3.902680   2.672030   1.000000   0.000000   0.000000   1.400000
 -2.471100   3.081780   2.317240   1.000000   0.000000   0.000000   1.400000
 -0.754700   3.145320   0.531920   1.000000   0.000000   0.000000   1.400000
 -1.566030   5.104360   1.374460   1.000000   0.000000   0.000000   1.400000
 -2.772900   5.726830   1.613910   0.000000   1.000000   0.000000   1.850000
 -3.510710   5.463310   0.810590   1.000000   1.000000   1.000000   1.200000
 -2.606390   6.836930   1.608150   1.000000   1.000000   1.000000   1.200000
 -3.192940   5.420890   2.607580   1.000000   1.000000   1.000000   1.200000
  0.952820   5.291980   0.560760   0.000000   0.000000   1.000000   1.540000
  1.060790   4.987900   1.558370   1.000000   1.000000   1.000000   1.200000
  1.741160   5.824010   0.233060   1.000000   1.000000   1.000000   1.200000
  0.062600   5.836050   0.520920   1.000000   1.000000   1.000000   1.200000
  0.792590   4.435960   0.009690   1.000000   1.000000   1.000000   1.200000
  1.494090   2.344120   4.762050   0.000000   0.000000   1.000000   1.540000
  1.477880   0.523490   3.782230   1.000000   1.000000   1.000000   1.200000
  0.997880   2.990330   4.174490   1.000000   1.000000   1.000000   1.200000
  2.439720   2.643770   4.865110   1.000000   1.000000   1.000000   1.200000
  1.065560   2.319310   5.662750   1.000000   1.000000   1.000000   1.200000
 -3.540590   0.964970   3.706670   0.000000   0.000000   1.000000   1.540000
 -2.072950  -0.250920   3.762920   1.000000   1.000000   1.000000   1.200000
 -3.779450   1.097720   2.742950   1.000000   1.000000   1.000000   1.200000
 -3.165810   1.835120   4.036150   1.000000   1.000000   1.000000   1.200000
 -4.368730   0.749580   4.219830   1.000000   1.000000   1.000000   1.200000
28 bonds follow (x1 y1 z1 x2 y2 z2)
 -3.540590   0.964970   3.706670  -4.368730   0.749580   4.219830
 -3.540590   0.964970   3.706670  -3.165810   1.835120   4.036150
 -3.540590   0.964970   3.706670  -3.779450   1.097720   2.742950
 -1.176560  -0.601560   3.585150  -2.072950  -0.250920   3.762920
  1.494090   2.344120   4.762050   1.065560   2.319310   5.662750
  1.494090   2.344120   4.762050   2.439720   2.643770   4.865110
  1.494090   2.344120   4.762050   0.997880   2.990330   4.174490
  1.203460   0.008370   3.011920   1.477880   0.523490   3.782230
  0.952820   5.291980   0.560760   0.792590   4.435960   0.009690
  0.952820   5.291980   0.560760   0.062600   5.836050   0.520920
  0.952820   5.291980   0.560760   1.741160   5.824010   0.233060
  0.952820   5.291980   0.560760   1.060790   4.987900   1.558370
 -2.772900   5.726830   1.613910  -3.192940   5.420890   2.607580
 -2.772900   5.726830   1.613910  -2.606390   6.836930   1.608150
 -2.772900   5.726830   1.613910  -3.510710   5.463310   0.810590
 -1.566030   5.104360   1.374460  -2.772900   5.726830   1.613910
 -1.213310   3.425740   1.844420  -1.566030   5.104360   1.374460
 -1.213310   3.425740   1.844420  -0.754700   3.145320   0.531920
 -1.213310   3.425740   1.844420  -2.471100   3.081780   2.317240
 -1.213310   3.425740   1.844420  -0.154640   3.902680   2.672030
 -0.288170   0.142010   2.527430  -0.658100   1.562410   2.318810
 -0.288170   0.142010   2.527430  -1.176560  -0.601560   3.585150
 -0.288170   0.142010   2.527430   1.203460   0.008370   3.011920
 -0.361510  -0.750400   1.211730  -0.288170   0.142010   2.527430
 -0.122400  -0.102490  -0.021150  -0.361510  -0.750400   1.211730
 -0.122400  -0.102490  -0.021150  -0.919780  -0.443980  -0.731610
 -0.122400  -0.102490  -0.021150  -0.166550   1.015010   0.100500
 -0.122400  -0.102490  -0.021150   0.875850  -0.434980  -0.408850
