33 atoms follow (x y z r g b radiusScale)
  0.003730  -0.001560  -0.004190   0.000000   1.000000   0.000000   1.850000
  1.122470  -0.008020   0.001180   1.000000   1.000000   1.000000   1.200000
 -0.401340   1.047300  -0.015250   1.000000   1.000000   1.000000   1.200000
 -0.383980  -0.586070  -0.876100   1.000000   1.000000   1.000000   1.200000
 -0.450760  -0.671980   1.155790   1.000000   0.000000   0.000000   1.400000
 -0.322190   0.112550   2.518840   0.500000   0.500000   0.500000   1.900000
  1.153860  -0.057840   2.997380   1.000000   0.000000   0.000000   1.400000
 -1.242140  -0.615190   3.538860   1.000000   0.000000   0.000000   1.400000
 -0.684600   1.556540   2.370890   1.000000   0.000000   0.000000   1.400000
 -1.095230   3.280110   1.995010   1.000000   1.000000   0.000000   1.850000
 -0.075120   3.827430   2.760180   1.000000   0.000000   0.000000   1.400000
 -2.374800   3.218690   2.502880   1.000000   0.000000   0.000000   1.400000
 -0.932200   3.132830   0.626430   1.000000   0.000000   0.000000   1.400000
 -1.585570   5.279600   1.572750   1.000000   0.000000   0.000000   1.400000
 -2.779610   5.665660   0.938360   0.000000   1.000000   0.000000   1.850000
 -2.771930   5.326440  -0.128650   1.000000   1.000000   1.000000   1.200000
 -2.896940   6.776910   0.979200   1.000000   1.000000   1.000000   1.200000
 -3.620010   5.170350   1.492550   1.000000   1.000000   1.000000   1.200000
  0.870470   5.493180   0.440600   0.000000   0.000000   1.000000   1.540000
  1.328820   5.205750   1.285910   1.000000   1.000000   1.000000   1.200000
 -0.661030   5.791010   1.217960   1.000000   1.000000   1.000000   1.200000
  0.738150   4.701640  -0.159930   1.000000   1.000000   1.000000   1.200000
  1.392340   6.211370  -0.016410   1.000000   1.000000   1.000000   1.200000
  1.620720   2.229860   4.682640   0.000000   0.000000   1.000000   1.540000
  1.520830   0.582180   3.637540   1.000000   1.000000   1.000000   1.200000
  1.206010   2.927780   4.090700   1.000000   1.000000   1.000000   1.200000
  2.583370   2.454650   4.822760   1.000000   1.000000   1.000000   1.200000
  1.159370   2.241010   5.568010   1.000000   1.000000   1.000000   1.200000
 -3.593680   0.963510   3.763870   0.000000   0.000000   1.000000   1.540000
 -2.143500  -0.265990   3.717130   1.000000   1.000000   1.000000   1.200000
 -3.849680   1.203290   2.825510   1.000000   1.000000   1.000000   1.200000
 -3.185800   1.783740   4.173550   1.000000   1.000000   1.000000   1.200000
 -4.418330   0.722040   4.272050   1.000000   1.000000   1.000000   1.200000
28 bonds follow (x1 y1 z1 x2 y2 z2)
 -3.593680   0.963510   3.763870  -4.418330   0.722040   4.272050
 -3.593680   0.963510   3.763870  -3.185800   1.783740   4.173550
 -3.593680   0.963510   3.763870  -3.849680   1.203290   2.825510
 -1.242140  -0.615190   3.538860  -2.143500  -0.265990   3.717130
  1.620720   2.229860   4.682640   1.159370   2.241010   5.568010
  1.620720   2.229860   4.682640   2.583370   2.454650   4.822760
  1.620720   2.229860   4.682640   1.206010   2.927780   4.090700
  1.153860  -0.057840   2.997380   1.520830   0.582180   3.637540
  0.870470   5.493180   0.440600   1.392340   6.211370  -0.016410
  0.870470   5.493180   0.440600   0.738150   4.701640  -0.159930
 -1.585570   5.279600   1.572750  -0.661030   5.791010   1.217960
  0.870470   5.493180   0.440600   1.328820   5.205750   1.285910
 -2.779610   5.665660   0.938360  -3.620010   5.170350   1.492550
 -2.779610   5.665660   0.938360  -2.896940   6.776910   0.979200
 -2.779610   5.665660   0.938360  -2.771930   5.326440  -0.128650
 -1.585570   5.279600   1.572750  -2.779610   5.665660   0.938360
 -1.095230   3.280110   1.995010  -0.932200   3.132830   0.626430
 -1.095230   3.280110   1.995010  -2.374800   3.218690   2.502880
 -1.095230   3.280110   1.995010  -0.075120   3.827430   2.760180
 -0.684600   1.556540   2.370890  -1.095230   3.280110   1.995010
 -0.322190   0.112550   2.518840  -0.684600   1.556540   2.370890
 -0.322190   0.112550   2.518840  -1.242140  -0.615190   3.538860
 -0.322190   0.112550   2.518840   1.153860  -0.057840   2.997380
 -0.450760  -0.671980   1.155790  -0.322190   0.112550   2.518840
  0.003730  -0.001560  -0.004190  -0.450760  -0.671980   1.155790
  0.003730  -0.001560  -0.004190  -0.383980  -0.586070  -0.876100
  0.003730  -0.001560  -0.004190  -0.401340   1.047300  -0.015250
  0.003730  -0.001560  -0.004190   1.122470  -0.008020   0.001180
