33 atoms follow (x y z r g b radiusScale)
 -0.302990  -0.188670  -0.060190   0.000000   1.000000   0.000000   1.850000
  0.638070  -0.447980  -0.611990   1.000000   1.000000   1.000000   1.200000
 -0.433180   0.926150   0.018030   1.000000   1.000000   1.000000   1.200000
 -1.174280  -0.651550  -0.593800   1.000000   1.000000   1.000000   1.200000
 -0.230650  -0.780230   1.222850   1.000000   0.000000   0.000000   1.400000
 -0.248450   0.163860   2.502810   0.500000   0.500000   0.500000   1.900000
  1.207760   0.079970   3.080740   1.000000   0.000000   0.000000   1.400000
 -1.156570  -0.494190   3.595630   1.000000   0.000000   0.000000   1.400000
 -0.648720   1.564630   2.224750   1.000000   0.000000   0.000000   1.400000
 -1.188410   3.378450   1.796550   1.000000   1.000000   0.000000   1.850000
 -0.118500   3.870340   2.597550   1.000000   0.000000   0.000000   1.400000
 -2.429370   2.996230   2.295340   1.000000   0.000000   0.000000   1.400000
 -0.748240   3.132460   0.468130   1.000000   0.000000   0.000000   1.400000
 -1.597400   5.060600   1.352390   1.000000   0.000000   0.000000   1.400000
 -2.689800   5.772890   1.802670   0.000000   1.000000   0.000000   1.850000
 -3.602180   5.507090   1.206980   1.000000   1.000000   1.000000   1.200000
 -2.473180   6.867240   1.671110   1.000000   1.000000   1.000000   1.200000
 -2.888170   5.562430   2.886690   1.000000   1.000000   1.000000   1.200000
  0.953320   5.296260   0.651620   0.000000   0.000000   1.000000   1.540000
  1.413910   4.504600   1.119370   1.000000   1.000000   1.000000   1.200000
  1.604230   5.903880   0.186390   1.000000   1.000000   1.000000   1.200000
  0.389920   5.777540   1.382090   1.000000   1.000000   1.000000   1.200000
  0.249440   4.882290   0.002160   1.000000   1.000000   1.000000   1.200000
  1.410810   2.424310   4.817550   0.000000   0.000000   1.000000   1.540000
  1.446500   0.724570   3.767950   1.000000   1.000000   1.000000   1.200000
  0.888330   3.039430   4.218720   1.000000   1.000000   1.000000   1.200000
  2.320720   2.804450   4.967330   1.000000   1.000000   1.000000   1.200000
  0.947780   2.346040   5.698450   1.000000   1.000000   1.000000   1.200000
 -3.684440   0.965460   3.723300   0.000000   0.000000   1.000000   1.540000
 -2.047390  -0.128760   3.753200   1.000000   1.000000   1.000000   1.200000
 -3.805780   1.213940   2.759390   1.000000   1.000000   1.000000   1.200000
 -3.322700   1.776070   4.187730   1.000000   1.000000   1.000000   1.200000
 -4.573430   0.737650   4.115820   1.000000   1.000000   1.000000   1.200000
29 bonds follow (x1 y1 z1 x2 y2 z2)
 -3.684440   0.965460   3.723300  -4.573430   0.737650   4.115820
 -3.684440   0.965460   3.723300  -3.322700   1.776070   4.187730
 -3.684440   0.965460   3.723300  -3.805780   1.213940   2.759390
 -1.156570  -0.494190   3.595630  -2.047390  -0.128760   3.753200
  1.410810   2.424310   4.817550   0.947780   2.346040   5.698450
  1.410810   2.424310   4.817550   2.320720   2.804450   4.967330
  1.410810   2.424310   4.817550   0.888330   3.039430   4.218720
  1.207760   0.079970   3.080740   1.446500   0.724570   3.767950
  0.953320   5.296260   0.651620   0.249440   4.882290   0.002160
  0.953320   5.296260   0.651620   0.389920   5.777540   1.382090
  0.953320   5.296260   0.651620   1.604230   5.903880   0.186390
  0.953320   5.296260   0.651620   1.413910   4.504600   1.119370
 -2.689800   5.772890   1.802670  -2.888170   5.562430   2.886690
 -2.689800   5.772890   1.802670  -2.473180   6.867240   1.671110
 -2.689800   5.772890   1.802670  -3.602180   5.507090   1.206980
 -1.597400   5.060600   1.352390  -2.689800   5.772890   1.802670
 -1.188410   3.378450   1.796550  -1.597400   5.060600   1.352390
 -1.188410   3.378450   1.796550  -0.748240   3.132460   0.468130
 -1.188410   3.378450   1.796550  -2.429370   2.996230   2.295340
 -1.188410   3.378450   1.796550  -0.118500   3.870340   2.597550
 -0.648720   1.564630   2.224750  -1.188410   3.378450   1.796550
 -0.248450   0.163860   2.502810  -0.648720   1.564630   2.224750
 -0.248450   0.163860   2.502810  -1.156570  -0.494190   3.595630
 -0.248450   0.163860   2.502810   1.207760   0.079970   3.080740
 -0.230650  -0.780230   1.222850  -0.248450   0.163860   2.502810
 -0.302990  -0.188670  -0.060190  -0.230650  -0.780230   1.222850
 -0.302990  -0.188670  -0.060190  -1.174280  -0.651550  -0.593800
 -0.302990  -0.188670  -0.060190  -0.433180   0.926150   0.018030
 -0.302990  -0.188670  -0.060190   0.638070  -0.447980  -0.611990
