33 atoms follow (x y z r g b radiusScale)
  0.046520  -0.084000   0.030770   0.000000   1.000000   0.000000   1.850000
  1.163340  -0.021800   0.052730   1.000000   1.000000   1.000000   1.200000
 -0.418430   0.938240   0.009400   1.000000   1.000000   1.000000   1.200000
 -0.292960  -0.693300  -0.844500   1.000000   1.000000   1.000000   1.200000
 -0.386130  -0.775790   1.186500   1.000000   0.000000   0.000000   1.400000
 -0.318670   0.020250   2.548740   0.500000   0.500000   0.500000   1.900000
  1.158020  -0.139400   3.027610   1.000000   0.000000   0.000000   1.400000
 -1.245010  -0.726150   3.560020   1.000000   0.000000   0.000000   1.400000
 -0.689660   1.469910   2.355600   1.000000   0.000000   0.000000   1.400000
 -1.095270   3.254970   2.027650   1.000000   1.000000   0.000000   1.850000
 -0.119340   3.798540   2.816460   1.000000   0.000000   0.000000   1.400000
 -2.363800   3.122200   2.540060   1.000000   0.000000   0.000000   1.400000
 -0.956640   3.204570   0.663670   1.000000   0.000000   0.000000   1.400000
 -2.042370   5.789310   1.701960   1.000000   0.000000   0.000000   1.400000
 -3.156620   5.895010   0.812470   0.000000   1.000000   0.000000   1.850000
 -2.835870   5.761140  -0.250460   1.000000   1.000000   1.000000   1.200000
 -3.672220   6.875780   0.948100   1.000000   1.000000   1.000000   1.200000
 -3.794530   5.033990   1.151180   1.000000   1.000000   1.000000   1.200000
  1.615590   5.652680   0.092610   0.000000   0.000000   1.000000   1.540000
  1.477970   5.861160   1.061170   1.000000   1.000000   1.000000   1.200000
 -1.435100   6.476140   1.309840   1.000000   1.000000   1.000000   1.200000
  0.732780   5.694160  -0.375590   1.000000   1.000000   1.000000   1.200000
  1.987960   4.726030   0.005510   1.000000   1.000000   1.000000   1.200000
  1.678700   2.151070   4.636080   0.000000   0.000000   1.000000   1.540000
  1.510920   0.462630   3.711170   1.000000   1.000000   1.000000   1.200000
  1.366640   2.889650   4.032320   1.000000   1.000000   1.000000   1.200000
  2.638550   2.300670   4.867340   1.000000   1.000000   1.000000   1.200000
  1.139700   2.172990   5.476750   1.000000   1.000000   1.000000   1.200000
 -3.555650   0.907610   3.774160   0.000000   0.000000   1.000000   1.540000
 -2.148470  -0.382040   3.734850   1.000000   1.000000   1.000000   1.200000
 -3.762210   1.164350   2.827650   1.000000   1.000000   1.000000   1.200000
 -3.142760   1.711560   4.209540   1.000000   1.000000   1.000000   1.200000
 -4.411130   0.692080   4.241890   1.000000   1.000000   1.000000   1.200000
28 bonds follow (x1 y1 z1 x2 y2 z2)
 -3.555650   0.907610   3.774160  -4.411130   0.692080   4.241890
 -3.555650   0.907610   3.774160  -3.142760   1.711560   4.209540
 -3.555650   0.907610   3.774160  -3.762210   1.164350   2.827650
 -1.245010  -0.726150   3.560020  -2.148470  -0.382040   3.734850
  1.678700   2.151070   4.636080   1.139700   2.172990   5.476750
  1.678700   2.151070   4.636080   2.638550   2.300670   4.867340
  1.678700   2.151070   4.636080   1.366640   2.889650   4.032320
  1.158020  -0.139400   3.027610   1.510920   0.462630   3.711170
  1.615590   5.652680   0.092610   1.987960   4.726030   0.005510
  1.615590   5.652680   0.092610   0.732780   5.694160  -0.375590
 -2.042370   5.789310   1.701960  -1.435100   6.476140   1.309840
  1.615590   5.652680   0.092610   1.477970   5.861160   1.061170
 -3.156620   5.895010   0.812470  -3.794530   5.033990   1.151180
 -3.156620   5.895010   0.812470  -3.672220   6.875780   0.948100
 -3.156620   5.895010   0.812470  -2.835870   5.761140  -0.250460
 -2.042370   5.789310   1.701960  -3.156620   5.895010   0.812470
 -1.095270   3.254970   2.027650  -0.956640   3.204570   0.663670
 -1.095270   3.254970   2.027650  -2.363800   3.122200   2.540060
 -1.095270   3.254970   2.027650  -0.119340   3.798540   2.816460
 -0.689660   1.469910   2.355600  -1.095270   3.254970   2.027650
 -0.318670   0.020250   2.548740  -0.689660   1.469910   2.355600
 -0.318670   0.020250   2.548740  -1.245010  -0.726150   3.560020
 -0.318670   0.020250   2.548740   1.158020  -0.139400   3.027610
 -0.386130  -0.775790   1.186500  -0.318670   0.020250   2.548740
  0.046520  -0.084000   0.030770  -0.386130  -0.775790   1.186500
  0.046520  -0.084000   0.030770  -0.292960  -0.693300  -0.844500
  0.046520  -0.084000   0.030770  -0.418430   0.938240   0.009400
  0.046520  -0.084000   0.030770   1.163340  -0.021800   0.052730
