33 atoms follow (x y z r g b radiusScale)
 -0.482030  -0.088540  -0.049730   0.000000   1.000000   0.000000   1.850000
  0.443970  -0.107320  -0.681930   1.000000   1.000000   1.000000   1.200000
 -0.831150   0.967740   0.109670   1.000000   1.000000   1.000000   1.200000
 -1.273230  -0.701600  -0.555450   1.000000   1.000000   1.000000   1.200000
 -0.192030  -0.711760   1.183240   1.000000   0.000000   0.000000   1.400000
 -0.197040   0.151070   2.526990   0.500000   0.500000   0.500000   1.900000
  1.265080  -0.056390   3.064560   1.000000   0.000000   0.000000   1.400000
 -1.067800  -0.617350   3.579940   1.000000   0.000000   0.000000   1.400000
 -0.586070   1.570600   2.380330   1.000000   0.000000   0.000000   1.400000
 -1.193880   3.463250   1.865680   1.000000   1.000000   0.000000   1.850000
 -0.044090   3.955010   2.537930   1.000000   0.000000   0.000000   1.400000
 -2.384760   3.110870   2.463030   1.000000   0.000000   0.000000   1.400000
 -0.880090   3.106810   0.532840   1.000000   0.000000   0.000000   1.400000
 -1.602390   5.121260   1.329350   1.000000   0.000000   0.000000   1.400000
 -2.549820   5.943510   1.907570   0.000000   1.000000   0.000000   1.850000
 -3.243850   5.358020   2.565150   1.000000   1.000000   1.000000   1.200000
 -3.143480   6.441810   1.096290   1.000000   1.000000   1.000000   1.200000
 -2.041200   6.735300   2.520720   1.000000   1.000000   1.000000   1.200000
  0.898880   5.089710   0.302890   0.000000   0.000000   1.000000   1.540000
  1.239440   4.506300   1.092190   1.000000   1.000000   1.000000   1.200000
  1.653180   5.546320  -0.187760   1.000000   1.000000   1.000000   1.200000
  0.223170   5.756140   0.708930   1.000000   1.000000   1.000000   1.200000
  0.340500   4.464350  -0.313870   1.000000   1.000000   1.000000   1.200000
  1.044580   2.454090   5.015720   0.000000   0.000000   1.000000   1.540000
  1.506330   0.363440   3.892150   1.000000   1.000000   1.000000   1.200000
  0.935940   2.915640   4.129940   1.000000   1.000000   1.000000   1.200000
  1.846260   2.832750   5.475800   1.000000   1.000000   1.000000   1.200000
  0.240220   2.657680   5.572390   1.000000   1.000000   1.000000   1.200000
 -3.524580   0.753520   3.406700   0.000000   0.000000   1.000000   1.540000
 -2.006510  -0.372590   3.686480   1.000000   1.000000   1.000000   1.200000
 -3.772510   0.857190   2.443610   1.000000   1.000000   1.000000   1.200000
 -3.133300   1.626100   3.715020   1.000000   1.000000   1.000000   1.200000
 -4.352300   0.569740   3.933190   1.000000   1.000000   1.000000   1.200000
28 bonds follow (x1 y1 z1 x2 y2 z2)
 -3.524580   0.753520   3.406700  -4.352300   0.569740   3.933190
 -3.524580   0.753520   3.406700  -3.133300   1.626100   3.715020
 -3.524580   0.753520   3.406700  -3.772510   0.857190   2.443610
 -1.067800  -0.617350   3.579940  -2.006510  -0.372590   3.686480
  1.044580   2.454090   5.015720   0.240220   2.657680   5.572390
  1.044580   2.454090   5.015720   1.846260   2.832750   5.475800
  1.044580   2.454090   5.015720   0.935940   2.915640   4.129940
  1.265080  -0.056390   3.064560   1.506330   0.363440   3.892150
  0.898880   5.089710   0.302890   0.340500   4.464350  -0.313870
  0.898880   5.089710   0.302890   0.223170   5.756140   0.708930
  0.898880   5.089710   0.302890   1.653180   5.546320  -0.187760
  0.898880   5.089710   0.302890   1.239440   4.506300   1.092190
 -2.549820   5.943510   1.907570  -2.041200   6.735300   2.520720
 -2.549820   5.943510   1.907570  -3.143480   6.441810   1.096290
 -2.549820   5.943510   1.907570  -3.243850   5.358020   2.565150
 -1.602390   5.121260   1.329350  -2.549820   5.943510   1.907570
 -1.193880   3.463250   1.865680  -1.602390   5.121260   1.329350
 -1.193880   3.463250   1.865680  -0.880090   3.106810   0.532840
 -1.193880   3.463250   1.865680  -2.384760   3.110870   2.463030
 -1.193880   3.463250   1.865680  -0.044090   3.955010   2.537930
 -0.197040   0.151070   2.526990  -0.586070   1.570600   2.380330
 -0.197040   0.151070   2.526990  -1.067800  -0.617350   3.579940
 -0.197040   0.151070   2.526990   1.265080  -0.056390   3.064560
 -0.192030  -0.711760   1.183240  -0.197040   0.151070   2.526990
 -0.482030  -0.088540  -0.049730  -0.192030  -0.711760   1.183240
 -0.482030  -0.088540  -0.049730  -1.273230  -0.701600  -0.555450
 -0.482030  -0.088540  -0.049730  -0.831150   0.967740   0.109670
 -0.482030  -0.088540  -0.049730   0.443970  -0.107320  -0.681930
