33 atoms follow (x y z r g b radiusScale)
  0.234410  -0.179540   0.038650   0.000000   1.000000   0.000000   1.850000
  1.340980  -0.246860   0.188840   1.000000   1.000000   1.000000   1.200000
 -0.100510   0.889980  -0.025390   1.000000   1.000000   1.000000   1.200000
 -0.079310  -0.755140  -0.867360   1.000000   1.000000   1.000000   1.200000
 -0.403560  -0.798260   1.145080   1.000000   0.000000   0.000000   1.400000
 -0.302480  -0.004970   2.508760   0.500000   0.500000   0.500000   1.900000
  1.182830  -0.136700   2.952920   1.000000   0.000000   0.000000   1.400000
 -1.259670  -0.672480   3.548820   1.000000   0.000000   0.000000   1.400000
 -0.617110   1.457230   2.338030   1.000000   0.000000   0.000000   1.400000
 -1.145300   3.191170   2.146130   1.000000   1.000000   0.000000   1.850000
 -0.267390   3.732110   3.049680   1.000000   0.000000   0.000000   1.400000
 -2.447870   2.984570   2.529520   1.000000   0.000000   0.000000   1.400000
 -0.837370   3.273750   0.816260   1.000000   0.000000   0.000000   1.400000
 -2.293640   6.132770   1.517170   1.000000   0.000000   0.000000   1.400000
 -3.555610   6.135230   0.864650   0.000000   1.000000   0.000000   1.850000
 -3.537270   6.749090  -0.066600   1.000000   1.000000   1.000000   1.200000
 -4.345680   6.491120   1.561590   1.000000   1.000000   1.000000   1.200000
 -3.690700   5.050180   0.618800   1.000000   1.000000   1.000000   1.200000
  2.177540   5.379570  -0.122090   0.000000   0.000000   1.000000   1.540000
  2.290890   6.066820   0.589770   1.000000   1.000000   1.000000   1.200000
 -2.133420   7.195100   1.657820   1.000000   1.000000   1.000000   1.200000
  2.138420   5.835740  -1.005710   1.000000   1.000000   1.000000   1.200000
  1.334090   4.868160   0.025820   1.000000   1.000000   1.000000   1.200000
  1.811640   2.205060   4.535630   0.000000   0.000000   1.000000   1.540000
  1.545070   0.550100   3.553010   1.000000   1.000000   1.000000   1.200000
  1.553180   2.939110   3.901320   1.000000   1.000000   1.000000   1.200000
  2.767650   2.317850   4.800410   1.000000   1.000000   1.000000   1.200000
  1.241890   2.279920   5.352570   1.000000   1.000000   1.000000   1.200000
 -3.671640   0.835240   3.842420   0.000000   0.000000   1.000000   1.540000
 -2.150900  -0.292640   3.717720   1.000000   1.000000   1.000000   1.200000
 -3.803890   1.329260   2.980020   1.000000   1.000000   1.000000   1.200000
 -3.448480   1.506750   4.548750   1.000000   1.000000   1.000000   1.200000
 -4.515960   0.365230   4.091190   1.000000   1.000000   1.000000   1.200000
28 bonds follow (x1 y1 z1 x2 y2 z2)
 -3.671640   0.835240   3.842420  -4.515960   0.365230   4.091190
 -3.671640   0.835240   3.842420  -3.448480   1.506750   4.548750
 -3.671640   0.835240   3.842420  -3.803890   1.329260   2.980020
 -1.259670  -0.672480   3.548820  -2.150900  -0.292640   3.717720
  1.811640   2.205060   4.535630   1.241890   2.279920   5.352570
  1.811640   2.205060   4.535630   2.767650   2.317850   4.800410
  1.811640   2.205060   4.535630   1.553180   2.939110   3.901320
  1.182830  -0.136700   2.952920   1.545070   0.550100   3.553010
  2.177540   5.379570  -0.122090   1.334090   4.868160   0.025820
  2.177540   5.379570  -0.122090   2.138420   5.835740  -1.005710
 -2.293640   6.132770   1.517170  -2.133420   7.195100   1.657820
  2.177540   5.379570  -0.122090   2.290890   6.066820   0.589770
 -3.555610   6.135230   0.864650  -3.690700   5.050180   0.618800
 -3.555610   6.135230   0.864650  -4.345680   6.491120   1.561590
 -3.555610   6.135230   0.864650  -3.537270   6.749090  -0.066600
 -2.293640   6.132770   1.517170  -3.555610   6.135230   0.864650
 -1.145300   3.191170   2.146130  -0.837370   3.273750   0.816260
 -1.145300   3.191170   2.146130  -2.447870   2.984570   2.529520
 -1.145300   3.191170   2.146130  -0.267390   3.732110   3.049680
 -0.617110   1.457230   2.338030  -1.145300   3.191170   2.146130
 -0.302480  -0.004970   2.508760  -0.617110   1.457230   2.338030
 -0.302480  -0.004970   2.508760  -1.259670  -0.672480   3.548820
 -0.302480  -0.004970   2.508760   1.182830  -0.136700   2.952920
 -0.403560  -0.798260   1.145080  -0.302480  -0.004970   2.508760
  0.234410  -0.179540   0.038650  -0.403560  -0.798260   1.145080
  0.234410  -0.179540   0.038650  -0.079310  -0.755140  -0.867360
  0.234410  -0.179540   0.038650  -0.100510   0.889980  -0.025390
  0.234410  -0.179540   0.038650   1.340980  -0.246860   0.188840
