33 atoms follow (x y z r g b radiusScale)
 -0.405590  -0.219440  -0.016760   0.000000   1.000000   0.000000   1.850000
  0.539310  -0.376040  -0.601210   1.000000   1.000000   1.000000   1.200000
 -0.647390   0.874700   0.060560   1.000000   1.000000   1.000000   1.200000
 -1.237940  -0.778750  -0.519220   1.000000   1.000000   1.000000   1.200000
 -0.228900  -0.797100   1.259430   1.000000   0.000000   0.000000   1.400000
 -0.217570   0.148940   2.532750   0.500000   0.500000   0.500000   1.900000
  1.246550   0.080030   3.115560   1.000000   0.000000   0.000000   1.400000
 -1.167340  -0.581280   3.551150   1.000000   0.000000   0.000000   1.400000
 -0.608620   1.543200   2.206690   1.000000   0.000000   0.000000   1.400000
 -1.189770   3.396480   1.769600   1.000000   1.000000   0.000000   1.850000
 -0.136440   3.828310   2.609540   1.000000   0.000000   0.000000   1.400000
 -2.453670   3.070720   2.233750   1.000000   0.000000   0.000000   1.400000
 -0.717550   3.189050   0.451540   1.000000   0.000000   0.000000   1.400000
 -1.597240   5.105800   1.383530   1.000000   0.000000   0.000000   1.400000
 -2.682180   5.783320   1.901340   0.000000   1.000000   0.000000   1.850000
 -3.625580   5.449660   1.395180   1.000000   1.000000   1.000000   1.200000
 -2.535670   6.881570   1.723890   1.000000   1.000000   1.000000   1.200000
 -2.779610   5.598630   3.003630   1.000000   1.000000   1.000000   1.200000
  0.951010   5.295660   0.572300   0.000000   0.000000   1.000000   1.540000
  1.491390   4.576100   1.061220   1.000000   1.000000   1.000000   1.200000
  1.532460   6.041700   0.224450   1.000000   1.000000   1.000000   1.200000
  0.243230   5.646780   1.258670   1.000000   1.000000   1.000000   1.200000
  0.405970   4.830270  -0.167840   1.000000   1.000000   1.000000   1.200000
  1.341400   2.449530   4.835700   0.000000   0.000000   1.000000   1.540000
  1.457670   0.702660   3.829900   1.000000   1.000000   1.000000   1.200000
  0.895310   3.030820   4.149350   1.000000   1.000000   1.000000   1.200000
  2.270830   2.777740   4.990460   1.000000   1.000000   1.000000   1.200000
  0.835500   2.508390   5.693910   1.000000   1.000000   1.000000   1.200000
 -3.636700   0.950470   3.691870   0.000000   0.000000   1.000000   1.540000
 -2.066470  -0.238350   3.700630   1.000000   1.000000   1.000000   1.200000
 -3.679030   1.165300   2.712650   1.000000   1.000000   1.000000   1.200000
 -3.334250   1.784630   4.156740   1.000000   1.000000   1.000000   1.200000
 -4.554800   0.719710   4.009430   1.000000   1.000000   1.000000   1.200000
28 bonds follow (x1 y1 z1 x2 y2 z2)
 -3.636700   0.950470   3.691870  -4.554800   0.719710   4.009430
 -3.636700   0.950470   3.691870  -3.334250   1.784630   4.156740
 -3.636700   0.950470   3.691870  -3.679030   1.165300   2.712650
 -1.167340  -0.581280   3.551150  -2.066470  -0.238350   3.700630
  1.341400   2.449530   4.835700   0.835500   2.508390   5.693910
  1.341400   2.449530   4.835700   2.270830   2.777740   4.990460
  1.341400   2.449530   4.835700   0.895310   3.030820   4.149350
  1.246550   0.080030   3.115560   1.457670   0.702660   3.829900
  0.951010   5.295660   0.572300   0.405970   4.830270  -0.167840
  0.951010   5.295660   0.572300   0.243230   5.646780   1.258670
  0.951010   5.295660   0.572300   1.532460   6.041700   0.224450
  0.951010   5.295660   0.572300   1.491390   4.576100   1.061220
 -2.682180   5.783320   1.901340  -2.779610   5.598630   3.003630
 -2.682180   5.783320   1.901340  -2.535670   6.881570   1.723890
 -2.682180   5.783320   1.901340  -3.625580   5.449660   1.395180
 -1.597240   5.105800   1.383530  -2.682180   5.783320   1.901340
 -1.189770   3.396480   1.769600  -1.597240   5.105800   1.383530
 -1.189770   3.396480   1.769600  -0.717550   3.189050   0.451540
 -1.189770   3.396480   1.769600  -2.453670   3.070720   2.233750
 -1.189770   3.396480   1.769600  -0.136440   3.828310   2.609540
 -0.217570   0.148940   2.532750  -0.608620   1.543200   2.206690
 -0.217570   0.148940   2.532750  -1.167340  -0.581280   3.551150
 -0.217570   0.148940   2.532750   1.246550   0.080030   3.115560
 -0.228900  -0.797100   1.259430  -0.217570   0.148940   2.532750
 -0.405590  -0.219440  -0.016760  -0.228900  -0.797100   1.259430
 -0.405590  -0.219440  -0.016760  -1.237940  -0.778750  -0.519220
 -0.405590  -0.219440  -0.016760  -0.647390   0.874700   0.060560
 -0.405590  -0.219440  -0.016760   0.539310  -0.376040  -0.601210
