33 atoms follow (x y z r g b radiusScale)
 -0.250180  -0.169910  -0.039770   0.000000   1.000000   0.000000   1.850000
  0.696900  -0.452720  -0.568160   1.000000   1.000000   1.000000   1.200000
 -0.340010   0.947540   0.065950   1.000000   1.000000   1.000000   1.200000
 -1.122260  -0.572030  -0.618730   1.000000   1.000000   1.000000   1.200000
 -0.254280  -0.798330   1.226860   1.000000   0.000000   0.000000   1.400000
 -0.230330   0.153620   2.503250   0.500000   0.500000   0.500000   1.900000
  1.270020   0.130230   2.957460   1.000000   0.000000   0.000000   1.400000
 -1.069080  -0.589360   3.592570   1.000000   0.000000   0.000000   1.400000
 -0.692970   1.539550   2.254620   1.000000   0.000000   0.000000   1.400000
 -1.127380   3.418060   1.910710   1.000000   1.000000   0.000000   1.850000
  0.107830   3.758000   2.531980   1.000000   0.000000   0.000000   1.400000
 -2.297080   3.192340   2.621020   1.000000   0.000000   0.000000   1.400000
 -0.953540   3.132790   0.525700   1.000000   0.000000   0.000000   1.400000
 -1.471430   5.119560   1.561740   1.000000   0.000000   0.000000   1.400000
 -2.643860   5.792990   1.848470   0.000000   1.000000   0.000000   1.850000
 -3.058510   5.481440   2.841790   1.000000   1.000000   1.000000   1.200000
 -3.409000   5.594210   1.051630   1.000000   1.000000   1.000000   1.200000
 -2.412530   6.892230   1.867970   1.000000   1.000000   1.000000   1.200000
  0.818370   5.154230   0.278370   0.000000   0.000000   1.000000   1.540000
  1.123870   4.838730   1.215990   1.000000   1.000000   1.000000   1.200000
  1.583810   5.499240  -0.280160   1.000000   1.000000   1.000000   1.200000
  0.092040   5.860740   0.434220   1.000000   1.000000   1.000000   1.200000
  0.335910   4.333460  -0.172880   1.000000   1.000000   1.000000   1.200000
  0.973350   2.507320   4.909290   0.000000   0.000000   1.000000   1.540000
  1.569870   0.778350   3.601130   1.000000   1.000000   1.000000   1.200000
  1.332900   3.062290   4.153880   1.000000   1.000000   1.000000   1.200000
  1.333740   2.866810   5.768390   1.000000   1.000000   1.000000   1.200000
 -0.020960   2.623940   4.914120   1.000000   1.000000   1.000000   1.200000
 -3.674150   0.889650   3.385530   0.000000   0.000000   1.000000   1.540000
 -1.991290  -0.313420   3.715760   1.000000   1.000000   1.000000   1.200000
 -3.596110   1.297090   2.472760   1.000000   1.000000   1.000000   1.200000
 -3.513800   1.626090   4.045480   1.000000   1.000000   1.000000   1.200000
 -4.602710   0.543240   3.506810   1.000000   1.000000   1.000000   1.200000
28 bonds follow (x1 y1 z1 x2 y2 z2)
 -3.674150   0.889650   3.385530  -4.602710   0.543240   3.506810
 -3.674150   0.889650   3.385530  -3.513800   1.626090   4.045480
 -3.674150   0.889650   3.385530  -3.596110   1.297090   2.472760
 -1.069080  -0.589360   3.592570  -1.991290  -0.313420   3.715760
  0.973350   2.507320   4.909290  -0.020960   2.623940   4.914120
  0.973350   2.507320   4.909290   1.333740   2.866810   5.768390
  0.973350   2.507320   4.909290   1.332900   3.062290   4.153880
  1.270020   0.130230   2.957460   1.569870   0.778350   3.601130
  0.818370   5.154230   0.278370   0.335910   4.333460  -0.172880
  0.818370   5.154230   0.278370   0.092040   5.860740   0.434220
  0.818370   5.154230   0.278370   1.583810   5.499240  -0.280160
  0.818370   5.154230   0.278370   1.123870   4.838730   1.215990
 -2.643860   5.792990   1.848470  -2.412530   6.892230   1.867970
 -2.643860   5.792990   1.848470  -3.409000   5.594210   1.051630
 -2.643860   5.792990   1.848470  -3.058510   5.481440   2.841790
 -1.471430   5.119560   1.561740  -2.643860   5.792990   1.848470
 -1.127380   3.418060   1.910710  -1.471430   5.119560   1.561740
 -1.127380   3.418060   1.910710  -0.953540   3.132790   0.525700
 -1.127380   3.418060   1.910710  -2.297080   3.192340   2.621020
 -1.127380   3.418060   1.910710   0.107830   3.758000   2.531980
 -0.230330   0.153620   2.503250  -0.692970   1.539550   2.254620
 -0.230330   0.153620   2.503250  -1.069080  -0.589360   3.592570
 -0.230330   0.153620   2.503250   1.270020   0.130230   2.957460
 -0.254280  -0.798330   1.226860  -0.230330   0.153620   2.503250
 -0.250180  -0.169910  -0.039770  -0.254280  -0.798330   1.226860
 -0.250180  -0.169910  -0.039770  -1.122260  -0.572030  -0.618730
 -0.250180  -0.169910  -0.039770  -0.340010   0.947540   0.065950
 -0.250180  -0.169910  -0.039770   0.696900  -0.452720  -0.568160
