33 atoms follow (x y z r g b radiusScale)
 -0.222960  -0.241800  -0.066600   0.000000   1.000000   0.000000   1.850000
  0.799610  -0.425600  -0.490430   1.000000   1.000000   1.000000   1.200000
 -0.462290   0.855010  -0.030070   1.000000   1.000000   1.000000   1.200000
 -0.975650  -0.791400  -0.691040   1.000000   1.000000   1.000000   1.200000
 -0.282810  -0.802450   1.225590   1.000000   0.000000   0.000000   1.400000
 -0.226250   0.143000   2.499650   0.500000   0.500000   0.500000   1.900000
  1.276320   0.096390   2.978460   1.000000   0.000000   0.000000   1.400000
 -1.126880  -0.582780   3.557260   1.000000   0.000000   0.000000   1.400000
 -0.708180   1.516030   2.242740   1.000000   0.000000   0.000000   1.400000
 -1.132800   3.448690   1.932580   1.000000   1.000000   0.000000   1.850000
  0.117000   3.784400   2.524470   1.000000   0.000000   0.000000   1.400000
 -2.291340   3.207680   2.658210   1.000000   0.000000   0.000000   1.400000
 -0.928000   3.153160   0.563860   1.000000   0.000000   0.000000   1.400000
 -1.448720   5.169090   1.593500   1.000000   0.000000   0.000000   1.400000
 -2.691100   5.731150   1.838730   0.000000   1.000000   0.000000   1.850000
 -3.032790   5.499380   2.881070   1.000000   1.000000   1.000000   1.200000
 -3.445840   5.332350   1.110210   1.000000   1.000000   1.000000   1.200000
 -2.605660   6.841870   1.712090   1.000000   1.000000   1.000000   1.200000
  0.824590   5.176650   0.232550   0.000000   0.000000   1.000000   1.540000
  0.926710   5.137410   1.275710   1.000000   1.000000   1.000000   1.200000
  1.530570   5.749730  -0.206500   1.000000   1.000000   1.000000   1.200000
 -0.140790   5.533590   0.066210   1.000000   1.000000   1.000000   1.200000
  0.830140   4.206140  -0.095960   1.000000   1.000000   1.000000   1.200000
  0.956930   2.515140   4.872670   0.000000   0.000000   1.000000   1.540000
  1.517280   0.643940   3.731810   1.000000   1.000000   1.000000   1.200000
  1.484570   3.081010   4.235530   1.000000   1.000000   1.000000   1.200000
  1.249420   2.714240   5.806100   1.000000   1.000000   1.000000   1.200000
 -0.003650   2.781130   4.772300   1.000000   1.000000   1.000000   1.200000
 -3.622940   0.891480   3.391240   0.000000   0.000000   1.000000   1.540000
 -2.031470  -0.253740   3.698880   1.000000   1.000000   1.000000   1.200000
 -3.519510   1.225310   2.451060   1.000000   1.000000   1.000000   1.200000
 -3.296560   1.625760   3.992840   1.000000   1.000000   1.000000   1.200000
 -4.594750   0.745940   3.568690   1.000000   1.000000   1.000000   1.200000
28 bonds follow (x1 y1 z1 x2 y2 z2)
 -3.622940   0.891480   3.391240  -4.594750   0.745940   3.568690
 -3.622940   0.891480   3.391240  -3.296560   1.625760   3.992840
 -3.622940   0.891480   3.391240  -3.519510   1.225310   2.451060
 -1.126880  -0.582780   3.557260  -2.031470  -0.253740   3.698880
  0.956930   2.515140   4.872670  -0.003650   2.781130   4.772300
  0.956930   2.515140   4.872670   1.249420   2.714240   5.806100
  0.956930   2.515140   4.872670   1.484570   3.081010   4.235530
  1.276320   0.096390   2.978460   1.517280   0.643940   3.731810
  0.824590   5.176650   0.232550   0.830140   4.206140  -0.095960
  0.824590   5.176650   0.232550  -0.140790   5.533590   0.066210
  0.824590   5.176650   0.232550   1.530570   5.749730  -0.206500
  0.824590   5.176650   0.232550   0.926710   5.137410   1.275710
 -2.691100   5.731150   1.838730  -2.605660   6.841870   1.712090
 -2.691100   5.731150   1.838730  -3.445840   5.332350   1.110210
 -2.691100   5.731150   1.838730  -3.032790   5.499380   2.881070
 -1.448720   5.169090   1.593500  -2.691100   5.731150   1.838730
 -1.132800   3.448690   1.932580  -1.448720   5.169090   1.593500
 -1.132800   3.448690   1.932580  -0.928000   3.153160   0.563860
 -1.132800   3.448690   1.932580  -2.291340   3.207680   2.658210
 -1.132800   3.448690   1.932580   0.117000   3.784400   2.524470
 -0.226250   0.143000   2.499650  -0.708180   1.516030   2.242740
 -0.226250   0.143000   2.499650  -1.126880  -0.582780   3.557260
 -0.226250   0.143000   2.499650   1.276320   0.096390   2.978460
 -0.282810  -0.802450   1.225590  -0.226250   0.143000   2.499650
 -0.222960  -0.241800  -0.066600  -0.282810  -0.802450   1.225590
 -0.222960  -0.241800  -0.066600  -0.975650  -0.791400  -0.691040
 -0.222960  -0.241800  -0.066600  -0.462290   0.855010  -0.030070
 -0.222960  -0.241800  -0.066600   0.799610  -0.425600  -0.490430
