33 atoms follow (x y z r g b radiusScale)
  0.005140  -0.002100  -0.006420   0.000000   1.000000   0.000000   1.850000
  1.123750  -0.008770   0.000950   1.000000   1.000000   1.000000   1.200000
 -0.399520   1.045980  -0.020220   1.000000   1.000000   1.000000   1.200000
 -0.381460  -0.589180  -0.877200   1.000000   1.000000   1.000000   1.200000
 -0.452490  -0.670690   1.153780   1.000000   0.000000   0.000000   1.400000
 -0.319400   0.101280   2.521020   0.500000   0.500000   0.500000   1.900000
  1.156850  -0.054260   2.998830   1.000000   0.000000   0.000000   1.400000
 -1.245590  -0.614050   3.541340   1.000000   0.000000   0.000000   1.400000
 -0.681370   1.545970   2.372650   1.000000   0.000000   0.000000   1.400000
 -1.095400   3.266790   1.999240   1.000000   1.000000   0.000000   1.850000
 -0.077160   3.819050   2.772030   1.000000   0.000000   0.000000   1.400000
 -2.367490   3.223480   2.500640   1.000000   0.000000   0.000000   1.400000
 -0.939300   3.120460   0.625840   1.000000   0.000000   0.000000   1.400000
 -1.606390   5.309340   1.593060   1.000000   0.000000   0.000000   1.400000
 -2.807100   5.688110   0.920400   0.000000   1.000000   0.000000   1.850000
 -2.774510   5.328560  -0.137000   1.000000   1.000000   1.000000   1.200000
 -2.941170   6.794690   0.958470   1.000000   1.000000   1.000000   1.200000
 -3.611140   5.161000   1.493880   1.000000   1.000000   1.000000   1.200000
  0.921040   5.520360   0.415180   0.000000   0.000000   1.000000   1.540000
  1.357360   5.207430   1.254820   1.000000   1.000000   1.000000   1.200000
 -0.967160   5.784740   1.238880   1.000000   1.000000   1.000000   1.200000
  0.716860   4.731920  -0.161610   1.000000   1.000000   1.000000   1.200000
  1.537820   6.140960  -0.061010   1.000000   1.000000   1.000000   1.200000
  1.621180   2.228840   4.681180   0.000000   0.000000   1.000000   1.540000
  1.514590   0.587440   3.645550   1.000000   1.000000   1.000000   1.200000
  1.218190   2.939080   4.097060   1.000000   1.000000   1.000000   1.200000
  2.587940   2.435600   4.821980   1.000000   1.000000   1.000000   1.200000
  1.161530   2.237450   5.567460   1.000000   1.000000   1.000000   1.200000
 -3.590900   0.966600   3.761510   0.000000   0.000000   1.000000   1.540000
 -2.145070  -0.259480   3.715010   1.000000   1.000000   1.000000   1.200000
 -3.854950   1.204580   2.825390   1.000000   1.000000   1.000000   1.200000
 -3.190580   1.789140   4.172750   1.000000   1.000000   1.000000   1.200000
 -4.408570   0.710400   4.273870   1.000000   1.000000   1.000000   1.200000
28 bonds follow (x1 y1 z1 x2 y2 z2)
 -3.590900   0.966600   3.761510  -4.408570   0.710400   4.273870
 -3.590900   0.966600   3.761510  -3.190580   1.789140   4.172750
 -3.590900   0.966600   3.761510  -3.854950   1.204580   2.825390
 -1.245590  -0.614050   3.541340  -2.145070  -0.259480   3.715010
  1.621180   2.228840   4.681180   1.161530   2.237450   5.567460
  1.621180   2.228840   4.681180   2.587940   2.435600   4.821980
  1.621180   2.228840   4.681180   1.218190   2.939080   4.097060
  1.156850  -0.054260   2.998830   1.514590   0.587440   3.645550
  0.921040   5.520360   0.415180   1.537820   6.140960  -0.061010
  0.921040   5.520360   0.415180   0.716860   4.731920  -0.161610
 -1.606390   5.309340   1.593060  -0.967160   5.784740   1.238880
  0.921040   5.520360   0.415180   1.357360   5.207430   1.254820
 -2.807100   5.688110   0.920400  -3.611140   5.161000   1.493880
 -2.807100   5.688110   0.920400  -2.941170   6.794690   0.958470
 -2.807100   5.688110   0.920400  -2.774510   5.328560  -0.137000
 -1.606390   5.309340   1.593060  -2.807100   5.688110   0.920400
 -1.095400   3.266790   1.999240  -0.939300   3.120460   0.625840
 -1.095400   3.266790   1.999240  -2.367490   3.223480   2.500640
 -1.095400   3.266790   1.999240  -0.077160   3.819050   2.772030
 -0.681370   1.545970   2.372650  -1.095400   3.266790   1.999240
 -0.319400   0.101280   2.521020  -0.681370   1.545970   2.372650
 -0.319400   0.101280   2.521020  -1.245590  -0.614050   3.541340
 -0.319400   0.101280   2.521020   1.156850  -0.054260   2.998830
 -0.452490  -0.670690   1.153780  -0.319400   0.101280   2.521020
  0.005140  -0.002100  -0.006420  -0.452490  -0.670690   1.153780
  0.005140  -0.002100  -0.006420  -0.381460  -0.589180  -0.877200
  0.005140  -0.002100  -0.006420  -0.399520   1.045980  -0.020220
  0.005140  -0.002100  -0.006420   1.123750  -0.008770   0.000950
