33 atoms follow (x y z r g b radiusScale)
 -0.300200  -0.188030  -0.060970   0.000000   1.000000   0.000000   1.850000
  0.640480  -0.450550  -0.611870   1.000000   1.000000   1.000000   1.200000
 -0.426830   0.927290   0.016910   1.000000   1.000000   1.000000   1.200000
 -1.172500  -0.647860  -0.595440   1.000000   1.000000   1.000000   1.200000
 -0.231210  -0.779170   1.222490   1.000000   0.000000   0.000000   1.400000
 -0.248910   0.164830   2.502740   0.500000   0.500000   0.500000   1.900000
  1.206720   0.078790   3.079260   1.000000   0.000000   0.000000   1.400000
 -1.156090  -0.492740   3.595960   1.000000   0.000000   0.000000   1.400000
 -0.649740   1.565310   2.224800   1.000000   0.000000   0.000000   1.400000
 -1.188360   3.377320   1.797530   1.000000   1.000000   0.000000   1.850000
 -0.117710   3.871000   2.596100   1.000000   0.000000   0.000000   1.400000
 -2.430050   2.997470   2.297000   1.000000   0.000000   0.000000   1.400000
 -0.747200   3.132330   0.468870   1.000000   0.000000   0.000000   1.400000
 -1.598510   5.058940   1.351410   1.000000   0.000000   0.000000   1.400000
 -2.690130   5.772090   1.800080   0.000000   1.000000   0.000000   1.850000
 -3.602010   5.508680   1.202700   1.000000   1.000000   1.000000   1.200000
 -2.471590   6.866430   1.670010   1.000000   1.000000   1.000000   1.200000
 -2.891120   5.561400   2.883380   1.000000   1.000000   1.000000   1.200000
  0.951880   5.294920   0.653900   0.000000   0.000000   1.000000   1.540000
  1.411480   4.503800   1.126990   1.000000   1.000000   1.000000   1.200000
  1.605440   5.895150   0.178670   1.000000   1.000000   1.000000   1.200000
  0.399350   5.785860   1.380190   1.000000   1.000000   1.000000   1.200000
  0.244400   4.883140   0.015030   1.000000   1.000000   1.000000   1.200000
  1.412640   2.424300   4.816520   0.000000   0.000000   1.000000   1.540000
  1.446650   0.715150   3.773260   1.000000   1.000000   1.000000   1.200000
  0.887500   3.044200   4.225010   1.000000   1.000000   1.000000   1.200000
  2.321680   2.805100   4.969540   1.000000   1.000000   1.000000   1.200000
  0.951090   2.334490   5.697090   1.000000   1.000000   1.000000   1.200000
 -3.684440   0.966170   3.723440   0.000000   0.000000   1.000000   1.540000
 -2.048950  -0.130850   3.750660   1.000000   1.000000   1.000000   1.200000
 -3.811860   1.216720   2.760910   1.000000   1.000000   1.000000   1.200000
 -3.323470   1.776940   4.188120   1.000000   1.000000   1.000000   1.200000
 -4.570180   0.733130   4.120200   1.000000   1.000000   1.000000   1.200000
29 bonds follow (x1 y1 z1 x2 y2 z2)
 -3.684440   0.966170   3.723440  -4.570180   0.733130   4.120200
 -3.684440   0.966170   3.723440  -3.323470   1.776940   4.188120
 -3.684440   0.966170   3.723440  -3.811860   1.216720   2.760910
 -1.156090  -0.492740   3.595960  -2.048950  -0.130850   3.750660
  1.412640   2.424300   4.816520   0.951090   2.334490   5.697090
  1.412640   2.424300   4.816520   2.321680   2.805100   4.969540
  1.412640   2.424300   4.816520   0.887500   3.044200   4.225010
  1.206720   0.078790   3.079260   1.446650   0.715150   3.773260
  0.951880   5.294920   0.653900   0.244400   4.883140   0.015030
  0.951880   5.294920   0.653900   0.399350   5.785860   1.380190
  0.951880   5.294920   0.653900   1.605440   5.895150   0.178670
  0.951880   5.294920   0.653900   1.411480   4.503800   1.126990
 -2.690130   5.772090   1.800080  -2.891120   5.561400   2.883380
 -2.690130   5.772090   1.800080  -2.471590   6.866430   1.670010
 -2.690130   5.772090   1.800080  -3.602010   5.508680   1.202700
 -1.598510   5.058940   1.351410  -2.690130   5.772090   1.800080
 -1.188360   3.377320   1.797530  -1.598510   5.058940   1.351410
 -1.188360   3.377320   1.797530  -0.747200   3.132330   0.468870
 -1.188360   3.377320   1.797530  -2.430050   2.997470   2.297000
 -1.188360   3.377320   1.797530  -0.117710   3.871000   2.596100
 -0.649740   1.565310   2.224800  -1.188360   3.377320   1.797530
 -0.248910   0.164830   2.502740  -0.649740   1.565310   2.224800
 -0.248910   0.164830   2.502740  -1.156090  -0.492740   3.595960
 -0.248910   0.164830   2.502740   1.206720   0.078790   3.079260
 -0.231210  -0.779170   1.222490  -0.248910   0.164830   2.502740
 -0.300200  -0.188030  -0.060970  -0.231210  -0.779170   1.222490
 -0.300200  -0.188030  -0.060970  -1.172500  -0.647860  -0.595440
 -0.300200  -0.188030  -0.060970  -0.426830   0.927290   0.016910
 -0.300200  -0.188030  -0.060970   0.640480  -0.450550  -0.611870
