33 atoms follow (x y z r g b radiusScale)
 -0.119170  -0.101270  -0.020710   0.000000   1.000000   0.000000   1.850000
  0.882600  -0.430460  -0.402490   1.000000   1.000000   1.000000   1.200000
 -0.168270   1.015820   0.099850   1.000000   1.000000   1.000000   1.200000
 -0.911510  -0.446850  -0.734960   1.000000   1.000000   1.000000   1.200000
 -0.363080  -0.748640   1.211240   1.000000   0.000000   0.000000   1.400000
 -0.291640   0.141710   2.527590   0.500000   0.500000   0.500000   1.900000
  1.200930   0.006360   3.010790   1.000000   0.000000   0.000000   1.400000
 -1.173540  -0.609250   3.586160   1.000000   0.000000   0.000000   1.400000
 -0.659950   1.563330   2.323470   1.000000   0.000000   0.000000   1.400000
 -1.211400   3.427860   1.845930   1.000000   1.000000   0.000000   1.850000
 -0.153760   3.906320   2.674090   1.000000   0.000000   0.000000   1.400000
 -2.469690   3.079210   2.312040   1.000000   0.000000   0.000000   1.400000
 -0.754300   3.144530   0.534490   1.000000   0.000000   0.000000   1.400000
 -1.568030   5.105760   1.381790   1.000000   0.000000   0.000000   1.400000
 -2.777740   5.730250   1.608430   0.000000   1.000000   0.000000   1.850000
 -3.508130   5.465520   0.798730   1.000000   1.000000   1.000000   1.200000
 -2.607700   6.839940   1.600490   1.000000   1.000000   1.000000   1.200000
 -3.206760   5.428390   2.599500   1.000000   1.000000   1.000000   1.200000
  0.953570   5.291790   0.555620   0.000000   0.000000   1.000000   1.540000
  1.055390   5.022030   1.561880   1.000000   1.000000   1.000000   1.200000
  1.740410   5.824030   0.217480   1.000000   1.000000   1.000000   1.200000
  0.055370   5.820400   0.485650   1.000000   1.000000   1.000000   1.200000
  0.814630   4.415110   0.029060   1.000000   1.000000   1.000000   1.200000
  1.495380   2.342240   4.760250   0.000000   0.000000   1.000000   1.540000
  1.472740   0.523540   3.780800   1.000000   1.000000   1.000000   1.200000
  1.000340   2.990060   4.173380   1.000000   1.000000   1.000000   1.200000
  2.441760   2.639490   4.863240   1.000000   1.000000   1.000000   1.200000
  1.067270   2.317650   5.661150   1.000000   1.000000   1.000000   1.200000
 -3.537220   0.965020   3.705540   0.000000   0.000000   1.000000   1.540000
 -2.068520  -0.259340   3.769890   1.000000   1.000000   1.000000   1.200000
 -3.780200   1.099040   2.743020   1.000000   1.000000   1.000000   1.200000
 -3.160050   1.834620   4.033810   1.000000   1.000000   1.000000   1.200000
 -4.363260   0.750190   4.222300   1.000000   1.000000   1.000000   1.200000
28 bonds follow (x1 y1 z1 x2 y2 z2)
 -3.537220   0.965020   3.705540  -4.363260   0.750190   4.222300
 -3.537220   0.965020   3.705540  -3.160050   1.834620   4.033810
 -3.537220   0.965020   3.705540  -3.780200   1.099040   2.743020
 -1.173540  -0.609250   3.586160  -2.068520  -0.259340   3.769890
  1.495380   2.342240   4.760250   1.067270   2.317650   5.661150
  1.495380   2.342240   4.760250   2.441760   2.639490   4.863240
  1.495380   2.342240   4.760250   1.000340   2.990060   4.173380
  1.200930   0.006360   3.010790   1.472740   0.523540   3.780800
  0.953570   5.291790   0.555620   0.814630   4.415110   0.029060
  0.953570   5.291790   0.555620   0.055370   5.820400   0.485650
  0.953570   5.291790   0.555620   1.740410   5.824030   0.217480
  0.953570   5.291790   0.555620   1.055390   5.022030   1.561880
 -2.777740   5.730250   1.608430  -3.206760   5.428390   2.599500
 -2.777740   5.730250   1.608430  -2.607700   6.839940   1.600490
 -2.777740   5.730250   1.608430  -3.508130   5.465520   0.798730
 -1.568030   5.105760   1.381790  -2.777740   5.730250   1.608430
 -1.211400   3.427860   1.845930  -1.568030   5.105760   1.381790
 -1.211400   3.427860   1.845930  -0.754300   3.144530   0.534490
 -1.211400   3.427860   1.845930  -2.469690   3.079210   2.312040
 -1.211400   3.427860   1.845930  -0.153760   3.906320   2.674090
 -0.291640   0.141710   2.527590  -0.659950   1.563330   2.323470
 -0.291640   0.141710   2.527590  -1.173540  -0.609250   3.586160
 -0.291640   0.141710   2.527590   1.200930   0.006360   3.010790
 -0.363080  -0.748640   1.211240  -0.291640   0.141710   2.527590
 -0.119170  -0.101270  -0.020710  -0.363080  -0.748640   1.211240
 -0.119170  -0.101270  -0.020710  -0.911510  -0.446850  -0.734960
 -0.119170  -0.101270  -0.020710  -0.168270   1.015820   0.099850
 -0.119170  -0.101270  -0.020710   0.882600  -0.430460  -0.402490
