33 atoms follow (x y z r g b radiusScale)
 -0.000870   0.000370   0.001010   0.000000   1.000000   0.000000   1.850000
  1.118230   0.000200  -0.001350   1.000000   1.000000   1.000000   1.200000
 -0.405020   1.050370   0.004380   1.000000   1.000000   1.000000   1.200000
 -0.388460  -0.575670  -0.876150   1.000000   1.000000   1.000000   1.200000
 -0.444320  -0.682400   1.155730   1.000000   0.000000   0.000000   1.400000
 -0.330290   0.131390   2.516070   0.500000   0.500000   0.500000   1.900000
  1.153910  -0.067560   2.993000   1.000000   0.000000   0.000000   1.400000
 -1.241190  -0.625180   3.540270   1.000000   0.000000   0.000000   1.400000
 -0.677110   1.568160   2.366860   1.000000   0.000000   0.000000   1.400000
 -1.164520   3.424370   1.970710   1.000000   1.000000   0.000000   1.850000
 -0.017500   3.848610   2.688380   1.000000   0.000000   0.000000   1.400000
 -2.398980   3.144060   2.534730   1.000000   0.000000   0.000000   1.400000
 -0.839100   3.168160   0.613000   1.000000   0.000000   0.000000   1.400000
 -1.577170   5.137180   1.604670   1.000000   0.000000   0.000000   1.400000
 -2.724190   5.597980   0.986530   0.000000   1.000000   0.000000   1.850000
 -2.723510   5.310210  -0.099790   1.000000   1.000000   1.000000   1.200000
 -2.737190   6.717960   1.065740   1.000000   1.000000   1.000000   1.200000
 -3.637780   5.178630   1.480490   1.000000   1.000000   1.000000   1.200000
  0.805910   5.413710   0.493250   0.000000   0.000000   1.000000   1.540000
  1.198900   5.099010   1.395250   1.000000   1.000000   1.000000   1.200000
 -0.146790   5.784770   0.721020   1.000000   1.000000   1.000000   1.200000
  0.650390   4.570250  -0.081950   1.000000   1.000000   1.000000   1.200000
  1.389650   6.095830   0.032880   1.000000   1.000000   1.000000   1.200000
  1.620790   2.232690   4.686070   0.000000   0.000000   1.000000   1.540000
  1.510450   0.569340   3.635790   1.000000   1.000000   1.000000   1.200000
  1.165190   2.886510   4.073850   1.000000   1.000000   1.000000   1.200000
  2.565520   2.518250   4.830920   1.000000   1.000000   1.000000   1.200000
  1.149880   2.225970   5.565910   1.000000   1.000000   1.000000   1.200000
 -3.598040   0.958270   3.767710   0.000000   0.000000   1.000000   1.540000
 -2.133870  -0.267260   3.723440   1.000000   1.000000   1.000000   1.200000
 -3.829200   1.193600   2.821950   1.000000   1.000000   1.000000   1.200000
 -3.164430   1.768570   4.170540   1.000000   1.000000   1.000000   1.200000
 -4.438090   0.755350   4.266540   1.000000   1.000000   1.000000   1.200000
28 bonds follow (x1 y1 z1 x2 y2 z2)
 -3.598040   0.958270   3.767710  -4.438090   0.755350   4.266540
 -3.598040   0.958270   3.767710  -3.164430   1.768570   4.170540
 -3.598040   0.958270   3.767710  -3.829200   1.193600   2.821950
 -1.241190  -0.625180   3.540270  -2.133870  -0.267260   3.723440
  1.620790   2.232690   4.686070   1.149880   2.225970   5.565910
  1.620790   2.232690   4.686070   2.565520   2.518250   4.830920
  1.620790   2.232690   4.686070   1.165190   2.886510   4.073850
  1.153910  -0.067560   2.993000   1.510450   0.569340   3.635790
  0.805910   5.413710   0.493250   1.389650   6.095830   0.032880
  0.805910   5.413710   0.493250   0.650390   4.570250  -0.081950
  0.805910   5.413710   0.493250  -0.146790   5.784770   0.721020
  0.805910   5.413710   0.493250   1.198900   5.099010   1.395250
 -2.724190   5.597980   0.986530  -3.637780   5.178630   1.480490
 -2.724190   5.597980   0.986530  -2.737190   6.717960   1.065740
 -2.724190   5.597980   0.986530  -2.723510   5.310210  -0.099790
 -1.577170   5.137180   1.604670  -2.724190   5.597980   0.986530
 -1.164520   3.424370   1.970710  -1.577170   5.137180   1.604670
 -1.164520   3.424370   1.970710  -0.839100   3.168160   0.613000
 -1.164520   3.424370   1.970710  -2.398980   3.144060   2.534730
 -1.164520   3.424370   1.970710  -0.017500   3.848610   2.688380
 -0.330290   0.131390   2.516070  -0.677110   1.568160   2.366860
 -0.330290   0.131390   2.516070  -1.241190  -0.625180   3.540270
 -0.330290   0.131390   2.516070   1.153910  -0.067560   2.993000
 -0.444320  -0.682400   1.155730  -0.330290   0.131390   2.516070
 -0.000870   0.000370   0.001010  -0.444320  -0.682400   1.155730
 -0.000870   0.000370   0.001010  -0.388460  -0.575670  -0.876150
 -0.000870   0.000370   0.001010  -0.405020   1.050370   0.004380
 -0.000870   0.000370   0.001010   1.118230   0.000200  -0.001350
