33 atoms follow (x y z r g b radiusScale)
 -0.000450   0.000190   0.000540   0.000000   1.000000   0.000000   1.850000
  1.118610  -0.000210  -0.000740   1.000000   1.000000   1.000000   1.200000
 -0.405410   1.049750   0.002130   1.000000   1.000000   1.000000   1.200000
 -0.387300  -0.577280  -0.876070   1.000000   1.000000   1.000000   1.200000
 -0.444960  -0.681340   1.155760   1.000000   0.000000   0.000000   1.400000
 -0.329660   0.130180   2.516260   0.500000   0.500000   0.500000   1.900000
  1.153860  -0.066560   2.993400   1.000000   0.000000   0.000000   1.400000
 -1.241240  -0.624130   3.540090   1.000000   0.000000   0.000000   1.400000
 -0.678280   1.568000   2.367000   1.000000   0.000000   0.000000   1.400000
 -1.158320   3.411890   1.973230   1.000000   1.000000   0.000000   1.850000
 -0.023530   3.845060   2.696130   1.000000   0.000000   0.000000   1.400000
 -2.397780   3.153130   2.531650   1.000000   0.000000   0.000000   1.400000
 -0.848700   3.163120   0.614790   1.000000   0.000000   0.000000   1.400000
 -1.557670   5.150980   1.586960   1.000000   0.000000   0.000000   1.400000
 -2.712080   5.604420   0.982570   0.000000   1.000000   0.000000   1.850000
 -2.728480   5.314490  -0.102790   1.000000   1.000000   1.000000   1.200000
 -2.741470   6.723960   1.058810   1.000000   1.000000   1.000000   1.200000
 -3.612400   5.173880   1.492440   1.000000   1.000000   1.000000   1.200000
  0.782620   5.415940   0.501830   0.000000   0.000000   1.000000   1.540000
  1.244990   5.122130   1.368130   1.000000   1.000000   1.000000   1.200000
 -0.220360   5.698140   0.781790   1.000000   1.000000   1.000000   1.200000
  0.689700   4.596520  -0.106930   1.000000   1.000000   1.000000   1.200000
  1.257110   6.181810   0.051270   1.000000   1.000000   1.000000   1.200000
  1.620810   2.232400   4.685770   0.000000   0.000000   1.000000   1.540000
  1.511280   0.570680   3.636010   1.000000   1.000000   1.000000   1.200000
  1.169020   2.890670   4.075700   1.000000   1.000000   1.000000   1.200000
  2.567540   2.511650   4.830260   1.000000   1.000000   1.000000   1.200000
  1.150810   2.227440   5.566170   1.000000   1.000000   1.000000   1.200000
 -3.597590   0.958830   3.767310   0.000000   0.000000   1.000000   1.540000
 -2.134630  -0.267170   3.722630   1.000000   1.000000   1.000000   1.200000
 -3.831350   1.194840   2.822360   1.000000   1.000000   1.000000   1.200000
 -3.166770   1.770270   4.170760   1.000000   1.000000   1.000000   1.200000
 -4.436060   0.751690   4.267130   1.000000   1.000000   1.000000   1.200000
29 bonds follow (x1 y1 z1 x2 y2 z2)
 -3.597590   0.958830   3.767310  -4.436060   0.751690   4.267130
 -3.597590   0.958830   3.767310  -3.166770   1.770270   4.170760
 -3.597590   0.958830   3.767310  -3.831350   1.194840   2.822360
 -1.241240  -0.624130   3.540090  -2.134630  -0.267170   3.722630
  1.620810   2.232400   4.685770   1.150810   2.227440   5.566170
  1.620810   2.232400   4.685770   2.567540   2.511650   4.830260
  1.620810   2.232400   4.685770   1.169020   2.890670   4.075700
  1.153860  -0.066560   2.993400   1.511280   0.570680   3.636010
  0.782620   5.415940   0.501830   1.257110   6.181810   0.051270
  0.782620   5.415940   0.501830   0.689700   4.596520  -0.106930
  0.782620   5.415940   0.501830  -0.220360   5.698140   0.781790
  0.782620   5.415940   0.501830   1.244990   5.122130   1.368130
 -2.712080   5.604420   0.982570  -3.612400   5.173880   1.492440
 -2.712080   5.604420   0.982570  -2.741470   6.723960   1.058810
 -2.712080   5.604420   0.982570  -2.728480   5.314490  -0.102790
 -1.557670   5.150980   1.586960  -2.712080   5.604420   0.982570
 -1.158320   3.411890   1.973230  -1.557670   5.150980   1.586960
 -1.158320   3.411890   1.973230  -0.848700   3.163120   0.614790
 -1.158320   3.411890   1.973230  -2.397780   3.153130   2.531650
 -1.158320   3.411890   1.973230  -0.023530   3.845060   2.696130
 -0.678280   1.568000   2.367000  -1.158320   3.411890   1.973230
 -0.329660   0.130180   2.516260  -0.678280   1.568000   2.367000
 -0.329660   0.130180   2.516260  -1.241240  -0.624130   3.540090
 -0.329660   0.130180   2.516260   1.153860  -0.066560   2.993400
 -0.444960  -0.681340   1.155760  -0.329660   0.130180   2.516260
 -0.000450   0.000190   0.000540  -0.444960  -0.681340   1.155760
 -0.000450   0.000190   0.000540  -0.387300  -0.577280  -0.876070
 -0.000450   0.000190   0.000540  -0.405410   1.049750   0.002130
 -0.000450   0.000190   0.000540   1.118610  -0.000210  -0.000740
