33 atoms follow (x y z r g b radiusScale)
  0.015290  -0.012850  -0.003360   0.000000   1.000000   0.000000   1.850000
  1.133560  -0.007190   0.021860   1.000000   1.000000   1.000000   1.200000
 -0.396020   1.032880   0.001400   1.000000   1.000000   1.000000   1.200000
 -0.352800  -0.584250  -0.891640   1.000000   1.000000   1.000000   1.200000
 -0.453410  -0.709870   1.140120   1.000000   0.000000   0.000000   1.400000
 -0.302920   0.037670   2.531180   0.500000   0.500000   0.500000   1.900000
  1.180310  -0.059470   3.021220   1.000000   0.000000   0.000000   1.400000
 -1.264590  -0.635960   3.560200   1.000000   0.000000   0.000000   1.400000
 -0.673780   1.488910   2.381740   1.000000   0.000000   0.000000   1.400000
 -1.129920   3.245030   2.022570   1.000000   1.000000   0.000000   1.850000
 -0.068350   3.768200   2.735150   1.000000   0.000000   0.000000   1.400000
 -2.391260   3.171950   2.536820   1.000000   0.000000   0.000000   1.400000
 -0.892210   3.113030   0.671630   1.000000   0.000000   0.000000   1.400000
 -1.804960   5.533550   1.663860   1.000000   0.000000   0.000000   1.400000
 -2.965930   5.773590   0.862910   0.000000   1.000000   0.000000   1.850000
 -2.788580   5.397280  -0.174960   1.000000   1.000000   1.000000   1.200000
 -3.246910   6.852060   0.862880   1.000000   1.000000   1.000000   1.200000
 -3.739970   5.137800   1.386390   1.000000   1.000000   1.000000   1.200000
  1.236630   5.641560   0.261340   0.000000   0.000000   1.000000   1.540000
  1.341830   5.318680   1.202540   1.000000   1.000000   1.000000   1.200000
 -1.214070   6.164860   1.354770   1.000000   1.000000   1.000000   1.200000
  0.545510   5.057020  -0.167440   1.000000   1.000000   1.000000   1.200000
  2.099660   5.503270  -0.221550   1.000000   1.000000   1.000000   1.200000
  1.638840   2.204280   4.675710   0.000000   0.000000   1.000000   1.540000
  1.511570   0.649430   3.616440   1.000000   1.000000   1.000000   1.200000
  1.276940   2.936290   4.091720   1.000000   1.000000   1.000000   1.200000
  2.609760   2.363850   4.843870   1.000000   1.000000   1.000000   1.200000
  1.155840   2.211690   5.549000   1.000000   1.000000   1.000000   1.200000
 -3.565760   0.984880   3.743850   0.000000   0.000000   1.000000   1.540000
 -2.137730  -0.206760   3.730380   1.000000   1.000000   1.000000   1.200000
 -3.858920   1.206030   2.812950   1.000000   1.000000   1.000000   1.200000
 -3.192220   1.823590   4.146880   1.000000   1.000000   1.000000   1.200000
 -4.355330   0.685560   4.275580   1.000000   1.000000   1.000000   1.200000
28 bonds follow (x1 y1 z1 x2 y2 z2)
 -3.565760   0.984880   3.743850  -4.355330   0.685560   4.275580
 -3.565760   0.984880   3.743850  -3.192220   1.823590   4.146880
 -3.565760   0.984880   3.743850  -3.858920   1.206030   2.812950
 -1.264590  -0.635960   3.560200  -2.137730  -0.206760   3.730380
  1.638840   2.204280   4.675710   1.155840   2.211690   5.549000
  1.638840   2.204280   4.675710   2.609760   2.363850   4.843870
  1.638840   2.204280   4.675710   1.276940   2.936290   4.091720
  1.180310  -0.059470   3.021220   1.511570   0.649430   3.616440
  1.236630   5.641560   0.261340   2.099660   5.503270  -0.221550
  1.236630   5.641560   0.261340   0.545510   5.057020  -0.167440
 -1.804960   5.533550   1.663860  -1.214070   6.164860   1.354770
  1.236630   5.641560   0.261340   1.341830   5.318680   1.202540
 -2.965930   5.773590   0.862910  -3.739970   5.137800   1.386390
 -2.965930   5.773590   0.862910  -3.246910   6.852060   0.862880
 -2.965930   5.773590   0.862910  -2.788580   5.397280  -0.174960
 -1.804960   5.533550   1.663860  -2.965930   5.773590   0.862910
 -1.129920   3.245030   2.022570  -0.892210   3.113030   0.671630
 -1.129920   3.245030   2.022570  -2.391260   3.171950   2.536820
 -1.129920   3.245030   2.022570  -0.068350   3.768200   2.735150
 -0.673780   1.488910   2.381740  -1.129920   3.245030   2.022570
 -0.302920   0.037670   2.531180  -0.673780   1.488910   2.381740
 -0.302920   0.037670   2.531180  -1.264590  -0.635960   3.560200
 -0.302920   0.037670   2.531180   1.180310  -0.059470   3.021220
 -0.453410  -0.709870   1.140120  -0.302920   0.037670   2.531180
  0.015290  -0.012850  -0.003360  -0.453410  -0.709870   1.140120
  0.015290  -0.012850  -0.003360  -0.352800  -0.584250  -0.891640
  0.015290  -0.012850  -0.003360  -0.396020   1.032880   0.001400
  0.015290  -0.012850  -0.003360   1.133560  -0.007190   0.021860
