33 atoms follow (x y z r g b radiusScale)
  0.099040  -0.165390   0.033390   0.000000   1.000000   0.000000   1.850000
  1.209580  -0.087630   0.147610   1.000000   1.000000   1.000000   1.200000
 -0.367540   0.850620  -0.069840   1.000000   1.000000   1.000000   1.200000
 -0.164090  -0.818120  -0.836000   1.000000   1.000000   1.000000   1.200000
 -0.423580  -0.799050   1.184210   1.000000   0.000000   0.000000   1.400000
 -0.291540   0.025250   2.522260   0.500000   0.500000   0.500000   1.900000
  1.144810  -0.164980   3.087350   1.000000   0.000000   0.000000   1.400000
 -1.242200  -0.681230   3.524960   1.000000   0.000000   0.000000   1.400000
 -0.652310   1.478450   2.328540   1.000000   0.000000   0.000000   1.400000
 -1.131370   3.216140   2.078250   1.000000   1.000000   0.000000   1.850000
 -0.136430   3.771440   2.862570   1.000000   0.000000   0.000000   1.400000
 -2.408030   3.098100   2.555790   1.000000   0.000000   0.000000   1.400000
 -0.904600   3.284690   0.724320   1.000000   0.000000   0.000000   1.400000
 -2.163630   5.924140   1.626650   1.000000   0.000000   0.000000   1.400000
 -3.319940   6.010170   0.813360   0.000000   1.000000   0.000000   1.850000
 -3.050380   6.142950  -0.263090   1.000000   1.000000   1.000000   1.200000
 -3.993070   6.834950   1.147030   1.000000   1.000000   1.000000   1.200000
 -3.793320   5.009920   1.016660   1.000000   1.000000   1.000000   1.200000
  1.891040   5.580270  -0.012180   0.000000   0.000000   1.000000   1.540000
  1.839280   6.119490   0.828310   1.000000   1.000000   1.000000   1.200000
 -1.801080   6.871470   1.561590   1.000000   1.000000   1.000000   1.200000
  1.234250   5.958770  -0.663460   1.000000   1.000000   1.000000   1.200000
  1.591550   4.655090   0.215350   1.000000   1.000000   1.000000   1.200000
  1.709500   2.136050   4.587820   0.000000   0.000000   1.000000   1.540000
  1.497880   0.494960   3.726580   1.000000   1.000000   1.000000   1.200000
  1.427930   2.856790   3.946510   1.000000   1.000000   1.000000   1.200000
  2.679780   2.243620   4.796860   1.000000   1.000000   1.000000   1.200000
  1.184960   2.230970   5.431940   1.000000   1.000000   1.000000   1.200000
 -3.568030   0.814390   3.814730   0.000000   0.000000   1.000000   1.540000
 -2.152430  -0.332190   3.671060   1.000000   1.000000   1.000000   1.200000
 -3.839090   1.198470   2.930210   1.000000   1.000000   1.000000   1.200000
 -3.257410   1.572790   4.389720   1.000000   1.000000   1.000000   1.200000
 -4.355040   0.375080   4.243380   1.000000   1.000000   1.000000   1.200000
28 bonds follow (x1 y1 z1 x2 y2 z2)
 -3.568030   0.814390   3.814730  -4.355040   0.375080   4.243380
 -3.568030   0.814390   3.814730  -3.257410   1.572790   4.389720
 -3.568030   0.814390   3.814730  -3.839090   1.198470   2.930210
 -1.242200  -0.681230   3.524960  -2.152430  -0.332190   3.671060
  1.709500   2.136050   4.587820   1.184960   2.230970   5.431940
  1.709500   2.136050   4.587820   2.679780   2.243620   4.796860
  1.709500   2.136050   4.587820   1.427930   2.856790   3.946510
  1.144810  -0.164980   3.087350   1.497880   0.494960   3.726580
  1.891040   5.580270  -0.012180   1.591550   4.655090   0.215350
  1.891040   5.580270  -0.012180   1.234250   5.958770  -0.663460
 -2.163630   5.924140   1.626650  -1.801080   6.871470   1.561590
  1.891040   5.580270  -0.012180   1.839280   6.119490   0.828310
 -3.319940   6.010170   0.813360  -3.793320   5.009920   1.016660
 -3.319940   6.010170   0.813360  -3.993070   6.834950   1.147030
 -3.319940   6.010170   0.813360  -3.050380   6.142950  -0.263090
 -2.163630   5.924140   1.626650  -3.319940   6.010170   0.813360
 -1.131370   3.216140   2.078250  -0.904600   3.284690   0.724320
 -1.131370   3.216140   2.078250  -2.408030   3.098100   2.555790
 -1.131370   3.216140   2.078250  -0.136430   3.771440   2.862570
 -0.652310   1.478450   2.328540  -1.131370   3.216140   2.078250
 -0.291540   0.025250   2.522260  -0.652310   1.478450   2.328540
 -0.291540   0.025250   2.522260  -1.242200  -0.681230   3.524960
 -0.291540   0.025250   2.522260   1.144810  -0.164980   3.087350
 -0.423580  -0.799050   1.184210  -0.291540   0.025250   2.522260
  0.099040  -0.165390   0.033390  -0.423580  -0.799050   1.184210
  0.099040  -0.165390   0.033390  -0.164090  -0.818120  -0.836000
  0.099040  -0.165390   0.033390  -0.367540   0.850620  -0.069840
  0.099040  -0.165390   0.033390   1.209580  -0.087630   0.147610
