33 atoms follow (x y z r g b radiusScale)
 -0.564570  -0.168810   0.015790   0.000000   1.000000   0.000000   1.850000
  0.202730  -0.463140  -0.747730   1.000000   1.000000   1.000000   1.200000
 -0.639610   0.949820   0.090440   1.000000   1.000000   1.000000   1.200000
 -1.553190  -0.614230  -0.272110   1.000000   1.000000   1.000000   1.200000
 -0.162460  -0.748200   1.240010   1.000000   0.000000   0.000000   1.400000
 -0.179660   0.175900   2.524820   0.500000   0.500000   0.500000   1.900000
  1.269440   0.091600   3.150330   1.000000   0.000000   0.000000   1.400000
 -1.111080  -0.604310   3.521510   1.000000   0.000000   0.000000   1.400000
 -0.692150   1.537120   2.219990   1.000000   0.000000   0.000000   1.400000
 -1.176110   3.384690   1.797850   1.000000   1.000000   0.000000   1.850000
 -0.089960   3.835420   2.604160   1.000000   0.000000   0.000000   1.400000
 -2.421450   3.074980   2.311970   1.000000   0.000000   0.000000   1.400000
 -0.737000   3.122510   0.474030   1.000000   0.000000   0.000000   1.400000
 -1.581350   5.076640   1.309120   1.000000   0.000000   0.000000   1.400000
 -2.546310   5.815130   1.970190   0.000000   1.000000   0.000000   1.850000
 -3.555360   5.343490   1.839350   1.000000   1.000000   1.000000   1.200000
 -2.560690   6.852590   1.543420   1.000000   1.000000   1.000000   1.200000
 -2.310740   5.872180   3.066660   1.000000   1.000000   1.000000   1.200000
  0.865300   5.322240   0.451360   0.000000   0.000000   1.000000   1.540000
  0.890120   5.299290   1.498750   1.000000   1.000000   1.000000   1.200000
  1.610760   5.871380   0.057590   1.000000   1.000000   1.000000   1.200000
 -0.076300   5.689160   0.191280   1.000000   1.000000   1.000000   1.200000
  0.874060   4.341430   0.137300   1.000000   1.000000   1.000000   1.200000
  1.210020   2.404680   4.941640   0.000000   0.000000   1.000000   1.540000
  1.474970   0.713910   3.864890   1.000000   1.000000   1.000000   1.200000
  0.948140   3.023150   4.194310   1.000000   1.000000   1.000000   1.200000
  2.089580   2.694430   5.313500   1.000000   1.000000   1.000000   1.200000
  0.523300   2.462240   5.663680   1.000000   1.000000   1.000000   1.200000
 -3.608320   0.920550   3.548960   0.000000   0.000000   1.000000   1.540000
 -1.997100  -0.240500   3.699800   1.000000   1.000000   1.000000   1.200000
 -3.858180   1.060980   2.590670   1.000000   1.000000   1.000000   1.200000
 -3.319310   1.808850   3.912180   1.000000   1.000000   1.000000   1.200000
 -4.407120   0.599920   4.053790   1.000000   1.000000   1.000000   1.200000
28 bonds follow (x1 y1 z1 x2 y2 z2)
 -3.608320   0.920550   3.548960  -4.407120   0.599920   4.053790
 -3.608320   0.920550   3.548960  -3.319310   1.808850   3.912180
 -3.608320   0.920550   3.548960  -3.858180   1.060980   2.590670
 -1.111080  -0.604310   3.521510  -1.997100  -0.240500   3.699800
  1.210020   2.404680   4.941640   0.523300   2.462240   5.663680
  1.210020   2.404680   4.941640   2.089580   2.694430   5.313500
  1.210020   2.404680   4.941640   0.948140   3.023150   4.194310
  1.269440   0.091600   3.150330   1.474970   0.713910   3.864890
  0.865300   5.322240   0.451360   0.874060   4.341430   0.137300
  0.865300   5.322240   0.451360  -0.076300   5.689160   0.191280
  0.865300   5.322240   0.451360   1.610760   5.871380   0.057590
  0.865300   5.322240   0.451360   0.890120   5.299290   1.498750
 -2.546310   5.815130   1.970190  -2.310740   5.872180   3.066660
 -2.546310   5.815130   1.970190  -2.560690   6.852590   1.543420
 -2.546310   5.815130   1.970190  -3.555360   5.343490   1.839350
 -1.581350   5.076640   1.309120  -2.546310   5.815130   1.970190
 -1.176110   3.384690   1.797850  -1.581350   5.076640   1.309120
 -1.176110   3.384690   1.797850  -0.737000   3.122510   0.474030
 -1.176110   3.384690   1.797850  -2.421450   3.074980   2.311970
 -1.176110   3.384690   1.797850  -0.089960   3.835420   2.604160
 -0.179660   0.175900   2.524820  -0.692150   1.537120   2.219990
 -0.179660   0.175900   2.524820  -1.111080  -0.604310   3.521510
 -0.179660   0.175900   2.524820   1.269440   0.091600   3.150330
 -0.162460  -0.748200   1.240010  -0.179660   0.175900   2.524820
 -0.564570  -0.168810   0.015790  -0.162460  -0.748200   1.240010
 -0.564570  -0.168810   0.015790  -1.553190  -0.614230  -0.272110
 -0.564570  -0.168810   0.015790  -0.639610   0.949820   0.090440
 -0.564570  -0.168810   0.015790   0.202730  -0.463140  -0.747730
