33 atoms follow (x y z r g b radiusScale)
 -0.257620  -0.159590  -0.045840   0.000000   1.000000   0.000000   1.850000
  0.678940  -0.455480  -0.587540   1.000000   1.000000   1.000000   1.200000
 -0.335330   0.956800   0.056380   1.000000   1.000000   1.000000   1.200000
 -1.142360  -0.559170  -0.608370   1.000000   1.000000   1.000000   1.200000
 -0.244430  -0.784630   1.222030   1.000000   0.000000   0.000000   1.400000
 -0.238360   0.156420   2.502980   0.500000   0.500000   0.500000   1.900000
  1.264820   0.127810   2.956590   1.000000   0.000000   0.000000   1.400000
 -1.060080  -0.600110   3.607710   1.000000   0.000000   0.000000   1.400000
 -0.678010   1.549250   2.262250   1.000000   0.000000   0.000000   1.400000
 -1.134220   3.415080   1.906400   1.000000   1.000000   0.000000   1.850000
  0.104720   3.765040   2.516180   1.000000   0.000000   0.000000   1.400000
 -2.297870   3.170540   2.616530   1.000000   0.000000   0.000000   1.400000
 -0.957190   3.123650   0.521300   1.000000   0.000000   0.000000   1.400000
 -1.474710   5.116320   1.552840   1.000000   0.000000   0.000000   1.400000
 -2.632450   5.810880   1.846790   0.000000   1.000000   0.000000   1.850000
 -3.058020   5.490260   2.832620   1.000000   1.000000   1.000000   1.200000
 -3.397520   5.642850   1.043350   1.000000   1.000000   1.000000   1.200000
 -2.378900   6.903840   1.886980   1.000000   1.000000   1.000000   1.200000
  0.822140   5.152520   0.285680   0.000000   0.000000   1.000000   1.540000
  1.138120   4.745960   1.188750   1.000000   1.000000   1.000000   1.200000
  1.593500   5.488850  -0.276400   1.000000   1.000000   1.000000   1.200000
  0.154380   5.902200   0.516720   1.000000   1.000000   1.000000   1.200000
  0.285890   4.413140  -0.202750   1.000000   1.000000   1.000000   1.200000
  0.979230   2.508390   4.926240   0.000000   0.000000   1.000000   1.540000
  1.549220   0.747240   3.634270   1.000000   1.000000   1.000000   1.200000
  1.324570   3.054750   4.158320   1.000000   1.000000   1.000000   1.200000
  1.373430   2.860580   5.773440   1.000000   1.000000   1.000000   1.200000
 -0.012230   2.640090   4.962010   1.000000   1.000000   1.000000   1.200000
 -3.679700   0.881190   3.380680   0.000000   0.000000   1.000000   1.540000
 -1.965930  -0.304330   3.779860   1.000000   1.000000   1.000000   1.200000
 -3.639610   1.339550   2.489970   1.000000   1.000000   1.000000   1.200000
 -3.485970   1.577760   4.073930   1.000000   1.000000   1.000000   1.200000
 -4.603160   0.530090   3.524280   1.000000   1.000000   1.000000   1.200000
28 bonds follow (x1 y1 z1 x2 y2 z2)
 -3.679700   0.881190   3.380680  -4.603160   0.530090   3.524280
 -3.679700   0.881190   3.380680  -3.485970   1.577760   4.073930
 -3.679700   0.881190   3.380680  -3.639610   1.339550   2.489970
 -1.060080  -0.600110   3.607710  -1.965930  -0.304330   3.779860
  0.979230   2.508390   4.926240  -0.012230   2.640090   4.962010
  0.979230   2.508390   4.926240   1.373430   2.860580   5.773440
  0.979230   2.508390   4.926240   1.324570   3.054750   4.158320
  1.264820   0.127810   2.956590   1.549220   0.747240   3.634270
  0.822140   5.152520   0.285680   0.285890   4.413140  -0.202750
  0.822140   5.152520   0.285680   0.154380   5.902200   0.516720
  0.822140   5.152520   0.285680   1.593500   5.488850  -0.276400
  0.822140   5.152520   0.285680   1.138120   4.745960   1.188750
 -2.632450   5.810880   1.846790  -2.378900   6.903840   1.886980
 -2.632450   5.810880   1.846790  -3.397520   5.642850   1.043350
 -2.632450   5.810880   1.846790  -3.058020   5.490260   2.832620
 -1.474710   5.116320   1.552840  -2.632450   5.810880   1.846790
 -1.134220   3.415080   1.906400  -1.474710   5.116320   1.552840
 -1.134220   3.415080   1.906400  -0.957190   3.123650   0.521300
 -1.134220   3.415080   1.906400  -2.297870   3.170540   2.616530
 -1.134220   3.415080   1.906400   0.104720   3.765040   2.516180
 -0.238360   0.156420   2.502980  -0.678010   1.549250   2.262250
 -0.238360   0.156420   2.502980  -1.060080  -0.600110   3.607710
 -0.238360   0.156420   2.502980   1.264820   0.127810   2.956590
 -0.244430  -0.784630   1.222030  -0.238360   0.156420   2.502980
 -0.257620  -0.159590  -0.045840  -0.244430  -0.784630   1.222030
 -0.257620  -0.159590  -0.045840  -1.142360  -0.559170  -0.608370
 -0.257620  -0.159590  -0.045840  -0.335330   0.956800   0.056380
 -0.257620  -0.159590  -0.045840   0.678940  -0.455480  -0.587540
