33 atoms follow (x y z r g b radiusScale)
 -0.264930  -0.151940  -0.053610   0.000000   1.000000   0.000000   1.850000
  0.664760  -0.458000  -0.600440   1.000000   1.000000   1.000000   1.200000
 -0.336800   0.966380   0.043320   1.000000   1.000000   1.000000   1.200000
 -1.157000  -0.554610  -0.602360   1.000000   1.000000   1.000000   1.200000
 -0.238810  -0.769200   1.217120   1.000000   0.000000   0.000000   1.400000
 -0.243920   0.156790   2.503920   0.500000   0.500000   0.500000   1.900000
  1.265300   0.122900   2.958780   1.000000   0.000000   0.000000   1.400000
 -1.054180  -0.607410   3.618900   1.000000   0.000000   0.000000   1.400000
 -0.667190   1.556830   2.267780   1.000000   0.000000   0.000000   1.400000
 -1.141590   3.410710   1.903030   1.000000   1.000000   0.000000   1.850000
  0.101980   3.771960   2.502290   1.000000   0.000000   0.000000   1.400000
 -2.300840   3.152620   2.613630   1.000000   0.000000   0.000000   1.400000
 -0.960070   3.113890   0.520360   1.000000   0.000000   0.000000   1.400000
 -1.477050   5.121430   1.542150   1.000000   0.000000   0.000000   1.400000
 -2.622680   5.825770   1.845520   0.000000   1.000000   0.000000   1.850000
 -3.056240   5.493480   2.824250   1.000000   1.000000   1.000000   1.200000
 -3.389860   5.684020   1.037930   1.000000   1.000000   1.000000   1.200000
 -2.358650   6.916090   1.906310   1.000000   1.000000   1.000000   1.200000
  0.830650   5.155850   0.288480   0.000000   0.000000   1.000000   1.540000
  1.153990   4.668820   1.154030   1.000000   1.000000   1.000000   1.200000
  1.599980   5.489710  -0.259950   1.000000   1.000000   1.000000   1.200000
  0.199050   5.917740   0.593500   1.000000   1.000000   1.000000   1.200000
  0.234810   4.469850  -0.233540   1.000000   1.000000   1.000000   1.200000
  0.984290   2.510080   4.941360   0.000000   0.000000   1.000000   1.540000
  1.524660   0.712170   3.672470   1.000000   1.000000   1.000000   1.200000
  1.318500   3.048580   4.162950   1.000000   1.000000   1.000000   1.200000
  1.410450   2.850200   5.777700   1.000000   1.000000   1.000000   1.200000
 -0.002800   2.659360   5.005290   1.000000   1.000000   1.000000   1.200000
 -3.683640   0.870310   3.378240   0.000000   0.000000   1.000000   1.540000
 -1.948020  -0.304630   3.828330   1.000000   1.000000   1.000000   1.200000
 -3.661400   1.363800   2.505840   1.000000   1.000000   1.000000   1.200000
 -3.452440   1.534320   4.091940   1.000000   1.000000   1.000000   1.200000
 -4.610660   0.535790   3.538320   1.000000   1.000000   1.000000   1.200000
29 bonds follow (x1 y1 z1 x2 y2 z2)
 -3.683640   0.870310   3.378240  -4.610660   0.535790   3.538320
 -3.683640   0.870310   3.378240  -3.452440   1.534320   4.091940
 -3.683640   0.870310   3.378240  -3.661400   1.363800   2.505840
 -1.054180  -0.607410   3.618900  -1.948020  -0.304630   3.828330
  0.984290   2.510080   4.941360  -0.002800   2.659360   5.005290
  0.984290   2.510080   4.941360   1.410450   2.850200   5.777700
  0.984290   2.510080   4.941360   1.318500   3.048580   4.162950
  1.265300   0.122900   2.958780   1.524660   0.712170   3.672470
  0.830650   5.155850   0.288480   0.234810   4.469850  -0.233540
  0.830650   5.155850   0.288480   0.199050   5.917740   0.593500
  0.830650   5.155850   0.288480   1.599980   5.489710  -0.259950
  0.830650   5.155850   0.288480   1.153990   4.668820   1.154030
 -2.622680   5.825770   1.845520  -2.358650   6.916090   1.906310
 -2.622680   5.825770   1.845520  -3.389860   5.684020   1.037930
 -2.622680   5.825770   1.845520  -3.056240   5.493480   2.824250
 -1.477050   5.121430   1.542150  -2.622680   5.825770   1.845520
 -1.141590   3.410710   1.903030  -1.477050   5.121430   1.542150
 -1.141590   3.410710   1.903030  -0.960070   3.113890   0.520360
 -1.141590   3.410710   1.903030  -2.300840   3.152620   2.613630
 -1.141590   3.410710   1.903030   0.101980   3.771960   2.502290
 -0.667190   1.556830   2.267780  -1.141590   3.410710   1.903030
 -0.243920   0.156790   2.503920  -0.667190   1.556830   2.267780
 -0.243920   0.156790   2.503920  -1.054180  -0.607410   3.618900
 -0.243920   0.156790   2.503920   1.265300   0.122900   2.958780
 -0.238810  -0.769200   1.217120  -0.243920   0.156790   2.503920
 -0.264930  -0.151940  -0.053610  -0.238810  -0.769200   1.217120
 -0.264930  -0.151940  -0.053610  -1.157000  -0.554610  -0.602360
 -0.264930  -0.151940  -0.053610  -0.336800   0.966380   0.043320
 -0.264930  -0.151940  -0.053610   0.664760  -0.458000  -0.600440
