33 atoms follow (x y z r g b radiusScale)
 -0.554320  -0.148610  -0.034610   0.000000   1.000000   0.000000   1.850000
  0.235670  -0.403940  -0.787960   1.000000   1.000000   1.000000   1.200000
 -0.672670   0.965440   0.058800   1.000000   1.000000   1.000000   1.200000
 -1.518190  -0.629660  -0.348190   1.000000   1.000000   1.000000   1.200000
 -0.157050  -0.714520   1.197270   1.000000   0.000000   0.000000   1.400000
 -0.172970   0.181580   2.513730   0.500000   0.500000   0.500000   1.900000
  1.283250   0.065050   3.084650   1.000000   0.000000   0.000000   1.400000
 -1.078620  -0.611050   3.518020   1.000000   0.000000   0.000000   1.400000
 -0.594850   1.588240   2.318510   1.000000   0.000000   0.000000   1.400000
 -1.183270   3.421200   1.858310   1.000000   1.000000   0.000000   1.850000
 -0.085120   3.938600   2.610330   1.000000   0.000000   0.000000   1.400000
 -2.403200   3.065610   2.422670   1.000000   0.000000   0.000000   1.400000
 -0.787200   3.095400   0.532230   1.000000   0.000000   0.000000   1.400000
 -1.564980   5.067210   1.296920   1.000000   0.000000   0.000000   1.400000
 -2.485260   5.881460   1.919360   0.000000   1.000000   0.000000   1.850000
 -3.404010   5.302330   2.200460   1.000000   1.000000   1.000000   1.200000
 -2.768810   6.704160   1.210590   1.000000   1.000000   1.000000   1.200000
 -2.039660   6.335160   2.845420   1.000000   1.000000   1.000000   1.200000
  0.875260   5.197450   0.322400   0.000000   0.000000   1.000000   1.540000
  0.825430   5.235960   1.368990   1.000000   1.000000   1.000000   1.200000
  1.619620   5.763700  -0.053830   1.000000   1.000000   1.000000   1.200000
 -0.058540   5.486350  -0.013960   1.000000   1.000000   1.000000   1.200000
  0.967580   4.200980   0.071300   1.000000   1.000000   1.000000   1.200000
  1.111640   2.399650   4.969560   0.000000   0.000000   1.000000   1.540000
  1.545380   0.674310   3.786870   1.000000   1.000000   1.000000   1.200000
  0.837740   3.032150   4.238180   1.000000   1.000000   1.000000   1.200000
  1.845610   2.815310   5.502420   1.000000   1.000000   1.000000   1.200000
  0.331150   2.245700   5.573190   1.000000   1.000000   1.000000   1.200000
 -3.704930   0.805800   3.515450   0.000000   0.000000   1.000000   1.540000
 -1.992030  -0.307890   3.649570   1.000000   1.000000   1.000000   1.200000
 -4.006020   0.978000   2.577830   1.000000   1.000000   1.000000   1.200000
 -3.375110   1.677340   3.886660   1.000000   1.000000   1.000000   1.200000
 -4.483910   0.488990   4.053500   1.000000   1.000000   1.000000   1.200000
28 bonds follow (x1 y1 z1 x2 y2 z2)
 -3.704930   0.805800   3.515450  -4.483910   0.488990   4.053500
 -3.704930   0.805800   3.515450  -3.375110   1.677340   3.886660
 -3.704930   0.805800   3.515450  -4.006020   0.978000   2.577830
 -1.078620  -0.611050   3.518020  -1.992030  -0.307890   3.649570
  1.111640   2.399650   4.969560   0.331150   2.245700   5.573190
  1.111640   2.399650   4.969560   1.845610   2.815310   5.502420
  1.111640   2.399650   4.969560   0.837740   3.032150   4.238180
  1.283250   0.065050   3.084650   1.545380   0.674310   3.786870
  0.875260   5.197450   0.322400   0.967580   4.200980   0.071300
  0.875260   5.197450   0.322400  -0.058540   5.486350  -0.013960
  0.875260   5.197450   0.322400   1.619620   5.763700  -0.053830
  0.875260   5.197450   0.322400   0.825430   5.235960   1.368990
 -2.485260   5.881460   1.919360  -2.039660   6.335160   2.845420
 -2.485260   5.881460   1.919360  -2.768810   6.704160   1.210590
 -2.485260   5.881460   1.919360  -3.404010   5.302330   2.200460
 -1.564980   5.067210   1.296920  -2.485260   5.881460   1.919360
 -1.183270   3.421200   1.858310  -1.564980   5.067210   1.296920
 -1.183270   3.421200   1.858310  -0.787200   3.095400   0.532230
 -1.183270   3.421200   1.858310  -2.403200   3.065610   2.422670
 -1.183270   3.421200   1.858310  -0.085120   3.938600   2.610330
 -0.172970   0.181580   2.513730  -0.594850   1.588240   2.318510
 -0.172970   0.181580   2.513730  -1.078620  -0.611050   3.518020
 -0.172970   0.181580   2.513730   1.283250   0.065050   3.084650
 -0.157050  -0.714520   1.197270  -0.172970   0.181580   2.513730
 -0.554320  -0.148610  -0.034610  -0.157050  -0.714520   1.197270
 -0.554320  -0.148610  -0.034610  -1.518190  -0.629660  -0.348190
 -0.554320  -0.148610  -0.034610  -0.672670   0.965440   0.058800
 -0.554320  -0.148610  -0.034610   0.235670  -0.403940  -0.787960
