33 atoms follow (x y z r g b radiusScale)
  0.149160  -0.189820   0.017560   0.000000   1.000000   0.000000   1.850000
  1.256820  -0.155940   0.171120   1.000000   1.000000   1.000000   1.200000
 -0.273410   0.842040  -0.113380   1.000000   1.000000   1.000000   1.200000
 -0.109030  -0.843750  -0.852060   1.000000   1.000000   1.000000   1.200000
 -0.439960  -0.785910   1.156970   1.000000   0.000000   0.000000   1.400000
 -0.285500   0.016470   2.512810   0.500000   0.500000   0.500000   1.900000
  1.166140  -0.148960   3.068920   1.000000   0.000000   0.000000   1.400000
 -1.269950  -0.632330   3.520240   1.000000   0.000000   0.000000   1.400000
 -0.656080   1.465070   2.317260   1.000000   0.000000   0.000000   1.400000
 -1.121740   3.218630   2.099540   1.000000   1.000000   0.000000   1.850000
 -0.189160   3.731850   2.976530   1.000000   0.000000   0.000000   1.400000
 -2.393250   3.034240   2.557620   1.000000   0.000000   0.000000   1.400000
 -0.907190   3.247690   0.745600   1.000000   0.000000   0.000000   1.400000
 -2.216540   6.004610   1.571490   1.000000   0.000000   0.000000   1.400000
 -3.418330   6.064860   0.829700   0.000000   1.000000   0.000000   1.850000
 -3.222370   6.374590  -0.224470   1.000000   1.000000   1.000000   1.200000
 -4.167390   6.757980   1.296240   1.000000   1.000000   1.000000   1.200000
 -3.780100   5.013320   0.897450   1.000000   1.000000   1.000000   1.200000
  2.019710   5.507990  -0.057740   0.000000   0.000000   1.000000   1.540000
  2.092020   6.163520   0.693680   1.000000   1.000000   1.000000   1.200000
 -1.963830   7.034910   1.728640   1.000000   1.000000   1.000000   1.200000
  1.631090   5.990470  -0.841790   1.000000   1.000000   1.000000   1.200000
  1.379110   4.785830   0.208830   1.000000   1.000000   1.000000   1.200000
  1.749680   2.167870   4.569890   0.000000   0.000000   1.000000   1.540000
  1.531520   0.533360   3.677580   1.000000   1.000000   1.000000   1.200000
  1.444690   2.875780   3.927120   1.000000   1.000000   1.000000   1.200000
  2.707970   2.326230   4.800730   1.000000   1.000000   1.000000   1.200000
  1.202700   2.233480   5.402810   1.000000   1.000000   1.000000   1.200000
 -3.603720   0.791720   3.841790   0.000000   0.000000   1.000000   1.540000
 -2.160330  -0.221380   3.678020   1.000000   1.000000   1.000000   1.200000
 -3.765410   1.182290   2.932620   1.000000   1.000000   1.000000   1.200000
 -3.331970   1.540990   4.447230   1.000000   1.000000   1.000000   1.200000
 -4.443730   0.375600   4.182970   1.000000   1.000000   1.000000   1.200000
28 bonds follow (x1 y1 z1 x2 y2 z2)
 -3.603720   0.791720   3.841790  -4.443730   0.375600   4.182970
 -3.603720   0.791720   3.841790  -3.331970   1.540990   4.447230
 -3.603720   0.791720   3.841790  -3.765410   1.182290   2.932620
 -1.269950  -0.632330   3.520240  -2.160330  -0.221380   3.678020
  1.749680   2.167870   4.569890   1.202700   2.233480   5.402810
  1.749680   2.167870   4.569890   2.707970   2.326230   4.800730
  1.749680   2.167870   4.569890   1.444690   2.875780   3.927120
  1.166140  -0.148960   3.068920   1.531520   0.533360   3.677580
  2.019710   5.507990  -0.057740   1.379110   4.785830   0.208830
  2.019710   5.507990  -0.057740   1.631090   5.990470  -0.841790
 -2.216540   6.004610   1.571490  -1.963830   7.034910   1.728640
  2.019710   5.507990  -0.057740   2.092020   6.163520   0.693680
 -3.418330   6.064860   0.829700  -3.780100   5.013320   0.897450
 -3.418330   6.064860   0.829700  -4.167390   6.757980   1.296240
 -3.418330   6.064860   0.829700  -3.222370   6.374590  -0.224470
 -2.216540   6.004610   1.571490  -3.418330   6.064860   0.829700
 -1.121740   3.218630   2.099540  -0.907190   3.247690   0.745600
 -1.121740   3.218630   2.099540  -2.393250   3.034240   2.557620
 -1.121740   3.218630   2.099540  -0.189160   3.731850   2.976530
 -0.656080   1.465070   2.317260  -1.121740   3.218630   2.099540
 -0.285500   0.016470   2.512810  -0.656080   1.465070   2.317260
 -0.285500   0.016470   2.512810  -1.269950  -0.632330   3.520240
 -0.285500   0.016470   2.512810   1.166140  -0.148960   3.068920
 -0.439960  -0.785910   1.156970  -0.285500   0.016470   2.512810
  0.149160  -0.189820   0.017560  -0.439960  -0.785910   1.156970
  0.149160  -0.189820   0.017560  -0.109030  -0.843750  -0.852060
  0.149160  -0.189820   0.017560  -0.273410   0.842040  -0.113380
  0.149160  -0.189820   0.017560   1.256820  -0.155940   0.171120
