33 atoms follow (x y z r g b radiusScale)
  0.346860  -0.161510   0.060530   0.000000   1.000000   0.000000   1.850000
  1.434420  -0.273450   0.298680   1.000000   1.000000   1.000000   1.200000
  0.066910   0.915850  -0.071910   1.000000   1.000000   1.000000   1.200000
  0.074720  -0.763100  -0.842950   1.000000   1.000000   1.000000   1.200000
 -0.403840  -0.698780   1.132860   1.000000   0.000000   0.000000   1.400000
 -0.301410   0.013690   2.539100   0.500000   0.500000   0.500000   1.900000
  1.188990  -0.143120   2.974370   1.000000   0.000000   0.000000   1.400000
 -1.202450  -0.772910   3.540980   1.000000   0.000000   0.000000   1.400000
 -0.681400   1.467440   2.406920   1.000000   0.000000   0.000000   1.400000
 -1.172530   3.215590   2.176780   1.000000   1.000000   0.000000   1.850000
 -0.400330   3.674100   3.210950   1.000000   0.000000   0.000000   1.400000
 -2.531060   3.083080   2.400140   1.000000   0.000000   0.000000   1.400000
 -0.668710   3.291440   0.907140   1.000000   0.000000   0.000000   1.400000
 -2.418260   6.391110   1.418010   1.000000   0.000000   0.000000   1.400000
 -3.744500   6.202810   0.951490   0.000000   1.000000   0.000000   1.850000
 -3.999510   7.070970   0.288220   1.000000   1.000000   1.000000   1.200000
 -4.481060   6.133590   1.776070   1.000000   1.000000   1.000000   1.200000
 -3.717330   5.253700   0.337320   1.000000   1.000000   1.000000   1.200000
  2.382600   5.103890  -0.215420   0.000000   0.000000   1.000000   1.540000
  2.060670   5.715020   0.507260   1.000000   1.000000   1.000000   1.200000
 -2.447580   7.007660   2.033630   1.000000   1.000000   1.000000   1.200000
  2.184880   5.521870  -1.102660   1.000000   1.000000   1.000000   1.200000
  1.882430   4.238430  -0.145070   1.000000   1.000000   1.000000   1.200000
  1.821770   2.167530   4.347640   0.000000   0.000000   1.000000   1.540000
  1.614870   0.578410   3.496070   1.000000   1.000000   1.000000   1.200000
  1.520510   2.876300   3.703400   1.000000   1.000000   1.000000   1.200000
  2.788610   2.300130   4.557670   1.000000   1.000000   1.000000   1.200000
  1.288810   2.258860   5.187230   1.000000   1.000000   1.000000   1.200000
 -3.581450   0.742580   3.814680   0.000000   0.000000   1.000000   1.540000
 -2.110310  -0.447540   3.723630   1.000000   1.000000   1.000000   1.200000
 -3.655470   1.231330   2.940450   1.000000   1.000000   1.000000   1.200000
 -3.401280   1.421810   4.526050   1.000000   1.000000   1.000000   1.200000
 -4.451580   0.293520   4.012200   1.000000   1.000000   1.000000   1.200000
28 bonds follow (x1 y1 z1 x2 y2 z2)
 -3.581450   0.742580   3.814680  -4.451580   0.293520   4.012200
 -3.581450   0.742580   3.814680  -3.401280   1.421810   4.526050
 -3.581450   0.742580   3.814680  -3.655470   1.231330   2.940450
 -1.202450  -0.772910   3.540980  -2.110310  -0.447540   3.723630
  1.821770   2.167530   4.347640   1.288810   2.258860   5.187230
  1.821770   2.167530   4.347640   2.788610   2.300130   4.557670
  1.821770   2.167530   4.347640   1.520510   2.876300   3.703400
  1.188990  -0.143120   2.974370   1.614870   0.578410   3.496070
  2.382600   5.103890  -0.215420   1.882430   4.238430  -0.145070
  2.382600   5.103890  -0.215420   2.184880   5.521870  -1.102660
 -2.418260   6.391110   1.418010  -2.447580   7.007660   2.033630
  2.382600   5.103890  -0.215420   2.060670   5.715020   0.507260
 -3.744500   6.202810   0.951490  -3.717330   5.253700   0.337320
 -3.744500   6.202810   0.951490  -4.481060   6.133590   1.776070
 -3.744500   6.202810   0.951490  -3.999510   7.070970   0.288220
 -2.418260   6.391110   1.418010  -3.744500   6.202810   0.951490
 -1.172530   3.215590   2.176780  -0.668710   3.291440   0.907140
 -1.172530   3.215590   2.176780  -2.531060   3.083080   2.400140
 -1.172530   3.215590   2.176780  -0.400330   3.674100   3.210950
 -0.681400   1.467440   2.406920  -1.172530   3.215590   2.176780
 -0.301410   0.013690   2.539100  -0.681400   1.467440   2.406920
 -0.301410   0.013690   2.539100  -1.202450  -0.772910   3.540980
 -0.301410   0.013690   2.539100   1.188990  -0.143120   2.974370
 -0.403840  -0.698780   1.132860  -0.301410   0.013690   2.539100
  0.346860  -0.161510   0.060530  -0.403840  -0.698780   1.132860
  0.346860  -0.161510   0.060530   0.074720  -0.763100  -0.842950
  0.346860  -0.161510   0.060530   0.066910   0.915850  -0.071910
  0.346860  -0.161510   0.060530   1.434420  -0.273450   0.298680
