33 atoms follow (x y z r g b radiusScale)
  0.097460  -0.164010   0.033280   0.000000   1.000000   0.000000   1.850000
  1.208240  -0.084840   0.144690   1.000000   1.000000   1.000000   1.200000
 -0.370000   0.851410  -0.068360   1.000000   1.000000   1.000000   1.200000
 -0.167170  -0.817300  -0.835440   1.000000   1.000000   1.000000   1.200000
 -0.421440  -0.798820   1.185180   1.000000   0.000000   0.000000   1.400000
 -0.293330   0.025440   2.523220   0.500000   0.500000   0.500000   1.900000
  1.144030  -0.165320   3.086710   1.000000   0.000000   0.000000   1.400000
 -1.241240  -0.684090   3.526240   1.000000   0.000000   0.000000   1.400000
 -0.650330   1.479130   2.328270   1.000000   0.000000   0.000000   1.400000
 -1.131500   3.215760   2.077260   1.000000   1.000000   0.000000   1.850000
 -0.135830   3.772720   2.858220   1.000000   0.000000   0.000000   1.400000
 -2.408630   3.101200   2.555950   1.000000   0.000000   0.000000   1.400000
 -0.904230   3.285420   0.723960   1.000000   0.000000   0.000000   1.400000
 -2.163030   5.918540   1.628280   1.000000   0.000000   0.000000   1.400000
 -3.316260   6.007390   0.813760   0.000000   1.000000   0.000000   1.850000
 -3.040800   6.134260  -0.263520   1.000000   1.000000   1.000000   1.200000
 -3.989450   6.835620   1.140600   1.000000   1.000000   1.000000   1.200000
 -3.795590   5.009350   1.018180   1.000000   1.000000   1.000000   1.200000
  1.885630   5.582680  -0.010290   0.000000   0.000000   1.000000   1.540000
  1.828840   6.116120   0.834190   1.000000   1.000000   1.000000   1.200000
 -1.764870   6.912520   1.556590   1.000000   1.000000   1.000000   1.200000
  1.219740   5.955160  -0.655700   1.000000   1.000000   1.000000   1.200000
  1.600130   4.652090   0.213440   1.000000   1.000000   1.000000   1.200000
  1.708050   2.134920   4.589350   0.000000   0.000000   1.000000   1.540000
  1.504160   0.497930   3.718300   1.000000   1.000000   1.000000   1.200000
  1.427790   2.853830   3.945270   1.000000   1.000000   1.000000   1.200000
  2.679130   2.239940   4.796020   1.000000   1.000000   1.000000   1.200000
  1.185490   2.235670   5.433980   1.000000   1.000000   1.000000   1.200000
 -3.567320   0.815700   3.813740   0.000000   0.000000   1.000000   1.540000
 -2.150960  -0.335950   3.671780   1.000000   1.000000   1.000000   1.200000
 -3.838430   1.198660   2.928750   1.000000   1.000000   1.000000   1.200000
 -3.252900   1.574400   4.386460   1.000000   1.000000   1.000000   1.200000
 -4.355380   0.380580   4.244710   1.000000   1.000000   1.000000   1.200000
28 bonds follow (x1 y1 z1 x2 y2 z2)
 -3.567320   0.815700   3.813740  -4.355380   0.380580   4.244710
 -3.567320   0.815700   3.813740  -3.252900   1.574400   4.386460
 -3.567320   0.815700   3.813740  -3.838430   1.198660   2.928750
 -1.241240  -0.684090   3.526240  -2.150960  -0.335950   3.671780
  1.708050   2.134920   4.589350   1.185490   2.235670   5.433980
  1.708050   2.134920   4.589350   2.679130   2.239940   4.796020
  1.708050   2.134920   4.589350   1.427790   2.853830   3.945270
  1.144030  -0.165320   3.086710   1.504160   0.497930   3.718300
  1.885630   5.582680  -0.010290   1.600130   4.652090   0.213440
  1.885630   5.582680  -0.010290   1.219740   5.955160  -0.655700
 -2.163030   5.918540   1.628280  -1.764870   6.912520   1.556590
  1.885630   5.582680  -0.010290   1.828840   6.116120   0.834190
 -3.316260   6.007390   0.813760  -3.795590   5.009350   1.018180
 -3.316260   6.007390   0.813760  -3.989450   6.835620   1.140600
 -3.316260   6.007390   0.813760  -3.040800   6.134260  -0.263520
 -2.163030   5.918540   1.628280  -3.316260   6.007390   0.813760
 -1.131500   3.215760   2.077260  -0.904230   3.285420   0.723960
 -1.131500   3.215760   2.077260  -2.408630   3.101200   2.555950
 -1.131500   3.215760   2.077260  -0.135830   3.772720   2.858220
 -0.650330   1.479130   2.328270  -1.131500   3.215760   2.077260
 -0.293330   0.025440   2.523220  -0.650330   1.479130   2.328270
 -0.293330   0.025440   2.523220  -1.241240  -0.684090   3.526240
 -0.293330   0.025440   2.523220   1.144030  -0.165320   3.086710
 -0.421440  -0.798820   1.185180  -0.293330   0.025440   2.523220
  0.097460  -0.164010   0.033280  -0.421440  -0.798820   1.185180
  0.097460  -0.164010   0.033280  -0.167170  -0.817300  -0.835440
  0.097460  -0.164010   0.033280  -0.370000   0.851410  -0.068360
  0.097460  -0.164010   0.033280   1.208240  -0.084840   0.144690
