33 atoms follow (x y z r g b radiusScale)
  0.094430  -0.161190   0.032800   0.000000   1.000000   0.000000   1.850000
  1.205460  -0.079430   0.138590   1.000000   1.000000   1.000000   1.200000
 -0.374850   0.853340  -0.065520   1.000000   1.000000   1.000000   1.200000
 -0.173190  -0.815350  -0.834500   1.000000   1.000000   1.000000   1.200000
 -0.417090  -0.798300   1.186820   1.000000   0.000000   0.000000   1.400000
 -0.296930   0.025740   2.525350   0.500000   0.500000   0.500000   1.900000
  1.142750  -0.165860   3.085230   1.000000   0.000000   0.000000   1.400000
 -1.239630  -0.689870   3.529040   1.000000   0.000000   0.000000   1.400000
 -0.646470   1.480320   2.327680   1.000000   0.000000   0.000000   1.400000
 -1.131100   3.215650   2.075130   1.000000   1.000000   0.000000   1.850000
 -0.135230   3.774830   2.849850   1.000000   0.000000   0.000000   1.400000
 -2.410050   3.107070   2.556410   1.000000   0.000000   0.000000   1.400000
 -0.903860   3.286300   0.723180   1.000000   0.000000   0.000000   1.400000
 -2.159640   5.914890   1.630370   1.000000   0.000000   0.000000   1.400000
 -3.308760   6.000000   0.815560   0.000000   1.000000   0.000000   1.850000
 -3.022410   6.115270  -0.261230   1.000000   1.000000   1.000000   1.200000
 -3.981000   6.837500   1.128180   1.000000   1.000000   1.000000   1.200000
 -3.808550   5.010610   1.010820   1.000000   1.000000   1.000000   1.200000
  1.874530   5.587480  -0.006220   0.000000   0.000000   1.000000   1.540000
  1.809470   6.111200   0.845130   1.000000   1.000000   1.000000   1.200000
 -1.720720   6.894700   1.560860   1.000000   1.000000   1.000000   1.200000
  1.191180   5.948860  -0.641520   1.000000   1.000000   1.000000   1.200000
  1.617890   4.641870   0.208210   1.000000   1.000000   1.000000   1.200000
  1.705210   2.132780   4.592390   0.000000   0.000000   1.000000   1.540000
  1.516460   0.503990   3.701050   1.000000   1.000000   1.000000   1.200000
  1.427290   2.847660   3.943230   1.000000   1.000000   1.000000   1.200000
  2.677950   2.233060   4.794670   1.000000   1.000000   1.000000   1.200000
  1.186590   2.245240   5.438070   1.000000   1.000000   1.000000   1.200000
 -3.566030   0.818410   3.811800   0.000000   0.000000   1.000000   1.540000
 -2.148780  -0.343370   3.674090   1.000000   1.000000   1.000000   1.200000
 -3.836230   1.198890   2.925610   1.000000   1.000000   1.000000   1.200000
 -3.243670   1.577650   4.379440   1.000000   1.000000   1.000000   1.200000
 -4.356870   0.392590   4.247210   1.000000   1.000000   1.000000   1.200000
28 bonds follow (x1 y1 z1 x2 y2 z2)
 -3.566030   0.818410   3.811800  -4.356870   0.392590   4.247210
 -3.566030   0.818410   3.811800  -3.243670   1.577650   4.379440
 -3.566030   0.818410   3.811800  -3.836230   1.198890   2.925610
 -1.239630  -0.689870   3.529040  -2.148780  -0.343370   3.674090
  1.705210   2.132780   4.592390   1.186590   2.245240   5.438070
  1.705210   2.132780   4.592390   2.677950   2.233060   4.794670
  1.705210   2.132780   4.592390   1.427290   2.847660   3.943230
  1.142750  -0.165860   3.085230   1.516460   0.503990   3.701050
  1.874530   5.587480  -0.006220   1.617890   4.641870   0.208210
  1.874530   5.587480  -0.006220   1.191180   5.948860  -0.641520
 -2.159640   5.914890   1.630370  -1.720720   6.894700   1.560860
  1.874530   5.587480  -0.006220   1.809470   6.111200   0.845130
 -3.308760   6.000000   0.815560  -3.808550   5.010610   1.010820
 -3.308760   6.000000   0.815560  -3.981000   6.837500   1.128180
 -3.308760   6.000000   0.815560  -3.022410   6.115270  -0.261230
 -2.159640   5.914890   1.630370  -3.308760   6.000000   0.815560
 -1.131100   3.215650   2.075130  -0.903860   3.286300   0.723180
 -1.131100   3.215650   2.075130  -2.410050   3.107070   2.556410
 -1.131100   3.215650   2.075130  -0.135230   3.774830   2.849850
 -0.646470   1.480320   2.327680  -1.131100   3.215650   2.075130
 -0.296930   0.025740   2.525350  -0.646470   1.480320   2.327680
 -0.296930   0.025740   2.525350  -1.239630  -0.689870   3.529040
 -0.296930   0.025740   2.525350   1.142750  -0.165860   3.085230
 -0.417090  -0.798300   1.186820  -0.296930   0.025740   2.525350
  0.094430  -0.161190   0.032800  -0.417090  -0.798300   1.186820
  0.094430  -0.161190   0.032800  -0.173190  -0.815350  -0.834500
  0.094430  -0.161190   0.032800  -0.374850   0.853340  -0.065520
  0.094430  -0.161190   0.032800   1.205460  -0.079430   0.138590
