33 atoms follow (x y z r g b radiusScale)
  0.331230  -0.167620   0.058790   0.000000   1.000000   0.000000   1.850000
  1.424150  -0.283050   0.267980   1.000000   1.000000   1.000000   1.200000
  0.050860   0.912270  -0.052130   1.000000   1.000000   1.000000   1.200000
  0.036300  -0.756900  -0.845600   1.000000   1.000000   1.000000   1.200000
 -0.398110  -0.718280   1.140140   1.000000   0.000000   0.000000   1.400000
 -0.291920   0.009740   2.537430   0.500000   0.500000   0.500000   1.900000
  1.192630  -0.145600   2.954780   1.000000   0.000000   0.000000   1.400000
 -1.217260  -0.760970   3.540730   1.000000   0.000000   0.000000   1.400000
 -0.668010   1.463380   2.399120   1.000000   0.000000   0.000000   1.400000
 -1.180250   3.200290   2.173650   1.000000   1.000000   0.000000   1.850000
 -0.370980   3.692540   3.175810   1.000000   0.000000   0.000000   1.400000
 -2.524860   3.073810   2.425270   1.000000   0.000000   0.000000   1.400000
 -0.690090   3.308830   0.893430   1.000000   0.000000   0.000000   1.400000
 -2.403370   6.346740   1.433850   1.000000   0.000000   0.000000   1.400000
 -3.706450   6.201080   0.928540   0.000000   1.000000   0.000000   1.850000
 -3.980710   7.021580   0.225350   1.000000   1.000000   1.000000   1.200000
 -4.439430   6.166940   1.764130   1.000000   1.000000   1.000000   1.200000
 -3.733470   5.197800   0.406080   1.000000   1.000000   1.000000   1.200000
  2.361190   5.153640  -0.202770   0.000000   0.000000   1.000000   1.540000
  2.088370   5.795590   0.514260   1.000000   1.000000   1.000000   1.200000
 -2.389460   7.042900   1.979610   1.000000   1.000000   1.000000   1.200000
  2.214630   5.590940  -1.091720   1.000000   1.000000   1.000000   1.200000
  1.771720   4.344390  -0.144420   1.000000   1.000000   1.000000   1.200000
  1.821790   2.169100   4.376140   0.000000   0.000000   1.000000   1.540000
  1.596720   0.543600   3.535210   1.000000   1.000000   1.000000   1.200000
  1.520070   2.882960   3.736620   1.000000   1.000000   1.000000   1.200000
  2.780560   2.321740   4.609060   1.000000   1.000000   1.000000   1.200000
  1.271450   2.241480   5.206800   1.000000   1.000000   1.000000   1.200000
 -3.615180   0.758460   3.831910   0.000000   0.000000   1.000000   1.540000
 -2.125000  -0.447780   3.730570   1.000000   1.000000   1.000000   1.200000
 -3.622590   1.212600   2.936680   1.000000   1.000000   1.000000   1.200000
 -3.428110   1.455270   4.524050   1.000000   1.000000   1.000000   1.200000
 -4.517140   0.366320   4.004420   1.000000   1.000000   1.000000   1.200000
28 bonds follow (x1 y1 z1 x2 y2 z2)
 -3.615180   0.758460   3.831910  -4.517140   0.366320   4.004420
 -3.615180   0.758460   3.831910  -3.428110   1.455270   4.524050
 -3.615180   0.758460   3.831910  -3.622590   1.212600   2.936680
 -1.217260  -0.760970   3.540730  -2.125000  -0.447780   3.730570
  1.821790   2.169100   4.376140   1.271450   2.241480   5.206800
  1.821790   2.169100   4.376140   2.780560   2.321740   4.609060
  1.821790   2.169100   4.376140   1.520070   2.882960   3.736620
  1.192630  -0.145600   2.954780   1.596720   0.543600   3.535210
  2.361190   5.153640  -0.202770   1.771720   4.344390  -0.144420
  2.361190   5.153640  -0.202770   2.214630   5.590940  -1.091720
 -2.403370   6.346740   1.433850  -2.389460   7.042900   1.979610
  2.361190   5.153640  -0.202770   2.088370   5.795590   0.514260
 -3.706450   6.201080   0.928540  -3.733470   5.197800   0.406080
 -3.706450   6.201080   0.928540  -4.439430   6.166940   1.764130
 -3.706450   6.201080   0.928540  -3.980710   7.021580   0.225350
 -2.403370   6.346740   1.433850  -3.706450   6.201080   0.928540
 -1.180250   3.200290   2.173650  -0.690090   3.308830   0.893430
 -1.180250   3.200290   2.173650  -2.524860   3.073810   2.425270
 -1.180250   3.200290   2.173650  -0.370980   3.692540   3.175810
 -0.668010   1.463380   2.399120  -1.180250   3.200290   2.173650
 -0.291920   0.009740   2.537430  -0.668010   1.463380   2.399120
 -0.291920   0.009740   2.537430  -1.217260  -0.760970   3.540730
 -0.291920   0.009740   2.537430   1.192630  -0.145600   2.954780
 -0.398110  -0.718280   1.140140  -0.291920   0.009740   2.537430
  0.331230  -0.167620   0.058790  -0.398110  -0.718280   1.140140
  0.331230  -0.167620   0.058790   0.036300  -0.756900  -0.845600
  0.331230  -0.167620   0.058790   0.050860   0.912270  -0.052130
  0.331230  -0.167620   0.058790   1.424150  -0.283050   0.267980
