33 atoms follow (x y z r g b radiusScale)
  0.019190  -0.024430   0.017460   0.000000   1.000000   0.000000   1.850000
  1.137500  -0.012750   0.042390   1.000000   1.000000   1.000000   1.200000
 -0.399570   1.018930   0.030060   1.000000   1.000000   1.000000   1.200000
 -0.348300  -0.590560  -0.874580   1.000000   1.000000   1.000000   1.200000
 -0.440090  -0.734270   1.155140   1.000000   0.000000   0.000000   1.400000
 -0.300840   0.031910   2.528280   0.500000   0.500000   0.500000   1.900000
  1.169050  -0.081530   3.026220   1.000000   0.000000   0.000000   1.400000
 -1.252720  -0.652560   3.551810   1.000000   0.000000   0.000000   1.400000
 -0.693170   1.481780   2.383410   1.000000   0.000000   0.000000   1.400000
 -1.123020   3.221520   2.034700   1.000000   1.000000   0.000000   1.850000
 -0.075300   3.779870   2.721620   1.000000   0.000000   0.000000   1.400000
 -2.402530   3.149400   2.546860   1.000000   0.000000   0.000000   1.400000
 -0.888450   3.148050   0.678300   1.000000   0.000000   0.000000   1.400000
 -1.874080   5.629650   1.663130   1.000000   0.000000   0.000000   1.400000
 -3.019580   5.787670   0.860600   0.000000   1.000000   0.000000   1.850000
 -2.787620   5.480850  -0.191500   1.000000   1.000000   1.000000   1.200000
 -3.343370   6.859390   0.865180   1.000000   1.000000   1.000000   1.200000
 -3.848960   5.151460   1.279270   1.000000   1.000000   1.000000   1.200000
  1.350120   5.660480   0.206990   0.000000   0.000000   1.000000   1.540000
  1.342340   5.451910   1.185020   1.000000   1.000000   1.000000   1.200000
 -1.270140   6.223490   1.515190   1.000000   1.000000   1.000000   1.200000
  0.535850   5.243190  -0.198230   1.000000   1.000000   1.000000   1.200000
  2.159450   5.231290  -0.192930   1.000000   1.000000   1.000000   1.200000
  1.651910   2.188620   4.672330   0.000000   0.000000   1.000000   1.540000
  1.531040   0.634280   3.593440   1.000000   1.000000   1.000000   1.200000
  1.294880   2.908640   4.070160   1.000000   1.000000   1.000000   1.200000
  2.614630   2.371020   4.864440   1.000000   1.000000   1.000000   1.200000
  1.144880   2.200350   5.532160   1.000000   1.000000   1.000000   1.200000
 -3.558620   0.980720   3.743690   0.000000   0.000000   1.000000   1.540000
 -2.126490  -0.237020   3.744280   1.000000   1.000000   1.000000   1.200000
 -3.836620   1.194150   2.806040   1.000000   1.000000   1.000000   1.200000
 -3.180500   1.820460   4.140780   1.000000   1.000000   1.000000   1.200000
 -4.362770   0.706190   4.267580   1.000000   1.000000   1.000000   1.200000
28 bonds follow (x1 y1 z1 x2 y2 z2)
 -3.558620   0.980720   3.743690  -4.362770   0.706190   4.267580
 -3.558620   0.980720   3.743690  -3.180500   1.820460   4.140780
 -3.558620   0.980720   3.743690  -3.836620   1.194150   2.806040
 -1.252720  -0.652560   3.551810  -2.126490  -0.237020   3.744280
  1.651910   2.188620   4.672330   1.144880   2.200350   5.532160
  1.651910   2.188620   4.672330   2.614630   2.371020   4.864440
  1.651910   2.188620   4.672330   1.294880   2.908640   4.070160
  1.169050  -0.081530   3.026220   1.531040   0.634280   3.593440
  1.350120   5.660480   0.206990   2.159450   5.231290  -0.192930
  1.350120   5.660480   0.206990   0.535850   5.243190  -0.198230
 -1.874080   5.629650   1.663130  -1.270140   6.223490   1.515190
  1.350120   5.660480   0.206990   1.342340   5.451910   1.185020
 -3.019580   5.787670   0.860600  -3.848960   5.151460   1.279270
 -3.019580   5.787670   0.860600  -3.343370   6.859390   0.865180
 -3.019580   5.787670   0.860600  -2.787620   5.480850  -0.191500
 -1.874080   5.629650   1.663130  -3.019580   5.787670   0.860600
 -1.123020   3.221520   2.034700  -0.888450   3.148050   0.678300
 -1.123020   3.221520   2.034700  -2.402530   3.149400   2.546860
 -1.123020   3.221520   2.034700  -0.075300   3.779870   2.721620
 -0.693170   1.481780   2.383410  -1.123020   3.221520   2.034700
 -0.300840   0.031910   2.528280  -0.693170   1.481780   2.383410
 -0.300840   0.031910   2.528280  -1.252720  -0.652560   3.551810
 -0.300840   0.031910   2.528280   1.169050  -0.081530   3.026220
 -0.440090  -0.734270   1.155140  -0.300840   0.031910   2.528280
  0.019190  -0.024430   0.017460  -0.440090  -0.734270   1.155140
  0.019190  -0.024430   0.017460  -0.348300  -0.590560  -0.874580
  0.019190  -0.024430   0.017460  -0.399570   1.018930   0.030060
  0.019190  -0.024430   0.017460   1.137500  -0.012750   0.042390
