33 atoms follow (x y z r g b radiusScale)
  0.119910  -0.179470   0.028060   0.000000   1.000000   0.000000   1.850000
  1.228150  -0.119970   0.173510   1.000000   1.000000   1.000000   1.200000
 -0.327310   0.844120  -0.088510   1.000000   1.000000   1.000000   1.200000
 -0.128320  -0.828860  -0.847360   1.000000   1.000000   1.000000   1.200000
 -0.443060  -0.798690   1.168600   1.000000   0.000000   0.000000   1.400000
 -0.279570   0.022330   2.514720   0.500000   0.500000   0.500000   1.900000
  1.160800  -0.157520   3.090440   1.000000   0.000000   0.000000   1.400000
 -1.256810  -0.651030   3.516280   1.000000   0.000000   0.000000   1.400000
 -0.670050   1.467140   2.328670   1.000000   0.000000   0.000000   1.400000
 -1.118290   3.228550   2.086890   1.000000   1.000000   0.000000   1.850000
 -0.158680   3.748210   2.916880   1.000000   0.000000   0.000000   1.400000
 -2.405370   3.059050   2.557300   1.000000   0.000000   0.000000   1.400000
 -0.913020   3.266210   0.732040   1.000000   0.000000   0.000000   1.400000
 -2.185220   5.984930   1.596030   1.000000   0.000000   0.000000   1.400000
 -3.370040   6.020400   0.826990   0.000000   1.000000   0.000000   1.850000
 -3.116440   6.229130  -0.243540   1.000000   1.000000   1.000000   1.200000
 -4.053690   6.814000   1.210430   1.000000   1.000000   1.000000   1.200000
 -3.875150   5.023050   0.876260   1.000000   1.000000   1.000000   1.200000
  1.950230   5.549330  -0.032530   0.000000   0.000000   1.000000   1.540000
  1.976900   6.157540   0.757670   1.000000   1.000000   1.000000   1.200000
 -1.839180   6.765170   1.715730   1.000000   1.000000   1.000000   1.200000
  1.426680   5.991060  -0.759820   1.000000   1.000000   1.000000   1.200000
  1.500960   4.690880   0.219880   1.000000   1.000000   1.000000   1.200000
  1.727670   2.150860   4.573070   0.000000   0.000000   1.000000   1.540000
  1.471180   0.472620   3.778400   1.000000   1.000000   1.000000   1.200000
  1.428270   2.882150   3.954440   1.000000   1.000000   1.000000   1.200000
  2.688610   2.290230   4.805330   1.000000   1.000000   1.000000   1.200000
  1.185000   2.196550   5.410490   1.000000   1.000000   1.000000   1.200000
 -3.580790   0.800740   3.827570   0.000000   0.000000   1.000000   1.540000
 -2.160110  -0.268730   3.658370   1.000000   1.000000   1.000000   1.200000
 -3.819550   1.189340   2.935820   1.000000   1.000000   1.000000   1.200000
 -3.298020   1.554630   4.421100   1.000000   1.000000   1.000000   1.200000
 -4.374100   0.342040   4.221990   1.000000   1.000000   1.000000   1.200000
28 bonds follow (x1 y1 z1 x2 y2 z2)
 -3.580790   0.800740   3.827570  -4.374100   0.342040   4.221990
 -3.580790   0.800740   3.827570  -3.298020   1.554630   4.421100
 -3.580790   0.800740   3.827570  -3.819550   1.189340   2.935820
 -1.256810  -0.651030   3.516280  -2.160110  -0.268730   3.658370
  1.727670   2.150860   4.573070   1.185000   2.196550   5.410490
  1.727670   2.150860   4.573070   2.688610   2.290230   4.805330
  1.727670   2.150860   4.573070   1.428270   2.882150   3.954440
  1.160800  -0.157520   3.090440   1.471180   0.472620   3.778400
  1.950230   5.549330  -0.032530   1.500960   4.690880   0.219880
  1.950230   5.549330  -0.032530   1.426680   5.991060  -0.759820
 -2.185220   5.984930   1.596030  -1.839180   6.765170   1.715730
  1.950230   5.549330  -0.032530   1.976900   6.157540   0.757670
 -3.370040   6.020400   0.826990  -3.875150   5.023050   0.876260
 -3.370040   6.020400   0.826990  -4.053690   6.814000   1.210430
 -3.370040   6.020400   0.826990  -3.116440   6.229130  -0.243540
 -2.185220   5.984930   1.596030  -3.370040   6.020400   0.826990
 -1.118290   3.228550   2.086890  -0.913020   3.266210   0.732040
 -1.118290   3.228550   2.086890  -2.405370   3.059050   2.557300
 -1.118290   3.228550   2.086890  -0.158680   3.748210   2.916880
 -0.670050   1.467140   2.328670  -1.118290   3.228550   2.086890
 -0.279570   0.022330   2.514720  -0.670050   1.467140   2.328670
 -0.279570   0.022330   2.514720  -1.256810  -0.651030   3.516280
 -0.279570   0.022330   2.514720   1.160800  -0.157520   3.090440
 -0.443060  -0.798690   1.168600  -0.279570   0.022330   2.514720
  0.119910  -0.179470   0.028060  -0.443060  -0.798690   1.168600
  0.119910  -0.179470   0.028060  -0.128320  -0.828860  -0.847360
  0.119910  -0.179470   0.028060  -0.327310   0.844120  -0.088510
  0.119910  -0.179470   0.028060   1.228150  -0.119970   0.173510
