33 atoms follow (x y z r g b radiusScale)
 -0.062400  -0.022900  -0.010340   0.000000   1.000000   0.000000   1.850000
  1.026500  -0.214190  -0.191790   1.000000   1.000000   1.000000   1.200000
 -0.279540   1.077660   0.070250   1.000000   1.000000   1.000000   1.200000
 -0.662290  -0.481360  -0.837640   1.000000   1.000000   1.000000   1.200000
 -0.449860  -0.681040   1.176470   1.000000   0.000000   0.000000   1.400000
 -0.294810   0.126720   2.536740   0.500000   0.500000   0.500000   1.900000
  1.204880  -0.045690   2.990830   1.000000   0.000000   0.000000   1.400000
 -1.158840  -0.703050   3.552100   1.000000   0.000000   0.000000   1.400000
 -0.705170   1.545210   2.425450   1.000000   0.000000   0.000000   1.400000
 -1.180050   3.459270   1.893360   1.000000   1.000000   0.000000   1.850000
 -0.125070   3.911270   2.724650   1.000000   0.000000   0.000000   1.400000
 -2.458400   3.144730   2.318850   1.000000   0.000000   0.000000   1.400000
 -0.695910   3.161210   0.590770   1.000000   0.000000   0.000000   1.400000
 -1.546100   5.143550   1.421450   1.000000   0.000000   0.000000   1.400000
 -2.812770   5.693220   1.417220   0.000000   1.000000   0.000000   1.850000
 -3.356230   5.406510   0.477780   1.000000   1.000000   1.000000   1.200000
 -2.713190   6.810740   1.454950   1.000000   1.000000   1.000000   1.200000
 -3.406210   5.343430   2.301520   1.000000   1.000000   1.000000   1.200000
  0.871710   5.264940   0.487190   0.000000   0.000000   1.000000   1.540000
  0.617310   5.472390   1.476620   1.000000   1.000000   1.000000   1.200000
  1.506470   5.946400   0.101770   1.000000   1.000000   1.000000   1.200000
 -0.031380   5.218020  -0.029220   1.000000   1.000000   1.000000   1.200000
  1.259620   4.325500   0.469290   1.000000   1.000000   1.000000   1.200000
  1.529070   2.313570   4.699380   0.000000   0.000000   1.000000   1.540000
  1.523280   0.521690   3.708510   1.000000   1.000000   1.000000   1.200000
  0.987760   2.950150   4.142480   1.000000   1.000000   1.000000   1.200000
  2.432100   2.704350   4.862630   1.000000   1.000000   1.000000   1.200000
  1.076160   2.181400   5.579190   1.000000   1.000000   1.000000   1.200000
 -3.570090   0.935930   3.747290   0.000000   0.000000   1.000000   1.540000
 -2.078600  -0.425640   3.699200   1.000000   1.000000   1.000000   1.200000
 -3.800020   1.137960   2.793050   1.000000   1.000000   1.000000   1.200000
 -3.072210   1.733470   4.096970   1.000000   1.000000   1.000000   1.200000
 -4.417090   0.834010   4.265970   1.000000   1.000000   1.000000   1.200000
28 bonds follow (x1 y1 z1 x2 y2 z2)
 -3.570090   0.935930   3.747290  -4.417090   0.834010   4.265970
 -3.570090   0.935930   3.747290  -3.072210   1.733470   4.096970
 -3.570090   0.935930   3.747290  -3.800020   1.137960   2.793050
 -1.158840  -0.703050   3.552100  -2.078600  -0.425640   3.699200
  1.529070   2.313570   4.699380   1.076160   2.181400   5.579190
  1.529070   2.313570   4.699380   2.432100   2.704350   4.862630
  1.529070   2.313570   4.699380   0.987760   2.950150   4.142480
  1.204880  -0.045690   2.990830   1.523280   0.521690   3.708510
  0.871710   5.264940   0.487190   1.259620   4.325500   0.469290
  0.871710   5.264940   0.487190  -0.031380   5.218020  -0.029220
  0.871710   5.264940   0.487190   1.506470   5.946400   0.101770
  0.871710   5.264940   0.487190   0.617310   5.472390   1.476620
 -2.812770   5.693220   1.417220  -3.406210   5.343430   2.301520
 -2.812770   5.693220   1.417220  -2.713190   6.810740   1.454950
 -2.812770   5.693220   1.417220  -3.356230   5.406510   0.477780
 -1.546100   5.143550   1.421450  -2.812770   5.693220   1.417220
 -1.180050   3.459270   1.893360  -1.546100   5.143550   1.421450
 -1.180050   3.459270   1.893360  -0.695910   3.161210   0.590770
 -1.180050   3.459270   1.893360  -2.458400   3.144730   2.318850
 -1.180050   3.459270   1.893360  -0.125070   3.911270   2.724650
 -0.294810   0.126720   2.536740  -0.705170   1.545210   2.425450
 -0.294810   0.126720   2.536740  -1.158840  -0.703050   3.552100
 -0.294810   0.126720   2.536740   1.204880  -0.045690   2.990830
 -0.449860  -0.681040   1.176470  -0.294810   0.126720   2.536740
 -0.062400  -0.022900  -0.010340  -0.449860  -0.681040   1.176470
 -0.062400  -0.022900  -0.010340  -0.662290  -0.481360  -0.837640
 -0.062400  -0.022900  -0.010340  -0.279540   1.077660   0.070250
 -0.062400  -0.022900  -0.010340   1.026500  -0.214190  -0.191790
