33 atoms follow (x y z r g b radiusScale)
  0.015630  -0.013700  -0.001860   0.000000   1.000000   0.000000   1.850000
  1.133840  -0.007250   0.023620   1.000000   1.000000   1.000000   1.200000
 -0.396050   1.032060   0.004250   1.000000   1.000000   1.000000   1.200000
 -0.352180  -0.584470  -0.890550   1.000000   1.000000   1.000000   1.200000
 -0.452590  -0.712120   1.141050   1.000000   0.000000   0.000000   1.400000
 -0.302500   0.036620   2.531080   0.500000   0.500000   0.500000   1.900000
  1.179520  -0.061080   3.021860   1.000000   0.000000   0.000000   1.400000
 -1.263810  -0.637130   3.559580   1.000000   0.000000   0.000000   1.400000
 -0.675000   1.487810   2.381980   1.000000   0.000000   0.000000   1.400000
 -1.130850   3.243020   2.024010   1.000000   1.000000   0.000000   1.850000
 -0.068070   3.768660   2.733040   1.000000   0.000000   0.000000   1.400000
 -2.391990   3.169610   2.537840   1.000000   0.000000   0.000000   1.400000
 -0.890560   3.115790   0.672670   1.000000   0.000000   0.000000   1.400000
 -1.810280   5.545000   1.662320   1.000000   0.000000   0.000000   1.400000
 -2.970800   5.774480   0.863080   0.000000   1.000000   0.000000   1.850000
 -2.787210   5.403480  -0.175010   1.000000   1.000000   1.000000   1.200000
 -3.254370   6.851970   0.863520   1.000000   1.000000   1.000000   1.200000
 -3.753570   5.139310   1.375340   1.000000   1.000000   1.000000   1.200000
  1.247400   5.644470   0.256120   0.000000   0.000000   1.000000   1.540000
  1.339950   5.326470   1.200090   1.000000   1.000000   1.000000   1.200000
 -1.241960   6.143790   1.389910   1.000000   1.000000   1.000000   1.200000
  0.543920   5.070810  -0.167950   1.000000   1.000000   1.000000   1.200000
  2.109480   5.475350  -0.221540   1.000000   1.000000   1.000000   1.200000
  1.639960   2.202880   4.675560   0.000000   0.000000   1.000000   1.540000
  1.513470   0.650100   3.612840   1.000000   1.000000   1.000000   1.200000
  1.278520   2.933610   4.089870   1.000000   1.000000   1.000000   1.200000
  2.610350   2.363950   4.845630   1.000000   1.000000   1.000000   1.200000
  1.154940   2.211060   5.547770   1.000000   1.000000   1.000000   1.200000
 -3.565000   0.985030   3.743530   0.000000   0.000000   1.000000   1.540000
 -2.136880  -0.208680   3.732710   1.000000   1.000000   1.000000   1.200000
 -3.857260   1.205000   2.812160   1.000000   1.000000   1.000000   1.200000
 -3.191000   1.823700   4.145970   1.000000   1.000000   1.000000   1.200000
 -4.355030   0.686710   4.275200   1.000000   1.000000   1.000000   1.200000
28 bonds follow (x1 y1 z1 x2 y2 z2)
 -3.565000   0.985030   3.743530  -4.355030   0.686710   4.275200
 -3.565000   0.985030   3.743530  -3.191000   1.823700   4.145970
 -3.565000   0.985030   3.743530  -3.857260   1.205000   2.812160
 -1.263810  -0.637130   3.559580  -2.136880  -0.208680   3.732710
  1.639960   2.202880   4.675560   1.154940   2.211060   5.547770
  1.639960   2.202880   4.675560   2.610350   2.363950   4.845630
  1.639960   2.202880   4.675560   1.278520   2.933610   4.089870
  1.179520  -0.061080   3.021860   1.513470   0.650100   3.612840
  1.247400   5.644470   0.256120   2.109480   5.475350  -0.221540
  1.247400   5.644470   0.256120   0.543920   5.070810  -0.167950
 -1.810280   5.545000   1.662320  -1.241960   6.143790   1.389910
  1.247400   5.644470   0.256120   1.339950   5.326470   1.200090
 -2.970800   5.774480   0.863080  -3.753570   5.139310   1.375340
 -2.970800   5.774480   0.863080  -3.254370   6.851970   0.863520
 -2.970800   5.774480   0.863080  -2.787210   5.403480  -0.175010
 -1.810280   5.545000   1.662320  -2.970800   5.774480   0.863080
 -1.130850   3.243020   2.024010  -0.890560   3.115790   0.672670
 -1.130850   3.243020   2.024010  -2.391990   3.169610   2.537840
 -1.130850   3.243020   2.024010  -0.068070   3.768660   2.733040
 -0.675000   1.487810   2.381980  -1.130850   3.243020   2.024010
 -0.302500   0.036620   2.531080  -0.675000   1.487810   2.381980
 -0.302500   0.036620   2.531080  -1.263810  -0.637130   3.559580
 -0.302500   0.036620   2.531080   1.179520  -0.061080   3.021860
 -0.452590  -0.712120   1.141050  -0.302500   0.036620   2.531080
  0.015630  -0.013700  -0.001860  -0.452590  -0.712120   1.141050
  0.015630  -0.013700  -0.001860  -0.352180  -0.584470  -0.890550
  0.015630  -0.013700  -0.001860  -0.396050   1.032060   0.004250
  0.015630  -0.013700  -0.001860   1.133840  -0.007250   0.023620
