33 atoms follow (x y z r g b radiusScale)
 -0.496820  -0.092780  -0.036730   0.000000   1.000000   0.000000   1.850000
  0.420180  -0.131190  -0.681220   1.000000   1.000000   1.000000   1.200000
 -0.830010   0.969570   0.118880   1.000000   1.000000   1.000000   1.200000
 -1.303740  -0.702040  -0.522210   1.000000   1.000000   1.000000   1.200000
 -0.192880  -0.712260   1.193480   1.000000   0.000000   0.000000   1.400000
 -0.183450   0.153320   2.524870   0.500000   0.500000   0.500000   1.900000
  1.286440  -0.054540   3.069170   1.000000   0.000000   0.000000   1.400000
 -1.090370  -0.603710   3.553910   1.000000   0.000000   0.000000   1.400000
 -0.586930   1.570230   2.364090   1.000000   0.000000   0.000000   1.400000
 -1.191280   3.475440   1.862870   1.000000   1.000000   0.000000   1.850000
 -0.047550   3.938070   2.562320   1.000000   0.000000   0.000000   1.400000
 -2.393750   3.127840   2.451480   1.000000   0.000000   0.000000   1.400000
 -0.849900   3.091660   0.540870   1.000000   0.000000   0.000000   1.400000
 -1.615000   5.117470   1.310740   1.000000   0.000000   0.000000   1.400000
 -2.550530   5.938680   1.918530   0.000000   1.000000   0.000000   1.850000
 -3.273400   5.339780   2.530680   1.000000   1.000000   1.000000   1.200000
 -3.110710   6.494680   1.121950   1.000000   1.000000   1.000000   1.200000
 -2.027180   6.679660   2.580580   1.000000   1.000000   1.000000   1.200000
  0.888520   5.088660   0.306220   0.000000   0.000000   1.000000   1.540000
  1.188220   4.614470   1.177690   1.000000   1.000000   1.000000   1.200000
  1.662550   5.522500  -0.174780   1.000000   1.000000   1.000000   1.200000
  0.170850   5.773140   0.584920   1.000000   1.000000   1.000000   1.200000
  0.408480   4.371980  -0.284790   1.000000   1.000000   1.000000   1.200000
  1.047130   2.442650   5.006370   0.000000   0.000000   1.000000   1.540000
  1.528510   0.449520   3.849280   1.000000   1.000000   1.000000   1.200000
  0.923120   2.925630   4.134490   1.000000   1.000000   1.000000   1.200000
  1.861550   2.802350   5.458610   1.000000   1.000000   1.000000   1.200000
  0.256070   2.633690   5.585520   1.000000   1.000000   1.000000   1.200000
 -3.539800   0.741050   3.427540   0.000000   0.000000   1.000000   1.540000
 -2.015520  -0.312610   3.675480   1.000000   1.000000   1.000000   1.200000
 -3.754450   0.831160   2.454780   1.000000   1.000000   1.000000   1.200000
 -3.113320   1.602830   3.721480   1.000000   1.000000   1.000000   1.200000
 -4.391270   0.618250   3.933050   1.000000   1.000000   1.000000   1.200000
28 bonds follow (x1 y1 z1 x2 y2 z2)
 -3.539800   0.741050   3.427540  -4.391270   0.618250   3.933050
 -3.539800   0.741050   3.427540  -3.113320   1.602830   3.721480
 -3.539800   0.741050   3.427540  -3.754450   0.831160   2.454780
 -1.090370  -0.603710   3.553910  -2.015520  -0.312610   3.675480
  1.047130   2.442650   5.006370   0.256070   2.633690   5.585520
  1.047130   2.442650   5.006370   1.861550   2.802350   5.458610
  1.047130   2.442650   5.006370   0.923120   2.925630   4.134490
  1.286440  -0.054540   3.069170   1.528510   0.449520   3.849280
  0.888520   5.088660   0.306220   0.408480   4.371980  -0.284790
  0.888520   5.088660   0.306220   0.170850   5.773140   0.584920
  0.888520   5.088660   0.306220   1.662550   5.522500  -0.174780
  0.888520   5.088660   0.306220   1.188220   4.614470   1.177690
 -2.550530   5.938680   1.918530  -2.027180   6.679660   2.580580
 -2.550530   5.938680   1.918530  -3.110710   6.494680   1.121950
 -2.550530   5.938680   1.918530  -3.273400   5.339780   2.530680
 -1.615000   5.117470   1.310740  -2.550530   5.938680   1.918530
 -1.191280   3.475440   1.862870  -1.615000   5.117470   1.310740
 -1.191280   3.475440   1.862870  -0.849900   3.091660   0.540870
 -1.191280   3.475440   1.862870  -2.393750   3.127840   2.451480
 -1.191280   3.475440   1.862870  -0.047550   3.938070   2.562320
 -0.183450   0.153320   2.524870  -0.586930   1.570230   2.364090
 -0.183450   0.153320   2.524870  -1.090370  -0.603710   3.553910
 -0.183450   0.153320   2.524870   1.286440  -0.054540   3.069170
 -0.192880  -0.712260   1.193480  -0.183450   0.153320   2.524870
 -0.496820  -0.092780  -0.036730  -0.192880  -0.712260   1.193480
 -0.496820  -0.092780  -0.036730  -1.303740  -0.702040  -0.522210
 -0.496820  -0.092780  -0.036730  -0.830010   0.969570   0.118880
 -0.496820  -0.092780  -0.036730   0.420180  -0.131190  -0.681220
