33 atoms follow (x y z r g b radiusScale)
 -0.060100  -0.007120  -0.001850   0.000000   1.000000   0.000000   1.850000
  1.032760  -0.186310  -0.169670   1.000000   1.000000   1.000000   1.200000
 -0.289410   1.090240   0.085290   1.000000   1.000000   1.000000   1.200000
 -0.646090  -0.461870  -0.840940   1.000000   1.000000   1.000000   1.200000
 -0.453590  -0.680690   1.174480   1.000000   0.000000   0.000000   1.400000
 -0.293560   0.126870   2.533730   0.500000   0.500000   0.500000   1.900000
  1.207860  -0.049110   2.983070   1.000000   0.000000   0.000000   1.400000
 -1.163580  -0.701020   3.543840   1.000000   0.000000   0.000000   1.400000
 -0.703240   1.548270   2.423320   1.000000   0.000000   0.000000   1.400000
 -1.178500   3.449490   1.902150   1.000000   1.000000   0.000000   1.850000
 -0.133700   3.921210   2.735610   1.000000   0.000000   0.000000   1.400000
 -2.455170   3.143710   2.340810   1.000000   0.000000   0.000000   1.400000
 -0.720320   3.148030   0.594350   1.000000   0.000000   0.000000   1.400000
 -1.533430   5.142820   1.408620   1.000000   0.000000   0.000000   1.400000
 -2.809320   5.678080   1.395260   0.000000   1.000000   0.000000   1.850000
 -3.336040   5.390600   0.446730   1.000000   1.000000   1.000000   1.200000
 -2.729060   6.795510   1.446000   1.000000   1.000000   1.000000   1.200000
 -3.405710   5.309020   2.270060   1.000000   1.000000   1.000000   1.200000
  0.886030   5.280540   0.482790   0.000000   0.000000   1.000000   1.540000
  0.600300   5.469360   1.470610   1.000000   1.000000   1.000000   1.200000
  1.473890   6.004900   0.109570   1.000000   1.000000   1.000000   1.200000
 -0.014350   5.187400  -0.034660   1.000000   1.000000   1.000000   1.200000
  1.330390   4.358900   0.465820   1.000000   1.000000   1.000000   1.200000
  1.533720   2.311020   4.698830   0.000000   0.000000   1.000000   1.540000
  1.534030   0.541480   3.679420   1.000000   1.000000   1.000000   1.200000
  0.994840   2.947480   4.138850   1.000000   1.000000   1.000000   1.200000
  2.438140   2.699710   4.860050   1.000000   1.000000   1.000000   1.200000
  1.080070   2.186740   5.579500   1.000000   1.000000   1.000000   1.200000
 -3.579530   0.941020   3.749690   0.000000   0.000000   1.000000   1.540000
 -2.075350  -0.403530   3.705030   1.000000   1.000000   1.000000   1.200000
 -3.819600   1.153600   2.800360   1.000000   1.000000   1.000000   1.200000
 -3.096360   1.742810   4.109880   1.000000   1.000000   1.000000   1.200000
 -4.420360   0.810570   4.272010   1.000000   1.000000   1.000000   1.200000
28 bonds follow (x1 y1 z1 x2 y2 z2)
 -3.579530   0.941020   3.749690  -4.420360   0.810570   4.272010
 -3.579530   0.941020   3.749690  -3.096360   1.742810   4.109880
 -3.579530   0.941020   3.749690  -3.819600   1.153600   2.800360
 -1.163580  -0.701020   3.543840  -2.075350  -0.403530   3.705030
  1.533720   2.311020   4.698830   1.080070   2.186740   5.579500
  1.533720   2.311020   4.698830   2.438140   2.699710   4.860050
  1.533720   2.311020   4.698830   0.994840   2.947480   4.138850
  1.207860  -0.049110   2.983070   1.534030   0.541480   3.679420
  0.886030   5.280540   0.482790   1.330390   4.358900   0.465820
  0.886030   5.280540   0.482790  -0.014350   5.187400  -0.034660
  0.886030   5.280540   0.482790   1.473890   6.004900   0.109570
  0.886030   5.280540   0.482790   0.600300   5.469360   1.470610
 -2.809320   5.678080   1.395260  -3.405710   5.309020   2.270060
 -2.809320   5.678080   1.395260  -2.729060   6.795510   1.446000
 -2.809320   5.678080   1.395260  -3.336040   5.390600   0.446730
 -1.533430   5.142820   1.408620  -2.809320   5.678080   1.395260
 -1.178500   3.449490   1.902150  -1.533430   5.142820   1.408620
 -1.178500   3.449490   1.902150  -0.720320   3.148030   0.594350
 -1.178500   3.449490   1.902150  -2.455170   3.143710   2.340810
 -1.178500   3.449490   1.902150  -0.133700   3.921210   2.735610
 -0.293560   0.126870   2.533730  -0.703240   1.548270   2.423320
 -0.293560   0.126870   2.533730  -1.163580  -0.701020   3.543840
 -0.293560   0.126870   2.533730   1.207860  -0.049110   2.983070
 -0.453590  -0.680690   1.174480  -0.293560   0.126870   2.533730
 -0.060100  -0.007120  -0.001850  -0.453590  -0.680690   1.174480
 -0.060100  -0.007120  -0.001850  -0.646090  -0.461870  -0.840940
 -0.060100  -0.007120  -0.001850  -0.289410   1.090240   0.085290
 -0.060100  -0.007120  -0.001850   1.032760  -0.186310  -0.169670
