33 atoms follow (x y z r g b radiusScale)
 -0.425440  -0.053630  -0.048890   0.000000   1.000000   0.000000   1.850000
  0.535830  -0.124560  -0.621680   1.000000   1.000000   1.000000   1.200000
 -0.731550   1.018250   0.093860   1.000000   1.000000   1.000000   1.200000
 -1.217530  -0.623150  -0.601210   1.000000   1.000000   1.000000   1.200000
 -0.249800  -0.696640   1.196850   1.000000   0.000000   0.000000   1.400000
 -0.194080   0.161460   2.535580   0.500000   0.500000   0.500000   1.900000
  1.270530  -0.049350   3.070890   1.000000   0.000000   0.000000   1.400000
 -1.010520  -0.670260   3.591440   1.000000   0.000000   0.000000   1.400000
 -0.609860   1.561440   2.316920   1.000000   0.000000   0.000000   1.400000
 -1.187970   3.450170   1.854920   1.000000   1.000000   0.000000   1.850000
 -0.007830   3.871550   2.518740   1.000000   0.000000   0.000000   1.400000
 -2.368880   3.169290   2.519660   1.000000   0.000000   0.000000   1.400000
 -0.923870   3.087630   0.510240   1.000000   0.000000   0.000000   1.400000
 -1.559590   5.129940   1.376260   1.000000   0.000000   0.000000   1.400000
 -2.562790   5.938640   1.879770   0.000000   1.000000   0.000000   1.850000
 -3.154810   5.410120   2.671040   1.000000   1.000000   1.000000   1.200000
 -3.248060   6.238500   1.042980   1.000000   1.000000   1.000000   1.200000
 -2.100200   6.864330   2.317480   1.000000   1.000000   1.000000   1.200000
  0.893940   5.112230   0.301030   0.000000   0.000000   1.000000   1.540000
  1.404270   4.395560   0.815030   1.000000   1.000000   1.000000   1.200000
  1.498510   5.690000  -0.258130   1.000000   1.000000   1.000000   1.200000
  0.362440   5.656050   1.010800   1.000000   1.000000   1.000000   1.200000
  0.158740   4.619820  -0.269050   1.000000   1.000000   1.000000   1.200000
  1.036480   2.506840   5.017250   0.000000   0.000000   1.000000   1.540000
  1.441540   0.053170   4.006920   1.000000   1.000000   1.000000   1.200000
  0.932050   2.978860   4.137200   1.000000   1.000000   1.000000   1.200000
  1.740160   2.977990   5.547110   1.000000   1.000000   1.000000   1.200000
  0.173950   2.579590   5.516930   1.000000   1.000000   1.000000   1.200000
 -3.588900   0.750940   3.393230   0.000000   0.000000   1.000000   1.540000
 -1.936730  -0.450720   3.756780   1.000000   1.000000   1.000000   1.200000
 -3.781430   1.041340   2.454900   1.000000   1.000000   1.000000   1.200000
 -3.238260   1.555700   3.879990   1.000000   1.000000   1.000000   1.200000
 -4.443030   0.459460   3.820810   1.000000   1.000000   1.000000   1.200000
28 bonds follow (x1 y1 z1 x2 y2 z2)
 -3.588900   0.750940   3.393230  -4.443030   0.459460   3.820810
 -3.588900   0.750940   3.393230  -3.238260   1.555700   3.879990
 -3.588900   0.750940   3.393230  -3.781430   1.041340   2.454900
 -1.010520  -0.670260   3.591440  -1.936730  -0.450720   3.756780
  1.036480   2.506840   5.017250   0.173950   2.579590   5.516930
  1.036480   2.506840   5.017250   1.740160   2.977990   5.547110
  1.036480   2.506840   5.017250   0.932050   2.978860   4.137200
  1.270530  -0.049350   3.070890   1.441540   0.053170   4.006920
  0.893940   5.112230   0.301030   0.158740   4.619820  -0.269050
  0.893940   5.112230   0.301030   0.362440   5.656050   1.010800
  0.893940   5.112230   0.301030   1.498510   5.690000  -0.258130
  0.893940   5.112230   0.301030   1.404270   4.395560   0.815030
 -2.562790   5.938640   1.879770  -2.100200   6.864330   2.317480
 -2.562790   5.938640   1.879770  -3.248060   6.238500   1.042980
 -2.562790   5.938640   1.879770  -3.154810   5.410120   2.671040
 -1.559590   5.129940   1.376260  -2.562790   5.938640   1.879770
 -1.187970   3.450170   1.854920  -1.559590   5.129940   1.376260
 -1.187970   3.450170   1.854920  -0.923870   3.087630   0.510240
 -1.187970   3.450170   1.854920  -2.368880   3.169290   2.519660
 -1.187970   3.450170   1.854920  -0.007830   3.871550   2.518740
 -0.194080   0.161460   2.535580  -0.609860   1.561440   2.316920
 -0.194080   0.161460   2.535580  -1.010520  -0.670260   3.591440
 -0.194080   0.161460   2.535580   1.270530  -0.049350   3.070890
 -0.249800  -0.696640   1.196850  -0.194080   0.161460   2.535580
 -0.425440  -0.053630  -0.048890  -0.249800  -0.696640   1.196850
 -0.425440  -0.053630  -0.048890  -1.217530  -0.623150  -0.601210
 -0.425440  -0.053630  -0.048890  -0.731550   1.018250   0.093860
 -0.425440  -0.053630  -0.048890   0.535830  -0.124560  -0.621680
