33 atoms follow (x y z r g b radiusScale)
 -0.477980  -0.258740  -0.012860   0.000000   1.000000   0.000000   1.850000
  0.416620  -0.437980  -0.665840   1.000000   1.000000   1.000000   1.200000
 -0.716360   0.838670   0.045860   1.000000   1.000000   1.000000   1.200000
 -1.346250  -0.837930  -0.424650   1.000000   1.000000   1.000000   1.200000
 -0.186280  -0.782330   1.262430   1.000000   0.000000   0.000000   1.400000
 -0.222400   0.172030   2.526060   0.500000   0.500000   0.500000   1.900000
  1.216130   0.016910   3.159290   1.000000   0.000000   0.000000   1.400000
 -1.133100  -0.591830   3.551580   1.000000   0.000000   0.000000   1.400000
 -0.681220   1.554430   2.244790   1.000000   0.000000   0.000000   1.400000
 -1.186390   3.429060   1.765210   1.000000   1.000000   0.000000   1.850000
 -0.111440   3.866650   2.588120   1.000000   0.000000   0.000000   1.400000
 -2.436440   3.044030   2.195910   1.000000   0.000000   0.000000   1.400000
 -0.725330   3.158640   0.452240   1.000000   0.000000   0.000000   1.400000
 -1.597670   5.129150   1.372540   1.000000   0.000000   0.000000   1.400000
 -2.662430   5.774590   1.982320   0.000000   1.000000   0.000000   1.850000
 -3.636430   5.376270   1.595890   1.000000   1.000000   1.000000   1.200000
 -2.590360   6.869950   1.750710   1.000000   1.000000   1.000000   1.200000
 -2.625580   5.628790   3.094550   1.000000   1.000000   1.000000   1.200000
  0.932480   5.298430   0.539180   0.000000   0.000000   1.000000   1.540000
  1.282430   4.683140   1.291370   1.000000   1.000000   1.000000   1.200000
  1.677330   5.710960  -0.000510   1.000000   1.000000   1.000000   1.200000
  0.329780   6.006740   0.989350   1.000000   1.000000   1.000000   1.200000
  0.298160   4.718790  -0.056230   1.000000   1.000000   1.000000   1.200000
  1.302520   2.454720   4.874290   0.000000   0.000000   1.000000   1.540000
  1.489890   0.678490   3.808560   1.000000   1.000000   1.000000   1.200000
  0.880730   3.044390   4.179690   1.000000   1.000000   1.000000   1.200000
  2.178140   2.846420   5.148760   1.000000   1.000000   1.000000   1.200000
  0.706890   2.417690   5.674520   1.000000   1.000000   1.000000   1.200000
 -3.528740   0.931040   3.604040   0.000000   0.000000   1.000000   1.540000
 -2.056210  -0.297860   3.662780   1.000000   1.000000   1.000000   1.200000
 -3.675590   1.281560   2.675790   1.000000   1.000000   1.000000   1.200000
 -3.156230   1.685170   4.146820   1.000000   1.000000   1.000000   1.200000
 -4.403280   0.650070   3.993920   1.000000   1.000000   1.000000   1.200000
28 bonds follow (x1 y1 z1 x2 y2 z2)
 -3.528740   0.931040   3.604040  -4.403280   0.650070   3.993920
 -3.528740   0.931040   3.604040  -3.156230   1.685170   4.146820
 -3.528740   0.931040   3.604040  -3.675590   1.281560   2.675790
 -1.133100  -0.591830   3.551580  -2.056210  -0.297860   3.662780
  1.302520   2.454720   4.874290   0.706890   2.417690   5.674520
  1.302520   2.454720   4.874290   2.178140   2.846420   5.148760
  1.302520   2.454720   4.874290   0.880730   3.044390   4.179690
  1.216130   0.016910   3.159290   1.489890   0.678490   3.808560
  0.932480   5.298430   0.539180   0.298160   4.718790  -0.056230
  0.932480   5.298430   0.539180   0.329780   6.006740   0.989350
  0.932480   5.298430   0.539180   1.677330   5.710960  -0.000510
  0.932480   5.298430   0.539180   1.282430   4.683140   1.291370
 -2.662430   5.774590   1.982320  -2.625580   5.628790   3.094550
 -2.662430   5.774590   1.982320  -2.590360   6.869950   1.750710
 -2.662430   5.774590   1.982320  -3.636430   5.376270   1.595890
 -1.597670   5.129150   1.372540  -2.662430   5.774590   1.982320
 -1.186390   3.429060   1.765210  -1.597670   5.129150   1.372540
 -1.186390   3.429060   1.765210  -0.725330   3.158640   0.452240
 -1.186390   3.429060   1.765210  -2.436440   3.044030   2.195910
 -1.186390   3.429060   1.765210  -0.111440   3.866650   2.588120
 -0.222400   0.172030   2.526060  -0.681220   1.554430   2.244790
 -0.222400   0.172030   2.526060  -1.133100  -0.591830   3.551580
 -0.222400   0.172030   2.526060   1.216130   0.016910   3.159290
 -0.186280  -0.782330   1.262430  -0.222400   0.172030   2.526060
 -0.477980  -0.258740  -0.012860  -0.186280  -0.782330   1.262430
 -0.477980  -0.258740  -0.012860  -1.346250  -0.837930  -0.424650
 -0.477980  -0.258740  -0.012860  -0.716360   0.838670   0.045860
 -0.477980  -0.258740  -0.012860   0.416620  -0.437980  -0.665840
