33 atoms follow (x y z r g b radiusScale)
 -0.575030  -0.163790  -0.034970   0.000000   1.000000   0.000000   1.850000
  0.150310  -0.511960  -0.814940   1.000000   1.000000   1.000000   1.200000
 -0.602650   0.959190   0.016730   1.000000   1.000000   1.000000   1.200000
 -1.588230  -0.583800  -0.269430   1.000000   1.000000   1.000000   1.200000
 -0.137090  -0.710370   1.193370   1.000000   0.000000   0.000000   1.400000
 -0.185970   0.169270   2.512640   0.500000   0.500000   0.500000   1.900000
  1.270600   0.140510   3.106560   1.000000   0.000000   0.000000   1.400000
 -1.110010  -0.577930   3.545720   1.000000   0.000000   0.000000   1.400000
 -0.618200   1.573110   2.286850   1.000000   0.000000   0.000000   1.400000
 -1.153060   3.377910   1.820060   1.000000   1.000000   0.000000   1.850000
 -0.062140   3.872120   2.589070   1.000000   0.000000   0.000000   1.400000
 -2.397340   3.071710   2.359460   1.000000   0.000000   0.000000   1.400000
 -0.717770   3.091000   0.492620   1.000000   0.000000   0.000000   1.400000
 -1.614530   5.041020   1.338490   1.000000   0.000000   0.000000   1.400000
 -2.510970   5.901890   1.933650   0.000000   1.000000   0.000000   1.850000
 -3.536230   5.451710   1.972010   1.000000   1.000000   1.000000   1.200000
 -2.544000   6.844850   1.322810   1.000000   1.000000   1.000000   1.200000
 -2.184520   6.158280   2.977120   1.000000   1.000000   1.000000   1.200000
  0.822270   5.248610   0.412740   0.000000   0.000000   1.000000   1.540000
  0.689750   5.372830   1.432050   1.000000   1.000000   1.000000   1.200000
  1.558820   5.827320   0.041060   1.000000   1.000000   1.000000   1.200000
 -0.096460   5.442200  -0.017740   1.000000   1.000000   1.000000   1.200000
  1.002900   4.241390   0.262800   1.000000   1.000000   1.000000   1.200000
  1.161110   2.391300   4.963450   0.000000   0.000000   1.000000   1.540000
  1.445310   0.764780   3.832500   1.000000   1.000000   1.000000   1.200000
  0.929080   3.061540   4.251650   1.000000   1.000000   1.000000   1.200000
  1.994190   2.675570   5.432570   1.000000   1.000000   1.000000   1.200000
  0.416630   2.349470   5.626780   1.000000   1.000000   1.000000   1.200000
 -3.709090   0.834760   3.562510   0.000000   0.000000   1.000000   1.540000
 -2.047050  -0.347280   3.624850   1.000000   1.000000   1.000000   1.200000
 -3.867590   0.958310   2.581200   1.000000   1.000000   1.000000   1.200000
 -3.162310   1.621350   3.866930   1.000000   1.000000   1.000000   1.200000
 -4.593030   0.871650   4.026420   1.000000   1.000000   1.000000   1.200000
29 bonds follow (x1 y1 z1 x2 y2 z2)
 -3.709090   0.834760   3.562510  -4.593030   0.871650   4.026420
 -3.709090   0.834760   3.562510  -3.162310   1.621350   3.866930
 -3.709090   0.834760   3.562510  -3.867590   0.958310   2.581200
 -1.110010  -0.577930   3.545720  -2.047050  -0.347280   3.624850
  1.161110   2.391300   4.963450   0.416630   2.349470   5.626780
  1.161110   2.391300   4.963450   1.994190   2.675570   5.432570
  1.161110   2.391300   4.963450   0.929080   3.061540   4.251650
  1.270600   0.140510   3.106560   1.445310   0.764780   3.832500
  0.822270   5.248610   0.412740   1.002900   4.241390   0.262800
  0.822270   5.248610   0.412740  -0.096460   5.442200  -0.017740
  0.822270   5.248610   0.412740   1.558820   5.827320   0.041060
  0.822270   5.248610   0.412740   0.689750   5.372830   1.432050
 -2.510970   5.901890   1.933650  -2.184520   6.158280   2.977120
 -2.510970   5.901890   1.933650  -2.544000   6.844850   1.322810
 -2.510970   5.901890   1.933650  -3.536230   5.451710   1.972010
 -1.614530   5.041020   1.338490  -2.510970   5.901890   1.933650
 -1.153060   3.377910   1.820060  -1.614530   5.041020   1.338490
 -1.153060   3.377910   1.820060  -0.717770   3.091000   0.492620
 -1.153060   3.377910   1.820060  -2.397340   3.071710   2.359460
 -1.153060   3.377910   1.820060  -0.062140   3.872120   2.589070
 -0.618200   1.573110   2.286850  -1.153060   3.377910   1.820060
 -0.185970   0.169270   2.512640  -0.618200   1.573110   2.286850
 -0.185970   0.169270   2.512640  -1.110010  -0.577930   3.545720
 -0.185970   0.169270   2.512640   1.270600   0.140510   3.106560
 -0.137090  -0.710370   1.193370  -0.185970   0.169270   2.512640
 -0.575030  -0.163790  -0.034970  -0.137090  -0.710370   1.193370
 -0.575030  -0.163790  -0.034970  -1.588230  -0.583800  -0.269430
 -0.575030  -0.163790  -0.034970  -0.602650   0.959190   0.016730
 -0.575030  -0.163790  -0.034970   0.150310  -0.511960  -0.814940
