33 atoms follow (x y z r g b radiusScale)
 -0.414750  -0.048300  -0.042500   0.000000   1.000000   0.000000   1.850000
  0.549990  -0.139340  -0.608180   1.000000   1.000000   1.000000   1.200000
 -0.699500   1.027940   0.096880   1.000000   1.000000   1.000000   1.200000
 -1.215090  -0.598830  -0.603090   1.000000   1.000000   1.000000   1.200000
 -0.263770  -0.698900   1.201750   1.000000   0.000000   0.000000   1.400000
 -0.187280   0.164610   2.533290   0.500000   0.500000   0.500000   1.900000
  1.280950  -0.048500   3.073890   1.000000   0.000000   0.000000   1.400000
 -1.005930  -0.667070   3.586480   1.000000   0.000000   0.000000   1.400000
 -0.623440   1.558550   2.301120   1.000000   0.000000   0.000000   1.400000
 -1.184960   3.447690   1.856870   1.000000   1.000000   0.000000   1.850000
  0.003800   3.848080   2.510580   1.000000   0.000000   0.000000   1.400000
 -2.368950   3.184560   2.528360   1.000000   0.000000   0.000000   1.400000
 -0.923690   3.090300   0.513720   1.000000   0.000000   0.000000   1.400000
 -1.549920   5.134530   1.375630   1.000000   0.000000   0.000000   1.400000
 -2.564880   5.932900   1.875520   0.000000   1.000000   0.000000   1.850000
 -3.134490   5.406950   2.684730   1.000000   1.000000   1.000000   1.200000
 -3.267860   6.201570   1.043270   1.000000   1.000000   1.000000   1.200000
 -2.117240   6.876430   2.288060   1.000000   1.000000   1.000000   1.200000
  0.880480   5.112430   0.306470   0.000000   0.000000   1.000000   1.540000
  1.423490   4.387220   0.799230   1.000000   1.000000   1.000000   1.200000
  1.460340   5.703230  -0.270280   1.000000   1.000000   1.000000   1.200000
  0.367740   5.650680   1.035300   1.000000   1.000000   1.000000   1.200000
  0.149080   4.629650  -0.236480   1.000000   1.000000   1.000000   1.200000
  1.033640   2.512720   5.016740   0.000000   0.000000   1.000000   1.540000
  1.433410   0.051950   4.014160   1.000000   1.000000   1.000000   1.200000
  0.941950   2.974170   4.130140   1.000000   1.000000   1.000000   1.200000
  1.721330   2.997230   5.555420   1.000000   1.000000   1.000000   1.200000
  0.160360   2.580450   5.498230   1.000000   1.000000   1.000000   1.200000
 -3.608340   0.745030   3.399360   0.000000   0.000000   1.000000   1.540000
 -1.941640  -0.468540   3.728610   1.000000   1.000000   1.000000   1.200000
 -3.743770   1.048730   2.454710   1.000000   1.000000   1.000000   1.200000
 -3.247850   1.533050   3.905910   1.000000   1.000000   1.000000   1.200000
 -4.495100   0.493620   3.784390   1.000000   1.000000   1.000000   1.200000
28 bonds follow (x1 y1 z1 x2 y2 z2)
 -3.608340   0.745030   3.399360  -4.495100   0.493620   3.784390
 -3.608340   0.745030   3.399360  -3.247850   1.533050   3.905910
 -3.608340   0.745030   3.399360  -3.743770   1.048730   2.454710
 -1.005930  -0.667070   3.586480  -1.941640  -0.468540   3.728610
  1.033640   2.512720   5.016740   0.160360   2.580450   5.498230
  1.033640   2.512720   5.016740   1.721330   2.997230   5.555420
  1.033640   2.512720   5.016740   0.941950   2.974170   4.130140
  1.280950  -0.048500   3.073890   1.433410   0.051950   4.014160
  0.880480   5.112430   0.306470   0.149080   4.629650  -0.236480
  0.880480   5.112430   0.306470   0.367740   5.650680   1.035300
  0.880480   5.112430   0.306470   1.460340   5.703230  -0.270280
  0.880480   5.112430   0.306470   1.423490   4.387220   0.799230
 -2.564880   5.932900   1.875520  -2.117240   6.876430   2.288060
 -2.564880   5.932900   1.875520  -3.267860   6.201570   1.043270
 -2.564880   5.932900   1.875520  -3.134490   5.406950   2.684730
 -1.549920   5.134530   1.375630  -2.564880   5.932900   1.875520
 -1.184960   3.447690   1.856870  -1.549920   5.134530   1.375630
 -1.184960   3.447690   1.856870  -0.923690   3.090300   0.513720
 -1.184960   3.447690   1.856870  -2.368950   3.184560   2.528360
 -1.184960   3.447690   1.856870   0.003800   3.848080   2.510580
 -0.187280   0.164610   2.533290  -0.623440   1.558550   2.301120
 -0.187280   0.164610   2.533290  -1.005930  -0.667070   3.586480
 -0.187280   0.164610   2.533290   1.280950  -0.048500   3.073890
 -0.263770  -0.698900   1.201750  -0.187280   0.164610   2.533290
 -0.414750  -0.048300  -0.042500  -0.263770  -0.698900   1.201750
 -0.414750  -0.048300  -0.042500  -1.215090  -0.598830  -0.603090
 -0.414750  -0.048300  -0.042500  -0.699500   1.027940   0.096880
 -0.414750  -0.048300  -0.042500   0.549990  -0.139340  -0.608180
