33 atoms follow (x y z r g b radiusScale)
 -0.002830   0.001530   0.003440   0.000000   1.000000   0.000000   1.850000
  1.116260  -0.000680  -0.005040   1.000000   1.000000   1.000000   1.200000
 -0.403650   1.052770   0.013050   1.000000   1.000000   1.000000   1.200000
 -0.395800  -0.568630  -0.875160   1.000000   1.000000   1.000000   1.200000
 -0.441590  -0.685200   1.157200   1.000000   0.000000   0.000000   1.400000
 -0.332170   0.136490   2.514740   0.500000   0.500000   0.500000   1.900000
  1.151710  -0.073660   2.990630   1.000000   0.000000   0.000000   1.400000
 -1.238090  -0.628500   3.538370   1.000000   0.000000   0.000000   1.400000
 -0.672200   1.573550   2.365100   1.000000   0.000000   0.000000   1.400000
 -1.177970   3.450550   1.965350   1.000000   1.000000   0.000000   1.850000
 -0.002650   3.874740   2.655260   1.000000   0.000000   0.000000   1.400000
 -2.393650   3.107070   2.538760   1.000000   0.000000   0.000000   1.400000
 -0.812440   3.204060   0.606160   1.000000   0.000000   0.000000   1.400000
 -1.605140   5.144850   1.629820   1.000000   0.000000   0.000000   1.400000
 -2.761830   5.568290   1.004830   0.000000   1.000000   0.000000   1.850000
 -2.746120   5.276740  -0.080740   1.000000   1.000000   1.000000   1.200000
 -2.806000   6.687700   1.078200   1.000000   1.000000   1.000000   1.200000
 -3.671170   5.129240   1.490150   1.000000   1.000000   1.000000   1.200000
  0.848710   5.362610   0.498710   0.000000   0.000000   1.000000   1.540000
  0.996780   5.059270   1.486420   1.000000   1.000000   1.000000   1.200000
  0.111110   6.068230   0.524760   1.000000   1.000000   1.000000   1.200000
  0.451890   4.529550   0.010930   1.000000   1.000000   1.000000   1.200000
  1.699770   5.690620   0.066330   1.000000   1.000000   1.000000   1.200000
  1.619160   2.235740   4.686960   0.000000   0.000000   1.000000   1.540000
  1.516180   0.559500   3.630610   1.000000   1.000000   1.000000   1.200000
  1.148190   2.870790   4.066140   1.000000   1.000000   1.000000   1.200000
  2.554830   2.550020   4.831160   1.000000   1.000000   1.000000   1.200000
  1.145940   2.226440   5.565620   1.000000   1.000000   1.000000   1.200000
 -3.602670   0.952400   3.771950   0.000000   0.000000   1.000000   1.540000
 -2.130790  -0.277140   3.727250   1.000000   1.000000   1.000000   1.200000
 -3.820190   1.187310   2.822730   1.000000   1.000000   1.000000   1.200000
 -3.156060   1.755740   4.174520   1.000000   1.000000   1.000000   1.200000
 -4.452290   0.772860   4.263580   1.000000   1.000000   1.000000   1.200000
28 bonds follow (x1 y1 z1 x2 y2 z2)
 -3.602670   0.952400   3.771950  -4.452290   0.772860   4.263580
 -3.602670   0.952400   3.771950  -3.156060   1.755740   4.174520
 -3.602670   0.952400   3.771950  -3.820190   1.187310   2.822730
 -1.238090  -0.628500   3.538370  -2.130790  -0.277140   3.727250
  1.619160   2.235740   4.686960   1.145940   2.226440   5.565620
  1.619160   2.235740   4.686960   2.554830   2.550020   4.831160
  1.619160   2.235740   4.686960   1.148190   2.870790   4.066140
  1.151710  -0.073660   2.990630   1.516180   0.559500   3.630610
  0.848710   5.362610   0.498710   1.699770   5.690620   0.066330
  0.848710   5.362610   0.498710   0.451890   4.529550   0.010930
  0.848710   5.362610   0.498710   0.111110   6.068230   0.524760
  0.848710   5.362610   0.498710   0.996780   5.059270   1.486420
 -2.761830   5.568290   1.004830  -3.671170   5.129240   1.490150
 -2.761830   5.568290   1.004830  -2.806000   6.687700   1.078200
 -2.761830   5.568290   1.004830  -2.746120   5.276740  -0.080740
 -1.605140   5.144850   1.629820  -2.761830   5.568290   1.004830
 -1.177970   3.450550   1.965350  -1.605140   5.144850   1.629820
 -1.177970   3.450550   1.965350  -0.812440   3.204060   0.606160
 -1.177970   3.450550   1.965350  -2.393650   3.107070   2.538760
 -1.177970   3.450550   1.965350  -0.002650   3.874740   2.655260
 -0.332170   0.136490   2.514740  -0.672200   1.573550   2.365100
 -0.332170   0.136490   2.514740  -1.238090  -0.628500   3.538370
 -0.332170   0.136490   2.514740   1.151710  -0.073660   2.990630
 -0.441590  -0.685200   1.157200  -0.332170   0.136490   2.514740
 -0.002830   0.001530   0.003440  -0.441590  -0.685200   1.157200
 -0.002830   0.001530   0.003440  -0.395800  -0.568630  -0.875160
 -0.002830   0.001530   0.003440  -0.403650   1.052770   0.013050
 -0.002830   0.001530   0.003440   1.116260  -0.000680  -0.005040
