33 atoms follow (x y z r g b radiusScale)
 -0.379520  -0.048730  -0.037120   0.000000   1.000000   0.000000   1.850000
  0.584250  -0.209930  -0.587960   1.000000   1.000000   1.000000   1.200000
 -0.593140   1.046450   0.098020   1.000000   1.000000   1.000000   1.200000
 -1.210000  -0.539300  -0.608720   1.000000   1.000000   1.000000   1.200000
 -0.291230  -0.710950   1.207960   1.000000   0.000000   0.000000   1.400000
 -0.170270   0.167970   2.520630   0.500000   0.500000   0.500000   1.900000
  1.293760  -0.032010   3.071490   1.000000   0.000000   0.000000   1.400000
 -1.001750  -0.632940   3.584070   1.000000   0.000000   0.000000   1.400000
 -0.666340   1.541730   2.285560   1.000000   0.000000   0.000000   1.400000
 -1.179680   3.438390   1.870050   1.000000   1.000000   0.000000   1.850000
  0.039830   3.810790   2.491880   1.000000   0.000000   0.000000   1.400000
 -2.361550   3.206740   2.550610   1.000000   0.000000   0.000000   1.400000
 -0.936480   3.106560   0.506300   1.000000   0.000000   0.000000   1.400000
 -1.521230   5.129800   1.389760   1.000000   0.000000   0.000000   1.400000
 -2.564280   5.906080   1.860930   0.000000   1.000000   0.000000   1.850000
 -3.082650   5.409520   2.722620   1.000000   1.000000   1.000000   1.200000
 -3.304590   6.078130   1.035360   1.000000   1.000000   1.000000   1.200000
 -2.156670   6.897770   2.196120   1.000000   1.000000   1.000000   1.200000
  0.857040   5.122060   0.317030   0.000000   0.000000   1.000000   1.540000
  1.420510   4.400910   0.785090   1.000000   1.000000   1.000000   1.200000
  1.406820   5.709680  -0.288230   1.000000   1.000000   1.000000   1.200000
  0.376010   5.664560   1.066510   1.000000   1.000000   1.000000   1.200000
  0.085560   4.630170  -0.199280   1.000000   1.000000   1.000000   1.200000
  1.022740   2.520710   5.018150   0.000000   0.000000   1.000000   1.540000
  1.447000   0.148440   4.001500   1.000000   1.000000   1.000000   1.200000
  1.022760   2.950540   4.111050   1.000000   1.000000   1.000000   1.200000
  1.680390   3.004920   5.593730   1.000000   1.000000   1.000000   1.200000
  0.114510   2.639960   5.418980   1.000000   1.000000   1.000000   1.200000
 -3.658260   0.739530   3.417000   0.000000   0.000000   1.000000   1.540000
 -1.964050  -0.556130   3.596550   1.000000   1.000000   1.000000   1.200000
 -3.616910   1.037420   2.460870   1.000000   1.000000   1.000000   1.200000
 -3.287720   1.491820   3.967630   1.000000   1.000000   1.000000   1.200000
 -4.618120   0.610200   3.662340   1.000000   1.000000   1.000000   1.200000
28 bonds follow (x1 y1 z1 x2 y2 z2)
 -3.658260   0.739530   3.417000  -4.618120   0.610200   3.662340
 -3.658260   0.739530   3.417000  -3.287720   1.491820   3.967630
 -3.658260   0.739530   3.417000  -3.616910   1.037420   2.460870
 -1.001750  -0.632940   3.584070  -1.964050  -0.556130   3.596550
  1.022740   2.520710   5.018150   0.114510   2.639960   5.418980
  1.022740   2.520710   5.018150   1.680390   3.004920   5.593730
  1.022740   2.520710   5.018150   1.022760   2.950540   4.111050
  1.293760  -0.032010   3.071490   1.447000   0.148440   4.001500
  0.857040   5.122060   0.317030   0.085560   4.630170  -0.199280
  0.857040   5.122060   0.317030   0.376010   5.664560   1.066510
  0.857040   5.122060   0.317030   1.406820   5.709680  -0.288230
  0.857040   5.122060   0.317030   1.420510   4.400910   0.785090
 -2.564280   5.906080   1.860930  -2.156670   6.897770   2.196120
 -2.564280   5.906080   1.860930  -3.304590   6.078130   1.035360
 -2.564280   5.906080   1.860930  -3.082650   5.409520   2.722620
 -1.521230   5.129800   1.389760  -2.564280   5.906080   1.860930
 -1.179680   3.438390   1.870050  -1.521230   5.129800   1.389760
 -1.179680   3.438390   1.870050  -0.936480   3.106560   0.506300
 -1.179680   3.438390   1.870050  -2.361550   3.206740   2.550610
 -1.179680   3.438390   1.870050   0.039830   3.810790   2.491880
 -0.170270   0.167970   2.520630  -0.666340   1.541730   2.285560
 -0.170270   0.167970   2.520630  -1.001750  -0.632940   3.584070
 -0.170270   0.167970   2.520630   1.293760  -0.032010   3.071490
 -0.291230  -0.710950   1.207960  -0.170270   0.167970   2.520630
 -0.379520  -0.048730  -0.037120  -0.291230  -0.710950   1.207960
 -0.379520  -0.048730  -0.037120  -1.210000  -0.539300  -0.608720
 -0.379520  -0.048730  -0.037120  -0.593140   1.046450   0.098020
 -0.379520  -0.048730  -0.037120   0.584250  -0.209930  -0.587960
