33 atoms follow (x y z r g b radiusScale)
  0.000360  -0.000060  -0.000390   0.000000   1.000000   0.000000   1.850000
  1.119260  -0.000470  -0.000010   1.000000   1.000000   1.000000   1.200000
 -0.404480   1.048960  -0.001350   1.000000   1.000000   1.000000   1.200000
 -0.386550  -0.579040  -0.875960   1.000000   1.000000   1.000000   1.200000
 -0.446180  -0.679640   1.156490   1.000000   0.000000   0.000000   1.400000
 -0.327760   0.127930   2.516190   0.500000   0.500000   0.500000   1.900000
  1.152880  -0.065330   2.994040   1.000000   0.000000   0.000000   1.400000
 -1.241210  -0.622460   3.539660   1.000000   0.000000   0.000000   1.400000
 -0.681580   1.570350   2.367170   1.000000   0.000000   0.000000   1.400000
 -1.141580   3.381230   1.978550   1.000000   1.000000   0.000000   1.850000
 -0.038710   3.841920   2.706890   1.000000   0.000000   0.000000   1.400000
 -2.396080   3.168950   2.525660   1.000000   0.000000   0.000000   1.400000
 -0.868190   3.159380   0.620190   1.000000   0.000000   0.000000   1.400000
 -1.502550   5.187530   1.550610   1.000000   0.000000   0.000000   1.400000
 -2.704500   5.621390   0.967300   0.000000   1.000000   0.000000   1.850000
 -2.739950   5.313900  -0.108160   1.000000   1.000000   1.000000   1.200000
 -2.759440   6.735290   1.050970   1.000000   1.000000   1.000000   1.200000
 -3.545650   5.146390   1.534330   1.000000   1.000000   1.000000   1.200000
  0.744700   5.421220   0.515530   0.000000   0.000000   1.000000   1.540000
  1.287370   5.169640   1.322460   1.000000   1.000000   1.000000   1.200000
 -0.618160   5.485280   1.029780   1.000000   1.000000   1.000000   1.200000
  0.726860   4.653910  -0.132340   1.000000   1.000000   1.000000   1.200000
  1.093630   6.250120   0.088560   1.000000   1.000000   1.000000   1.200000
  1.620690   2.231860   4.685470   0.000000   0.000000   1.000000   1.540000
  1.516290   0.572770   3.634340   1.000000   1.000000   1.000000   1.200000
  1.176830   2.897110   4.077890   1.000000   1.000000   1.000000   1.200000
  2.570550   2.502350   4.828190   1.000000   1.000000   1.000000   1.200000
  1.152580   2.231630   5.567010   1.000000   1.000000   1.000000   1.200000
 -3.597400   0.959590   3.766940   0.000000   0.000000   1.000000   1.540000
 -2.136000  -0.270320   3.723030   1.000000   1.000000   1.000000   1.200000
 -3.834410   1.195240   2.822970   1.000000   1.000000   1.000000   1.200000
 -3.169790   1.771230   4.172530   1.000000   1.000000   1.000000   1.200000
 -4.433340   0.745730   4.268240   1.000000   1.000000   1.000000   1.200000
29 bonds follow (x1 y1 z1 x2 y2 z2)
 -3.597400   0.959590   3.766940  -4.433340   0.745730   4.268240
 -3.597400   0.959590   3.766940  -3.169790   1.771230   4.172530
 -3.597400   0.959590   3.766940  -3.834410   1.195240   2.822970
 -1.241210  -0.622460   3.539660  -2.136000  -0.270320   3.723030
  1.620690   2.231860   4.685470   1.152580   2.231630   5.567010
  1.620690   2.231860   4.685470   2.570550   2.502350   4.828190
  1.620690   2.231860   4.685470   1.176830   2.897110   4.077890
  1.152880  -0.065330   2.994040   1.516290   0.572770   3.634340
  0.744700   5.421220   0.515530   1.093630   6.250120   0.088560
  0.744700   5.421220   0.515530   0.726860   4.653910  -0.132340
 -1.502550   5.187530   1.550610  -0.618160   5.485280   1.029780
  0.744700   5.421220   0.515530   1.287370   5.169640   1.322460
 -2.704500   5.621390   0.967300  -3.545650   5.146390   1.534330
 -2.704500   5.621390   0.967300  -2.759440   6.735290   1.050970
 -2.704500   5.621390   0.967300  -2.739950   5.313900  -0.108160
 -1.502550   5.187530   1.550610  -2.704500   5.621390   0.967300
 -1.141580   3.381230   1.978550  -1.502550   5.187530   1.550610
 -1.141580   3.381230   1.978550  -0.868190   3.159380   0.620190
 -1.141580   3.381230   1.978550  -2.396080   3.168950   2.525660
 -1.141580   3.381230   1.978550  -0.038710   3.841920   2.706890
 -0.681580   1.570350   2.367170  -1.141580   3.381230   1.978550
 -0.327760   0.127930   2.516190  -0.681580   1.570350   2.367170
 -0.327760   0.127930   2.516190  -1.241210  -0.622460   3.539660
 -0.327760   0.127930   2.516190   1.152880  -0.065330   2.994040
 -0.446180  -0.679640   1.156490  -0.327760   0.127930   2.516190
  0.000360  -0.000060  -0.000390  -0.446180  -0.679640   1.156490
  0.000360  -0.000060  -0.000390  -0.386550  -0.579040  -0.875960
  0.000360  -0.000060  -0.000390  -0.404480   1.048960  -0.001350
  0.000360  -0.000060  -0.000390   1.119260  -0.000470  -0.000010
