33 atoms follow (x y z r g b radiusScale)
  0.069060  -0.125170   0.022560   0.000000   1.000000   0.000000   1.850000
  1.183150  -0.034790   0.067990   1.000000   1.000000   1.000000   1.200000
 -0.414670   0.885040  -0.040030   1.000000   1.000000   1.000000   1.200000
 -0.235330  -0.771890  -0.838790   1.000000   1.000000   1.000000   1.200000
 -0.381400  -0.785920   1.190130   1.000000   0.000000   0.000000   1.400000
 -0.319180   0.017200   2.551470   0.500000   0.500000   0.500000   1.900000
  1.146010  -0.160710   3.050870   1.000000   0.000000   0.000000   1.400000
 -1.245760  -0.735210   3.561390   1.000000   0.000000   0.000000   1.400000
 -0.638660   1.479040   2.328560   1.000000   0.000000   0.000000   1.400000
 -1.122840   3.251200   2.045230   1.000000   1.000000   0.000000   1.850000
 -0.124280   3.788340   2.828180   1.000000   0.000000   0.000000   1.400000
 -2.387110   3.131360   2.551260   1.000000   0.000000   0.000000   1.400000
 -0.928370   3.249180   0.684080   1.000000   0.000000   0.000000   1.400000
 -2.108900   5.860400   1.679010   1.000000   0.000000   0.000000   1.400000
 -3.226920   5.944370   0.808040   0.000000   1.000000   0.000000   1.850000
 -2.914180   5.952500  -0.266830   1.000000   1.000000   1.000000   1.200000
 -3.824400   6.860670   1.041060   1.000000   1.000000   1.000000   1.200000
 -3.806390   5.014700   1.073100   1.000000   1.000000   1.000000   1.200000
  1.746680   5.628670   0.041160   0.000000   0.000000   1.000000   1.540000
  1.619450   6.007920   0.959420   1.000000   1.000000   1.000000   1.200000
 -1.565060   6.603930   1.369170   1.000000   1.000000   1.000000   1.200000
  0.926560   5.841360  -0.493380   1.000000   1.000000   1.000000   1.200000
  1.809720   4.629280   0.124580   1.000000   1.000000   1.000000   1.200000
  1.685180   2.129800   4.619130   0.000000   0.000000   1.000000   1.540000
  1.531120   0.528830   3.631200   1.000000   1.000000   1.000000   1.200000
  1.408040   2.837390   3.962510   1.000000   1.000000   1.000000   1.200000
  2.660810   2.223800   4.811180   1.000000   1.000000   1.000000   1.200000
  1.176060   2.261470   5.467760   1.000000   1.000000   1.000000   1.200000
 -3.557780   0.855790   3.792590   0.000000   0.000000   1.000000   1.540000
 -2.155060  -0.419010   3.740570   1.000000   1.000000   1.000000   1.200000
 -3.785710   1.185300   2.874150   1.000000   1.000000   1.000000   1.200000
 -3.161140   1.629150   4.292060   1.000000   1.000000   1.000000   1.200000
 -4.396900   0.570280   4.252630   1.000000   1.000000   1.000000   1.200000
28 bonds follow (x1 y1 z1 x2 y2 z2)
 -3.557780   0.855790   3.792590  -4.396900   0.570280   4.252630
 -3.557780   0.855790   3.792590  -3.161140   1.629150   4.292060
 -3.557780   0.855790   3.792590  -3.785710   1.185300   2.874150
 -1.245760  -0.735210   3.561390  -2.155060  -0.419010   3.740570
  1.685180   2.129800   4.619130   1.176060   2.261470   5.467760
  1.685180   2.129800   4.619130   2.660810   2.223800   4.811180
  1.685180   2.129800   4.619130   1.408040   2.837390   3.962510
  1.146010  -0.160710   3.050870   1.531120   0.528830   3.631200
  1.746680   5.628670   0.041160   1.809720   4.629280   0.124580
  1.746680   5.628670   0.041160   0.926560   5.841360  -0.493380
 -2.108900   5.860400   1.679010  -1.565060   6.603930   1.369170
  1.746680   5.628670   0.041160   1.619450   6.007920   0.959420
 -3.226920   5.944370   0.808040  -3.806390   5.014700   1.073100
 -3.226920   5.944370   0.808040  -3.824400   6.860670   1.041060
 -3.226920   5.944370   0.808040  -2.914180   5.952500  -0.266830
 -2.108900   5.860400   1.679010  -3.226920   5.944370   0.808040
 -1.122840   3.251200   2.045230  -0.928370   3.249180   0.684080
 -1.122840   3.251200   2.045230  -2.387110   3.131360   2.551260
 -1.122840   3.251200   2.045230  -0.124280   3.788340   2.828180
 -0.638660   1.479040   2.328560  -1.122840   3.251200   2.045230
 -0.319180   0.017200   2.551470  -0.638660   1.479040   2.328560
 -0.319180   0.017200   2.551470  -1.245760  -0.735210   3.561390
 -0.319180   0.017200   2.551470   1.146010  -0.160710   3.050870
 -0.381400  -0.785920   1.190130  -0.319180   0.017200   2.551470
  0.069060  -0.125170   0.022560  -0.381400  -0.785920   1.190130
  0.069060  -0.125170   0.022560  -0.235330  -0.771890  -0.838790
  0.069060  -0.125170   0.022560  -0.414670   0.885040  -0.040030
  0.069060  -0.125170   0.022560   1.183150  -0.034790   0.067990
