33 atoms follow (x y z r g b radiusScale)
  0.000180  -0.000030  -0.000200   0.000000   1.000000   0.000000   1.850000
  1.119120  -0.000210   0.000020   1.000000   1.000000   1.000000   1.200000
 -0.404860   1.049110  -0.000680   1.000000   1.000000   1.000000   1.200000
 -0.386590  -0.578760  -0.875990   1.000000   1.000000   1.000000   1.200000
 -0.445920  -0.679990   1.156300   1.000000   0.000000   0.000000   1.400000
 -0.328200   0.128420   2.516220   0.500000   0.500000   0.500000   1.900000
  1.153130  -0.065560   2.993910   1.000000   0.000000   0.000000   1.400000
 -1.241200  -0.622810   3.539740   1.000000   0.000000   0.000000   1.400000
 -0.680820   1.569730   2.367130   1.000000   0.000000   0.000000   1.400000
 -1.145410   3.388100   1.977400   1.000000   1.000000   0.000000   1.850000
 -0.035310   3.842480   2.704720   1.000000   0.000000   0.000000   1.400000
 -2.396360   3.165630   2.526920   1.000000   0.000000   0.000000   1.400000
 -0.863960   3.160000   0.618960   1.000000   0.000000   0.000000   1.400000
 -1.514080   5.180140   1.557270   1.000000   0.000000   0.000000   1.400000
 -2.704650   5.617310   0.971250   0.000000   1.000000   0.000000   1.850000
 -2.737770   5.314440  -0.106840   1.000000   1.000000   1.000000   1.200000
 -2.755730   6.732710   1.052230   1.000000   1.000000   1.000000   1.200000
 -3.561060   5.152960   1.524580   1.000000   1.000000   1.000000   1.200000
  0.747430   5.419990   0.514810   0.000000   0.000000   1.000000   1.540000
  1.282490   5.160020   1.331900   1.000000   1.000000   1.000000   1.200000
 -0.468340   5.516720   0.956720   1.000000   1.000000   1.000000   1.200000
  0.721000   4.641640  -0.129350   1.000000   1.000000   1.000000   1.200000
  1.115270   6.242370   0.083110   1.000000   1.000000   1.000000   1.200000
  1.620720   2.231970   4.685520   0.000000   0.000000   1.000000   1.540000
  1.515060   0.572290   3.634740   1.000000   1.000000   1.000000   1.200000
  1.175040   2.895820   4.077480   1.000000   1.000000   1.000000   1.200000
  2.569940   2.504180   4.828710   1.000000   1.000000   1.000000   1.200000
  1.152190   2.230730   5.566810   1.000000   1.000000   1.000000   1.200000
 -3.597420   0.959420   3.767020   0.000000   0.000000   1.000000   1.540000
 -2.135820  -0.269460   3.722880   1.000000   1.000000   1.000000   1.200000
 -3.833800   1.195310   2.822840   1.000000   1.000000   1.000000   1.200000
 -3.169190   1.771160   4.172060   1.000000   1.000000   1.000000   1.200000
 -4.433920   0.746980   4.268000   1.000000   1.000000   1.000000   1.200000
29 bonds follow (x1 y1 z1 x2 y2 z2)
 -3.597420   0.959420   3.767020  -4.433920   0.746980   4.268000
 -3.597420   0.959420   3.767020  -3.169190   1.771160   4.172060
 -3.597420   0.959420   3.767020  -3.833800   1.195310   2.822840
 -1.241200  -0.622810   3.539740  -2.135820  -0.269460   3.722880
  1.620720   2.231970   4.685520   1.152190   2.230730   5.566810
  1.620720   2.231970   4.685520   2.569940   2.504180   4.828710
  1.620720   2.231970   4.685520   1.175040   2.895820   4.077480
  1.153130  -0.065560   2.993910   1.515060   0.572290   3.634740
  0.747430   5.419990   0.514810   1.115270   6.242370   0.083110
  0.747430   5.419990   0.514810   0.721000   4.641640  -0.129350
  0.747430   5.419990   0.514810  -0.468340   5.516720   0.956720
  0.747430   5.419990   0.514810   1.282490   5.160020   1.331900
 -2.704650   5.617310   0.971250  -3.561060   5.152960   1.524580
 -2.704650   5.617310   0.971250  -2.755730   6.732710   1.052230
 -2.704650   5.617310   0.971250  -2.737770   5.314440  -0.106840
 -1.514080   5.180140   1.557270  -2.704650   5.617310   0.971250
 -1.145410   3.388100   1.977400  -1.514080   5.180140   1.557270
 -1.145410   3.388100   1.977400  -0.863960   3.160000   0.618960
 -1.145410   3.388100   1.977400  -2.396360   3.165630   2.526920
 -1.145410   3.388100   1.977400  -0.035310   3.842480   2.704720
 -0.680820   1.569730   2.367130  -1.145410   3.388100   1.977400
 -0.328200   0.128420   2.516220  -0.680820   1.569730   2.367130
 -0.328200   0.128420   2.516220  -1.241200  -0.622810   3.539740
 -0.328200   0.128420   2.516220   1.153130  -0.065560   2.993910
 -0.445920  -0.679990   1.156300  -0.328200   0.128420   2.516220
  0.000180  -0.000030  -0.000200  -0.445920  -0.679990   1.156300
  0.000180  -0.000030  -0.000200  -0.386590  -0.578760  -0.875990
  0.000180  -0.000030  -0.000200  -0.404860   1.049110  -0.000680
  0.000180  -0.000030  -0.000200   1.119120  -0.000210   0.000020
