33 atoms follow (x y z r g b radiusScale)
 -0.418400  -0.049850  -0.044780   0.000000   1.000000   0.000000   1.850000
  0.545560  -0.133690  -0.612920   1.000000   1.000000   1.000000   1.200000
 -0.710400   1.024340   0.096090   1.000000   1.000000   1.000000   1.200000
 -1.215950  -0.606560  -0.602960   1.000000   1.000000   1.000000   1.200000
 -0.259280  -0.698170   1.200030   1.000000   0.000000   0.000000   1.400000
 -0.189430   0.163660   2.534490   0.500000   0.500000   0.500000   1.900000
  1.277170  -0.048830   3.073020   1.000000   0.000000   0.000000   1.400000
 -1.007250  -0.668620   3.587890   1.000000   0.000000   0.000000   1.400000
 -0.618710   1.559690   2.305920   1.000000   0.000000   0.000000   1.400000
 -1.185970   3.448630   1.855870   1.000000   1.000000   0.000000   1.850000
 -0.000050   3.855460   2.513520   1.000000   0.000000   0.000000   1.400000
 -2.368970   3.179720   2.525560   1.000000   0.000000   0.000000   1.400000
 -0.923690   3.089030   0.512870   1.000000   0.000000   0.000000   1.400000
 -1.553060   5.133040   1.375720   1.000000   0.000000   0.000000   1.400000
 -2.564540   5.935170   1.877060   0.000000   1.000000   0.000000   1.850000
 -3.141740   5.408160   2.680690   1.000000   1.000000   1.000000   1.200000
 -3.261620   6.214280   1.043110   1.000000   1.000000   1.000000   1.200000
 -2.111440   6.872960   2.297810   1.000000   1.000000   1.000000   1.200000
  0.884920   5.112400   0.304130   0.000000   0.000000   1.000000   1.540000
  1.421130   4.385520   0.805110   1.000000   1.000000   1.000000   1.200000
  1.473800   5.699310  -0.266900   1.000000   1.000000   1.000000   1.200000
  0.361920   5.654190   1.030790   1.000000   1.000000   1.000000   1.200000
  0.153210   4.628230  -0.244300   1.000000   1.000000   1.000000   1.200000
  1.034640   2.510960   5.016830   0.000000   0.000000   1.000000   1.540000
  1.437860   0.049620   4.011690   1.000000   1.000000   1.000000   1.200000
  0.937710   2.976210   4.132790   1.000000   1.000000   1.000000   1.200000
  1.727380   2.991490   5.552650   1.000000   1.000000   1.000000   1.200000
  0.165000   2.579060   5.504870   1.000000   1.000000   1.000000   1.200000
 -3.601890   0.746880   3.397200   0.000000   0.000000   1.000000   1.540000
 -1.939650  -0.461940   3.740600   1.000000   1.000000   1.000000   1.200000
 -3.757500   1.047530   2.454800   1.000000   1.000000   1.000000   1.200000
 -3.244500   1.540130   3.897750   1.000000   1.000000   1.000000   1.200000
 -4.477830   0.481150   3.796980   1.000000   1.000000   1.000000   1.200000
28 bonds follow (x1 y1 z1 x2 y2 z2)
 -3.601890   0.746880   3.397200  -4.477830   0.481150   3.796980
 -3.601890   0.746880   3.397200  -3.244500   1.540130   3.897750
 -3.601890   0.746880   3.397200  -3.757500   1.047530   2.454800
 -1.007250  -0.668620   3.587890  -1.939650  -0.461940   3.740600
  1.034640   2.510960   5.016830   0.165000   2.579060   5.504870
  1.034640   2.510960   5.016830   1.727380   2.991490   5.552650
  1.034640   2.510960   5.016830   0.937710   2.976210   4.132790
  1.277170  -0.048830   3.073020   1.437860   0.049620   4.011690
  0.884920   5.112400   0.304130   0.153210   4.628230  -0.244300
  0.884920   5.112400   0.304130   0.361920   5.654190   1.030790
  0.884920   5.112400   0.304130   1.473800   5.699310  -0.266900
  0.884920   5.112400   0.304130   1.421130   4.385520   0.805110
 -2.564540   5.935170   1.877060  -2.111440   6.872960   2.297810
 -2.564540   5.935170   1.877060  -3.261620   6.214280   1.043110
 -2.564540   5.935170   1.877060  -3.141740   5.408160   2.680690
 -1.553060   5.133040   1.375720  -2.564540   5.935170   1.877060
 -1.185970   3.448630   1.855870  -1.553060   5.133040   1.375720
 -1.185970   3.448630   1.855870  -0.923690   3.089030   0.512870
 -1.185970   3.448630   1.855870  -2.368970   3.179720   2.525560
 -1.185970   3.448630   1.855870  -0.000050   3.855460   2.513520
 -0.189430   0.163660   2.534490  -0.618710   1.559690   2.305920
 -0.189430   0.163660   2.534490  -1.007250  -0.668620   3.587890
 -0.189430   0.163660   2.534490   1.277170  -0.048830   3.073020
 -0.259280  -0.698170   1.200030  -0.189430   0.163660   2.534490
 -0.418400  -0.049850  -0.044780  -0.259280  -0.698170   1.200030
 -0.418400  -0.049850  -0.044780  -1.215950  -0.606560  -0.602960
 -0.418400  -0.049850  -0.044780  -0.710400   1.024340   0.096090
 -0.418400  -0.049850  -0.044780   0.545560  -0.133690  -0.612920
