33 atoms follow (x y z r g b radiusScale)
 -0.171290  -0.128840  -0.040350   0.000000   1.000000   0.000000   1.850000
  0.787880  -0.496530  -0.490740   1.000000   1.000000   1.000000   1.200000
 -0.181060   0.990920   0.054600   1.000000   1.000000   1.000000   1.200000
 -1.026180  -0.469620  -0.682010   1.000000   1.000000   1.000000   1.200000
 -0.328160  -0.744180   1.221130   1.000000   0.000000   0.000000   1.400000
 -0.251410   0.162450   2.521040   0.500000   0.500000   0.500000   1.900000
  1.228560   0.007380   3.043650   1.000000   0.000000   0.000000   1.400000
 -1.190710  -0.509180   3.573670   1.000000   0.000000   0.000000   1.400000
 -0.661010   1.564410   2.254100   1.000000   0.000000   0.000000   1.400000
 -1.209550   3.401380   1.817370   1.000000   1.000000   0.000000   1.850000
 -0.144120   3.823870   2.665500   1.000000   0.000000   0.000000   1.400000
 -2.455210   3.121690   2.353890   1.000000   0.000000   0.000000   1.400000
 -0.741940   3.119030   0.510900   1.000000   0.000000   0.000000   1.400000
 -1.588430   5.082900   1.302160   1.000000   0.000000   0.000000   1.400000
 -2.750790   5.725480   1.683480   0.000000   1.000000   0.000000   1.850000
 -3.578040   5.488350   0.963840   1.000000   1.000000   1.000000   1.200000
 -2.565920   6.832510   1.675630   1.000000   1.000000   1.000000   1.200000
 -3.066310   5.412320   2.713730   1.000000   1.000000   1.000000   1.200000
  0.934000   5.285600   0.633510   0.000000   0.000000   1.000000   1.540000
  1.118340   4.654620   1.434390   1.000000   1.000000   1.000000   1.200000
  1.778940   5.710340   0.277660   1.000000   1.000000   1.000000   1.200000
  0.256040   5.980170   0.970200   1.000000   1.000000   1.000000   1.200000
  0.433800   4.709660  -0.081930   1.000000   1.000000   1.000000   1.200000
  1.473410   2.363020   4.787080   0.000000   0.000000   1.000000   1.540000
  1.561910   0.686390   3.649460   1.000000   1.000000   1.000000   1.200000
  0.940030   2.906580   4.130950   1.000000   1.000000   1.000000   1.200000
  2.380520   2.769040   4.878710   1.000000   1.000000   1.000000   1.200000
  1.019600   2.396480   5.675530   1.000000   1.000000   1.000000   1.200000
 -3.604070   0.952870   3.725230   0.000000   0.000000   1.000000   1.540000
 -2.088560  -0.141030   3.716360   1.000000   1.000000   1.000000   1.200000
 -3.803350   1.137700   2.760910   1.000000   1.000000   1.000000   1.200000
 -3.200470   1.789300   4.104550   1.000000   1.000000   1.000000   1.200000
 -4.457920   0.756950   4.202580   1.000000   1.000000   1.000000   1.200000
28 bonds follow (x1 y1 z1 x2 y2 z2)
 -3.604070   0.952870   3.725230  -4.457920   0.756950   4.202580
 -3.604070   0.952870   3.725230  -3.200470   1.789300   4.104550
 -3.604070   0.952870   3.725230  -3.803350   1.137700   2.760910
 -1.190710  -0.509180   3.573670  -2.088560  -0.141030   3.716360
  1.473410   2.363020   4.787080   1.019600   2.396480   5.675530
  1.473410   2.363020   4.787080   2.380520   2.769040   4.878710
  1.473410   2.363020   4.787080   0.940030   2.906580   4.130950
  1.228560   0.007380   3.043650   1.561910   0.686390   3.649460
  0.934000   5.285600   0.633510   0.433800   4.709660  -0.081930
  0.934000   5.285600   0.633510   0.256040   5.980170   0.970200
  0.934000   5.285600   0.633510   1.778940   5.710340   0.277660
  0.934000   5.285600   0.633510   1.118340   4.654620   1.434390
 -2.750790   5.725480   1.683480  -3.066310   5.412320   2.713730
 -2.750790   5.725480   1.683480  -2.565920   6.832510   1.675630
 -2.750790   5.725480   1.683480  -3.578040   5.488350   0.963840
 -1.588430   5.082900   1.302160  -2.750790   5.725480   1.683480
 -1.209550   3.401380   1.817370  -1.588430   5.082900   1.302160
 -1.209550   3.401380   1.817370  -0.741940   3.119030   0.510900
 -1.209550   3.401380   1.817370  -2.455210   3.121690   2.353890
 -1.209550   3.401380   1.817370  -0.144120   3.823870   2.665500
 -0.251410   0.162450   2.521040  -0.661010   1.564410   2.254100
 -0.251410   0.162450   2.521040  -1.190710  -0.509180   3.573670
 -0.251410   0.162450   2.521040   1.228560   0.007380   3.043650
 -0.328160  -0.744180   1.221130  -0.251410   0.162450   2.521040
 -0.171290  -0.128840  -0.040350  -0.328160  -0.744180   1.221130
 -0.171290  -0.128840  -0.040350  -1.026180  -0.469620  -0.682010
 -0.171290  -0.128840  -0.040350  -0.181060   0.990920   0.054600
 -0.171290  -0.128840  -0.040350   0.787880  -0.496530  -0.490740
