33 atoms follow (x y z r g b radiusScale)
 -0.231370  -0.214910  -0.051120   0.000000   1.000000   0.000000   1.850000
  0.765130  -0.453630  -0.507250   1.000000   1.000000   1.000000   1.200000
 -0.400880   0.895180   0.014070   1.000000   1.000000   1.000000   1.200000
 -1.035840  -0.696800  -0.665870   1.000000   1.000000   1.000000   1.200000
 -0.287200  -0.802880   1.231790   1.000000   0.000000   0.000000   1.400000
 -0.211140   0.144610   2.504780   0.500000   0.500000   0.500000   1.900000
  1.297010   0.120640   2.968580   1.000000   0.000000   0.000000   1.400000
 -1.122000  -0.575470   3.561800   1.000000   0.000000   0.000000   1.400000
 -0.720720   1.509680   2.229790   1.000000   0.000000   0.000000   1.400000
 -1.129740   3.431300   1.933220   1.000000   1.000000   0.000000   1.850000
  0.112410   3.753610   2.535520   1.000000   0.000000   0.000000   1.400000
 -2.302750   3.223630   2.643980   1.000000   0.000000   0.000000   1.400000
 -0.931810   3.138630   0.560750   1.000000   0.000000   0.000000   1.400000
 -1.448850   5.169750   1.575230   1.000000   0.000000   0.000000   1.400000
 -2.678830   5.745080   1.849040   0.000000   1.000000   0.000000   1.850000
 -3.037230   5.448350   2.869530   1.000000   1.000000   1.000000   1.200000
 -3.436670   5.418070   1.088670   1.000000   1.000000   1.000000   1.200000
 -2.570370   6.860170   1.805520   1.000000   1.000000   1.000000   1.200000
  0.824440   5.173480   0.243880   0.000000   0.000000   1.000000   1.540000
  1.031170   5.075570   1.251570   1.000000   1.000000   1.000000   1.200000
  1.557400   5.657250  -0.250570   1.000000   1.000000   1.000000   1.200000
 -0.084920   5.659310   0.185920   1.000000   1.000000   1.000000   1.200000
  0.653910   4.211800  -0.119110   1.000000   1.000000   1.000000   1.200000
  0.958880   2.510920   4.872360   0.000000   0.000000   1.000000   1.540000
  1.569690   0.751300   3.643720   1.000000   1.000000   1.000000   1.200000
  1.404940   3.097170   4.190970   1.000000   1.000000   1.000000   1.200000
  1.257020   2.792160   5.782930   1.000000   1.000000   1.000000   1.200000
 -0.026530   2.676300   4.798620   1.000000   1.000000   1.000000   1.200000
 -3.645780   0.892680   3.397490   0.000000   0.000000   1.000000   1.540000
 -2.045240  -0.275120   3.644970   1.000000   1.000000   1.000000   1.200000
 -3.460120   1.176940   2.453640   1.000000   1.000000   1.000000   1.200000
 -3.427060   1.679820   3.979690   1.000000   1.000000   1.000000   1.200000
 -4.621540   0.695660   3.477540   1.000000   1.000000   1.000000   1.200000
28 bonds follow (x1 y1 z1 x2 y2 z2)
 -3.645780   0.892680   3.397490  -4.621540   0.695660   3.477540
 -3.645780   0.892680   3.397490  -3.427060   1.679820   3.979690
 -3.645780   0.892680   3.397490  -3.460120   1.176940   2.453640
 -1.122000  -0.575470   3.561800  -2.045240  -0.275120   3.644970
  0.958880   2.510920   4.872360  -0.026530   2.676300   4.798620
  0.958880   2.510920   4.872360   1.257020   2.792160   5.782930
  0.958880   2.510920   4.872360   1.404940   3.097170   4.190970
  1.297010   0.120640   2.968580   1.569690   0.751300   3.643720
  0.824440   5.173480   0.243880   0.653910   4.211800  -0.119110
  0.824440   5.173480   0.243880  -0.084920   5.659310   0.185920
  0.824440   5.173480   0.243880   1.557400   5.657250  -0.250570
  0.824440   5.173480   0.243880   1.031170   5.075570   1.251570
 -2.678830   5.745080   1.849040  -2.570370   6.860170   1.805520
 -2.678830   5.745080   1.849040  -3.436670   5.418070   1.088670
 -2.678830   5.745080   1.849040  -3.037230   5.448350   2.869530
 -1.448850   5.169750   1.575230  -2.678830   5.745080   1.849040
 -1.129740   3.431300   1.933220  -1.448850   5.169750   1.575230
 -1.129740   3.431300   1.933220  -0.931810   3.138630   0.560750
 -1.129740   3.431300   1.933220  -2.302750   3.223630   2.643980
 -1.129740   3.431300   1.933220   0.112410   3.753610   2.535520
 -0.211140   0.144610   2.504780  -0.720720   1.509680   2.229790
 -0.211140   0.144610   2.504780  -1.122000  -0.575470   3.561800
 -0.211140   0.144610   2.504780   1.297010   0.120640   2.968580
 -0.287200  -0.802880   1.231790  -0.211140   0.144610   2.504780
 -0.231370  -0.214910  -0.051120  -0.287200  -0.802880   1.231790
 -0.231370  -0.214910  -0.051120  -1.035840  -0.696800  -0.665870
 -0.231370  -0.214910  -0.051120  -0.400880   0.895180   0.014070
 -0.231370  -0.214910  -0.051120   0.765130  -0.453630  -0.507250
