33 atoms follow (x y z r g b radiusScale)
  0.363480  -0.145920   0.082270   0.000000   1.000000   0.000000   1.850000
  1.442450  -0.252080   0.360190   1.000000   1.000000   1.000000   1.200000
  0.082700   0.931100  -0.056050   1.000000   1.000000   1.000000   1.200000
  0.128220  -0.745040  -0.832740   1.000000   1.000000   1.000000   1.200000
 -0.424550  -0.690490   1.122990   1.000000   0.000000   0.000000   1.400000
 -0.299670   0.018520   2.527280   0.500000   0.500000   0.500000   1.900000
  1.172850  -0.142380   2.995370   1.000000   0.000000   0.000000   1.400000
 -1.185040  -0.777030   3.530820   1.000000   0.000000   0.000000   1.400000
 -0.724240   1.462900   2.428680   1.000000   0.000000   0.000000   1.400000
 -1.162190   3.212780   2.188790   1.000000   1.000000   0.000000   1.850000
 -0.435370   3.677720   3.263020   1.000000   0.000000   0.000000   1.400000
 -2.511610   3.090940   2.352600   1.000000   0.000000   0.000000   1.400000
 -0.650140   3.284510   0.914580   1.000000   0.000000   0.000000   1.400000
 -2.457620   6.434200   1.407040   1.000000   0.000000   0.000000   1.400000
 -3.766690   6.224410   0.956470   0.000000   1.000000   0.000000   1.850000
 -4.160680   7.089490   0.378620   1.000000   1.000000   1.000000   1.200000
 -4.435340   6.019960   1.822280   1.000000   1.000000   1.000000   1.200000
 -3.750480   5.298430   0.319160   1.000000   1.000000   1.000000   1.200000
  2.407220   5.034250  -0.229340   0.000000   0.000000   1.000000   1.540000
  2.025780   5.613900   0.488170   1.000000   1.000000   1.000000   1.200000
 -2.418100   7.089410   2.176590   1.000000   1.000000   1.000000   1.200000
  2.122210   5.419530  -1.104090   1.000000   1.000000   1.000000   1.200000
  1.995850   4.124990  -0.148050   1.000000   1.000000   1.000000   1.200000
  1.833920   2.180230   4.318770   0.000000   0.000000   1.000000   1.540000
  1.615350   0.593860   3.483250   1.000000   1.000000   1.000000   1.200000
  1.528310   2.888280   3.677070   1.000000   1.000000   1.000000   1.200000
  2.802690   2.314050   4.521030   1.000000   1.000000   1.000000   1.200000
  1.307390   2.279160   5.162390   1.000000   1.000000   1.000000   1.200000
 -3.539570   0.728200   3.787330   0.000000   0.000000   1.000000   1.540000
 -2.082980  -0.435290   3.733280   1.000000   1.000000   1.000000   1.200000
 -3.697610   1.266280   2.956310   1.000000   1.000000   1.000000   1.200000
 -3.339270   1.359750   4.535700   1.000000   1.000000   1.000000   1.200000
 -4.357830   0.202940   4.012820   1.000000   1.000000   1.000000   1.200000
28 bonds follow (x1 y1 z1 x2 y2 z2)
 -3.539570   0.728200   3.787330  -4.357830   0.202940   4.012820
 -3.539570   0.728200   3.787330  -3.339270   1.359750   4.535700
 -3.539570   0.728200   3.787330  -3.697610   1.266280   2.956310
 -1.185040  -0.777030   3.530820  -2.082980  -0.435290   3.733280
  1.833920   2.180230   4.318770   1.307390   2.279160   5.162390
  1.833920   2.180230   4.318770   2.802690   2.314050   4.521030
  1.833920   2.180230   4.318770   1.528310   2.888280   3.677070
  1.172850  -0.142380   2.995370   1.615350   0.593860   3.483250
  2.407220   5.034250  -0.229340   1.995850   4.124990  -0.148050
  2.407220   5.034250  -0.229340   2.122210   5.419530  -1.104090
 -2.457620   6.434200   1.407040  -2.418100   7.089410   2.176590
  2.407220   5.034250  -0.229340   2.025780   5.613900   0.488170
 -3.766690   6.224410   0.956470  -3.750480   5.298430   0.319160
 -3.766690   6.224410   0.956470  -4.435340   6.019960   1.822280
 -3.766690   6.224410   0.956470  -4.160680   7.089490   0.378620
 -2.457620   6.434200   1.407040  -3.766690   6.224410   0.956470
 -1.162190   3.212780   2.188790  -0.650140   3.284510   0.914580
 -1.162190   3.212780   2.188790  -2.511610   3.090940   2.352600
 -1.162190   3.212780   2.188790  -0.435370   3.677720   3.263020
 -0.724240   1.462900   2.428680  -1.162190   3.212780   2.188790
 -0.299670   0.018520   2.527280  -0.724240   1.462900   2.428680
 -0.299670   0.018520   2.527280  -1.185040  -0.777030   3.530820
 -0.299670   0.018520   2.527280   1.172850  -0.142380   2.995370
 -0.424550  -0.690490   1.122990  -0.299670   0.018520   2.527280
  0.363480  -0.145920   0.082270  -0.424550  -0.690490   1.122990
  0.363480  -0.145920   0.082270   0.128220  -0.745040  -0.832740
  0.363480  -0.145920   0.082270   0.082700   0.931100  -0.056050
  0.363480  -0.145920   0.082270   1.442450  -0.252080   0.360190
