33 atoms follow (x y z r g b radiusScale)
 -0.573950  -0.156240   0.003760   0.000000   1.000000   0.000000   1.850000
  0.167280  -0.470950  -0.775510   1.000000   1.000000   1.000000   1.200000
 -0.616270   0.965100   0.078590   1.000000   1.000000   1.000000   1.200000
 -1.579530  -0.574730  -0.262890   1.000000   1.000000   1.000000   1.200000
 -0.158870  -0.734960   1.225110   1.000000   0.000000   0.000000   1.400000
 -0.171110   0.178540   2.527280   0.500000   0.500000   0.500000   1.900000
  1.273150   0.116420   3.130260   1.000000   0.000000   0.000000   1.400000
 -1.104000  -0.592680   3.516410   1.000000   0.000000   0.000000   1.400000
 -0.675810   1.540180   2.228760   1.000000   0.000000   0.000000   1.400000
 -1.167370   3.383230   1.807960   1.000000   1.000000   0.000000   1.850000
 -0.068080   3.848990   2.588200   1.000000   0.000000   0.000000   1.400000
 -2.413170   3.072600   2.333100   1.000000   0.000000   0.000000   1.400000
 -0.714130   3.109200   0.488830   1.000000   0.000000   0.000000   1.400000
 -1.598080   5.045450   1.327670   1.000000   0.000000   0.000000   1.400000
 -2.523470   5.855340   1.950510   0.000000   1.000000   0.000000   1.850000
 -3.548180   5.406050   1.890480   1.000000   1.000000   1.000000   1.200000
 -2.520830   6.850030   1.429740   1.000000   1.000000   1.000000   1.200000
 -2.252990   6.008270   3.029610   1.000000   1.000000   1.000000   1.200000
  0.830810   5.288610   0.442380   0.000000   0.000000   1.000000   1.540000
  0.802950   5.381220   1.463540   1.000000   1.000000   1.000000   1.200000
  1.552370   5.847120   0.014790   1.000000   1.000000   1.000000   1.200000
 -0.113450   5.535510   0.100480   1.000000   1.000000   1.000000   1.200000
  0.949510   4.273010   0.241850   1.000000   1.000000   1.000000   1.200000
  1.184400   2.398430   4.951080   0.000000   0.000000   1.000000   1.540000
  1.482200   0.712710   3.866400   1.000000   1.000000   1.000000   1.200000
  0.957320   3.071130   4.239960   1.000000   1.000000   1.000000   1.200000
  2.062050   2.633070   5.363520   1.000000   1.000000   1.000000   1.200000
  0.481110   2.422980   5.658770   1.000000   1.000000   1.000000   1.200000
 -3.660320   0.892750   3.556660   0.000000   0.000000   1.000000   1.540000
 -2.027820  -0.299040   3.601460   1.000000   1.000000   1.000000   1.200000
 -3.875830   0.999320   2.585230   1.000000   1.000000   1.000000   1.200000
 -3.285600   1.769070   3.870600   1.000000   1.000000   1.000000   1.200000
 -4.504740   0.702140   4.054410   1.000000   1.000000   1.000000   1.200000
28 bonds follow (x1 y1 z1 x2 y2 z2)
 -3.660320   0.892750   3.556660  -4.504740   0.702140   4.054410
 -3.660320   0.892750   3.556660  -3.285600   1.769070   3.870600
 -3.660320   0.892750   3.556660  -3.875830   0.999320   2.585230
 -1.104000  -0.592680   3.516410  -2.027820  -0.299040   3.601460
  1.184400   2.398430   4.951080   0.481110   2.422980   5.658770
  1.184400   2.398430   4.951080   2.062050   2.633070   5.363520
  1.184400   2.398430   4.951080   0.957320   3.071130   4.239960
  1.273150   0.116420   3.130260   1.482200   0.712710   3.866400
  0.830810   5.288610   0.442380   0.949510   4.273010   0.241850
  0.830810   5.288610   0.442380  -0.113450   5.535510   0.100480
  0.830810   5.288610   0.442380   1.552370   5.847120   0.014790
  0.830810   5.288610   0.442380   0.802950   5.381220   1.463540
 -2.523470   5.855340   1.950510  -2.252990   6.008270   3.029610
 -2.523470   5.855340   1.950510  -2.520830   6.850030   1.429740
 -2.523470   5.855340   1.950510  -3.548180   5.406050   1.890480
 -1.598080   5.045450   1.327670  -2.523470   5.855340   1.950510
 -1.167370   3.383230   1.807960  -1.598080   5.045450   1.327670
 -1.167370   3.383230   1.807960  -0.714130   3.109200   0.488830
 -1.167370   3.383230   1.807960  -2.413170   3.072600   2.333100
 -1.167370   3.383230   1.807960  -0.068080   3.848990   2.588200
 -0.171110   0.178540   2.527280  -0.675810   1.540180   2.228760
 -0.171110   0.178540   2.527280  -1.104000  -0.592680   3.516410
 -0.171110   0.178540   2.527280   1.273150   0.116420   3.130260
 -0.158870  -0.734960   1.225110  -0.171110   0.178540   2.527280
 -0.573950  -0.156240   0.003760  -0.158870  -0.734960   1.225110
 -0.573950  -0.156240   0.003760  -1.579530  -0.574730  -0.262890
 -0.573950  -0.156240   0.003760  -0.616270   0.965100   0.078590
 -0.573950  -0.156240   0.003760   0.167280  -0.470950  -0.775510
