33 atoms follow (x y z r g b radiusScale)
  0.201590  -0.189260   0.015210   0.000000   1.000000   0.000000   1.850000
  1.310900  -0.208880   0.155720   1.000000   1.000000   1.000000   1.200000
 -0.174950   0.861830  -0.095950   1.000000   1.000000   1.000000   1.200000
 -0.098450  -0.822260  -0.857400   1.000000   1.000000   1.000000   1.200000
 -0.404840  -0.778900   1.152030   1.000000   0.000000   0.000000   1.400000
 -0.314260   0.009710   2.513740   0.500000   0.500000   0.500000   1.900000
  1.163950  -0.134410   2.991750   1.000000   0.000000   0.000000   1.400000
 -1.268560  -0.651340   3.545290   1.000000   0.000000   0.000000   1.400000
 -0.591840   1.473550   2.306900   1.000000   0.000000   0.000000   1.400000
 -1.132980   3.169920   2.130700   1.000000   1.000000   0.000000   1.850000
 -0.242530   3.729440   3.010990   1.000000   0.000000   0.000000   1.400000
 -2.440750   3.018890   2.560650   1.000000   0.000000   0.000000   1.400000
 -0.855590   3.260440   0.790890   1.000000   0.000000   0.000000   1.400000
 -2.262850   6.086670   1.535780   1.000000   0.000000   0.000000   1.400000
 -3.497580   6.105670   0.853000   0.000000   1.000000   0.000000   1.850000
 -3.382110   6.617140  -0.137350   1.000000   1.000000   1.000000   1.200000
 -4.308840   6.611720   1.442100   1.000000   1.000000   1.000000   1.200000
 -3.743850   5.017900   0.739590   1.000000   1.000000   1.000000   1.200000
  2.115510   5.434770  -0.095500   0.000000   0.000000   1.000000   1.540000
  2.248820   6.118340   0.620080   1.000000   1.000000   1.000000   1.200000
 -2.071930   7.028120   1.685160   1.000000   1.000000   1.000000   1.200000
  1.969930   5.913920  -0.960320   1.000000   1.000000   1.000000   1.200000
  1.301080   4.895450   0.113910   1.000000   1.000000   1.000000   1.200000
  1.788940   2.193560   4.561580   0.000000   0.000000   1.000000   1.540000
  1.586860   0.575840   3.516790   1.000000   1.000000   1.000000   1.200000
  1.517040   2.903020   3.904130   1.000000   1.000000   1.000000   1.200000
  2.749130   2.319420   4.804100   1.000000   1.000000   1.000000   1.200000
  1.234330   2.296320   5.385370   1.000000   1.000000   1.000000   1.200000
 -3.648960   0.812540   3.849180   0.000000   0.000000   1.000000   1.540000
 -2.164380  -0.267350   3.717860   1.000000   1.000000   1.000000   1.200000
 -3.752280   1.247950   2.950690   1.000000   1.000000   1.000000   1.200000
 -3.409620   1.531510   4.503100   1.000000   1.000000   1.000000   1.200000
 -4.519400   0.404410   4.117360   1.000000   1.000000   1.000000   1.200000
28 bonds follow (x1 y1 z1 x2 y2 z2)
 -3.648960   0.812540   3.849180  -4.519400   0.404410   4.117360
 -3.648960   0.812540   3.849180  -3.409620   1.531510   4.503100
 -3.648960   0.812540   3.849180  -3.752280   1.247950   2.950690
 -1.268560  -0.651340   3.545290  -2.164380  -0.267350   3.717860
  1.788940   2.193560   4.561580   1.234330   2.296320   5.385370
  1.788940   2.193560   4.561580   2.749130   2.319420   4.804100
  1.788940   2.193560   4.561580   1.517040   2.903020   3.904130
  1.163950  -0.134410   2.991750   1.586860   0.575840   3.516790
  2.115510   5.434770  -0.095500   1.301080   4.895450   0.113910
  2.115510   5.434770  -0.095500   1.969930   5.913920  -0.960320
 -2.262850   6.086670   1.535780  -2.071930   7.028120   1.685160
  2.115510   5.434770  -0.095500   2.248820   6.118340   0.620080
 -3.497580   6.105670   0.853000  -3.743850   5.017900   0.739590
 -3.497580   6.105670   0.853000  -4.308840   6.611720   1.442100
 -3.497580   6.105670   0.853000  -3.382110   6.617140  -0.137350
 -2.262850   6.086670   1.535780  -3.497580   6.105670   0.853000
 -1.132980   3.169920   2.130700  -0.855590   3.260440   0.790890
 -1.132980   3.169920   2.130700  -2.440750   3.018890   2.560650
 -1.132980   3.169920   2.130700  -0.242530   3.729440   3.010990
 -0.591840   1.473550   2.306900  -1.132980   3.169920   2.130700
 -0.314260   0.009710   2.513740  -0.591840   1.473550   2.306900
 -0.314260   0.009710   2.513740  -1.268560  -0.651340   3.545290
 -0.314260   0.009710   2.513740   1.163950  -0.134410   2.991750
 -0.404840  -0.778900   1.152030  -0.314260   0.009710   2.513740
  0.201590  -0.189260   0.015210  -0.404840  -0.778900   1.152030
  0.201590  -0.189260   0.015210  -0.098450  -0.822260  -0.857400
  0.201590  -0.189260   0.015210  -0.174950   0.861830  -0.095950
  0.201590  -0.189260   0.015210   1.310900  -0.208880   0.155720
