33 atoms follow (x y z r g b radiusScale)
 -0.251160  -0.168360  -0.040460   0.000000   1.000000   0.000000   1.850000
  0.694120  -0.452770  -0.571220   1.000000   1.000000   1.000000   1.200000
 -0.338920   0.949080   0.065200   1.000000   1.000000   1.000000   1.200000
 -1.125340  -0.569430  -0.617220   1.000000   1.000000   1.000000   1.200000
 -0.252730  -0.796800   1.226230   1.000000   0.000000   0.000000   1.400000
 -0.231500   0.154130   2.503270   0.500000   0.500000   0.500000   1.900000
  1.268720   0.130120   2.957140   1.000000   0.000000   0.000000   1.400000
 -1.067430  -0.590860   3.594630   1.000000   0.000000   0.000000   1.400000
 -0.690780   1.540900   2.255810   1.000000   0.000000   0.000000   1.400000
 -1.128100   3.417790   1.909960   1.000000   1.000000   0.000000   1.850000
  0.107350   3.758900   2.529930   1.000000   0.000000   0.000000   1.400000
 -2.297110   3.189340   2.620350   1.000000   0.000000   0.000000   1.400000
 -0.954130   3.131730   0.524890   1.000000   0.000000   0.000000   1.400000
 -1.471930   5.118370   1.560710   1.000000   0.000000   0.000000   1.400000
 -2.642310   5.795550   1.848250   0.000000   1.000000   0.000000   1.850000
 -3.058590   5.483060   2.840470   1.000000   1.000000   1.000000   1.200000
 -3.407330   5.601200   1.050270   1.000000   1.000000   1.000000   1.200000
 -2.406900   6.893840   1.870500   1.000000   1.000000   1.000000   1.200000
  0.818960   5.153800   0.279270   0.000000   0.000000   1.000000   1.540000
  1.126320   4.824500   1.215670   1.000000   1.000000   1.000000   1.200000
  1.582170   5.495550  -0.278510   1.000000   1.000000   1.000000   1.200000
  0.099230   5.870220   0.446620   1.000000   1.000000   1.000000   1.200000
  0.327580   4.343010  -0.177230   1.000000   1.000000   1.000000   1.200000
  0.974170   2.507400   4.911620   0.000000   0.000000   1.000000   1.540000
  1.568120   0.774390   3.604700   1.000000   1.000000   1.000000   1.200000
  1.331480   3.061210   4.154250   1.000000   1.000000   1.000000   1.200000
  1.339040   2.866530   5.768980   1.000000   1.000000   1.000000   1.200000
 -0.019850   2.625710   4.920730   1.000000   1.000000   1.000000   1.200000
 -3.675010   0.888730   3.384750   0.000000   0.000000   1.000000   1.540000
 -1.987690  -0.311510   3.724370   1.000000   1.000000   1.000000   1.200000
 -3.603290   1.303710   2.474910   1.000000   1.000000   1.000000   1.200000
 -3.511010   1.619650   4.049920   1.000000   1.000000   1.000000   1.200000
 -4.602290   0.540090   3.509340   1.000000   1.000000   1.000000   1.200000
28 bonds follow (x1 y1 z1 x2 y2 z2)
 -3.675010   0.888730   3.384750  -4.602290   0.540090   3.509340
 -3.675010   0.888730   3.384750  -3.511010   1.619650   4.049920
 -3.675010   0.888730   3.384750  -3.603290   1.303710   2.474910
 -1.067430  -0.590860   3.594630  -1.987690  -0.311510   3.724370
  0.974170   2.507400   4.911620  -0.019850   2.625710   4.920730
  0.974170   2.507400   4.911620   1.339040   2.866530   5.768980
  0.974170   2.507400   4.911620   1.331480   3.061210   4.154250
  1.268720   0.130120   2.957140   1.568120   0.774390   3.604700
  0.818960   5.153800   0.279270   0.327580   4.343010  -0.177230
  0.818960   5.153800   0.279270   0.099230   5.870220   0.446620
  0.818960   5.153800   0.279270   1.582170   5.495550  -0.278510
  0.818960   5.153800   0.279270   1.126320   4.824500   1.215670
 -2.642310   5.795550   1.848250  -2.406900   6.893840   1.870500
 -2.642310   5.795550   1.848250  -3.407330   5.601200   1.050270
 -2.642310   5.795550   1.848250  -3.058590   5.483060   2.840470
 -1.471930   5.118370   1.560710  -2.642310   5.795550   1.848250
 -1.128100   3.417790   1.909960  -1.471930   5.118370   1.560710
 -1.128100   3.417790   1.909960  -0.954130   3.131730   0.524890
 -1.128100   3.417790   1.909960  -2.297110   3.189340   2.620350
 -1.128100   3.417790   1.909960   0.107350   3.758900   2.529930
 -0.231500   0.154130   2.503270  -0.690780   1.540900   2.255810
 -0.231500   0.154130   2.503270  -1.067430  -0.590860   3.594630
 -0.231500   0.154130   2.503270   1.268720   0.130120   2.957140
 -0.252730  -0.796800   1.226230  -0.231500   0.154130   2.503270
 -0.251160  -0.168360  -0.040460  -0.252730  -0.796800   1.226230
 -0.251160  -0.168360  -0.040460  -1.125340  -0.569430  -0.617220
 -0.251160  -0.168360  -0.040460  -0.338920   0.949080   0.065200
 -0.251160  -0.168360  -0.040460   0.694120  -0.452770  -0.571220
