33 atoms follow (x y z r g b radiusScale)
 -0.488080  -0.090470  -0.044920   0.000000   1.000000   0.000000   1.850000
  0.434730  -0.114780  -0.683010   1.000000   1.000000   1.000000   1.200000
 -0.831690   0.966410   0.113640   1.000000   1.000000   1.000000   1.200000
 -1.285050  -0.702420  -0.543570   1.000000   1.000000   1.000000   1.200000
 -0.191740  -0.712670   1.186380   1.000000   0.000000   0.000000   1.400000
 -0.191720   0.151810   2.526380   0.500000   0.500000   0.500000   1.900000
  1.272270  -0.056230   3.066250   1.000000   0.000000   0.000000   1.400000
 -1.077070  -0.610820   3.570040   1.000000   0.000000   0.000000   1.400000
 -0.586580   1.570650   2.375300   1.000000   0.000000   0.000000   1.400000
 -1.193450   3.468380   1.865370   1.000000   1.000000   0.000000   1.850000
 -0.044530   3.949480   2.546220   1.000000   0.000000   0.000000   1.400000
 -2.387880   3.115870   2.457570   1.000000   0.000000   0.000000   1.400000
 -0.868150   3.101770   0.536590   1.000000   0.000000   0.000000   1.400000
 -1.607250   5.120100   1.320840   1.000000   0.000000   0.000000   1.400000
 -2.550560   5.942510   1.912120   0.000000   1.000000   0.000000   1.850000
 -3.255420   5.349160   2.552050   1.000000   1.000000   1.000000   1.200000
 -3.132250   6.464440   1.107250   1.000000   1.000000   1.000000   1.200000
 -2.035910   6.714400   2.545460   1.000000   1.000000   1.000000   1.200000
  0.894600   5.088050   0.303840   0.000000   0.000000   1.000000   1.540000
  1.219600   4.540480   1.130060   1.000000   1.000000   1.000000   1.200000
  1.657110   5.530270  -0.178460   1.000000   1.000000   1.000000   1.200000
  0.192140   5.768760   0.662010   1.000000   1.000000   1.000000   1.200000
  0.369040   4.434370  -0.295560   1.000000   1.000000   1.000000   1.200000
  1.045360   2.449020   5.012570   0.000000   0.000000   1.000000   1.540000
  1.517620   0.401540   3.872720   1.000000   1.000000   1.000000   1.200000
  0.932280   2.915630   4.130000   1.000000   1.000000   1.000000   1.200000
  1.853410   2.819690   5.467690   1.000000   1.000000   1.000000   1.200000
  0.247060   2.652940   5.577410   1.000000   1.000000   1.000000   1.200000
 -3.528740   0.748200   3.414530   0.000000   0.000000   1.000000   1.540000
 -2.010790  -0.347030   3.680730   1.000000   1.000000   1.000000   1.200000
 -3.763030   0.843330   2.447070   1.000000   1.000000   1.000000   1.200000
 -3.119840   1.616180   3.713550   1.000000   1.000000   1.000000   1.200000
 -4.367280   0.594510   3.933280   1.000000   1.000000   1.000000   1.200000
28 bonds follow (x1 y1 z1 x2 y2 z2)
 -3.528740   0.748200   3.414530  -4.367280   0.594510   3.933280
 -3.528740   0.748200   3.414530  -3.119840   1.616180   3.713550
 -3.528740   0.748200   3.414530  -3.763030   0.843330   2.447070
 -1.077070  -0.610820   3.570040  -2.010790  -0.347030   3.680730
  1.045360   2.449020   5.012570   0.247060   2.652940   5.577410
  1.045360   2.449020   5.012570   1.853410   2.819690   5.467690
  1.045360   2.449020   5.012570   0.932280   2.915630   4.130000
  1.272270  -0.056230   3.066250   1.517620   0.401540   3.872720
  0.894600   5.088050   0.303840   0.369040   4.434370  -0.295560
  0.894600   5.088050   0.303840   0.192140   5.768760   0.662010
  0.894600   5.088050   0.303840   1.657110   5.530270  -0.178460
  0.894600   5.088050   0.303840   1.219600   4.540480   1.130060
 -2.550560   5.942510   1.912120  -2.035910   6.714400   2.545460
 -2.550560   5.942510   1.912120  -3.132250   6.464440   1.107250
 -2.550560   5.942510   1.912120  -3.255420   5.349160   2.552050
 -1.607250   5.120100   1.320840  -2.550560   5.942510   1.912120
 -1.193450   3.468380   1.865370  -1.607250   5.120100   1.320840
 -1.193450   3.468380   1.865370  -0.868150   3.101770   0.536590
 -1.193450   3.468380   1.865370  -2.387880   3.115870   2.457570
 -1.193450   3.468380   1.865370  -0.044530   3.949480   2.546220
 -0.191720   0.151810   2.526380  -0.586580   1.570650   2.375300
 -0.191720   0.151810   2.526380  -1.077070  -0.610820   3.570040
 -0.191720   0.151810   2.526380   1.272270  -0.056230   3.066250
 -0.191740  -0.712670   1.186380  -0.191720   0.151810   2.526380
 -0.488080  -0.090470  -0.044920  -0.191740  -0.712670   1.186380
 -0.488080  -0.090470  -0.044920  -1.285050  -0.702420  -0.543570
 -0.488080  -0.090470  -0.044920  -0.831690   0.966410   0.113640
 -0.488080  -0.090470  -0.044920   0.434730  -0.114780  -0.683010
