33 atoms follow (x y z r g b radiusScale)
 -0.109930  -0.098150  -0.020730   0.000000   1.000000   0.000000   1.850000
  0.902060  -0.416060  -0.384370   1.000000   1.000000   1.000000   1.200000
 -0.175350   1.018700   0.093980   1.000000   1.000000   1.000000   1.200000
 -0.886070  -0.458100  -0.745830   1.000000   1.000000   1.000000   1.200000
 -0.367740  -0.741880   1.209530   1.000000   0.000000   0.000000   1.400000
 -0.300970   0.141870   2.528670   0.500000   0.500000   0.500000   1.900000
  1.192750  -0.002090   3.008660   1.000000   0.000000   0.000000   1.400000
 -1.163660  -0.630840   3.588350   1.000000   0.000000   0.000000   1.400000
 -0.667170   1.566240   2.336970   1.000000   0.000000   0.000000   1.400000
 -1.203800   3.433580   1.850880   1.000000   1.000000   0.000000   1.850000
 -0.149860   3.912940   2.680160   1.000000   0.000000   0.000000   1.400000
 -2.465000   3.073820   2.296680   1.000000   0.000000   0.000000   1.400000
 -0.749580   3.141600   0.541970   1.000000   0.000000   0.000000   1.400000
 -1.576990   5.112890   1.402190   1.000000   0.000000   0.000000   1.400000
 -2.793380   5.742280   1.591520   0.000000   1.000000   0.000000   1.850000
 -3.501890   5.473190   0.764500   1.000000   1.000000   1.000000   1.200000
 -2.616140   6.850600   1.577740   1.000000   1.000000   1.000000   1.200000
 -3.247820   5.450040   2.573710   1.000000   1.000000   1.000000   1.200000
  0.953950   5.289160   0.540810   0.000000   0.000000   1.000000   1.540000
  1.025280   5.129930   1.564050   1.000000   1.000000   1.000000   1.200000
  1.728290   5.818540   0.175620   1.000000   1.000000   1.000000   1.200000
  0.049590   5.765700   0.389110   1.000000   1.000000   1.000000   1.200000
  0.865060   4.354410   0.095770   1.000000   1.000000   1.000000   1.200000
  1.498940   2.335710   4.755460   0.000000   0.000000   1.000000   1.540000
  1.463910   0.541530   3.761880   1.000000   1.000000   1.000000   1.200000
  1.004800   2.977920   4.161480   1.000000   1.000000   1.000000   1.200000
  2.445090   2.634890   4.855790   1.000000   1.000000   1.000000   1.200000
  1.070380   2.322090   5.656440   1.000000   1.000000   1.000000   1.200000
 -3.528970   0.963460   3.703300   0.000000   0.000000   1.000000   1.540000
 -2.054820  -0.284840   3.790990   1.000000   1.000000   1.000000   1.200000
 -3.781790   1.104090   2.744220   1.000000   1.000000   1.000000   1.200000
 -3.138140   1.827790   4.029760   1.000000   1.000000   1.000000   1.200000
 -4.351660   0.757650   4.229160   1.000000   1.000000   1.000000   1.200000
28 bonds follow (x1 y1 z1 x2 y2 z2)
 -3.528970   0.963460   3.703300  -4.351660   0.757650   4.229160
 -3.528970   0.963460   3.703300  -3.138140   1.827790   4.029760
 -3.528970   0.963460   3.703300  -3.781790   1.104090   2.744220
 -1.163660  -0.630840   3.588350  -2.054820  -0.284840   3.790990
  1.498940   2.335710   4.755460   1.070380   2.322090   5.656440
  1.498940   2.335710   4.755460   2.445090   2.634890   4.855790
  1.498940   2.335710   4.755460   1.004800   2.977920   4.161480
  1.192750  -0.002090   3.008660   1.463910   0.541530   3.761880
  0.953950   5.289160   0.540810   0.865060   4.354410   0.095770
  0.953950   5.289160   0.540810   0.049590   5.765700   0.389110
  0.953950   5.289160   0.540810   1.728290   5.818540   0.175620
  0.953950   5.289160   0.540810   1.025280   5.129930   1.564050
 -2.793380   5.742280   1.591520  -3.247820   5.450040   2.573710
 -2.793380   5.742280   1.591520  -2.616140   6.850600   1.577740
 -2.793380   5.742280   1.591520  -3.501890   5.473190   0.764500
 -1.576990   5.112890   1.402190  -2.793380   5.742280   1.591520
 -1.203800   3.433580   1.850880  -1.576990   5.112890   1.402190
 -1.203800   3.433580   1.850880  -0.749580   3.141600   0.541970
 -1.203800   3.433580   1.850880  -2.465000   3.073820   2.296680
 -1.203800   3.433580   1.850880  -0.149860   3.912940   2.680160
 -0.300970   0.141870   2.528670  -0.667170   1.566240   2.336970
 -0.300970   0.141870   2.528670  -1.163660  -0.630840   3.588350
 -0.300970   0.141870   2.528670   1.192750  -0.002090   3.008660
 -0.367740  -0.741880   1.209530  -0.300970   0.141870   2.528670
 -0.109930  -0.098150  -0.020730  -0.367740  -0.741880   1.209530
 -0.109930  -0.098150  -0.020730  -0.886070  -0.458100  -0.745830
 -0.109930  -0.098150  -0.020730  -0.175350   1.018700   0.093980
 -0.109930  -0.098150  -0.020730   0.902060  -0.416060  -0.384370
