33 atoms follow (x y z r g b radiusScale)
 -0.038020   0.034970  -0.038620   0.000000   1.000000   0.000000   1.850000
  1.074950  -0.023140  -0.145270   1.000000   1.000000   1.000000   1.200000
 -0.389090   1.101690   0.005290   1.000000   1.000000   1.000000   1.200000
 -0.525780  -0.512530  -0.885030   1.000000   1.000000   1.000000   1.200000
 -0.420900  -0.644700   1.140120   1.000000   0.000000   0.000000   1.400000
 -0.324640   0.145650   2.512930   0.500000   0.500000   0.500000   1.900000
  1.176920  -0.051850   2.933000   1.000000   0.000000   0.000000   1.400000
 -1.222530  -0.616830   3.547020   1.000000   0.000000   0.000000   1.400000
 -0.630850   1.597750   2.414750   1.000000   0.000000   0.000000   1.400000
 -1.177020   3.418030   1.953210   1.000000   1.000000   0.000000   1.850000
 -0.078920   3.924970   2.701070   1.000000   0.000000   0.000000   1.400000
 -2.409660   3.122200   2.513090   1.000000   0.000000   0.000000   1.400000
 -0.763210   3.108400   0.623440   1.000000   0.000000   0.000000   1.400000
 -1.599940   5.066260   1.382100   1.000000   0.000000   0.000000   1.400000
 -2.840770   5.651130   1.219540   0.000000   1.000000   0.000000   1.850000
 -3.250030   5.415690   0.200520   1.000000   1.000000   1.000000   1.200000
 -2.720150   6.764410   1.311570   1.000000   1.000000   1.000000   1.200000
 -3.561320   5.290560   1.998530   1.000000   1.000000   1.000000   1.200000
  0.930220   5.260090   0.556200   0.000000   0.000000   1.000000   1.540000
  0.733380   5.286830   1.579370   1.000000   1.000000   1.000000   1.200000
  1.093070   6.186600   0.202170   1.000000   1.000000   1.000000   1.200000
  0.060670   4.853780   0.131110   1.000000   1.000000   1.000000   1.200000
  1.714430   4.641440   0.372970   1.000000   1.000000   1.000000   1.200000
  1.566800   2.294680   4.702620   0.000000   0.000000   1.000000   1.540000
  1.543750   0.558380   3.589380   1.000000   1.000000   1.000000   1.200000
  1.049770   2.904030   4.093320   1.000000   1.000000   1.000000   1.200000
  2.486850   2.660060   4.826760   1.000000   1.000000   1.000000   1.200000
  1.115070   2.263640   5.592150   1.000000   1.000000   1.000000   1.200000
 -3.606130   0.944590   3.766680   0.000000   0.000000   1.000000   1.540000
 -2.110840  -0.263670   3.754740   1.000000   1.000000   1.000000   1.200000
 -3.803360   1.151250   2.806290   1.000000   1.000000   1.000000   1.200000
 -3.173330   1.762760   4.155130   1.000000   1.000000   1.000000   1.200000
 -4.467820   0.778040   4.241880   1.000000   1.000000   1.000000   1.200000
28 bonds follow (x1 y1 z1 x2 y2 z2)
 -3.606130   0.944590   3.766680  -4.467820   0.778040   4.241880
 -3.606130   0.944590   3.766680  -3.173330   1.762760   4.155130
 -3.606130   0.944590   3.766680  -3.803360   1.151250   2.806290
 -1.222530  -0.616830   3.547020  -2.110840  -0.263670   3.754740
  1.566800   2.294680   4.702620   1.115070   2.263640   5.592150
  1.566800   2.294680   4.702620   2.486850   2.660060   4.826760
  1.566800   2.294680   4.702620   1.049770   2.904030   4.093320
  1.176920  -0.051850   2.933000   1.543750   0.558380   3.589380
  0.930220   5.260090   0.556200   1.714430   4.641440   0.372970
  0.930220   5.260090   0.556200   0.060670   4.853780   0.131110
  0.930220   5.260090   0.556200   1.093070   6.186600   0.202170
  0.930220   5.260090   0.556200   0.733380   5.286830   1.579370
 -2.840770   5.651130   1.219540  -3.561320   5.290560   1.998530
 -2.840770   5.651130   1.219540  -2.720150   6.764410   1.311570
 -2.840770   5.651130   1.219540  -3.250030   5.415690   0.200520
 -1.599940   5.066260   1.382100  -2.840770   5.651130   1.219540
 -1.177020   3.418030   1.953210  -1.599940   5.066260   1.382100
 -1.177020   3.418030   1.953210  -0.763210   3.108400   0.623440
 -1.177020   3.418030   1.953210  -2.409660   3.122200   2.513090
 -1.177020   3.418030   1.953210  -0.078920   3.924970   2.701070
 -0.324640   0.145650   2.512930  -0.630850   1.597750   2.414750
 -0.324640   0.145650   2.512930  -1.222530  -0.616830   3.547020
 -0.324640   0.145650   2.512930   1.176920  -0.051850   2.933000
 -0.420900  -0.644700   1.140120  -0.324640   0.145650   2.512930
 -0.038020   0.034970  -0.038620  -0.420900  -0.644700   1.140120
 -0.038020   0.034970  -0.038620  -0.525780  -0.512530  -0.885030
 -0.038020   0.034970  -0.038620  -0.389090   1.101690   0.005290
 -0.038020   0.034970  -0.038620   1.074950  -0.023140  -0.145270
