33 atoms follow (x y z r g b radiusScale)
  0.004540  -0.001910  -0.005430   0.000000   1.000000   0.000000   1.850000
  1.123200  -0.008660   0.001030   1.000000   1.000000   1.000000   1.200000
 -0.400460   1.046720  -0.018360   1.000000   1.000000   1.000000   1.200000
 -0.382570  -0.587870  -0.876660   1.000000   1.000000   1.000000   1.200000
 -0.451750  -0.670990   1.154720   1.000000   0.000000   0.000000   1.400000
 -0.320700   0.106210   2.520110   0.500000   0.500000   0.500000   1.900000
  1.155470  -0.055700   2.998190   1.000000   0.000000   0.000000   1.400000
 -1.243870  -0.614310   3.540040   1.000000   0.000000   0.000000   1.400000
 -0.682760   1.550260   2.371940   1.000000   0.000000   0.000000   1.400000
 -1.095100   3.271130   1.997630   1.000000   1.000000   0.000000   1.850000
 -0.076380   3.822880   2.768100   1.000000   0.000000   0.000000   1.400000
 -2.369640   3.222320   2.500930   1.000000   0.000000   0.000000   1.400000
 -0.937230   3.125460   0.625770   1.000000   0.000000   0.000000   1.400000
 -1.596790   5.297820   1.584060   1.000000   0.000000   0.000000   1.400000
 -2.796190   5.679140   0.927740   0.000000   1.000000   0.000000   1.850000
 -2.773930   5.327700  -0.133250   1.000000   1.000000   1.000000   1.200000
 -2.924770   6.787090   0.965630   1.000000   1.000000   1.000000   1.200000
 -3.618660   5.163960   1.494010   1.000000   1.000000   1.000000   1.200000
  0.900230   5.509330   0.425420   0.000000   0.000000   1.000000   1.540000
  1.346440   5.208090   1.265690   1.000000   1.000000   1.000000   1.200000
 -0.851130   5.773280   1.242880   1.000000   1.000000   1.000000   1.200000
  0.727140   4.720370  -0.160200   1.000000   1.000000   1.000000   1.200000
  1.479580   6.170240  -0.041840   1.000000   1.000000   1.000000   1.200000
  1.620920   2.229320   4.681790   0.000000   0.000000   1.000000   1.540000
  1.517370   0.584890   3.642070   1.000000   1.000000   1.000000   1.200000
  1.213370   2.934590   4.094480   1.000000   1.000000   1.000000   1.200000
  2.586060   2.443510   4.822100   1.000000   1.000000   1.000000   1.200000
  1.160720   2.239090   5.567750   1.000000   1.000000   1.000000   1.200000
 -3.592090   0.965240   3.762530   0.000000   0.000000   1.000000   1.540000
 -2.144770  -0.262240   3.715780   1.000000   1.000000   1.000000   1.200000
 -3.853020   1.204030   2.825530   1.000000   1.000000   1.000000   1.200000
 -3.188870   1.786850   4.173360   1.000000   1.000000   1.000000   1.200000
 -4.412870   0.715470   4.273100   1.000000   1.000000   1.000000   1.200000
28 bonds follow (x1 y1 z1 x2 y2 z2)
 -3.592090   0.965240   3.762530  -4.412870   0.715470   4.273100
 -3.592090   0.965240   3.762530  -3.188870   1.786850   4.173360
 -3.592090   0.965240   3.762530  -3.853020   1.204030   2.825530
 -1.243870  -0.614310   3.540040  -2.144770  -0.262240   3.715780
  1.620920   2.229320   4.681790   1.160720   2.239090   5.567750
  1.620920   2.229320   4.681790   2.586060   2.443510   4.822100
  1.620920   2.229320   4.681790   1.213370   2.934590   4.094480
  1.155470  -0.055700   2.998190   1.517370   0.584890   3.642070
  0.900230   5.509330   0.425420   1.479580   6.170240  -0.041840
  0.900230   5.509330   0.425420   0.727140   4.720370  -0.160200
 -1.596790   5.297820   1.584060  -0.851130   5.773280   1.242880
  0.900230   5.509330   0.425420   1.346440   5.208090   1.265690
 -2.796190   5.679140   0.927740  -3.618660   5.163960   1.494010
 -2.796190   5.679140   0.927740  -2.924770   6.787090   0.965630
 -2.796190   5.679140   0.927740  -2.773930   5.327700  -0.133250
 -1.596790   5.297820   1.584060  -2.796190   5.679140   0.927740
 -1.095100   3.271130   1.997630  -0.937230   3.125460   0.625770
 -1.095100   3.271130   1.997630  -2.369640   3.222320   2.500930
 -1.095100   3.271130   1.997630  -0.076380   3.822880   2.768100
 -0.682760   1.550260   2.371940  -1.095100   3.271130   1.997630
 -0.320700   0.106210   2.520110  -0.682760   1.550260   2.371940
 -0.320700   0.106210   2.520110  -1.243870  -0.614310   3.540040
 -0.320700   0.106210   2.520110   1.155470  -0.055700   2.998190
 -0.451750  -0.670990   1.154720  -0.320700   0.106210   2.520110
  0.004540  -0.001910  -0.005430  -0.451750  -0.670990   1.154720
  0.004540  -0.001910  -0.005430  -0.382570  -0.587870  -0.876660
  0.004540  -0.001910  -0.005430  -0.400460   1.046720  -0.018360
  0.004540  -0.001910  -0.005430   1.123200  -0.008660   0.001030
