33 atoms follow (x y z r g b radiusScale)
 -0.216910  -0.245640  -0.074240   0.000000   1.000000   0.000000   1.850000
  0.821960  -0.334970  -0.485990   1.000000   1.000000   1.000000   1.200000
 -0.544300   0.830250  -0.031300   1.000000   1.000000   1.000000   1.200000
 -0.911800  -0.845070  -0.717800   1.000000   1.000000   1.000000   1.200000
 -0.251350  -0.817820   1.214740   1.000000   0.000000   0.000000   1.400000
 -0.266710   0.151590   2.481970   0.500000   0.500000   0.500000   1.900000
  1.204650   0.025240   3.009590   1.000000   0.000000   0.000000   1.400000
 -1.091610  -0.608840   3.570910   1.000000   0.000000   0.000000   1.400000
 -0.662440   1.561810   2.261780   1.000000   0.000000   0.000000   1.400000
 -1.100650   3.446370   1.925660   1.000000   1.000000   0.000000   1.850000
  0.129970   3.841510   2.526590   1.000000   0.000000   0.000000   1.400000
 -2.250550   3.187120   2.655150   1.000000   0.000000   0.000000   1.400000
 -0.951410   3.194040   0.536480   1.000000   0.000000   0.000000   1.400000
 -1.489080   5.164960   1.599440   1.000000   0.000000   0.000000   1.400000
 -2.722710   5.755870   1.807460   0.000000   1.000000   0.000000   1.850000
 -3.032110   5.663210   2.880810   1.000000   1.000000   1.000000   1.200000
 -3.504100   5.275680   1.160750   1.000000   1.000000   1.000000   1.200000
 -2.637950   6.842360   1.536700   1.000000   1.000000   1.000000   1.200000
  0.801600   5.163680   0.246870   0.000000   0.000000   1.000000   1.540000
  0.864110   5.189730   1.284710   1.000000   1.000000   1.000000   1.200000
  1.470930   5.777640  -0.183110   1.000000   1.000000   1.000000   1.200000
 -0.170200   5.413080   0.025880   1.000000   1.000000   1.000000   1.200000
  0.915410   4.175510  -0.043720   1.000000   1.000000   1.000000   1.200000
  0.967640   2.508340   4.901590   0.000000   0.000000   1.000000   1.540000
  1.443580   0.494080   3.812070   1.000000   1.000000   1.000000   1.200000
  1.575920   2.942540   4.233820   1.000000   1.000000   1.000000   1.200000
  1.233730   2.805220   5.817470   1.000000   1.000000   1.000000   1.200000
  0.042900   2.846870   4.712720   1.000000   1.000000   1.000000   1.200000
 -3.600540   0.892710   3.393340   0.000000   0.000000   1.000000   1.540000
 -2.038610  -0.423620   3.657150   1.000000   1.000000   1.000000   1.200000
 -3.730660   1.311000   2.492440   1.000000   1.000000   1.000000   1.200000
 -3.178080   1.593270   3.975520   1.000000   1.000000   1.000000   1.200000
 -4.494210   0.658040   3.771780   1.000000   1.000000   1.000000   1.200000
28 bonds follow (x1 y1 z1 x2 y2 z2)
 -3.600540   0.892710   3.393340  -4.494210   0.658040   3.771780
 -3.600540   0.892710   3.393340  -3.178080   1.593270   3.975520
 -3.600540   0.892710   3.393340  -3.730660   1.311000   2.492440
 -1.091610  -0.608840   3.570910  -2.038610  -0.423620   3.657150
  0.967640   2.508340   4.901590   0.042900   2.846870   4.712720
  0.967640   2.508340   4.901590   1.233730   2.805220   5.817470
  0.967640   2.508340   4.901590   1.575920   2.942540   4.233820
  1.204650   0.025240   3.009590   1.443580   0.494080   3.812070
  0.801600   5.163680   0.246870   0.915410   4.175510  -0.043720
  0.801600   5.163680   0.246870  -0.170200   5.413080   0.025880
  0.801600   5.163680   0.246870   1.470930   5.777640  -0.183110
  0.801600   5.163680   0.246870   0.864110   5.189730   1.284710
 -2.722710   5.755870   1.807460  -2.637950   6.842360   1.536700
 -2.722710   5.755870   1.807460  -3.504100   5.275680   1.160750
 -2.722710   5.755870   1.807460  -3.032110   5.663210   2.880810
 -1.489080   5.164960   1.599440  -2.722710   5.755870   1.807460
 -1.100650   3.446370   1.925660  -1.489080   5.164960   1.599440
 -1.100650   3.446370   1.925660  -0.951410   3.194040   0.536480
 -1.100650   3.446370   1.925660  -2.250550   3.187120   2.655150
 -1.100650   3.446370   1.925660   0.129970   3.841510   2.526590
 -0.266710   0.151590   2.481970  -0.662440   1.561810   2.261780
 -0.266710   0.151590   2.481970  -1.091610  -0.608840   3.570910
 -0.266710   0.151590   2.481970   1.204650   0.025240   3.009590
 -0.251350  -0.817820   1.214740  -0.266710   0.151590   2.481970
 -0.216910  -0.245640  -0.074240  -0.251350  -0.817820   1.214740
 -0.216910  -0.245640  -0.074240  -0.911800  -0.845070  -0.717800
 -0.216910  -0.245640  -0.074240  -0.544300   0.830250  -0.031300
 -0.216910  -0.245640  -0.074240   0.821960  -0.334970  -0.485990
