33 atoms follow (x y z r g b radiusScale)
 -0.004910   0.003110   0.002790   0.000000   1.000000   0.000000   1.850000
  1.114100  -0.005740  -0.012600   1.000000   1.000000   1.000000   1.200000
 -0.400270   1.056180   0.014460   1.000000   1.000000   1.000000   1.200000
 -0.406370  -0.564110  -0.874030   1.000000   1.000000   1.000000   1.200000
 -0.440920  -0.681810   1.158050   1.000000   0.000000   0.000000   1.400000
 -0.331960   0.142570   2.512990   0.500000   0.500000   0.500000   1.900000
  1.150240  -0.081280   2.987340   1.000000   0.000000   0.000000   1.400000
 -1.233240  -0.629340   3.535090   1.000000   0.000000   0.000000   1.400000
 -0.657070   1.581920   2.358030   1.000000   0.000000   0.000000   1.400000
 -1.172010   3.468020   1.959020   1.000000   1.000000   0.000000   1.850000
 -0.012740   3.890770   2.667570   1.000000   0.000000   0.000000   1.400000
 -2.377880   3.095460   2.525390   1.000000   0.000000   0.000000   1.400000
 -0.838960   3.220100   0.596790   1.000000   0.000000   0.000000   1.400000
 -1.584240   5.182080   1.608430   1.000000   0.000000   0.000000   1.400000
 -2.792150   5.526480   1.031950   0.000000   1.000000   0.000000   1.850000
 -2.804030   5.229690  -0.052120   1.000000   1.000000   1.000000   1.200000
 -2.921210   6.637920   1.104260   1.000000   1.000000   1.000000   1.200000
 -3.646050   5.022840   1.556330   1.000000   1.000000   1.000000   1.200000
  0.865620   5.305240   0.523980   0.000000   0.000000   1.000000   1.540000
  0.866080   5.079330   1.543960   1.000000   1.000000   1.000000   1.200000
  0.353670   6.185060   0.407410   1.000000   1.000000   1.000000   1.200000
  0.315870   4.552610   0.051320   1.000000   1.000000   1.000000   1.200000
  1.803250   5.358590   0.160160   1.000000   1.000000   1.000000   1.200000
  1.612390   2.245340   4.685020   0.000000   0.000000   1.000000   1.540000
  1.520730   0.544610   3.629230   1.000000   1.000000   1.000000   1.200000
  1.132820   2.874620   4.065650   1.000000   1.000000   1.000000   1.200000
  2.545290   2.570320   4.824240   1.000000   1.000000   1.000000   1.200000
  1.143410   2.234720   5.566060   1.000000   1.000000   1.000000   1.200000
 -3.612540   0.940250   3.780940   0.000000   0.000000   1.000000   1.540000
 -2.131660  -0.294440   3.720590   1.000000   1.000000   1.000000   1.200000
 -3.817460   1.181590   2.830390   1.000000   1.000000   1.000000   1.200000
 -3.159090   1.735890   4.190630   1.000000   1.000000   1.000000   1.200000
 -4.469730   0.771770   4.263340   1.000000   1.000000   1.000000   1.200000
28 bonds follow (x1 y1 z1 x2 y2 z2)
 -3.612540   0.940250   3.780940  -4.469730   0.771770   4.263340
 -3.612540   0.940250   3.780940  -3.159090   1.735890   4.190630
 -3.612540   0.940250   3.780940  -3.817460   1.181590   2.830390
 -1.233240  -0.629340   3.535090  -2.131660  -0.294440   3.720590
  1.612390   2.245340   4.685020   1.143410   2.234720   5.566060
  1.612390   2.245340   4.685020   2.545290   2.570320   4.824240
  1.612390   2.245340   4.685020   1.132820   2.874620   4.065650
  1.150240  -0.081280   2.987340   1.520730   0.544610   3.629230
  0.865620   5.305240   0.523980   1.803250   5.358590   0.160160
  0.865620   5.305240   0.523980   0.315870   4.552610   0.051320
  0.865620   5.305240   0.523980   0.353670   6.185060   0.407410
  0.865620   5.305240   0.523980   0.866080   5.079330   1.543960
 -2.792150   5.526480   1.031950  -3.646050   5.022840   1.556330
 -2.792150   5.526480   1.031950  -2.921210   6.637920   1.104260
 -2.792150   5.526480   1.031950  -2.804030   5.229690  -0.052120
 -1.584240   5.182080   1.608430  -2.792150   5.526480   1.031950
 -1.172010   3.468020   1.959020  -1.584240   5.182080   1.608430
 -1.172010   3.468020   1.959020  -0.838960   3.220100   0.596790
 -1.172010   3.468020   1.959020  -2.377880   3.095460   2.525390
 -1.172010   3.468020   1.959020  -0.012740   3.890770   2.667570
 -0.331960   0.142570   2.512990  -0.657070   1.581920   2.358030
 -0.331960   0.142570   2.512990  -1.233240  -0.629340   3.535090
 -0.331960   0.142570   2.512990   1.150240  -0.081280   2.987340
 -0.440920  -0.681810   1.158050  -0.331960   0.142570   2.512990
 -0.004910   0.003110   0.002790  -0.440920  -0.681810   1.158050
 -0.004910   0.003110   0.002790  -0.406370  -0.564110  -0.874030
 -0.004910   0.003110   0.002790  -0.400270   1.056180   0.014460
 -0.004910   0.003110   0.002790   1.114100  -0.005740  -0.012600
