33 atoms follow (x y z r g b radiusScale)
 -0.090490  -0.090500  -0.027550   0.000000   1.000000   0.000000   1.850000
  0.947830  -0.375470  -0.341310   1.000000   1.000000   1.000000   1.200000
 -0.204030   1.024130   0.066260   1.000000   1.000000   1.000000   1.200000
 -0.819470  -0.494640  -0.777510   1.000000   1.000000   1.000000   1.200000
 -0.382360  -0.719960   1.201100   1.000000   0.000000   0.000000   1.400000
 -0.314330   0.143400   2.533540   0.500000   0.500000   0.500000   1.900000
  1.172220  -0.025850   3.012510   1.000000   0.000000   0.000000   1.400000
 -1.141820  -0.670380   3.589210   1.000000   0.000000   0.000000   1.400000
 -0.686830   1.569940   2.370370   1.000000   0.000000   0.000000   1.400000
 -1.187880   3.444340   1.864670   1.000000   1.000000   0.000000   1.850000
 -0.129640   3.907360   2.688020   1.000000   0.000000   0.000000   1.400000
 -2.456250   3.079070   2.270020   1.000000   0.000000   0.000000   1.400000
 -0.708850   3.145300   0.558260   1.000000   0.000000   0.000000   1.400000
 -1.600040   5.142510   1.435910   1.000000   0.000000   0.000000   1.400000
 -2.828740   5.768770   1.546570   0.000000   1.000000   0.000000   1.850000
 -3.490060   5.488230   0.684510   1.000000   1.000000   1.000000   1.200000
 -2.661030   6.879220   1.529680   1.000000   1.000000   1.000000   1.200000
 -3.340830   5.487410   2.502740   1.000000   1.000000   1.000000   1.200000
  0.929600   5.267960   0.514600   0.000000   0.000000   1.000000   1.540000
  0.922430   5.340340   1.554210   1.000000   1.000000   1.000000   1.200000
  1.703650   5.759050   0.094850   1.000000   1.000000   1.000000   1.200000
  0.004710   5.621460   0.189860   1.000000   1.000000   1.000000   1.200000
  0.942550   4.260140   0.289090   1.000000   1.000000   1.000000   1.200000
  1.506140   2.317420   4.744660   0.000000   0.000000   1.000000   1.540000
  1.523150   0.616070   3.646320   1.000000   1.000000   1.000000   1.200000
  0.999410   2.903230   4.104150   1.000000   1.000000   1.000000   1.200000
  2.439420   2.659850   4.831700   1.000000   1.000000   1.000000   1.200000
  1.067320   2.361060   5.640020   1.000000   1.000000   1.000000   1.200000
 -3.520960   0.950470   3.707530   0.000000   0.000000   1.000000   1.540000
 -2.035620  -0.362410   3.817280   1.000000   1.000000   1.000000   1.200000
 -3.771730   1.112300   2.750800   1.000000   1.000000   1.000000   1.200000
 -3.068900   1.786230   4.030470   1.000000   1.000000   1.000000   1.200000
 -4.354450   0.810290   4.238640   1.000000   1.000000   1.000000   1.200000
28 bonds follow (x1 y1 z1 x2 y2 z2)
 -3.520960   0.950470   3.707530  -4.354450   0.810290   4.238640
 -3.520960   0.950470   3.707530  -3.068900   1.786230   4.030470
 -3.520960   0.950470   3.707530  -3.771730   1.112300   2.750800
 -1.141820  -0.670380   3.589210  -2.035620  -0.362410   3.817280
  1.506140   2.317420   4.744660   1.067320   2.361060   5.640020
  1.506140   2.317420   4.744660   2.439420   2.659850   4.831700
  1.506140   2.317420   4.744660   0.999410   2.903230   4.104150
  1.172220  -0.025850   3.012510   1.523150   0.616070   3.646320
  0.929600   5.267960   0.514600   0.942550   4.260140   0.289090
  0.929600   5.267960   0.514600   0.004710   5.621460   0.189860
  0.929600   5.267960   0.514600   1.703650   5.759050   0.094850
  0.929600   5.267960   0.514600   0.922430   5.340340   1.554210
 -2.828740   5.768770   1.546570  -3.340830   5.487410   2.502740
 -2.828740   5.768770   1.546570  -2.661030   6.879220   1.529680
 -2.828740   5.768770   1.546570  -3.490060   5.488230   0.684510
 -1.600040   5.142510   1.435910  -2.828740   5.768770   1.546570
 -1.187880   3.444340   1.864670  -1.600040   5.142510   1.435910
 -1.187880   3.444340   1.864670  -0.708850   3.145300   0.558260
 -1.187880   3.444340   1.864670  -2.456250   3.079070   2.270020
 -1.187880   3.444340   1.864670  -0.129640   3.907360   2.688020
 -0.314330   0.143400   2.533540  -0.686830   1.569940   2.370370
 -0.314330   0.143400   2.533540  -1.141820  -0.670380   3.589210
 -0.314330   0.143400   2.533540   1.172220  -0.025850   3.012510
 -0.382360  -0.719960   1.201100  -0.314330   0.143400   2.533540
 -0.090490  -0.090500  -0.027550  -0.382360  -0.719960   1.201100
 -0.090490  -0.090500  -0.027550  -0.819470  -0.494640  -0.777510
 -0.090490  -0.090500  -0.027550  -0.204030   1.024130   0.066260
 -0.090490  -0.090500  -0.027550   0.947830  -0.375470  -0.341310
