33 atoms follow (x y z r g b radiusScale)
 -0.558050  -0.185560   0.005040   0.000000   1.000000   0.000000   1.850000
  0.218400  -0.465460  -0.753560   1.000000   1.000000   1.000000   1.200000
 -0.651150   0.932850   0.081430   1.000000   1.000000   1.000000   1.200000
 -1.536200  -0.647560  -0.291310   1.000000   1.000000   1.000000   1.200000
 -0.155770  -0.753110   1.235250   1.000000   0.000000   0.000000   1.400000
 -0.191610   0.168040   2.529070   0.500000   0.500000   0.500000   1.900000
  1.253230   0.086670   3.151490   1.000000   0.000000   0.000000   1.400000
 -1.117390  -0.601070   3.535360   1.000000   0.000000   0.000000   1.400000
 -0.676330   1.540770   2.232620   1.000000   0.000000   0.000000   1.400000
 -1.180880   3.390480   1.789270   1.000000   1.000000   0.000000   1.850000
 -0.105580   3.832650   2.606530   1.000000   0.000000   0.000000   1.400000
 -2.427870   3.087200   2.300480   1.000000   0.000000   0.000000   1.400000
 -0.744460   3.127820   0.463260   1.000000   0.000000   0.000000   1.400000
 -1.577300   5.084810   1.313660   1.000000   0.000000   0.000000   1.400000
 -2.558310   5.793310   1.979030   0.000000   1.000000   0.000000   1.850000
 -3.563330   5.323770   1.815220   1.000000   1.000000   1.000000   1.200000
 -2.570710   6.844340   1.586440   1.000000   1.000000   1.000000   1.200000
 -2.344270   5.816620   3.081500   1.000000   1.000000   1.000000   1.200000
  0.882330   5.335280   0.457220   0.000000   0.000000   1.000000   1.540000
  0.918710   5.216780   1.491210   1.000000   1.000000   1.000000   1.200000
  1.665480   5.858070   0.097380   1.000000   1.000000   1.000000   1.200000
 -0.027080   5.792290   0.247750   1.000000   1.000000   1.000000   1.200000
  0.831350   4.380390   0.055970   1.000000   1.000000   1.000000   1.200000
  1.224850   2.410510   4.935700   0.000000   0.000000   1.000000   1.540000
  1.465630   0.694460   3.875920   1.000000   1.000000   1.000000   1.200000
  0.937060   3.010260   4.182510   1.000000   1.000000   1.000000   1.200000
  2.097210   2.734040   5.296390   1.000000   1.000000   1.000000   1.200000
  0.542720   2.457660   5.662990   1.000000   1.000000   1.000000   1.200000
 -3.580590   0.920370   3.551440   0.000000   0.000000   1.000000   1.540000
 -1.998390  -0.228160   3.723460   1.000000   1.000000   1.000000   1.200000
 -3.806590   1.080810   2.589860   1.000000   1.000000   1.000000   1.200000
 -3.286790   1.798890   3.934510   1.000000   1.000000   1.000000   1.200000
 -4.396260   0.605510   4.032580   1.000000   1.000000   1.000000   1.200000
28 bonds follow (x1 y1 z1 x2 y2 z2)
 -3.580590   0.920370   3.551440  -4.396260   0.605510   4.032580
 -3.580590   0.920370   3.551440  -3.286790   1.798890   3.934510
 -3.580590   0.920370   3.551440  -3.806590   1.080810   2.589860
 -1.117390  -0.601070   3.535360  -1.998390  -0.228160   3.723460
  1.224850   2.410510   4.935700   0.542720   2.457660   5.662990
  1.224850   2.410510   4.935700   2.097210   2.734040   5.296390
  1.224850   2.410510   4.935700   0.937060   3.010260   4.182510
  1.253230   0.086670   3.151490   1.465630   0.694460   3.875920
  0.882330   5.335280   0.457220   0.831350   4.380390   0.055970
  0.882330   5.335280   0.457220  -0.027080   5.792290   0.247750
  0.882330   5.335280   0.457220   1.665480   5.858070   0.097380
  0.882330   5.335280   0.457220   0.918710   5.216780   1.491210
 -2.558310   5.793310   1.979030  -2.344270   5.816620   3.081500
 -2.558310   5.793310   1.979030  -2.570710   6.844340   1.586440
 -2.558310   5.793310   1.979030  -3.563330   5.323770   1.815220
 -1.577300   5.084810   1.313660  -2.558310   5.793310   1.979030
 -1.180880   3.390480   1.789270  -1.577300   5.084810   1.313660
 -1.180880   3.390480   1.789270  -0.744460   3.127820   0.463260
 -1.180880   3.390480   1.789270  -2.427870   3.087200   2.300480
 -1.180880   3.390480   1.789270  -0.105580   3.832650   2.606530
 -0.191610   0.168040   2.529070  -0.676330   1.540770   2.232620
 -0.191610   0.168040   2.529070  -1.117390  -0.601070   3.535360
 -0.191610   0.168040   2.529070   1.253230   0.086670   3.151490
 -0.155770  -0.753110   1.235250  -0.191610   0.168040   2.529070
 -0.558050  -0.185560   0.005040  -0.155770  -0.753110   1.235250
 -0.558050  -0.185560   0.005040  -1.536200  -0.647560  -0.291310
 -0.558050  -0.185560   0.005040  -0.651150   0.932850   0.081430
 -0.558050  -0.185560   0.005040   0.218400  -0.465460  -0.753560
