33 atoms follow (x y z r g b radiusScale)
  0.012530  -0.007410  -0.011140   0.000000   1.000000   0.000000   1.850000
  1.130790  -0.008390   0.010730   1.000000   1.000000   1.000000   1.200000
 -0.396440   1.038750  -0.016870   1.000000   1.000000   1.000000   1.200000
 -0.360570  -0.586970  -0.892420   1.000000   1.000000   1.000000   1.200000
 -0.457190  -0.692260   1.137840   1.000000   0.000000   0.000000   1.400000
 -0.305900   0.049760   2.530080   0.500000   0.500000   0.500000   1.900000
  1.180540  -0.050480   3.014500   1.000000   0.000000   0.000000   1.400000
 -1.266730  -0.627710   3.561680   1.000000   0.000000   0.000000   1.400000
 -0.669640   1.501780   2.379480   1.000000   0.000000   0.000000   1.400000
 -1.112300   3.257320   2.011960   1.000000   1.000000   0.000000   1.850000
 -0.076500   3.769830   2.753270   1.000000   0.000000   0.000000   1.400000
 -2.389050   3.191940   2.528150   1.000000   0.000000   0.000000   1.400000
 -0.911580   3.097650   0.658980   1.000000   0.000000   0.000000   1.400000
 -1.750800   5.475480   1.643740   1.000000   0.000000   0.000000   1.400000
 -2.923090   5.743130   0.882680   0.000000   1.000000   0.000000   1.850000
 -2.791370   5.378200  -0.164820   1.000000   1.000000   1.000000   1.200000
 -3.154400   6.834050   0.880830   1.000000   1.000000   1.000000   1.200000
 -3.741950   5.168450   1.398740   1.000000   1.000000   1.000000   1.200000
  1.148090   5.613320   0.304180   0.000000   0.000000   1.000000   1.540000
  1.356330   5.272770   1.218370   1.000000   1.000000   1.000000   1.200000
 -1.104970   5.979340   1.359020   1.000000   1.000000   1.000000   1.200000
  0.561860   4.952960  -0.163240   1.000000   1.000000   1.000000   1.200000
  2.000280   5.727770  -0.202950   1.000000   1.000000   1.000000   1.200000
  1.630860   2.214660   4.676650   0.000000   0.000000   1.000000   1.540000
  1.498230   0.634890   3.643290   1.000000   1.000000   1.000000   1.200000
  1.264510   2.952480   4.103830   1.000000   1.000000   1.000000   1.200000
  2.604780   2.370920   4.830960   1.000000   1.000000   1.000000   1.200000
  1.160810   2.216830   5.557060   1.000000   1.000000   1.000000   1.200000
 -3.572720   0.981570   3.747850   0.000000   0.000000   1.000000   1.540000
 -2.146280  -0.204940   3.715430   1.000000   1.000000   1.000000   1.200000
 -3.867590   1.210800   2.819220   1.000000   1.000000   1.000000   1.200000
 -3.200130   1.818330   4.156190   1.000000   1.000000   1.000000   1.200000
 -4.363720   0.681390   4.277590   1.000000   1.000000   1.000000   1.200000
28 bonds follow (x1 y1 z1 x2 y2 z2)
 -3.572720   0.981570   3.747850  -4.363720   0.681390   4.277590
 -3.572720   0.981570   3.747850  -3.200130   1.818330   4.156190
 -3.572720   0.981570   3.747850  -3.867590   1.210800   2.819220
 -1.266730  -0.627710   3.561680  -2.146280  -0.204940   3.715430
  1.630860   2.214660   4.676650   1.160810   2.216830   5.557060
  1.630860   2.214660   4.676650   2.604780   2.370920   4.830960
  1.630860   2.214660   4.676650   1.264510   2.952480   4.103830
  1.180540  -0.050480   3.014500   1.498230   0.634890   3.643290
  1.148090   5.613320   0.304180   2.000280   5.727770  -0.202950
  1.148090   5.613320   0.304180   0.561860   4.952960  -0.163240
 -1.750800   5.475480   1.643740  -1.104970   5.979340   1.359020
  1.148090   5.613320   0.304180   1.356330   5.272770   1.218370
 -2.923090   5.743130   0.882680  -3.741950   5.168450   1.398740
 -2.923090   5.743130   0.882680  -3.154400   6.834050   0.880830
 -2.923090   5.743130   0.882680  -2.791370   5.378200  -0.164820
 -1.750800   5.475480   1.643740  -2.923090   5.743130   0.882680
 -1.112300   3.257320   2.011960  -0.911580   3.097650   0.658980
 -1.112300   3.257320   2.011960  -2.389050   3.191940   2.528150
 -1.112300   3.257320   2.011960  -0.076500   3.769830   2.753270
 -0.669640   1.501780   2.379480  -1.112300   3.257320   2.011960
 -0.305900   0.049760   2.530080  -0.669640   1.501780   2.379480
 -0.305900   0.049760   2.530080  -1.266730  -0.627710   3.561680
 -0.305900   0.049760   2.530080   1.180540  -0.050480   3.014500
 -0.457190  -0.692260   1.137840  -0.305900   0.049760   2.530080
  0.012530  -0.007410  -0.011140  -0.457190  -0.692260   1.137840
  0.012530  -0.007410  -0.011140  -0.360570  -0.586970  -0.892420
  0.012530  -0.007410  -0.011140  -0.396440   1.038750  -0.016870
  0.012530  -0.007410  -0.011140   1.130790  -0.008390   0.010730
