33 atoms follow (x y z r g b radiusScale)
 -0.531570  -0.109230  -0.016830   0.000000   1.000000   0.000000   1.850000
  0.338690  -0.231910  -0.714550   1.000000   1.000000   1.000000   1.200000
 -0.774170   0.977380   0.126320   1.000000   1.000000   1.000000   1.200000
 -1.411340  -0.662980  -0.438620   1.000000   1.000000   1.000000   1.200000
 -0.192670  -0.720050   1.210110   1.000000   0.000000   0.000000   1.400000
 -0.153170   0.169120   2.531520   0.500000   0.500000   0.500000   1.900000
  1.315740  -0.011070   3.073020   1.000000   0.000000   0.000000   1.400000
 -1.104030  -0.611390   3.501640   1.000000   0.000000   0.000000   1.400000
 -0.581640   1.570700   2.311210   1.000000   0.000000   0.000000   1.400000
 -1.185710   3.448260   1.856010   1.000000   1.000000   0.000000   1.850000
 -0.092920   3.920250   2.618700   1.000000   0.000000   0.000000   1.400000
 -2.409870   3.180180   2.440660   1.000000   0.000000   0.000000   1.400000
 -0.791980   3.080570   0.540970   1.000000   0.000000   0.000000   1.400000
 -1.609470   5.093210   1.293630   1.000000   0.000000   0.000000   1.400000
 -2.529500   5.904590   1.933780   0.000000   1.000000   0.000000   1.850000
 -3.347820   5.299400   2.404630   1.000000   1.000000   1.000000   1.200000
 -2.975440   6.601130   1.175320   1.000000   1.000000   1.000000   1.200000
 -2.015830   6.511170   2.727990   1.000000   1.000000   1.000000   1.200000
  0.890670   5.131640   0.295830   0.000000   0.000000   1.000000   1.540000
  1.067940   4.985800   1.311890   1.000000   1.000000   1.000000   1.200000
  1.665470   5.581440  -0.168960   1.000000   1.000000   1.000000   1.200000
  0.014060   5.691150   0.230290   1.000000   1.000000   1.000000   1.200000
  0.675300   4.206420  -0.105850   1.000000   1.000000   1.000000   1.200000
  1.069280   2.424670   4.974680   0.000000   0.000000   1.000000   1.540000
  1.580160   0.512120   3.835060   1.000000   1.000000   1.000000   1.200000
  0.859130   3.047620   4.215710   1.000000   1.000000   1.000000   1.200000
  1.862280   2.773000   5.470770   1.000000   1.000000   1.000000   1.200000
  0.290070   2.406940   5.599380   1.000000   1.000000   1.000000   1.200000
 -3.628070   0.761340   3.483440   0.000000   0.000000   1.000000   1.540000
 -2.027110  -0.306720   3.589340   1.000000   1.000000   1.000000   1.200000
 -3.847230   0.857750   2.512520   1.000000   1.000000   1.000000   1.200000
 -3.323830   1.659780   3.812180   1.000000   1.000000   1.000000   1.200000
 -4.453350   0.489710   3.974750   1.000000   1.000000   1.000000   1.200000
28 bonds follow (x1 y1 z1 x2 y2 z2)
 -3.628070   0.761340   3.483440  -4.453350   0.489710   3.974750
 -3.628070   0.761340   3.483440  -3.323830   1.659780   3.812180
 -3.628070   0.761340   3.483440  -3.847230   0.857750   2.512520
 -1.104030  -0.611390   3.501640  -2.027110  -0.306720   3.589340
  1.069280   2.424670   4.974680   0.290070   2.406940   5.599380
  1.069280   2.424670   4.974680   1.862280   2.773000   5.470770
  1.069280   2.424670   4.974680   0.859130   3.047620   4.215710
  1.315740  -0.011070   3.073020   1.580160   0.512120   3.835060
  0.890670   5.131640   0.295830   0.675300   4.206420  -0.105850
  0.890670   5.131640   0.295830   0.014060   5.691150   0.230290
  0.890670   5.131640   0.295830   1.665470   5.581440  -0.168960
  0.890670   5.131640   0.295830   1.067940   4.985800   1.311890
 -2.529500   5.904590   1.933780  -2.015830   6.511170   2.727990
 -2.529500   5.904590   1.933780  -2.975440   6.601130   1.175320
 -2.529500   5.904590   1.933780  -3.347820   5.299400   2.404630
 -1.609470   5.093210   1.293630  -2.529500   5.904590   1.933780
 -1.185710   3.448260   1.856010  -1.609470   5.093210   1.293630
 -1.185710   3.448260   1.856010  -0.791980   3.080570   0.540970
 -1.185710   3.448260   1.856010  -2.409870   3.180180   2.440660
 -1.185710   3.448260   1.856010  -0.092920   3.920250   2.618700
 -0.153170   0.169120   2.531520  -0.581640   1.570700   2.311210
 -0.153170   0.169120   2.531520  -1.104030  -0.611390   3.501640
 -0.153170   0.169120   2.531520   1.315740  -0.011070   3.073020
 -0.192670  -0.720050   1.210110  -0.153170   0.169120   2.531520
 -0.531570  -0.109230  -0.016830  -0.192670  -0.720050   1.210110
 -0.531570  -0.109230  -0.016830  -1.411340  -0.662980  -0.438620
 -0.531570  -0.109230  -0.016830  -0.774170   0.977380   0.126320
 -0.531570  -0.109230  -0.016830   0.338690  -0.231910  -0.714550
