33 atoms follow (x y z r g b radiusScale)
 -0.430130  -0.231950  -0.006640   0.000000   1.000000   0.000000   1.850000
  0.506200  -0.378970  -0.607120   1.000000   1.000000   1.000000   1.200000
 -0.683830   0.859510   0.070450   1.000000   1.000000   1.000000   1.200000
 -1.264620  -0.802770  -0.492260   1.000000   1.000000   1.000000   1.200000
 -0.224580  -0.798830   1.269280   1.000000   0.000000   0.000000   1.400000
 -0.211760   0.158750   2.536760   0.500000   0.500000   0.500000   1.900000
  1.244290   0.058200   3.127600   1.000000   0.000000   0.000000   1.400000
 -1.155030  -0.599860   3.538430   1.000000   0.000000   0.000000   1.400000
 -0.631100   1.543730   2.209440   1.000000   0.000000   0.000000   1.400000
 -1.190840   3.406100   1.766040   1.000000   1.000000   0.000000   1.850000
 -0.125470   3.837600   2.603420   1.000000   0.000000   0.000000   1.400000
 -2.460280   3.074700   2.218220   1.000000   0.000000   0.000000   1.400000
 -0.704030   3.200100   0.446020   1.000000   0.000000   0.000000   1.400000
 -1.604800   5.099920   1.388450   1.000000   0.000000   0.000000   1.400000
 -2.680950   5.781760   1.930020   0.000000   1.000000   0.000000   1.850000
 -3.638280   5.442280   1.456780   1.000000   1.000000   1.000000   1.200000
 -2.534000   6.875610   1.726620   1.000000   1.000000   1.000000   1.200000
 -2.742190   5.615330   3.037190   1.000000   1.000000   1.000000   1.200000
  0.948200   5.292390   0.560720   0.000000   0.000000   1.000000   1.540000
  1.469100   4.594300   1.107570   1.000000   1.000000   1.000000   1.200000
  1.551250   5.945870   0.087590   1.000000   1.000000   1.000000   1.200000
  0.296280   5.757730   1.222880   1.000000   1.000000   1.000000   1.200000
  0.347390   4.767480  -0.099990   1.000000   1.000000   1.000000   1.200000
  1.327300   2.459570   4.840110   0.000000   0.000000   1.000000   1.540000
  1.469370   0.629370   3.875500   1.000000   1.000000   1.000000   1.200000
  0.889960   3.081260   4.184550   1.000000   1.000000   1.000000   1.200000
  2.248220   2.786860   5.040610   1.000000   1.000000   1.000000   1.200000
  0.800600   2.452170   5.687890   1.000000   1.000000   1.000000   1.200000
 -3.606440   0.953590   3.665300   0.000000   0.000000   1.000000   1.540000
 -2.067140  -0.280430   3.660100   1.000000   1.000000   1.000000   1.200000
 -3.712420   1.217400   2.703320   1.000000   1.000000   1.000000   1.200000
 -3.324150   1.775570   4.162040   1.000000   1.000000   1.000000   1.200000
 -4.487840   0.646790   4.019640   1.000000   1.000000   1.000000   1.200000
28 bonds follow (x1 y1 z1 x2 y2 z2)
 -3.606440   0.953590   3.665300  -4.487840   0.646790   4.019640
 -3.606440   0.953590   3.665300  -3.324150   1.775570   4.162040
 -3.606440   0.953590   3.665300  -3.712420   1.217400   2.703320
 -1.155030  -0.599860   3.538430  -2.067140  -0.280430   3.660100
  1.327300   2.459570   4.840110   0.800600   2.452170   5.687890
  1.327300   2.459570   4.840110   2.248220   2.786860   5.040610
  1.327300   2.459570   4.840110   0.889960   3.081260   4.184550
  1.244290   0.058200   3.127600   1.469370   0.629370   3.875500
  0.948200   5.292390   0.560720   0.347390   4.767480  -0.099990
  0.948200   5.292390   0.560720   0.296280   5.757730   1.222880
  0.948200   5.292390   0.560720   1.551250   5.945870   0.087590
  0.948200   5.292390   0.560720   1.469100   4.594300   1.107570
 -2.680950   5.781760   1.930020  -2.742190   5.615330   3.037190
 -2.680950   5.781760   1.930020  -2.534000   6.875610   1.726620
 -2.680950   5.781760   1.930020  -3.638280   5.442280   1.456780
 -1.604800   5.099920   1.388450  -2.680950   5.781760   1.930020
 -1.190840   3.406100   1.766040  -1.604800   5.099920   1.388450
 -1.190840   3.406100   1.766040  -0.704030   3.200100   0.446020
 -1.190840   3.406100   1.766040  -2.460280   3.074700   2.218220
 -1.190840   3.406100   1.766040  -0.125470   3.837600   2.603420
 -0.211760   0.158750   2.536760  -0.631100   1.543730   2.209440
 -0.211760   0.158750   2.536760  -1.155030  -0.599860   3.538430
 -0.211760   0.158750   2.536760   1.244290   0.058200   3.127600
 -0.224580  -0.798830   1.269280  -0.211760   0.158750   2.536760
 -0.430130  -0.231950  -0.006640  -0.224580  -0.798830   1.269280
 -0.430130  -0.231950  -0.006640  -1.264620  -0.802770  -0.492260
 -0.430130  -0.231950  -0.006640  -0.683830   0.859510   0.070450
 -0.430130  -0.231950  -0.006640   0.506200  -0.378970  -0.607120
