33 atoms follow (x y z r g b radiusScale)
 -0.256920  -0.174740  -0.066220   0.000000   1.000000   0.000000   1.850000
  0.681940  -0.495050  -0.589820   1.000000   1.000000   1.000000   1.200000
 -0.328110   0.944870  -0.000880   1.000000   1.000000   1.000000   1.200000
 -1.139690  -0.596530  -0.615340   1.000000   1.000000   1.000000   1.200000
 -0.249130  -0.756700   1.221900   1.000000   0.000000   0.000000   1.400000
 -0.252850   0.177170   2.501590   0.500000   0.500000   0.500000   1.900000
  1.208820   0.052510   3.063650   1.000000   0.000000   0.000000   1.400000
 -1.159970  -0.479770   3.598420   1.000000   0.000000   0.000000   1.400000
 -0.659330   1.575230   2.221460   1.000000   0.000000   0.000000   1.400000
 -1.191800   3.369040   1.805950   1.000000   1.000000   0.000000   1.850000
 -0.104560   3.859210   2.598030   1.000000   0.000000   0.000000   1.400000
 -2.440190   3.043490   2.321760   1.000000   0.000000   0.000000   1.400000
 -0.728140   3.123310   0.479690   1.000000   0.000000   0.000000   1.400000
 -1.613830   5.039730   1.330870   1.000000   0.000000   0.000000   1.400000
 -2.706990   5.763040   1.762770   0.000000   1.000000   0.000000   1.850000
 -3.604760   5.525410   1.133740   1.000000   1.000000   1.000000   1.200000
 -2.470020   6.856400   1.662990   1.000000   1.000000   1.000000   1.200000
 -2.943040   5.532920   2.834920   1.000000   1.000000   1.000000   1.200000
  0.933970   5.277840   0.681840   0.000000   0.000000   1.000000   1.540000
  1.337750   4.508620   1.237100   1.000000   1.000000   1.000000   1.200000
  1.610190   5.739680   0.099690   1.000000   1.000000   1.000000   1.200000
  0.462690   5.911790   1.346910   1.000000   1.000000   1.000000   1.200000
  0.162470   4.841600   0.112390   1.000000   1.000000   1.000000   1.200000
  1.437680   2.417330   4.802200   0.000000   0.000000   1.000000   1.540000
  1.467900   0.626120   3.799170   1.000000   1.000000   1.000000   1.200000
  0.881250   3.064080   4.272250   1.000000   1.000000   1.000000   1.200000
  2.333480   2.816890   4.980910   1.000000   1.000000   1.000000   1.200000
  0.991180   2.226240   5.674020   1.000000   1.000000   1.000000   1.200000
 -3.676100   0.970610   3.726130   0.000000   0.000000   1.000000   1.540000
 -2.077720  -0.167640   3.709720   1.000000   1.000000   1.000000   1.200000
 -3.879030   1.233930   2.780990   1.000000   1.000000   1.000000   1.200000
 -3.320310   1.785770   4.186580   1.000000   1.000000   1.000000   1.200000
 -4.518620   0.681550   4.176000   1.000000   1.000000   1.000000   1.200000
29 bonds follow (x1 y1 z1 x2 y2 z2)
 -3.676100   0.970610   3.726130  -4.518620   0.681550   4.176000
 -3.676100   0.970610   3.726130  -3.320310   1.785770   4.186580
 -3.676100   0.970610   3.726130  -3.879030   1.233930   2.780990
 -1.159970  -0.479770   3.598420  -2.077720  -0.167640   3.709720
  1.437680   2.417330   4.802200   0.991180   2.226240   5.674020
  1.437680   2.417330   4.802200   2.333480   2.816890   4.980910
  1.437680   2.417330   4.802200   0.881250   3.064080   4.272250
  1.208820   0.052510   3.063650   1.467900   0.626120   3.799170
  0.933970   5.277840   0.681840   0.162470   4.841600   0.112390
  0.933970   5.277840   0.681840   0.462690   5.911790   1.346910
  0.933970   5.277840   0.681840   1.610190   5.739680   0.099690
  0.933970   5.277840   0.681840   1.337750   4.508620   1.237100
 -2.706990   5.763040   1.762770  -2.943040   5.532920   2.834920
 -2.706990   5.763040   1.762770  -2.470020   6.856400   1.662990
 -2.706990   5.763040   1.762770  -3.604760   5.525410   1.133740
 -1.613830   5.039730   1.330870  -2.706990   5.763040   1.762770
 -1.191800   3.369040   1.805950  -1.613830   5.039730   1.330870
 -1.191800   3.369040   1.805950  -0.728140   3.123310   0.479690
 -1.191800   3.369040   1.805950  -2.440190   3.043490   2.321760
 -1.191800   3.369040   1.805950  -0.104560   3.859210   2.598030
 -0.659330   1.575230   2.221460  -1.191800   3.369040   1.805950
 -0.252850   0.177170   2.501590  -0.659330   1.575230   2.221460
 -0.252850   0.177170   2.501590  -1.159970  -0.479770   3.598420
 -0.252850   0.177170   2.501590   1.208820   0.052510   3.063650
 -0.249130  -0.756700   1.221900  -0.252850   0.177170   2.501590
 -0.256920  -0.174740  -0.066220  -0.249130  -0.756700   1.221900
 -0.256920  -0.174740  -0.066220  -1.139690  -0.596530  -0.615340
 -0.256920  -0.174740  -0.066220  -0.328110   0.944870  -0.000880
 -0.256920  -0.174740  -0.066220   0.681940  -0.495050  -0.589820
