33 atoms follow (x y z r g b radiusScale)
  0.015960  -0.014570  -0.000250   0.000000   1.000000   0.000000   1.850000
  1.134120  -0.007400   0.025440   1.000000   1.000000   1.000000   1.200000
 -0.396050   1.030980   0.007140   1.000000   1.000000   1.000000   1.200000
 -0.351640  -0.584800  -0.889290   1.000000   1.000000   1.000000   1.200000
 -0.451680  -0.714370   1.142110   1.000000   0.000000   0.000000   1.400000
 -0.302090   0.035670   2.530920   0.500000   0.500000   0.500000   1.900000
  1.178600  -0.062800   3.022440   1.000000   0.000000   0.000000   1.400000
 -1.262980  -0.638350   3.558910   1.000000   0.000000   0.000000   1.400000
 -0.676370   1.486820   2.382200   1.000000   0.000000   0.000000   1.400000
 -1.131390   3.240940   2.025420   1.000000   1.000000   0.000000   1.850000
 -0.068020   3.769230   2.731010   1.000000   0.000000   0.000000   1.400000
 -2.392890   3.167320   2.538870   1.000000   0.000000   0.000000   1.400000
 -0.889160   3.118680   0.673620   1.000000   0.000000   0.000000   1.400000
 -1.817570   5.554710   1.661290   1.000000   0.000000   0.000000   1.400000
 -2.975960   5.774780   0.863650   0.000000   1.000000   0.000000   1.850000
 -2.785870   5.410310  -0.175300   1.000000   1.000000   1.000000   1.200000
 -3.261600   6.851880   0.864470   1.000000   1.000000   1.000000   1.200000
 -3.766890   5.143110   1.361870   1.000000   1.000000   1.000000   1.200000
  1.258070   5.647200   0.250920   0.000000   0.000000   1.000000   1.540000
  1.338640   5.334940   1.198890   1.000000   1.000000   1.000000   1.200000
 -1.234170   6.152880   1.414120   1.000000   1.000000   1.000000   1.200000
  0.541610   5.084890  -0.169280   1.000000   1.000000   1.000000   1.200000
  2.119280   5.447830  -0.221180   1.000000   1.000000   1.000000   1.200000
  1.641100   2.201460   4.675400   0.000000   0.000000   1.000000   1.540000
  1.515440   0.650550   3.609470   1.000000   1.000000   1.000000   1.200000
  1.280110   2.930980   4.087890   1.000000   1.000000   1.000000   1.200000
  2.610910   2.364240   4.847380   1.000000   1.000000   1.000000   1.200000
  1.154000   2.210370   5.546480   1.000000   1.000000   1.000000   1.200000
 -3.564260   0.985080   3.743270   0.000000   0.000000   1.000000   1.540000
 -2.135670  -0.211040   3.734890   1.000000   1.000000   1.000000   1.200000
 -3.855530   1.203920   2.811370   1.000000   1.000000   1.000000   1.200000
 -3.189790   1.823730   4.145160   1.000000   1.000000   1.000000   1.200000
 -4.354910   0.688040   4.274750   1.000000   1.000000   1.000000   1.200000
28 bonds follow (x1 y1 z1 x2 y2 z2)
 -3.564260   0.985080   3.743270  -4.354910   0.688040   4.274750
 -3.564260   0.985080   3.743270  -3.189790   1.823730   4.145160
 -3.564260   0.985080   3.743270  -3.855530   1.203920   2.811370
 -1.262980  -0.638350   3.558910  -2.135670  -0.211040   3.734890
  1.641100   2.201460   4.675400   1.154000   2.210370   5.546480
  1.641100   2.201460   4.675400   2.610910   2.364240   4.847380
  1.641100   2.201460   4.675400   1.280110   2.930980   4.087890
  1.178600  -0.062800   3.022440   1.515440   0.650550   3.609470
  1.258070   5.647200   0.250920   2.119280   5.447830  -0.221180
  1.258070   5.647200   0.250920   0.541610   5.084890  -0.169280
 -1.817570   5.554710   1.661290  -1.234170   6.152880   1.414120
  1.258070   5.647200   0.250920   1.338640   5.334940   1.198890
 -2.975960   5.774780   0.863650  -3.766890   5.143110   1.361870
 -2.975960   5.774780   0.863650  -3.261600   6.851880   0.864470
 -2.975960   5.774780   0.863650  -2.785870   5.410310  -0.175300
 -1.817570   5.554710   1.661290  -2.975960   5.774780   0.863650
 -1.131390   3.240940   2.025420  -0.889160   3.118680   0.673620
 -1.131390   3.240940   2.025420  -2.392890   3.167320   2.538870
 -1.131390   3.240940   2.025420  -0.068020   3.769230   2.731010
 -0.676370   1.486820   2.382200  -1.131390   3.240940   2.025420
 -0.302090   0.035670   2.530920  -0.676370   1.486820   2.382200
 -0.302090   0.035670   2.530920  -1.262980  -0.638350   3.558910
 -0.302090   0.035670   2.530920   1.178600  -0.062800   3.022440
 -0.451680  -0.714370   1.142110  -0.302090   0.035670   2.530920
  0.015960  -0.014570  -0.000250  -0.451680  -0.714370   1.142110
  0.015960  -0.014570  -0.000250  -0.351640  -0.584800  -0.889290
  0.015960  -0.014570  -0.000250  -0.396050   1.030980   0.007140
  0.015960  -0.014570  -0.000250   1.134120  -0.007400   0.025440
