33 atoms follow (x y z r g b radiusScale)
 -0.160930  -0.122430  -0.034920   0.000000   1.000000   0.000000   1.850000
  0.804670  -0.485280  -0.475100   1.000000   1.000000   1.000000   1.200000
 -0.172340   0.996930   0.069890   1.000000   1.000000   1.000000   1.200000
 -1.006620  -0.456860  -0.691260   1.000000   1.000000   1.000000   1.200000
 -0.337000  -0.747530   1.219610   1.000000   0.000000   0.000000   1.400000
 -0.255950   0.156420   2.523240   0.500000   0.500000   0.500000   1.900000
  1.227650   0.007080   3.036250   1.000000   0.000000   0.000000   1.400000
 -1.191970  -0.523370   3.574100   1.000000   0.000000   0.000000   1.400000
 -0.658780   1.563290   2.265730   1.000000   0.000000   0.000000   1.400000
 -1.212350   3.404400   1.823080   1.000000   1.000000   0.000000   1.850000
 -0.149930   3.838080   2.664840   1.000000   0.000000   0.000000   1.400000
 -2.462880   3.116750   2.353030   1.000000   0.000000   0.000000   1.400000
 -0.745540   3.129010   0.514340   1.000000   0.000000   0.000000   1.400000
 -1.577020   5.090700   1.308540   1.000000   0.000000   0.000000   1.400000
 -2.753320   5.720960   1.670680   0.000000   1.000000   0.000000   1.850000
 -3.564460   5.477220   0.935530   1.000000   1.000000   1.000000   1.200000
 -2.580280   6.829850   1.671730   1.000000   1.000000   1.000000   1.200000
 -3.082450   5.400510   2.693800   1.000000   1.000000   1.000000   1.200000
  0.936350   5.287560   0.619770   0.000000   0.000000   1.000000   1.540000
  1.107550   4.691890   1.464250   1.000000   1.000000   1.000000   1.200000
  1.777670   5.729660   0.296030   1.000000   1.000000   1.000000   1.200000
  0.197180   5.969840   0.888830   1.000000   1.000000   1.000000   1.200000
  0.513890   4.666520  -0.086540   1.000000   1.000000   1.000000   1.200000
  1.477980   2.358440   4.783280   0.000000   0.000000   1.000000   1.540000
  1.534240   0.665720   3.679240   1.000000   1.000000   1.000000   1.200000
  0.951580   2.917680   4.134730   1.000000   1.000000   1.000000   1.200000
  2.393930   2.744110   4.874540   1.000000   1.000000   1.000000   1.200000
  1.029830   2.390820   5.674640   1.000000   1.000000   1.000000   1.200000
 -3.590400   0.954550   3.722480   0.000000   0.000000   1.000000   1.540000
 -2.089900  -0.155790   3.718430   1.000000   1.000000   1.000000   1.200000
 -3.790720   1.121660   2.755090   1.000000   1.000000   1.000000   1.200000
 -3.192720   1.800220   4.087470   1.000000   1.000000   1.000000   1.200000
 -4.443510   0.760920   4.202140   1.000000   1.000000   1.000000   1.200000
28 bonds follow (x1 y1 z1 x2 y2 z2)
 -3.590400   0.954550   3.722480  -4.443510   0.760920   4.202140
 -3.590400   0.954550   3.722480  -3.192720   1.800220   4.087470
 -3.590400   0.954550   3.722480  -3.790720   1.121660   2.755090
 -1.191970  -0.523370   3.574100  -2.089900  -0.155790   3.718430
  1.477980   2.358440   4.783280   1.029830   2.390820   5.674640
  1.477980   2.358440   4.783280   2.393930   2.744110   4.874540
  1.477980   2.358440   4.783280   0.951580   2.917680   4.134730
  1.227650   0.007080   3.036250   1.534240   0.665720   3.679240
  0.936350   5.287560   0.619770   0.513890   4.666520  -0.086540
  0.936350   5.287560   0.619770   0.197180   5.969840   0.888830
  0.936350   5.287560   0.619770   1.777670   5.729660   0.296030
  0.936350   5.287560   0.619770   1.107550   4.691890   1.464250
 -2.753320   5.720960   1.670680  -3.082450   5.400510   2.693800
 -2.753320   5.720960   1.670680  -2.580280   6.829850   1.671730
 -2.753320   5.720960   1.670680  -3.564460   5.477220   0.935530
 -1.577020   5.090700   1.308540  -2.753320   5.720960   1.670680
 -1.212350   3.404400   1.823080  -1.577020   5.090700   1.308540
 -1.212350   3.404400   1.823080  -0.745540   3.129010   0.514340
 -1.212350   3.404400   1.823080  -2.462880   3.116750   2.353030
 -1.212350   3.404400   1.823080  -0.149930   3.838080   2.664840
 -0.255950   0.156420   2.523240  -0.658780   1.563290   2.265730
 -0.255950   0.156420   2.523240  -1.191970  -0.523370   3.574100
 -0.255950   0.156420   2.523240   1.227650   0.007080   3.036250
 -0.337000  -0.747530   1.219610  -0.255950   0.156420   2.523240
 -0.160930  -0.122430  -0.034920  -0.337000  -0.747530   1.219610
 -0.160930  -0.122430  -0.034920  -1.006620  -0.456860  -0.691260
 -0.160930  -0.122430  -0.034920  -0.172340   0.996930   0.069890
 -0.160930  -0.122430  -0.034920   0.804670  -0.485280  -0.475100
