33 atoms follow (x y z r g b radiusScale)
 -0.479680  -0.259380  -0.014110   0.000000   1.000000   0.000000   1.850000
  0.412490  -0.440510  -0.669690   1.000000   1.000000   1.000000   1.200000
 -0.716440   0.838480   0.044090   1.000000   1.000000   1.000000   1.200000
 -1.349910  -0.837960  -0.422540   1.000000   1.000000   1.000000   1.200000
 -0.184110  -0.781420   1.260950   1.000000   0.000000   0.000000   1.400000
 -0.223260   0.171580   2.525970   0.500000   0.500000   0.500000   1.900000
  1.214460   0.017250   3.159660   1.000000   0.000000   0.000000   1.400000
 -1.133200  -0.590500   3.553230   1.000000   0.000000   0.000000   1.400000
 -0.680520   1.554810   2.246700   1.000000   0.000000   0.000000   1.400000
 -1.186210   3.428980   1.764820   1.000000   1.000000   0.000000   1.850000
 -0.111210   3.867530   2.587690   1.000000   0.000000   0.000000   1.400000
 -2.436310   3.044300   2.196350   1.000000   0.000000   0.000000   1.400000
 -0.726810   3.156590   0.452970   1.000000   0.000000   0.000000   1.400000
 -1.596890   5.130530   1.371630   1.000000   0.000000   0.000000   1.400000
 -2.661040   5.774010   1.983660   0.000000   1.000000   0.000000   1.850000
 -3.635400   5.373040   1.600770   1.000000   1.000000   1.000000   1.200000
 -2.592890   6.869280   1.751160   1.000000   1.000000   1.000000   1.200000
 -2.620870   5.629660   3.096160   1.000000   1.000000   1.000000   1.200000
  0.932240   5.299330   0.538230   0.000000   0.000000   1.000000   1.540000
  1.268280   4.689650   1.296160   1.000000   1.000000   1.000000   1.200000
  1.684730   5.705520   0.006620   1.000000   1.000000   1.000000   1.200000
  0.325720   6.013520   0.977490   1.000000   1.000000   1.000000   1.200000
  0.298920   4.715810  -0.062580   1.000000   1.000000   1.000000   1.200000
  1.301630   2.454000   4.875900   0.000000   0.000000   1.000000   1.540000
  1.490470   0.680630   3.806210   1.000000   1.000000   1.000000   1.200000
  0.881050   3.041200   4.178440   1.000000   1.000000   1.000000   1.200000
  2.175380   2.848500   5.152370   1.000000   1.000000   1.000000   1.200000
  0.703220   2.417940   5.674120   1.000000   1.000000   1.000000   1.200000
 -3.526250   0.929070   3.602480   0.000000   0.000000   1.000000   1.540000
 -2.056440  -0.297490   3.664550   1.000000   1.000000   1.000000   1.200000
 -3.668680   1.278910   2.673210   1.000000   1.000000   1.000000   1.200000
 -3.148590   1.681550   4.144150   1.000000   1.000000   1.000000   1.200000
 -4.404010   0.656950   3.991400   1.000000   1.000000   1.000000   1.200000
28 bonds follow (x1 y1 z1 x2 y2 z2)
 -3.526250   0.929070   3.602480  -4.404010   0.656950   3.991400
 -3.526250   0.929070   3.602480  -3.148590   1.681550   4.144150
 -3.526250   0.929070   3.602480  -3.668680   1.278910   2.673210
 -1.133200  -0.590500   3.553230  -2.056440  -0.297490   3.664550
  1.301630   2.454000   4.875900   0.703220   2.417940   5.674120
  1.301630   2.454000   4.875900   2.175380   2.848500   5.152370
  1.301630   2.454000   4.875900   0.881050   3.041200   4.178440
  1.214460   0.017250   3.159660   1.490470   0.680630   3.806210
  0.932240   5.299330   0.538230   0.298920   4.715810  -0.062580
  0.932240   5.299330   0.538230   0.325720   6.013520   0.977490
  0.932240   5.299330   0.538230   1.684730   5.705520   0.006620
  0.932240   5.299330   0.538230   1.268280   4.689650   1.296160
 -2.661040   5.774010   1.983660  -2.620870   5.629660   3.096160
 -2.661040   5.774010   1.983660  -2.592890   6.869280   1.751160
 -2.661040   5.774010   1.983660  -3.635400   5.373040   1.600770
 -1.596890   5.130530   1.371630  -2.661040   5.774010   1.983660
 -1.186210   3.428980   1.764820  -1.596890   5.130530   1.371630
 -1.186210   3.428980   1.764820  -0.726810   3.156590   0.452970
 -1.186210   3.428980   1.764820  -2.436310   3.044300   2.196350
 -1.186210   3.428980   1.764820  -0.111210   3.867530   2.587690
 -0.223260   0.171580   2.525970  -0.680520   1.554810   2.246700
 -0.223260   0.171580   2.525970  -1.133200  -0.590500   3.553230
 -0.223260   0.171580   2.525970   1.214460   0.017250   3.159660
 -0.184110  -0.781420   1.260950  -0.223260   0.171580   2.525970
 -0.479680  -0.259380  -0.014110  -0.184110  -0.781420   1.260950
 -0.479680  -0.259380  -0.014110  -1.349910  -0.837960  -0.422540
 -0.479680  -0.259380  -0.014110  -0.716440   0.838480   0.044090
 -0.479680  -0.259380  -0.014110   0.412490  -0.440510  -0.669690
