33 atoms follow (x y z r g b radiusScale)
 -0.218880  -0.249540  -0.071270   0.000000   1.000000   0.000000   1.850000
  0.814760  -0.388770  -0.484620   1.000000   1.000000   1.000000   1.200000
 -0.503010   0.836800  -0.035760   1.000000   1.000000   1.000000   1.200000
 -0.942700  -0.830750  -0.701040   1.000000   1.000000   1.000000   1.200000
 -0.267990  -0.811700   1.220960   1.000000   0.000000   0.000000   1.400000
 -0.245570   0.146040   2.486080   0.500000   0.500000   0.500000   1.900000
  1.249940   0.067090   2.991560   1.000000   0.000000   0.000000   1.400000
 -1.114820  -0.596270   3.568170   1.000000   0.000000   0.000000   1.400000
 -0.693960   1.540780   2.258890   1.000000   0.000000   0.000000   1.400000
 -1.120570   3.449430   1.930370   1.000000   1.000000   0.000000   1.850000
  0.121210   3.816120   2.525840   1.000000   0.000000   0.000000   1.400000
 -2.273140   3.196210   2.659920   1.000000   0.000000   0.000000   1.400000
 -0.938630   3.173360   0.545020   1.000000   0.000000   0.000000   1.400000
 -1.464670   5.162890   1.603340   1.000000   0.000000   0.000000   1.400000
 -2.700500   5.736240   1.825780   0.000000   1.000000   0.000000   1.850000
 -3.032770   5.566250   2.883230   1.000000   1.000000   1.000000   1.200000
 -3.465100   5.298700   1.130040   1.000000   1.000000   1.000000   1.200000
 -2.615030   6.838560   1.634300   1.000000   1.000000   1.000000   1.200000
  0.815770   5.170240   0.235970   0.000000   0.000000   1.000000   1.540000
  0.876930   5.158040   1.283730   1.000000   1.000000   1.000000   1.200000
  1.510830   5.774210  -0.180820   1.000000   1.000000   1.000000   1.200000
 -0.153590   5.473280   0.017420   1.000000   1.000000   1.000000   1.200000
  0.899790   4.200380  -0.076720   1.000000   1.000000   1.000000   1.200000
  0.959730   2.514140   4.882910   0.000000   0.000000   1.000000   1.540000
  1.473000   0.581280   3.772600   1.000000   1.000000   1.000000   1.200000
  1.534510   3.030310   4.245060   1.000000   1.000000   1.000000   1.200000
  1.245100   2.719150   5.817400   1.000000   1.000000   1.000000   1.200000
  0.019420   2.835320   4.754210   1.000000   1.000000   1.000000   1.200000
 -3.609880   0.893590   3.388080   0.000000   0.000000   1.000000   1.540000
 -2.034430  -0.309390   3.691880   1.000000   1.000000   1.000000   1.200000
 -3.612640   1.281890   2.463750   1.000000   1.000000   1.000000   1.200000
 -3.228880   1.598760   3.992560   1.000000   1.000000   1.000000   1.200000
 -4.553170   0.715120   3.662510   1.000000   1.000000   1.000000   1.200000
28 bonds follow (x1 y1 z1 x2 y2 z2)
 -3.609880   0.893590   3.388080  -4.553170   0.715120   3.662510
 -3.609880   0.893590   3.388080  -3.228880   1.598760   3.992560
 -3.609880   0.893590   3.388080  -3.612640   1.281890   2.463750
 -1.114820  -0.596270   3.568170  -2.034430  -0.309390   3.691880
  0.959730   2.514140   4.882910   0.019420   2.835320   4.754210
  0.959730   2.514140   4.882910   1.245100   2.719150   5.817400
  0.959730   2.514140   4.882910   1.534510   3.030310   4.245060
  1.249940   0.067090   2.991560   1.473000   0.581280   3.772600
  0.815770   5.170240   0.235970   0.899790   4.200380  -0.076720
  0.815770   5.170240   0.235970  -0.153590   5.473280   0.017420
  0.815770   5.170240   0.235970   1.510830   5.774210  -0.180820
  0.815770   5.170240   0.235970   0.876930   5.158040   1.283730
 -2.700500   5.736240   1.825780  -2.615030   6.838560   1.634300
 -2.700500   5.736240   1.825780  -3.465100   5.298700   1.130040
 -2.700500   5.736240   1.825780  -3.032770   5.566250   2.883230
 -1.464670   5.162890   1.603340  -2.700500   5.736240   1.825780
 -1.120570   3.449430   1.930370  -1.464670   5.162890   1.603340
 -1.120570   3.449430   1.930370  -0.938630   3.173360   0.545020
 -1.120570   3.449430   1.930370  -2.273140   3.196210   2.659920
 -1.120570   3.449430   1.930370   0.121210   3.816120   2.525840
 -0.245570   0.146040   2.486080  -0.693960   1.540780   2.258890
 -0.245570   0.146040   2.486080  -1.114820  -0.596270   3.568170
 -0.245570   0.146040   2.486080   1.249940   0.067090   2.991560
 -0.267990  -0.811700   1.220960  -0.245570   0.146040   2.486080
 -0.218880  -0.249540  -0.071270  -0.267990  -0.811700   1.220960
 -0.218880  -0.249540  -0.071270  -0.942700  -0.830750  -0.701040
 -0.218880  -0.249540  -0.071270  -0.503010   0.836800  -0.035760
 -0.218880  -0.249540  -0.071270   0.814760  -0.388770  -0.484620
