33 atoms follow (x y z r g b radiusScale)
 -0.391760  -0.045040  -0.034310   0.000000   1.000000   0.000000   1.850000
  0.574610  -0.184300  -0.587020   1.000000   1.000000   1.000000   1.200000
 -0.629640   1.044280   0.099700   1.000000   1.000000   1.000000   1.200000
 -1.211070  -0.558030  -0.603190   1.000000   1.000000   1.000000   1.200000
 -0.285150  -0.705350   1.209310   1.000000   0.000000   0.000000   1.400000
 -0.175010   0.168120   2.523280   0.500000   0.500000   0.500000   1.900000
  1.295340  -0.041100   3.074600   1.000000   0.000000   0.000000   1.400000
 -1.001750  -0.647540   3.583050   1.000000   0.000000   0.000000   1.400000
 -0.652890   1.547270   2.285370   1.000000   0.000000   0.000000   1.400000
 -1.181340   3.441300   1.866830   1.000000   1.000000   0.000000   1.850000
  0.028040   3.817380   2.495240   1.000000   0.000000   0.000000   1.400000
 -2.365050   3.204620   2.543020   1.000000   0.000000   0.000000   1.400000
 -0.928710   3.101630   0.510080   1.000000   0.000000   0.000000   1.400000
 -1.531130   5.136120   1.381270   1.000000   0.000000   0.000000   1.400000
 -2.563590   5.914870   1.865050   0.000000   1.000000   0.000000   1.850000
 -3.095350   5.403800   2.709390   1.000000   1.000000   1.000000   1.200000
 -3.296510   6.119530   1.040400   1.000000   1.000000   1.000000   1.200000
 -2.146540   6.891670   2.229510   1.000000   1.000000   1.000000   1.200000
  0.860770   5.116160   0.315600   0.000000   0.000000   1.000000   1.540000
  1.423030   4.401490   0.785230   1.000000   1.000000   1.000000   1.200000
  1.410030   5.712620  -0.281760   1.000000   1.000000   1.000000   1.200000
  0.377850   5.648420   1.064190   1.000000   1.000000   1.000000   1.200000
  0.106110   4.627460  -0.199510   1.000000   1.000000   1.000000   1.200000
  1.026670   2.519310   5.017480   0.000000   0.000000   1.000000   1.540000
  1.422890   0.105710   4.014260   1.000000   1.000000   1.000000   1.200000
  0.988330   2.957890   4.115350   1.000000   1.000000   1.000000   1.200000
  1.691240   3.012910   5.576760   1.000000   1.000000   1.000000   1.200000
  0.130120   2.612610   5.449800   1.000000   1.000000   1.000000   1.200000
 -3.643710   0.738800   3.412370   0.000000   0.000000   1.000000   1.540000
 -1.958250  -0.523670   3.633580   1.000000   1.000000   1.000000   1.200000
 -3.655220   1.039430   2.456520   1.000000   1.000000   1.000000   1.200000
 -3.272890   1.501280   3.948870   1.000000   1.000000   1.000000   1.200000
 -4.585770   0.574760   3.701830   1.000000   1.000000   1.000000   1.200000
28 bonds follow (x1 y1 z1 x2 y2 z2)
 -3.643710   0.738800   3.412370  -4.585770   0.574760   3.701830
 -3.643710   0.738800   3.412370  -3.272890   1.501280   3.948870
 -3.643710   0.738800   3.412370  -3.655220   1.039430   2.456520
 -1.001750  -0.647540   3.583050  -1.958250  -0.523670   3.633580
  1.026670   2.519310   5.017480   0.130120   2.612610   5.449800
  1.026670   2.519310   5.017480   1.691240   3.012910   5.576760
  1.026670   2.519310   5.017480   0.988330   2.957890   4.115350
  1.295340  -0.041100   3.074600   1.422890   0.105710   4.014260
  0.860770   5.116160   0.315600   0.106110   4.627460  -0.199510
  0.860770   5.116160   0.315600   0.377850   5.648420   1.064190
  0.860770   5.116160   0.315600   1.410030   5.712620  -0.281760
  0.860770   5.116160   0.315600   1.423030   4.401490   0.785230
 -2.563590   5.914870   1.865050  -2.146540   6.891670   2.229510
 -2.563590   5.914870   1.865050  -3.296510   6.119530   1.040400
 -2.563590   5.914870   1.865050  -3.095350   5.403800   2.709390
 -1.531130   5.136120   1.381270  -2.563590   5.914870   1.865050
 -1.181340   3.441300   1.866830  -1.531130   5.136120   1.381270
 -1.181340   3.441300   1.866830  -0.928710   3.101630   0.510080
 -1.181340   3.441300   1.866830  -2.365050   3.204620   2.543020
 -1.181340   3.441300   1.866830   0.028040   3.817380   2.495240
 -0.175010   0.168120   2.523280  -0.652890   1.547270   2.285370
 -0.175010   0.168120   2.523280  -1.001750  -0.647540   3.583050
 -0.175010   0.168120   2.523280   1.295340  -0.041100   3.074600
 -0.285150  -0.705350   1.209310  -0.175010   0.168120   2.523280
 -0.391760  -0.045040  -0.034310  -0.285150  -0.705350   1.209310
 -0.391760  -0.045040  -0.034310  -1.211070  -0.558030  -0.603190
 -0.391760  -0.045040  -0.034310  -0.629640   1.044280   0.099700
 -0.391760  -0.045040  -0.034310   0.574610  -0.184300  -0.587020
