33 atoms follow (x y z r g b radiusScale)
 -0.500280  -0.262200  -0.031020   0.000000   1.000000   0.000000   1.850000
  0.361330  -0.465160  -0.719270   1.000000   1.000000   1.000000   1.200000
 -0.711310   0.840520   0.027990   1.000000   1.000000   1.000000   1.200000
 -1.396500  -0.826120  -0.401430   1.000000   1.000000   1.000000   1.200000
 -0.157990  -0.771480   1.239490   1.000000   0.000000   0.000000   1.400000
 -0.233040   0.161360   2.530630   0.500000   0.500000   0.500000   1.900000
  1.197320   0.032230   3.156540   1.000000   0.000000   0.000000   1.400000
 -1.137440  -0.574500   3.572000   1.000000   0.000000   0.000000   1.400000
 -0.657030   1.557350   2.267710   1.000000   0.000000   0.000000   1.400000
 -1.185240   3.425730   1.761670   1.000000   1.000000   0.000000   1.850000
 -0.111890   3.873060   2.583340   1.000000   0.000000   0.000000   1.400000
 -2.445080   3.061550   2.211840   1.000000   0.000000   0.000000   1.400000
 -0.738630   3.137640   0.453220   1.000000   0.000000   0.000000   1.400000
 -1.585330   5.133760   1.362280   1.000000   0.000000   0.000000   1.400000
 -2.641860   5.766760   1.996260   0.000000   1.000000   0.000000   1.850000
 -3.617320   5.332450   1.654050   1.000000   1.000000   1.000000   1.200000
 -2.608490   6.858010   1.741720   1.000000   1.000000   1.000000   1.200000
 -2.561250   5.644580   3.109480   1.000000   1.000000   1.000000   1.200000
  0.922300   5.313550   0.523240   0.000000   0.000000   1.000000   1.540000
  1.115390   4.748260   1.366890   1.000000   1.000000   1.000000   1.200000
  1.766920   5.663900   0.102390   1.000000   1.000000   1.000000   1.200000
  0.273930   6.064420   0.812130   1.000000   1.000000   1.000000   1.200000
  0.394190   4.689470  -0.133300   1.000000   1.000000   1.000000   1.200000
  1.290230   2.445330   4.894030   0.000000   0.000000   1.000000   1.540000
  1.471780   0.692380   3.808010   1.000000   1.000000   1.000000   1.200000
  0.887550   3.011080   4.168430   1.000000   1.000000   1.000000   1.200000
  2.145780   2.861200   5.194860   1.000000   1.000000   1.000000   1.200000
  0.661710   2.415300   5.668970   1.000000   1.000000   1.000000   1.200000
 -3.504410   0.905120   3.589010   0.000000   0.000000   1.000000   1.540000
 -2.065830  -0.294480   3.685420   1.000000   1.000000   1.000000   1.200000
 -3.585120   1.216320   2.637720   1.000000   1.000000   1.000000   1.200000
 -3.080330   1.655580   4.101280   1.000000   1.000000   1.000000   1.200000
 -4.419220   0.747430   3.955290   1.000000   1.000000   1.000000   1.200000
28 bonds follow (x1 y1 z1 x2 y2 z2)
 -3.504410   0.905120   3.589010  -4.419220   0.747430   3.955290
 -3.504410   0.905120   3.589010  -3.080330   1.655580   4.101280
 -3.504410   0.905120   3.589010  -3.585120   1.216320   2.637720
 -1.137440  -0.574500   3.572000  -2.065830  -0.294480   3.685420
  1.290230   2.445330   4.894030   0.661710   2.415300   5.668970
  1.290230   2.445330   4.894030   2.145780   2.861200   5.194860
  1.290230   2.445330   4.894030   0.887550   3.011080   4.168430
  1.197320   0.032230   3.156540   1.471780   0.692380   3.808010
  0.922300   5.313550   0.523240   0.394190   4.689470  -0.133300
  0.922300   5.313550   0.523240   0.273930   6.064420   0.812130
  0.922300   5.313550   0.523240   1.766920   5.663900   0.102390
  0.922300   5.313550   0.523240   1.115390   4.748260   1.366890
 -2.641860   5.766760   1.996260  -2.561250   5.644580   3.109480
 -2.641860   5.766760   1.996260  -2.608490   6.858010   1.741720
 -2.641860   5.766760   1.996260  -3.617320   5.332450   1.654050
 -1.585330   5.133760   1.362280  -2.641860   5.766760   1.996260
 -1.185240   3.425730   1.761670  -1.585330   5.133760   1.362280
 -1.185240   3.425730   1.761670  -0.738630   3.137640   0.453220
 -1.185240   3.425730   1.761670  -2.445080   3.061550   2.211840
 -1.185240   3.425730   1.761670  -0.111890   3.873060   2.583340
 -0.233040   0.161360   2.530630  -0.657030   1.557350   2.267710
 -0.233040   0.161360   2.530630  -1.137440  -0.574500   3.572000
 -0.233040   0.161360   2.530630   1.197320   0.032230   3.156540
 -0.157990  -0.771480   1.239490  -0.233040   0.161360   2.530630
 -0.500280  -0.262200  -0.031020  -0.157990  -0.771480   1.239490
 -0.500280  -0.262200  -0.031020  -1.396500  -0.826120  -0.401430
 -0.500280  -0.262200  -0.031020  -0.711310   0.840520   0.027990
 -0.500280  -0.262200  -0.031020   0.361330  -0.465160  -0.719270
