33 atoms follow (x y z r g b radiusScale)
  0.063200  -0.114750   0.023040   0.000000   1.000000   0.000000   1.850000
  1.177630  -0.028120   0.058530   1.000000   1.000000   1.000000   1.200000
 -0.417080   0.898610  -0.029460   1.000000   1.000000   1.000000   1.200000
 -0.251460  -0.758290  -0.836540   1.000000   1.000000   1.000000   1.200000
 -0.378610  -0.781590   1.190530   1.000000   0.000000   0.000000   1.400000
 -0.322170   0.015180   2.553250   0.500000   0.500000   0.500000   1.900000
  1.150720  -0.156010   3.042570   1.000000   0.000000   0.000000   1.400000
 -1.246490  -0.738330   3.564490   1.000000   0.000000   0.000000   1.400000
 -0.648200   1.474340   2.333870   1.000000   0.000000   0.000000   1.400000
 -1.117730   3.259750   2.037810   1.000000   1.000000   0.000000   1.850000
 -0.120420   3.791250   2.832500   1.000000   0.000000   0.000000   1.400000
 -2.376840   3.129120   2.547650   1.000000   0.000000   0.000000   1.400000
 -0.939180   3.234390   0.673020   1.000000   0.000000   0.000000   1.400000
 -2.100540   5.853070   1.674430   1.000000   0.000000   0.000000   1.400000
 -3.208450   5.921520   0.818300   0.000000   1.000000   0.000000   1.850000
 -2.885610   5.900020  -0.249630   1.000000   1.000000   1.000000   1.200000
 -3.793000   6.856230   1.017170   1.000000   1.000000   1.000000   1.200000
 -3.844080   5.034910   1.050600   1.000000   1.000000   1.000000   1.200000
  1.714960   5.636230   0.053500   0.000000   0.000000   1.000000   1.540000
  1.572150   5.973230   0.984210   1.000000   1.000000   1.000000   1.200000
 -1.381380   6.532370   1.454730   1.000000   1.000000   1.000000   1.200000
  0.869280   5.803230  -0.453520   1.000000   1.000000   1.000000   1.200000
  1.846340   4.648740   0.097060   1.000000   1.000000   1.000000   1.200000
  1.683010   2.134510   4.623320   0.000000   0.000000   1.000000   1.540000
  1.524480   0.508720   3.656630   1.000000   1.000000   1.000000   1.200000
  1.399150   2.852450   3.980770   1.000000   1.000000   1.000000   1.200000
  2.655300   2.238360   4.825180   1.000000   1.000000   1.000000   1.200000
  1.166290   2.238260   5.471170   1.000000   1.000000   1.000000   1.200000
 -3.557310   0.868240   3.788250   0.000000   0.000000   1.000000   1.540000
 -2.155370  -0.409520   3.736270   1.000000   1.000000   1.000000   1.200000
 -3.771940   1.176630   2.859200   1.000000   1.000000   1.000000   1.200000
 -3.148110   1.646850   4.269430   1.000000   1.000000   1.000000   1.200000
 -4.404010   0.609680   4.249310   1.000000   1.000000   1.000000   1.200000
28 bonds follow (x1 y1 z1 x2 y2 z2)
 -3.557310   0.868240   3.788250  -4.404010   0.609680   4.249310
 -3.557310   0.868240   3.788250  -3.148110   1.646850   4.269430
 -3.557310   0.868240   3.788250  -3.771940   1.176630   2.859200
 -1.246490  -0.738330   3.564490  -2.155370  -0.409520   3.736270
  1.683010   2.134510   4.623320   1.166290   2.238260   5.471170
  1.683010   2.134510   4.623320   2.655300   2.238360   4.825180
  1.683010   2.134510   4.623320   1.399150   2.852450   3.980770
  1.150720  -0.156010   3.042570   1.524480   0.508720   3.656630
  1.714960   5.636230   0.053500   1.846340   4.648740   0.097060
  1.714960   5.636230   0.053500   0.869280   5.803230  -0.453520
 -2.100540   5.853070   1.674430  -1.381380   6.532370   1.454730
  1.714960   5.636230   0.053500   1.572150   5.973230   0.984210
 -3.208450   5.921520   0.818300  -3.844080   5.034910   1.050600
 -3.208450   5.921520   0.818300  -3.793000   6.856230   1.017170
 -3.208450   5.921520   0.818300  -2.885610   5.900020  -0.249630
 -2.100540   5.853070   1.674430  -3.208450   5.921520   0.818300
 -1.117730   3.259750   2.037810  -0.939180   3.234390   0.673020
 -1.117730   3.259750   2.037810  -2.376840   3.129120   2.547650
 -1.117730   3.259750   2.037810  -0.120420   3.791250   2.832500
 -0.648200   1.474340   2.333870  -1.117730   3.259750   2.037810
 -0.322170   0.015180   2.553250  -0.648200   1.474340   2.333870
 -0.322170   0.015180   2.553250  -1.246490  -0.738330   3.564490
 -0.322170   0.015180   2.553250   1.150720  -0.156010   3.042570
 -0.378610  -0.781590   1.190530  -0.322170   0.015180   2.553250
  0.063200  -0.114750   0.023040  -0.378610  -0.781590   1.190530
  0.063200  -0.114750   0.023040  -0.251460  -0.758290  -0.836540
  0.063200  -0.114750   0.023040  -0.417080   0.898610  -0.029460
  0.063200  -0.114750   0.023040   1.177630  -0.028120   0.058530
