33 atoms follow (x y z r g b radiusScale)
 -0.416590  -0.049040  -0.043640   0.000000   1.000000   0.000000   1.850000
  0.547830  -0.136430  -0.610580   1.000000   1.000000   1.000000   1.200000
 -0.704950   1.026010   0.096500   1.000000   1.000000   1.000000   1.200000
 -1.215540  -0.602650  -0.603090   1.000000   1.000000   1.000000   1.200000
 -0.261550  -0.698540   1.200890   1.000000   0.000000   0.000000   1.400000
 -0.188340   0.164140   2.533940   0.500000   0.500000   0.500000   1.900000
  1.279040  -0.048680   3.073480   1.000000   0.000000   0.000000   1.400000
 -1.006560  -0.667910   3.587150   1.000000   0.000000   0.000000   1.400000
 -0.621060   1.559150   2.303460   1.000000   0.000000   0.000000   1.400000
 -1.185460   3.448180   1.856330   1.000000   1.000000   0.000000   1.850000
  0.001870   3.851710   2.512070   1.000000   0.000000   0.000000   1.400000
 -2.368970   3.182180   2.526980   1.000000   0.000000   0.000000   1.400000
 -0.923670   3.089630   0.513340   1.000000   0.000000   0.000000   1.400000
 -1.551480   5.133800   1.375650   1.000000   0.000000   0.000000   1.400000
 -2.564750   5.934090   1.876310   0.000000   1.000000   0.000000   1.850000
 -3.138150   5.407580   2.682750   1.000000   1.000000   1.000000   1.200000
 -3.264780   6.207980   1.043200   1.000000   1.000000   1.000000   1.200000
 -2.114360   6.874730   2.292910   1.000000   1.000000   1.000000   1.200000
  0.882590   5.112400   0.305200   0.000000   0.000000   1.000000   1.540000
  1.423120   4.385380   0.802480   1.000000   1.000000   1.000000   1.200000
  1.467170   5.701430  -0.268790   1.000000   1.000000   1.000000   1.200000
  0.364450   5.652540   1.033270   1.000000   1.000000   1.000000   1.200000
  0.152150   4.629740  -0.239320   1.000000   1.000000   1.000000   1.200000
  1.034140   2.511870   5.016770   0.000000   0.000000   1.000000   1.540000
  1.435780   0.050460   4.012950   1.000000   1.000000   1.000000   1.200000
  0.939700   2.975230   4.131500   1.000000   1.000000   1.000000   1.200000
  1.724330   2.994440   5.554030   1.000000   1.000000   1.000000   1.200000
  0.162690   2.579610   5.501600   1.000000   1.000000   1.000000   1.200000
 -3.605130   0.745930   3.398270   0.000000   0.000000   1.000000   1.540000
 -1.940660  -0.465140   3.734910   1.000000   1.000000   1.000000   1.200000
 -3.750760   1.048280   2.454760   1.000000   1.000000   1.000000   1.200000
 -3.246150   1.536530   3.901890   1.000000   1.000000   1.000000   1.200000
 -4.486500   0.487280   3.790740   1.000000   1.000000   1.000000   1.200000
28 bonds follow (x1 y1 z1 x2 y2 z2)
 -3.605130   0.745930   3.398270  -4.486500   0.487280   3.790740
 -3.605130   0.745930   3.398270  -3.246150   1.536530   3.901890
 -3.605130   0.745930   3.398270  -3.750760   1.048280   2.454760
 -1.006560  -0.667910   3.587150  -1.940660  -0.465140   3.734910
  1.034140   2.511870   5.016770   0.162690   2.579610   5.501600
  1.034140   2.511870   5.016770   1.724330   2.994440   5.554030
  1.034140   2.511870   5.016770   0.939700   2.975230   4.131500
  1.279040  -0.048680   3.073480   1.435780   0.050460   4.012950
  0.882590   5.112400   0.305200   0.152150   4.629740  -0.239320
  0.882590   5.112400   0.305200   0.364450   5.652540   1.033270
  0.882590   5.112400   0.305200   1.467170   5.701430  -0.268790
  0.882590   5.112400   0.305200   1.423120   4.385380   0.802480
 -2.564750   5.934090   1.876310  -2.114360   6.874730   2.292910
 -2.564750   5.934090   1.876310  -3.264780   6.207980   1.043200
 -2.564750   5.934090   1.876310  -3.138150   5.407580   2.682750
 -1.551480   5.133800   1.375650  -2.564750   5.934090   1.876310
 -1.185460   3.448180   1.856330  -1.551480   5.133800   1.375650
 -1.185460   3.448180   1.856330  -0.923670   3.089630   0.513340
 -1.185460   3.448180   1.856330  -2.368970   3.182180   2.526980
 -1.185460   3.448180   1.856330   0.001870   3.851710   2.512070
 -0.188340   0.164140   2.533940  -0.621060   1.559150   2.303460
 -0.188340   0.164140   2.533940  -1.006560  -0.667910   3.587150
 -0.188340   0.164140   2.533940   1.279040  -0.048680   3.073480
 -0.261550  -0.698540   1.200890  -0.188340   0.164140   2.533940
 -0.416590  -0.049040  -0.043640  -0.261550  -0.698540   1.200890
 -0.416590  -0.049040  -0.043640  -1.215540  -0.602650  -0.603090
 -0.416590  -0.049040  -0.043640  -0.704950   1.026010   0.096500
 -0.416590  -0.049040  -0.043640   0.547830  -0.136430  -0.610580
