33 atoms follow (x y z r g b radiusScale)
 -0.226780  -0.230700  -0.060670   0.000000   1.000000   0.000000   1.850000
  0.783860  -0.442550  -0.497830   1.000000   1.000000   1.000000   1.200000
 -0.431180   0.874700  -0.009070   1.000000   1.000000   1.000000   1.200000
 -1.004600  -0.746890  -0.681700   1.000000   1.000000   1.000000   1.200000
 -0.288480  -0.801060   1.227990   1.000000   0.000000   0.000000   1.400000
 -0.215620   0.142460   2.506800   0.500000   0.500000   0.500000   1.900000
  1.287840   0.111810   2.972020   1.000000   0.000000   0.000000   1.400000
 -1.126910  -0.576540   3.554920   1.000000   0.000000   0.000000   1.400000
 -0.716280   1.508410   2.232590   1.000000   0.000000   0.000000   1.400000
 -1.132670   3.441490   1.933470   1.000000   1.000000   0.000000   1.850000
  0.113690   3.764890   2.527680   1.000000   0.000000   0.000000   1.400000
 -2.301090   3.216810   2.653130   1.000000   0.000000   0.000000   1.400000
 -0.927040   3.143100   0.568970   1.000000   0.000000   0.000000   1.400000
 -1.446770   5.174180   1.583810   1.000000   0.000000   0.000000   1.400000
 -2.683980   5.734310   1.844980   0.000000   1.000000   0.000000   1.850000
 -3.032810   5.464950   2.876360   1.000000   1.000000   1.000000   1.200000
 -3.439730   5.370450   1.098680   1.000000   1.000000   1.000000   1.200000
 -2.594630   6.849670   1.763420   1.000000   1.000000   1.000000   1.200000
  0.824760   5.177400   0.236930   0.000000   0.000000   1.000000   1.540000
  0.979750   5.113790   1.259960   1.000000   1.000000   1.000000   1.200000
  1.543940   5.711040  -0.234500   1.000000   1.000000   1.000000   1.200000
 -0.107120   5.594670   0.120080   1.000000   1.000000   1.000000   1.200000
  0.761770   4.201760  -0.113130   1.000000   1.000000   1.000000   1.200000
  0.957000   2.513570   4.870010   0.000000   0.000000   1.000000   1.540000
  1.556090   0.694530   3.689470   1.000000   1.000000   1.000000   1.200000
  1.444090   3.097190   4.216060   1.000000   1.000000   1.000000   1.200000
  1.251840   2.745540   5.795230   1.000000   1.000000   1.000000   1.200000
 -0.017800   2.727500   4.782500   1.000000   1.000000   1.000000   1.200000
 -3.634260   0.891250   3.395180   0.000000   0.000000   1.000000   1.540000
 -2.035910  -0.245130   3.669280   1.000000   1.000000   1.000000   1.200000
 -3.474030   1.189100   2.450670   1.000000   1.000000   1.000000   1.200000
 -3.359750   1.655190   3.985330   1.000000   1.000000   1.000000   1.200000
 -4.614000   0.736420   3.510620   1.000000   1.000000   1.000000   1.200000
28 bonds follow (x1 y1 z1 x2 y2 z2)
 -3.634260   0.891250   3.395180  -4.614000   0.736420   3.510620
 -3.634260   0.891250   3.395180  -3.359750   1.655190   3.985330
 -3.634260   0.891250   3.395180  -3.474030   1.189100   2.450670
 -1.126910  -0.576540   3.554920  -2.035910  -0.245130   3.669280
  0.957000   2.513570   4.870010  -0.017800   2.727500   4.782500
  0.957000   2.513570   4.870010   1.251840   2.745540   5.795230
  0.957000   2.513570   4.870010   1.444090   3.097190   4.216060
  1.287840   0.111810   2.972020   1.556090   0.694530   3.689470
  0.824760   5.177400   0.236930   0.761770   4.201760  -0.113130
  0.824760   5.177400   0.236930  -0.107120   5.594670   0.120080
  0.824760   5.177400   0.236930   1.543940   5.711040  -0.234500
  0.824760   5.177400   0.236930   0.979750   5.113790   1.259960
 -2.683980   5.734310   1.844980  -2.594630   6.849670   1.763420
 -2.683980   5.734310   1.844980  -3.439730   5.370450   1.098680
 -2.683980   5.734310   1.844980  -3.032810   5.464950   2.876360
 -1.446770   5.174180   1.583810  -2.683980   5.734310   1.844980
 -1.132670   3.441490   1.933470  -1.446770   5.174180   1.583810
 -1.132670   3.441490   1.933470  -0.927040   3.143100   0.568970
 -1.132670   3.441490   1.933470  -2.301090   3.216810   2.653130
 -1.132670   3.441490   1.933470   0.113690   3.764890   2.527680
 -0.215620   0.142460   2.506800  -0.716280   1.508410   2.232590
 -0.215620   0.142460   2.506800  -1.126910  -0.576540   3.554920
 -0.215620   0.142460   2.506800   1.287840   0.111810   2.972020
 -0.288480  -0.801060   1.227990  -0.215620   0.142460   2.506800
 -0.226780  -0.230700  -0.060670  -0.288480  -0.801060   1.227990
 -0.226780  -0.230700  -0.060670  -1.004600  -0.746890  -0.681700
 -0.226780  -0.230700  -0.060670  -0.431180   0.874700  -0.009070
 -0.226780  -0.230700  -0.060670   0.783860  -0.442550  -0.497830
