33 atoms follow (x y z r g b radiusScale)
 -0.301130  -0.118720  -0.079070   0.000000   1.000000   0.000000   1.850000
  0.626440  -0.416500  -0.634710   1.000000   1.000000   1.000000   1.200000
 -0.388440   0.997200   0.014370   1.000000   1.000000   1.000000   1.200000
 -1.193510  -0.540410  -0.612900   1.000000   1.000000   1.000000   1.200000
 -0.252070  -0.724290   1.196420   1.000000   0.000000   0.000000   1.400000
 -0.225590   0.157870   2.515610   0.500000   0.500000   0.500000   1.900000
  1.265460   0.078550   2.995890   1.000000   0.000000   0.000000   1.400000
 -1.025930  -0.608590   3.628900   1.000000   0.000000   0.000000   1.400000
 -0.660920   1.551040   2.291190   1.000000   0.000000   0.000000   1.400000
 -1.158920   3.405400   1.887170   1.000000   1.000000   0.000000   1.850000
  0.073880   3.794860   2.479300   1.000000   0.000000   0.000000   1.400000
 -2.321020   3.137250   2.599090   1.000000   0.000000   0.000000   1.400000
 -0.975590   3.091100   0.516660   1.000000   0.000000   0.000000   1.400000
 -1.485510   5.132790   1.489400   1.000000   0.000000   0.000000   1.400000
 -2.594470   5.870860   1.845500   0.000000   1.000000   0.000000   1.850000
 -3.053200   5.480710   2.791130   1.000000   1.000000   1.000000   1.200000
 -3.361350   5.835010   1.026050   1.000000   1.000000   1.000000   1.200000
 -2.282770   6.938970   1.998580   1.000000   1.000000   1.000000   1.200000
  0.866930   5.168080   0.288550   0.000000   0.000000   1.000000   1.540000
  1.251460   4.471460   0.955740   1.000000   1.000000   1.000000   1.200000
  1.583080   5.592460  -0.281900   1.000000   1.000000   1.000000   1.200000
  0.344270   5.858920   0.865680   1.000000   1.000000   1.000000   1.200000
  0.145010   4.670460  -0.263800   1.000000   1.000000   1.000000   1.200000
  0.999950   2.517030   4.991550   0.000000   0.000000   1.000000   1.540000
  1.514100   0.514410   3.813310   1.000000   1.000000   1.000000   1.200000
  1.267660   3.007830   4.157980   1.000000   1.000000   1.000000   1.200000
  1.551990   2.846740   5.755570   1.000000   1.000000   1.000000   1.200000
  0.041690   2.735130   5.175510   1.000000   1.000000   1.000000   1.200000
 -3.695440   0.807730   3.391270   0.000000   0.000000   1.000000   1.540000
 -1.955360  -0.390070   3.773750   1.000000   1.000000   1.000000   1.200000
 -3.617580   1.288970   2.514120   1.000000   1.000000   1.000000   1.200000
 -3.347810   1.435130   4.091960   1.000000   1.000000   1.000000   1.200000
 -4.662550   0.638480   3.575720   1.000000   1.000000   1.000000   1.200000
28 bonds follow (x1 y1 z1 x2 y2 z2)
 -3.695440   0.807730   3.391270  -4.662550   0.638480   3.575720
 -3.695440   0.807730   3.391270  -3.347810   1.435130   4.091960
 -3.695440   0.807730   3.391270  -3.617580   1.288970   2.514120
 -1.025930  -0.608590   3.628900  -1.955360  -0.390070   3.773750
  0.999950   2.517030   4.991550   0.041690   2.735130   5.175510
  0.999950   2.517030   4.991550   1.551990   2.846740   5.755570
  0.999950   2.517030   4.991550   1.267660   3.007830   4.157980
  1.265460   0.078550   2.995890   1.514100   0.514410   3.813310
  0.866930   5.168080   0.288550   0.145010   4.670460  -0.263800
  0.866930   5.168080   0.288550   0.344270   5.858920   0.865680
  0.866930   5.168080   0.288550   1.583080   5.592460  -0.281900
  0.866930   5.168080   0.288550   1.251460   4.471460   0.955740
 -2.594470   5.870860   1.845500  -2.282770   6.938970   1.998580
 -2.594470   5.870860   1.845500  -3.361350   5.835010   1.026050
 -2.594470   5.870860   1.845500  -3.053200   5.480710   2.791130
 -1.485510   5.132790   1.489400  -2.594470   5.870860   1.845500
 -1.158920   3.405400   1.887170  -1.485510   5.132790   1.489400
 -1.158920   3.405400   1.887170  -0.975590   3.091100   0.516660
 -1.158920   3.405400   1.887170  -2.321020   3.137250   2.599090
 -1.158920   3.405400   1.887170   0.073880   3.794860   2.479300
 -0.225590   0.157870   2.515610  -0.660920   1.551040   2.291190
 -0.225590   0.157870   2.515610  -1.025930  -0.608590   3.628900
 -0.225590   0.157870   2.515610   1.265460   0.078550   2.995890
 -0.252070  -0.724290   1.196420  -0.225590   0.157870   2.515610
 -0.301130  -0.118720  -0.079070  -0.252070  -0.724290   1.196420
 -0.301130  -0.118720  -0.079070  -1.193510  -0.540410  -0.612900
 -0.301130  -0.118720  -0.079070  -0.388440   0.997200   0.014370
 -0.301130  -0.118720  -0.079070   0.626440  -0.416500  -0.634710
