33 atoms follow (x y z r g b radiusScale)
 -0.493450  -0.262440  -0.025700   0.000000   1.000000   0.000000   1.850000
  0.378580  -0.457740  -0.703970   1.000000   1.000000   1.000000   1.200000
 -0.713960   0.837850   0.032220   1.000000   1.000000   1.000000   1.200000
 -1.380940  -0.831990  -0.409010   1.000000   1.000000   1.000000   1.200000
 -0.166340  -0.774970   1.246610   1.000000   0.000000   0.000000   1.400000
 -0.230020   0.165670   2.528910   0.500000   0.500000   0.500000   1.900000
  1.201160   0.025520   3.158600   1.000000   0.000000   0.000000   1.400000
 -1.135090  -0.579240   3.565860   1.000000   0.000000   0.000000   1.400000
 -0.667110   1.556560   2.261400   1.000000   0.000000   0.000000   1.400000
 -1.184750   3.427170   1.762250   1.000000   1.000000   0.000000   1.850000
 -0.111110   3.872390   2.584370   1.000000   0.000000   0.000000   1.400000
 -2.441100   3.053100   2.204870   1.000000   0.000000   0.000000   1.400000
 -0.736110   3.142630   0.454970   1.000000   0.000000   0.000000   1.400000
 -1.589900   5.135970   1.365190   1.000000   0.000000   0.000000   1.400000
 -2.648330   5.768990   1.992650   0.000000   1.000000   0.000000   1.850000
 -3.623780   5.345210   1.637030   1.000000   1.000000   1.000000   1.200000
 -2.606700   6.862920   1.748340   1.000000   1.000000   1.000000   1.200000
 -2.581770   5.638480   3.105540   1.000000   1.000000   1.000000   1.200000
  0.925080   5.308920   0.527350   0.000000   0.000000   1.000000   1.540000
  1.165960   4.716060   1.356300   1.000000   1.000000   1.000000   1.200000
  1.745480   5.672600   0.066660   1.000000   1.000000   1.000000   1.200000
  0.294770   6.047460   0.867900   1.000000   1.000000   1.000000   1.200000
  0.360100   4.708760  -0.097150   1.000000   1.000000   1.000000   1.200000
  1.294200   2.448150   4.888340   0.000000   0.000000   1.000000   1.540000
  1.483810   0.690320   3.800580   1.000000   1.000000   1.000000   1.200000
  0.885280   3.018990   4.170390   1.000000   1.000000   1.000000   1.200000
  2.154780   2.859940   5.180520   1.000000   1.000000   1.000000   1.200000
  0.675000   2.417340   5.670710   1.000000   1.000000   1.000000   1.200000
 -3.509810   0.912640   3.592540   0.000000   0.000000   1.000000   1.540000
 -2.062420  -0.293460   3.678080   1.000000   1.000000   1.000000   1.200000
 -3.610420   1.242590   2.649790   1.000000   1.000000   1.000000   1.200000
 -3.096860   1.659880   4.117440   1.000000   1.000000   1.000000   1.200000
 -4.413850   0.718680   3.968150   1.000000   1.000000   1.000000   1.200000
28 bonds follow (x1 y1 z1 x2 y2 z2)
 -3.509810   0.912640   3.592540  -4.413850   0.718680   3.968150
 -3.509810   0.912640   3.592540  -3.096860   1.659880   4.117440
 -3.509810   0.912640   3.592540  -3.610420   1.242590   2.649790
 -1.135090  -0.579240   3.565860  -2.062420  -0.293460   3.678080
  1.294200   2.448150   4.888340   0.675000   2.417340   5.670710
  1.294200   2.448150   4.888340   2.154780   2.859940   5.180520
  1.294200   2.448150   4.888340   0.885280   3.018990   4.170390
  1.201160   0.025520   3.158600   1.483810   0.690320   3.800580
  0.925080   5.308920   0.527350   0.360100   4.708760  -0.097150
  0.925080   5.308920   0.527350   0.294770   6.047460   0.867900
  0.925080   5.308920   0.527350   1.745480   5.672600   0.066660
  0.925080   5.308920   0.527350   1.165960   4.716060   1.356300
 -2.648330   5.768990   1.992650  -2.581770   5.638480   3.105540
 -2.648330   5.768990   1.992650  -2.606700   6.862920   1.748340
 -2.648330   5.768990   1.992650  -3.623780   5.345210   1.637030
 -1.589900   5.135970   1.365190  -2.648330   5.768990   1.992650
 -1.184750   3.427170   1.762250  -1.589900   5.135970   1.365190
 -1.184750   3.427170   1.762250  -0.736110   3.142630   0.454970
 -1.184750   3.427170   1.762250  -2.441100   3.053100   2.204870
 -1.184750   3.427170   1.762250  -0.111110   3.872390   2.584370
 -0.230020   0.165670   2.528910  -0.667110   1.556560   2.261400
 -0.230020   0.165670   2.528910  -1.135090  -0.579240   3.565860
 -0.230020   0.165670   2.528910   1.201160   0.025520   3.158600
 -0.166340  -0.774970   1.246610  -0.230020   0.165670   2.528910
 -0.493450  -0.262440  -0.025700  -0.166340  -0.774970   1.246610
 -0.493450  -0.262440  -0.025700  -1.380940  -0.831990  -0.409010
 -0.493450  -0.262440  -0.025700  -0.713960   0.837850   0.032220
 -0.493450  -0.262440  -0.025700   0.378580  -0.457740  -0.703970
