33 atoms follow (x y z r g b radiusScale)
 -0.554340  -0.195380  -0.002850   0.000000   1.000000   0.000000   1.850000
  0.227530  -0.468250  -0.759050   1.000000   1.000000   1.000000   1.200000
 -0.657140   0.920660   0.074100   1.000000   1.000000   1.000000   1.200000
 -1.527020  -0.666870  -0.303180   1.000000   1.000000   1.000000   1.200000
 -0.151220  -0.754650   1.231360   1.000000   0.000000   0.000000   1.400000
 -0.198740   0.163230   2.531960   0.500000   0.500000   0.500000   1.900000
  1.242390   0.085260   3.150000   1.000000   0.000000   0.000000   1.400000
 -1.120690  -0.597230   3.543950   1.000000   0.000000   0.000000   1.400000
 -0.664460   1.542810   2.241480   1.000000   0.000000   0.000000   1.400000
 -1.182700   3.394890   1.783190   1.000000   1.000000   0.000000   1.850000
 -0.112360   3.833370   2.605870   1.000000   0.000000   0.000000   1.400000
 -2.433180   3.094080   2.294770   1.000000   0.000000   0.000000   1.400000
 -0.746490   3.130030   0.459230   1.000000   0.000000   0.000000   1.400000
 -1.575210   5.085840   1.318790   1.000000   0.000000   0.000000   1.400000
 -2.565160   5.783900   1.983690   0.000000   1.000000   0.000000   1.850000
 -3.568290   5.316720   1.802390   1.000000   1.000000   1.000000   1.200000
 -2.573580   6.839370   1.603820   1.000000   1.000000   1.000000   1.200000
 -2.363800   5.792580   3.088290   1.000000   1.000000   1.000000   1.200000
  0.890660   5.338950   0.459710   0.000000   0.000000   1.000000   1.540000
  0.926390   5.168420   1.492430   1.000000   1.000000   1.000000   1.200000
  1.691170   5.848680   0.123950   1.000000   1.000000   1.000000   1.200000
  0.000630   5.840690   0.283820   1.000000   1.000000   1.000000   1.200000
  0.794050   4.410750   0.018930   1.000000   1.000000   1.000000   1.200000
  1.232390   2.414100   4.932460   0.000000   0.000000   1.000000   1.540000
  1.456150   0.682960   3.881940   1.000000   1.000000   1.000000   1.200000
  0.931600   3.007520   4.179630   1.000000   1.000000   1.000000   1.200000
  2.100570   2.753040   5.288950   1.000000   1.000000   1.000000   1.200000
  0.552670   2.449710   5.662680   1.000000   1.000000   1.000000   1.200000
 -3.566840   0.917120   3.554500   0.000000   0.000000   1.000000   1.540000
 -2.006920  -0.226560   3.723200   1.000000   1.000000   1.000000   1.200000
 -3.769620   1.087200   2.588850   1.000000   1.000000   1.000000   1.200000
 -3.260450   1.788420   3.944980   1.000000   1.000000   1.000000   1.200000
 -4.400730   0.623000   4.017320   1.000000   1.000000   1.000000   1.200000
28 bonds follow (x1 y1 z1 x2 y2 z2)
 -3.566840   0.917120   3.554500  -4.400730   0.623000   4.017320
 -3.566840   0.917120   3.554500  -3.260450   1.788420   3.944980
 -3.566840   0.917120   3.554500  -3.769620   1.087200   2.588850
 -1.120690  -0.597230   3.543950  -2.006920  -0.226560   3.723200
  1.232390   2.414100   4.932460   0.552670   2.449710   5.662680
  1.232390   2.414100   4.932460   2.100570   2.753040   5.288950
  1.232390   2.414100   4.932460   0.931600   3.007520   4.179630
  1.242390   0.085260   3.150000   1.456150   0.682960   3.881940
  0.890660   5.338950   0.459710   0.794050   4.410750   0.018930
  0.890660   5.338950   0.459710   0.000630   5.840690   0.283820
  0.890660   5.338950   0.459710   1.691170   5.848680   0.123950
  0.890660   5.338950   0.459710   0.926390   5.168420   1.492430
 -2.565160   5.783900   1.983690  -2.363800   5.792580   3.088290
 -2.565160   5.783900   1.983690  -2.573580   6.839370   1.603820
 -2.565160   5.783900   1.983690  -3.568290   5.316720   1.802390
 -1.575210   5.085840   1.318790  -2.565160   5.783900   1.983690
 -1.182700   3.394890   1.783190  -1.575210   5.085840   1.318790
 -1.182700   3.394890   1.783190  -0.746490   3.130030   0.459230
 -1.182700   3.394890   1.783190  -2.433180   3.094080   2.294770
 -1.182700   3.394890   1.783190  -0.112360   3.833370   2.605870
 -0.198740   0.163230   2.531960  -0.664460   1.542810   2.241480
 -0.198740   0.163230   2.531960  -1.120690  -0.597230   3.543950
 -0.198740   0.163230   2.531960   1.242390   0.085260   3.150000
 -0.151220  -0.754650   1.231360  -0.198740   0.163230   2.531960
 -0.554340  -0.195380  -0.002850  -0.151220  -0.754650   1.231360
 -0.554340  -0.195380  -0.002850  -1.527020  -0.666870  -0.303180
 -0.554340  -0.195380  -0.002850  -0.657140   0.920660   0.074100
 -0.554340  -0.195380  -0.002850   0.227530  -0.468250  -0.759050
