33 atoms follow (x y z r g b radiusScale)
 -0.385690  -0.211820  -0.028900   0.000000   1.000000   0.000000   1.850000
  0.561050  -0.379770  -0.606530   1.000000   1.000000   1.000000   1.200000
 -0.611730   0.886220   0.054980   1.000000   1.000000   1.000000   1.200000
 -1.223030  -0.753550  -0.541730   1.000000   1.000000   1.000000   1.200000
 -0.229420  -0.797390   1.248160   1.000000   0.000000   0.000000   1.400000
 -0.222390   0.146310   2.530380   0.500000   0.500000   0.500000   1.900000
  1.235860   0.091450   3.108740   1.000000   0.000000   0.000000   1.400000
 -1.168710  -0.559810   3.560220   1.000000   0.000000   0.000000   1.400000
 -0.605360   1.542450   2.209540   1.000000   0.000000   0.000000   1.400000
 -1.187650   3.395440   1.772960   1.000000   1.000000   0.000000   1.850000
 -0.139720   3.828680   2.615120   1.000000   0.000000   0.000000   1.400000
 -2.445520   3.051880   2.246340   1.000000   0.000000   0.000000   1.400000
 -0.731860   3.171970   0.454290   1.000000   0.000000   0.000000   1.400000
 -1.589370   5.107290   1.376610   1.000000   0.000000   0.000000   1.400000
 -2.684670   5.784540   1.881200   0.000000   1.000000   0.000000   1.850000
 -3.616520   5.456580   1.350600   1.000000   1.000000   1.000000   1.200000
 -2.532750   6.884120   1.716530   1.000000   1.000000   1.000000   1.200000
 -2.803170   5.586710   2.978690   1.000000   1.000000   1.000000   1.200000
  0.951000   5.298600   0.584940   0.000000   0.000000   1.000000   1.540000
  1.496940   4.557840   1.045500   1.000000   1.000000   1.000000   1.200000
  1.525140   6.073300   0.293400   1.000000   1.000000   1.000000   1.200000
  0.231980   5.605350   1.278710   1.000000   1.000000   1.000000   1.200000
  0.436380   4.871820  -0.193760   1.000000   1.000000   1.000000   1.200000
  1.353620   2.439370   4.834690   0.000000   0.000000   1.000000   1.540000
  1.474400   0.763230   3.768630   1.000000   1.000000   1.000000   1.200000
  0.897750   2.988080   4.127690   1.000000   1.000000   1.000000   1.200000
  2.283900   2.778520   4.959830   1.000000   1.000000   1.000000   1.200000
  0.858800   2.543500   5.695040   1.000000   1.000000   1.000000   1.200000
 -3.654750   0.949000   3.706030   0.000000   0.000000   1.000000   1.540000
 -2.055380  -0.194410   3.732410   1.000000   1.000000   1.000000   1.200000
 -3.670710   1.146110   2.722150   1.000000   1.000000   1.000000   1.200000
 -3.326440   1.780230   4.159270   1.000000   1.000000   1.000000   1.200000
 -4.588260   0.765990   4.009030   1.000000   1.000000   1.000000   1.200000
28 bonds follow (x1 y1 z1 x2 y2 z2)
 -3.654750   0.949000   3.706030  -4.588260   0.765990   4.009030
 -3.654750   0.949000   3.706030  -3.326440   1.780230   4.159270
 -3.654750   0.949000   3.706030  -3.670710   1.146110   2.722150
 -1.168710  -0.559810   3.560220  -2.055380  -0.194410   3.732410
  1.353620   2.439370   4.834690   0.858800   2.543500   5.695040
  1.353620   2.439370   4.834690   2.283900   2.778520   4.959830
  1.353620   2.439370   4.834690   0.897750   2.988080   4.127690
  1.235860   0.091450   3.108740   1.474400   0.763230   3.768630
  0.951000   5.298600   0.584940   0.436380   4.871820  -0.193760
  0.951000   5.298600   0.584940   0.231980   5.605350   1.278710
  0.951000   5.298600   0.584940   1.525140   6.073300   0.293400
  0.951000   5.298600   0.584940   1.496940   4.557840   1.045500
 -2.684670   5.784540   1.881200  -2.803170   5.586710   2.978690
 -2.684670   5.784540   1.881200  -2.532750   6.884120   1.716530
 -2.684670   5.784540   1.881200  -3.616520   5.456580   1.350600
 -1.589370   5.107290   1.376610  -2.684670   5.784540   1.881200
 -1.187650   3.395440   1.772960  -1.589370   5.107290   1.376610
 -1.187650   3.395440   1.772960  -0.731860   3.171970   0.454290
 -1.187650   3.395440   1.772960  -2.445520   3.051880   2.246340
 -1.187650   3.395440   1.772960  -0.139720   3.828680   2.615120
 -0.222390   0.146310   2.530380  -0.605360   1.542450   2.209540
 -0.222390   0.146310   2.530380  -1.168710  -0.559810   3.560220
 -0.222390   0.146310   2.530380   1.235860   0.091450   3.108740
 -0.229420  -0.797390   1.248160  -0.222390   0.146310   2.530380
 -0.385690  -0.211820  -0.028900  -0.229420  -0.797390   1.248160
 -0.385690  -0.211820  -0.028900  -1.223030  -0.753550  -0.541730
 -0.385690  -0.211820  -0.028900  -0.611730   0.886220   0.054980
 -0.385690  -0.211820  -0.028900   0.561050  -0.379770  -0.606530
