33 atoms follow (x y z r g b radiusScale)
 -0.003190   0.001780   0.003710   0.000000   1.000000   0.000000   1.850000
  1.115890  -0.001070  -0.005960   1.000000   1.000000   1.000000   1.200000
 -0.403090   1.053350   0.014100   1.000000   1.000000   1.000000   1.200000
 -0.397670  -0.567590  -0.874720   1.000000   1.000000   1.000000   1.200000
 -0.441210  -0.685120   1.157640   1.000000   0.000000   0.000000   1.400000
 -0.332290   0.137360   2.514430   0.500000   0.500000   0.500000   1.900000
  1.151110  -0.074970   2.990060   1.000000   0.000000   0.000000   1.400000
 -1.237190  -0.628840   3.537720   1.000000   0.000000   0.000000   1.400000
 -0.670770   1.575070   2.364380   1.000000   0.000000   0.000000   1.400000
 -1.178040   3.453170   1.964510   1.000000   1.000000   0.000000   1.850000
 -0.002400   3.879640   2.652240   1.000000   0.000000   0.000000   1.400000
 -2.391030   3.102040   2.537600   1.000000   0.000000   0.000000   1.400000
 -0.812210   3.210280   0.604850   1.000000   0.000000   0.000000   1.400000
 -1.602680   5.152020   1.628950   1.000000   0.000000   0.000000   1.400000
 -2.768800   5.562780   1.007910   0.000000   1.000000   0.000000   1.850000
 -2.754520   5.268150  -0.076720   1.000000   1.000000   1.000000   1.200000
 -2.827220   6.681030   1.079900   1.000000   1.000000   1.000000   1.200000
 -3.668360   5.111020   1.500370   1.000000   1.000000   1.000000   1.200000
  0.850030   5.350380   0.503970   0.000000   0.000000   1.000000   1.540000
  0.969970   5.057270   1.502450   1.000000   1.000000   1.000000   1.200000
  0.157540   6.100930   0.497750   1.000000   1.000000   1.000000   1.200000
  0.421850   4.526380   0.019400   1.000000   1.000000   1.000000   1.200000
  1.726550   5.620000   0.083410   1.000000   1.000000   1.000000   1.200000
  1.618410   2.236860   4.686880   0.000000   0.000000   1.000000   1.540000
  1.517660   0.557040   3.629640   1.000000   1.000000   1.000000   1.200000
  1.145180   2.869420   4.065310   1.000000   1.000000   1.000000   1.200000
  2.552860   2.555120   4.830570   1.000000   1.000000   1.000000   1.200000
  1.145320   2.227460   5.565650   1.000000   1.000000   1.000000   1.200000
 -3.604090   0.950690   3.773230   0.000000   0.000000   1.000000   1.540000
 -2.130670  -0.280270   3.727360   1.000000   1.000000   1.000000   1.200000
 -3.818780   1.186050   2.823470   1.000000   1.000000   1.000000   1.200000
 -3.155260   1.752460   4.176360   1.000000   1.000000   1.000000   1.200000
 -4.455370   0.774730   4.263210   1.000000   1.000000   1.000000   1.200000
28 bonds follow (x1 y1 z1 x2 y2 z2)
 -3.604090   0.950690   3.773230  -4.455370   0.774730   4.263210
 -3.604090   0.950690   3.773230  -3.155260   1.752460   4.176360
 -3.604090   0.950690   3.773230  -3.818780   1.186050   2.823470
 -1.237190  -0.628840   3.537720  -2.130670  -0.280270   3.727360
  1.618410   2.236860   4.686880   1.145320   2.227460   5.565650
  1.618410   2.236860   4.686880   2.552860   2.555120   4.830570
  1.618410   2.236860   4.686880   1.145180   2.869420   4.065310
  1.151110  -0.074970   2.990060   1.517660   0.557040   3.629640
  0.850030   5.350380   0.503970   1.726550   5.620000   0.083410
  0.850030   5.350380   0.503970   0.421850   4.526380   0.019400
  0.850030   5.350380   0.503970   0.157540   6.100930   0.497750
  0.850030   5.350380   0.503970   0.969970   5.057270   1.502450
 -2.768800   5.562780   1.007910  -3.668360   5.111020   1.500370
 -2.768800   5.562780   1.007910  -2.827220   6.681030   1.079900
 -2.768800   5.562780   1.007910  -2.754520   5.268150  -0.076720
 -1.602680   5.152020   1.628950  -2.768800   5.562780   1.007910
 -1.178040   3.453170   1.964510  -1.602680   5.152020   1.628950
 -1.178040   3.453170   1.964510  -0.812210   3.210280   0.604850
 -1.178040   3.453170   1.964510  -2.391030   3.102040   2.537600
 -1.178040   3.453170   1.964510  -0.002400   3.879640   2.652240
 -0.332290   0.137360   2.514430  -0.670770   1.575070   2.364380
 -0.332290   0.137360   2.514430  -1.237190  -0.628840   3.537720
 -0.332290   0.137360   2.514430   1.151110  -0.074970   2.990060
 -0.441210  -0.685120   1.157640  -0.332290   0.137360   2.514430
 -0.003190   0.001780   0.003710  -0.441210  -0.685120   1.157640
 -0.003190   0.001780   0.003710  -0.397670  -0.567590  -0.874720
 -0.003190   0.001780   0.003710  -0.403090   1.053350   0.014100
 -0.003190   0.001780   0.003710   1.115890  -0.001070  -0.005960
