33 atoms follow (x y z r g b radiusScale)
 -0.498280  -0.093080  -0.035340   0.000000   1.000000   0.000000   1.850000
  0.417850  -0.134270  -0.681180   1.000000   1.000000   1.000000   1.200000
 -0.829140   0.969600   0.119520   1.000000   1.000000   1.000000   1.200000
 -1.307170  -0.701640  -0.518740   1.000000   1.000000   1.000000   1.200000
 -0.193180  -0.712160   1.194730   1.000000   0.000000   0.000000   1.400000
 -0.182020   0.153730   2.524700   0.500000   0.500000   0.500000   1.900000
  1.288800  -0.053980   3.069640   1.000000   0.000000   0.000000   1.400000
 -1.092370  -0.602840   3.551140   1.000000   0.000000   0.000000   1.400000
 -0.586880   1.569970   2.361940   1.000000   0.000000   0.000000   1.400000
 -1.190860   3.476340   1.862290   1.000000   1.000000   0.000000   1.850000
 -0.048370   3.936050   2.565340   1.000000   0.000000   0.000000   1.400000
 -2.394700   3.130280   2.450650   1.000000   0.000000   0.000000   1.400000
 -0.846900   3.089890   0.541400   1.000000   0.000000   0.000000   1.400000
 -1.616260   5.116930   1.309410   1.000000   0.000000   0.000000   1.400000
 -2.550300   5.937750   1.919510   0.000000   1.000000   0.000000   1.850000
 -3.276670   5.338460   2.527110   1.000000   1.000000   1.000000   1.200000
 -3.106720   6.499450   1.124130   1.000000   1.000000   1.000000   1.200000
 -2.025840   6.673590   2.586240   1.000000   1.000000   1.000000   1.200000
  0.887600   5.089020   0.305780   0.000000   0.000000   1.000000   1.540000
  1.185780   4.624530   1.189560   1.000000   1.000000   1.000000   1.200000
  1.661690   5.521350  -0.174090   1.000000   1.000000   1.000000   1.200000
  0.165870   5.774150   0.571260   1.000000   1.000000   1.000000   1.200000
  0.418210   4.366230  -0.278210   1.000000   1.000000   1.000000   1.200000
  1.047520   2.441710   5.005180   0.000000   0.000000   1.000000   1.540000
  1.530620   0.455880   3.846120   1.000000   1.000000   1.000000   1.200000
  0.921220   2.928510   4.135830   1.000000   1.000000   1.000000   1.200000
  1.862560   2.799800   5.457510   1.000000   1.000000   1.000000   1.200000
  0.257480   2.629100   5.586900   1.000000   1.000000   1.000000   1.200000
 -3.542140   0.740130   3.429800   0.000000   0.000000   1.000000   1.540000
 -2.016330  -0.308100   3.674890   1.000000   1.000000   1.000000   1.200000
 -3.753950   0.829970   2.456360   1.000000   1.000000   1.000000   1.200000
 -3.114250   1.601240   3.723810   1.000000   1.000000   1.000000   1.200000
 -4.395270   0.620180   3.933160   1.000000   1.000000   1.000000   1.200000
28 bonds follow (x1 y1 z1 x2 y2 z2)
 -3.542140   0.740130   3.429800  -4.395270   0.620180   3.933160
 -3.542140   0.740130   3.429800  -3.114250   1.601240   3.723810
 -3.542140   0.740130   3.429800  -3.753950   0.829970   2.456360
 -1.092370  -0.602840   3.551140  -2.016330  -0.308100   3.674890
  1.047520   2.441710   5.005180   0.257480   2.629100   5.586900
  1.047520   2.441710   5.005180   1.862560   2.799800   5.457510
  1.047520   2.441710   5.005180   0.921220   2.928510   4.135830
  1.288800  -0.053980   3.069640   1.530620   0.455880   3.846120
  0.887600   5.089020   0.305780   0.418210   4.366230  -0.278210
  0.887600   5.089020   0.305780   0.165870   5.774150   0.571260
  0.887600   5.089020   0.305780   1.661690   5.521350  -0.174090
  0.887600   5.089020   0.305780   1.185780   4.624530   1.189560
 -2.550300   5.937750   1.919510  -2.025840   6.673590   2.586240
 -2.550300   5.937750   1.919510  -3.106720   6.499450   1.124130
 -2.550300   5.937750   1.919510  -3.276670   5.338460   2.527110
 -1.616260   5.116930   1.309410  -2.550300   5.937750   1.919510
 -1.190860   3.476340   1.862290  -1.616260   5.116930   1.309410
 -1.190860   3.476340   1.862290  -0.846900   3.089890   0.541400
 -1.190860   3.476340   1.862290  -2.394700   3.130280   2.450650
 -1.190860   3.476340   1.862290  -0.048370   3.936050   2.565340
 -0.182020   0.153730   2.524700  -0.586880   1.569970   2.361940
 -0.182020   0.153730   2.524700  -1.092370  -0.602840   3.551140
 -0.182020   0.153730   2.524700   1.288800  -0.053980   3.069640
 -0.193180  -0.712160   1.194730  -0.182020   0.153730   2.524700
 -0.498280  -0.093080  -0.035340  -0.193180  -0.712160   1.194730
 -0.498280  -0.093080  -0.035340  -1.307170  -0.701640  -0.518740
 -0.498280  -0.093080  -0.035340  -0.829140   0.969600   0.119520
 -0.498280  -0.093080  -0.035340   0.417850  -0.134270  -0.681180
