33 atoms follow (x y z r g b radiusScale)
  0.008800  -0.003560  -0.011560   0.000000   1.000000   0.000000   1.850000
  1.127220  -0.008440   0.003100   1.000000   1.000000   1.000000   1.200000
 -0.396110   1.044110  -0.024300   1.000000   1.000000   1.000000   1.200000
 -0.373060  -0.593320  -0.882570   1.000000   1.000000   1.000000   1.200000
 -0.456300  -0.675700   1.145760   1.000000   0.000000   0.000000   1.400000
 -0.310990   0.073230   2.525750   0.500000   0.500000   0.500000   1.900000
  1.168120  -0.048760   3.004720   1.000000   0.000000   0.000000   1.400000
 -1.258140  -0.618260   3.552750   1.000000   0.000000   0.000000   1.400000
 -0.674190   1.523950   2.376150   1.000000   0.000000   0.000000   1.400000
 -1.095870   3.260330   2.004980   1.000000   1.000000   0.000000   1.850000
 -0.082150   3.791060   2.772780   1.000000   0.000000   0.000000   1.400000
 -2.376680   3.215150   2.511700   1.000000   0.000000   0.000000   1.400000
 -0.935150   3.099650   0.636760   1.000000   0.000000   0.000000   1.400000
 -1.682980   5.392700   1.617390   1.000000   0.000000   0.000000   1.400000
 -2.863190   5.708690   0.906130   0.000000   1.000000   0.000000   1.850000
 -2.774520   5.354020  -0.150440   1.000000   1.000000   1.000000   1.200000
 -3.014660   6.815960   0.932590   1.000000   1.000000   1.000000   1.200000
 -3.704760   5.184710   1.428780   1.000000   1.000000   1.000000   1.200000
  1.034530   5.573140   0.359900   0.000000   0.000000   1.000000   1.540000
  1.360710   5.210960   1.230650   1.000000   1.000000   1.000000   1.200000
 -1.023020   5.858860   1.299530   1.000000   1.000000   1.000000   1.200000
  0.635820   4.813520  -0.155090   1.000000   1.000000   1.000000   1.200000
  1.794960   5.963270  -0.152530   1.000000   1.000000   1.000000   1.200000
  1.624340   2.224160   4.678280   0.000000   0.000000   1.000000   1.540000
  1.498180   0.607150   3.655830   1.000000   1.000000   1.000000   1.200000
  1.241400   2.954980   4.107180   1.000000   1.000000   1.000000   1.200000
  2.597000   2.396210   4.823960   1.000000   1.000000   1.000000   1.200000
  1.163040   2.227480   5.563650   1.000000   1.000000   1.000000   1.200000
 -3.583040   0.974500   3.755090   0.000000   0.000000   1.000000   1.540000
 -2.151240  -0.234160   3.713600   1.000000   1.000000   1.000000   1.200000
 -3.863260   1.209150   2.823260   1.000000   1.000000   1.000000   1.200000
 -3.197350   1.804030   4.165600   1.000000   1.000000   1.000000   1.200000
 -4.383420   0.686870   4.277180   1.000000   1.000000   1.000000   1.200000
28 bonds follow (x1 y1 z1 x2 y2 z2)
 -3.583040   0.974500   3.755090  -4.383420   0.686870   4.277180
 -3.583040   0.974500   3.755090  -3.197350   1.804030   4.165600
 -3.583040   0.974500   3.755090  -3.863260   1.209150   2.823260
 -1.258140  -0.618260   3.552750  -2.151240  -0.234160   3.713600
  1.624340   2.224160   4.678280   1.163040   2.227480   5.563650
  1.624340   2.224160   4.678280   2.597000   2.396210   4.823960
  1.624340   2.224160   4.678280   1.241400   2.954980   4.107180
  1.168120  -0.048760   3.004720   1.498180   0.607150   3.655830
  1.034530   5.573140   0.359900   1.794960   5.963270  -0.152530
  1.034530   5.573140   0.359900   0.635820   4.813520  -0.155090
 -1.682980   5.392700   1.617390  -1.023020   5.858860   1.299530
  1.034530   5.573140   0.359900   1.360710   5.210960   1.230650
 -2.863190   5.708690   0.906130  -3.704760   5.184710   1.428780
 -2.863190   5.708690   0.906130  -3.014660   6.815960   0.932590
 -2.863190   5.708690   0.906130  -2.774520   5.354020  -0.150440
 -1.682980   5.392700   1.617390  -2.863190   5.708690   0.906130
 -1.095870   3.260330   2.004980  -0.935150   3.099650   0.636760
 -1.095870   3.260330   2.004980  -2.376680   3.215150   2.511700
 -1.095870   3.260330   2.004980  -0.082150   3.791060   2.772780
 -0.674190   1.523950   2.376150  -1.095870   3.260330   2.004980
 -0.310990   0.073230   2.525750  -0.674190   1.523950   2.376150
 -0.310990   0.073230   2.525750  -1.258140  -0.618260   3.552750
 -0.310990   0.073230   2.525750   1.168120  -0.048760   3.004720
 -0.456300  -0.675700   1.145760  -0.310990   0.073230   2.525750
  0.008800  -0.003560  -0.011560  -0.456300  -0.675700   1.145760
  0.008800  -0.003560  -0.011560  -0.373060  -0.593320  -0.882570
  0.008800  -0.003560  -0.011560  -0.396110   1.044110  -0.024300
  0.008800  -0.003560  -0.011560   1.127220  -0.008440   0.003100
