33 atoms follow (x y z r g b radiusScale)
  0.389010  -0.106660   0.116350   0.000000   1.000000   0.000000   1.850000
  1.452090  -0.212100   0.453260   1.000000   1.000000   1.000000   1.200000
  0.103220   0.972680   0.002440   1.000000   1.000000   1.000000   1.200000
  0.217070  -0.671020  -0.832910   1.000000   1.000000   1.000000   1.200000
 -0.449210  -0.694440   1.098250   1.000000   0.000000   0.000000   1.400000
 -0.309570   0.004340   2.511140   0.500000   0.500000   0.500000   1.900000
  1.172350  -0.131750   2.991470   1.000000   0.000000   0.000000   1.400000
 -1.181860  -0.787020   3.514940   1.000000   0.000000   0.000000   1.400000
 -0.758430   1.447950   2.464870   1.000000   0.000000   0.000000   1.400000
 -1.154400   3.190840   2.210940   1.000000   1.000000   0.000000   1.850000
 -0.470440   3.702070   3.285480   1.000000   0.000000   0.000000   1.400000
 -2.526580   3.091070   2.284850   1.000000   0.000000   0.000000   1.400000
 -0.574420   3.303440   0.970930   1.000000   0.000000   0.000000   1.400000
 -2.505690   6.510580   1.397960   1.000000   0.000000   0.000000   1.400000
 -3.820820   6.240630   0.989340   0.000000   1.000000   0.000000   1.850000
 -4.301670   7.159210   0.578360   1.000000   1.000000   1.000000   1.200000
 -4.431620   5.845250   1.829470   1.000000   1.000000   1.000000   1.200000
 -3.765430   5.454760   0.192640   1.000000   1.000000   1.000000   1.200000
  2.428470   4.905950  -0.249670   0.000000   0.000000   1.000000   1.540000
  2.013850   5.453990   0.480180   1.000000   1.000000   1.000000   1.200000
 -2.495080   7.250820   2.191970   1.000000   1.000000   1.000000   1.200000
  2.055510   5.238890  -1.117930   1.000000   1.000000   1.000000   1.200000
  2.118380   3.962970  -0.132120   1.000000   1.000000   1.000000   1.200000
  1.875980   2.242970   4.289970   0.000000   0.000000   1.000000   1.540000
  1.564690   0.541080   3.592500   1.000000   1.000000   1.000000   1.200000
  1.556610   2.966440   3.672330   1.000000   1.000000   1.000000   1.200000
  2.836330   2.400010   4.513550   1.000000   1.000000   1.000000   1.200000
  1.336470   2.295070   5.130230   1.000000   1.000000   1.000000   1.200000
 -3.493580   0.713780   3.760420   0.000000   0.000000   1.000000   1.540000
 -2.097600  -0.463080   3.688800   1.000000   1.000000   1.000000   1.200000
 -3.580050   1.274280   2.931390   1.000000   1.000000   1.000000   1.200000
 -3.297280   1.321950   4.529090   1.000000   1.000000   1.000000   1.200000
 -4.353230   0.237320   3.933720   1.000000   1.000000   1.000000   1.200000
28 bonds follow (x1 y1 z1 x2 y2 z2)
 -3.493580   0.713780   3.760420  -4.353230   0.237320   3.933720
 -3.493580   0.713780   3.760420  -3.297280   1.321950   4.529090
 -3.493580   0.713780   3.760420  -3.580050   1.274280   2.931390
 -1.181860  -0.787020   3.514940  -2.097600  -0.463080   3.688800
  1.875980   2.242970   4.289970   1.336470   2.295070   5.130230
  1.875980   2.242970   4.289970   2.836330   2.400010   4.513550
  1.875980   2.242970   4.289970   1.556610   2.966440   3.672330
  1.172350  -0.131750   2.991470   1.564690   0.541080   3.592500
  2.428470   4.905950  -0.249670   2.118380   3.962970  -0.132120
  2.428470   4.905950  -0.249670   2.055510   5.238890  -1.117930
 -2.505690   6.510580   1.397960  -2.495080   7.250820   2.191970
  2.428470   4.905950  -0.249670   2.013850   5.453990   0.480180
 -3.820820   6.240630   0.989340  -3.765430   5.454760   0.192640
 -3.820820   6.240630   0.989340  -4.431620   5.845250   1.829470
 -3.820820   6.240630   0.989340  -4.301670   7.159210   0.578360
 -2.505690   6.510580   1.397960  -3.820820   6.240630   0.989340
 -1.154400   3.190840   2.210940  -0.574420   3.303440   0.970930
 -1.154400   3.190840   2.210940  -2.526580   3.091070   2.284850
 -1.154400   3.190840   2.210940  -0.470440   3.702070   3.285480
 -0.758430   1.447950   2.464870  -1.154400   3.190840   2.210940
 -0.309570   0.004340   2.511140  -0.758430   1.447950   2.464870
 -0.309570   0.004340   2.511140  -1.181860  -0.787020   3.514940
 -0.309570   0.004340   2.511140   1.172350  -0.131750   2.991470
 -0.449210  -0.694440   1.098250  -0.309570   0.004340   2.511140
  0.389010  -0.106660   0.116350  -0.449210  -0.694440   1.098250
  0.389010  -0.106660   0.116350   0.217070  -0.671020  -0.832910
  0.389010  -0.106660   0.116350   0.103220   0.972680   0.002440
  0.389010  -0.106660   0.116350   1.452090  -0.212100   0.453260
