33 atoms follow (x y z r g b radiusScale)
 -0.073700  -0.070970  -0.032450   0.000000   1.000000   0.000000   1.850000
  0.993350  -0.308080  -0.281800   1.000000   1.000000   1.000000   1.200000
 -0.244190   1.037670   0.038620   1.000000   1.000000   1.000000   1.200000
 -0.738730  -0.523810  -0.813040   1.000000   1.000000   1.000000   1.200000
 -0.411890  -0.693120   1.187080   1.000000   0.000000   0.000000   1.400000
 -0.311920   0.136940   2.538750   0.500000   0.500000   0.500000   1.900000
  1.177940  -0.043650   3.012290   1.000000   0.000000   0.000000   1.400000
 -1.139370  -0.696500   3.582380   1.000000   0.000000   0.000000   1.400000
 -0.698570   1.562260   2.407860   1.000000   0.000000   0.000000   1.400000
 -1.185460   3.463840   1.872230   1.000000   1.000000   0.000000   1.850000
 -0.106740   3.889300   2.685890   1.000000   0.000000   0.000000   1.400000
 -2.463070   3.112400   2.274830   1.000000   0.000000   0.000000   1.400000
 -0.649070   3.174780   0.585210   1.000000   0.000000   0.000000   1.400000
 -1.593790   5.153350   1.447090   1.000000   0.000000   0.000000   1.400000
 -2.836830   5.756910   1.488550   0.000000   1.000000   0.000000   1.850000
 -3.440870   5.468810   0.587800   1.000000   1.000000   1.000000   1.200000
 -2.686070   6.869360   1.485460   1.000000   1.000000   1.000000   1.200000
 -3.397900   5.460100   2.411870   1.000000   1.000000   1.000000   1.200000
  0.872570   5.238120   0.502900   0.000000   0.000000   1.000000   1.540000
  0.757960   5.462540   1.512600   1.000000   1.000000   1.000000   1.200000
  1.622910   5.752840   0.072220   1.000000   1.000000   1.000000   1.200000
 -0.049190   5.422100   0.057750   1.000000   1.000000   1.000000   1.200000
  1.022860   4.212260   0.442550   1.000000   1.000000   1.000000   1.200000
  1.515140   2.308820   4.723690   0.000000   0.000000   1.000000   1.540000
  1.536010   0.626370   3.614560   1.000000   1.000000   1.000000   1.200000
  0.986330   2.876290   4.084950   1.000000   1.000000   1.000000   1.200000
  2.424940   2.704570   4.830490   1.000000   1.000000   1.000000   1.200000
  1.060720   2.313380   5.612510   1.000000   1.000000   1.000000   1.200000
 -3.534370   0.933150   3.727250   0.000000   0.000000   1.000000   1.540000
 -2.058260  -0.439210   3.758620   1.000000   1.000000   1.000000   1.200000
 -3.755080   1.105530   2.764650   1.000000   1.000000   1.000000   1.200000
 -3.021960   1.733530   4.050170   1.000000   1.000000   1.000000   1.200000
 -4.387780   0.875080   4.242280   1.000000   1.000000   1.000000   1.200000
28 bonds follow (x1 y1 z1 x2 y2 z2)
 -3.534370   0.933150   3.727250  -4.387780   0.875080   4.242280
 -3.534370   0.933150   3.727250  -3.021960   1.733530   4.050170
 -3.534370   0.933150   3.727250  -3.755080   1.105530   2.764650
 -1.139370  -0.696500   3.582380  -2.058260  -0.439210   3.758620
  1.515140   2.308820   4.723690   1.060720   2.313380   5.612510
  1.515140   2.308820   4.723690   2.424940   2.704570   4.830490
  1.515140   2.308820   4.723690   0.986330   2.876290   4.084950
  1.177940  -0.043650   3.012290   1.536010   0.626370   3.614560
  0.872570   5.238120   0.502900   1.022860   4.212260   0.442550
  0.872570   5.238120   0.502900  -0.049190   5.422100   0.057750
  0.872570   5.238120   0.502900   1.622910   5.752840   0.072220
  0.872570   5.238120   0.502900   0.757960   5.462540   1.512600
 -2.836830   5.756910   1.488550  -3.397900   5.460100   2.411870
 -2.836830   5.756910   1.488550  -2.686070   6.869360   1.485460
 -2.836830   5.756910   1.488550  -3.440870   5.468810   0.587800
 -1.593790   5.153350   1.447090  -2.836830   5.756910   1.488550
 -1.185460   3.463840   1.872230  -1.593790   5.153350   1.447090
 -1.185460   3.463840   1.872230  -0.649070   3.174780   0.585210
 -1.185460   3.463840   1.872230  -2.463070   3.112400   2.274830
 -1.185460   3.463840   1.872230  -0.106740   3.889300   2.685890
 -0.311920   0.136940   2.538750  -0.698570   1.562260   2.407860
 -0.311920   0.136940   2.538750  -1.139370  -0.696500   3.582380
 -0.311920   0.136940   2.538750   1.177940  -0.043650   3.012290
 -0.411890  -0.693120   1.187080  -0.311920   0.136940   2.538750
 -0.073700  -0.070970  -0.032450  -0.411890  -0.693120   1.187080
 -0.073700  -0.070970  -0.032450  -0.738730  -0.523810  -0.813040
 -0.073700  -0.070970  -0.032450  -0.244190   1.037670   0.038620
 -0.073700  -0.070970  -0.032450   0.993350  -0.308080  -0.281800
