33 atoms follow (x y z r g b radiusScale)
 -0.022570   0.013160  -0.027630   0.000000   1.000000   0.000000   1.850000
  1.095930  -0.019000  -0.052640   1.000000   1.000000   1.000000   1.200000
 -0.397790   1.073770  -0.021380   1.000000   1.000000   1.000000   1.200000
 -0.442370  -0.555230  -0.895000   1.000000   1.000000   1.000000   1.200000
 -0.461240  -0.651780   1.138330   1.000000   0.000000   0.000000   1.400000
 -0.302010   0.163220   2.493280   0.500000   0.500000   0.500000   1.900000
  1.169820  -0.093940   2.987840   1.000000   0.000000   0.000000   1.400000
 -1.226810  -0.574470   3.515180   1.000000   0.000000   0.000000   1.400000
 -0.625070   1.606100   2.357470   1.000000   0.000000   0.000000   1.400000
 -1.206080   3.442570   1.967330   1.000000   1.000000   0.000000   1.850000
 -0.067130   3.901650   2.686830   1.000000   0.000000   0.000000   1.400000
 -2.426580   3.146070   2.569350   1.000000   0.000000   0.000000   1.400000
 -0.826420   3.137980   0.626640   1.000000   0.000000   0.000000   1.400000
 -1.551440   5.122530   1.459360   1.000000   0.000000   0.000000   1.400000
 -2.840870   5.509460   1.138560   0.000000   1.000000   0.000000   1.850000
 -3.061790   5.255700   0.066940   1.000000   1.000000   1.000000   1.200000
 -2.924370   6.619130   1.275660   1.000000   1.000000   1.000000   1.200000
 -3.590770   4.999910   1.799160   1.000000   1.000000   1.000000   1.200000
  0.981970   5.287180   0.542120   0.000000   0.000000   1.000000   1.540000
  0.836210   5.189600   1.572180   1.000000   1.000000   1.000000   1.200000
  0.855850   6.247680   0.262460   1.000000   1.000000   1.000000   1.200000
  0.231100   4.689180   0.118840   1.000000   1.000000   1.000000   1.200000
  1.902160   4.950060   0.276160   1.000000   1.000000   1.000000   1.200000
  1.591060   2.275620   4.694170   0.000000   0.000000   1.000000   1.540000
  1.541600   0.529050   3.630310   1.000000   1.000000   1.000000   1.200000
  1.085570   2.875460   4.065180   1.000000   1.000000   1.000000   1.200000
  2.515700   2.631850   4.811300   1.000000   1.000000   1.000000   1.200000
  1.134810   2.279750   5.582040   1.000000   1.000000   1.000000   1.200000
 -3.621170   0.930790   3.782640   0.000000   0.000000   1.000000   1.540000
 -2.123810  -0.218210   3.681690   1.000000   1.000000   1.000000   1.200000
 -3.878090   1.209060   2.855860   1.000000   1.000000   1.000000   1.200000
 -3.230550   1.736580   4.233530   1.000000   1.000000   1.000000   1.200000
 -4.437300   0.638840   4.276570   1.000000   1.000000   1.000000   1.200000
28 bonds follow (x1 y1 z1 x2 y2 z2)
 -3.621170   0.930790   3.782640  -4.437300   0.638840   4.276570
 -3.621170   0.930790   3.782640  -3.230550   1.736580   4.233530
 -3.621170   0.930790   3.782640  -3.878090   1.209060   2.855860
 -1.226810  -0.574470   3.515180  -2.123810  -0.218210   3.681690
  1.591060   2.275620   4.694170   1.134810   2.279750   5.582040
  1.591060   2.275620   4.694170   2.515700   2.631850   4.811300
  1.591060   2.275620   4.694170   1.085570   2.875460   4.065180
  1.169820  -0.093940   2.987840   1.541600   0.529050   3.630310
  0.981970   5.287180   0.542120   1.902160   4.950060   0.276160
  0.981970   5.287180   0.542120   0.231100   4.689180   0.118840
  0.981970   5.287180   0.542120   0.855850   6.247680   0.262460
  0.981970   5.287180   0.542120   0.836210   5.189600   1.572180
 -2.840870   5.509460   1.138560  -3.590770   4.999910   1.799160
 -2.840870   5.509460   1.138560  -2.924370   6.619130   1.275660
 -2.840870   5.509460   1.138560  -3.061790   5.255700   0.066940
 -1.551440   5.122530   1.459360  -2.840870   5.509460   1.138560
 -1.206080   3.442570   1.967330  -1.551440   5.122530   1.459360
 -1.206080   3.442570   1.967330  -0.826420   3.137980   0.626640
 -1.206080   3.442570   1.967330  -2.426580   3.146070   2.569350
 -1.206080   3.442570   1.967330  -0.067130   3.901650   2.686830
 -0.302010   0.163220   2.493280  -0.625070   1.606100   2.357470
 -0.302010   0.163220   2.493280  -1.226810  -0.574470   3.515180
 -0.302010   0.163220   2.493280   1.169820  -0.093940   2.987840
 -0.461240  -0.651780   1.138330  -0.302010   0.163220   2.493280
 -0.022570   0.013160  -0.027630  -0.461240  -0.651780   1.138330
 -0.022570   0.013160  -0.027630  -0.442370  -0.555230  -0.895000
 -0.022570   0.013160  -0.027630  -0.397790   1.073770  -0.021380
 -0.022570   0.013160  -0.027630   1.095930  -0.019000  -0.052640
