33 atoms follow (x y z r g b radiusScale)
 -0.563810  -0.170530   0.015060   0.000000   1.000000   0.000000   1.850000
  0.204850  -0.463380  -0.747760   1.000000   1.000000   1.000000   1.200000
 -0.641030   0.947680   0.089720   1.000000   1.000000   1.000000   1.200000
 -1.551200  -0.618110  -0.273890   1.000000   1.000000   1.000000   1.200000
 -0.161900  -0.748860   1.239810   1.000000   0.000000   0.000000   1.400000
 -0.180940   0.175120   2.525000   0.500000   0.500000   0.500000   1.900000
  1.268110   0.090710   3.150910   1.000000   0.000000   0.000000   1.400000
 -1.111920  -0.604320   3.522990   1.000000   0.000000   0.000000   1.400000
 -0.690990   1.537510   2.221060   1.000000   0.000000   0.000000   1.400000
 -1.176800   3.385140   1.797050   1.000000   1.000000   0.000000   1.850000
 -0.091890   3.834850   2.604750   1.000000   0.000000   0.000000   1.400000
 -2.421930   3.076230   2.310510   1.000000   0.000000   0.000000   1.400000
 -0.738170   3.123230   0.472580   1.000000   0.000000   0.000000   1.400000
 -1.580740   5.078120   1.309130   1.000000   0.000000   0.000000   1.400000
 -2.547810   5.812390   1.971340   0.000000   1.000000   0.000000   1.850000
 -3.556110   5.340420   1.836310   1.000000   1.000000   1.000000   1.200000
 -2.562300   6.851610   1.549530   1.000000   1.000000   1.000000   1.200000
 -2.314530   5.864640   3.068530   1.000000   1.000000   1.000000   1.200000
  0.867430   5.324230   0.452200   0.000000   0.000000   1.000000   1.540000
  0.894660   5.290790   1.496440   1.000000   1.000000   1.000000   1.200000
  1.617160   5.870360   0.062040   1.000000   1.000000   1.000000   1.200000
 -0.069730   5.700630   0.197500   1.000000   1.000000   1.000000   1.200000
  0.869510   4.345330   0.126850   1.000000   1.000000   1.000000   1.200000
  1.211830   2.405300   4.940940   0.000000   0.000000   1.000000   1.540000
  1.474120   0.712240   3.865920   1.000000   1.000000   1.000000   1.200000
  0.946830   3.020870   4.192360   1.000000   1.000000   1.000000   1.200000
  2.090680   2.699380   5.311100   1.000000   1.000000   1.000000   1.200000
  0.525700   2.462620   5.663610   1.000000   1.000000   1.000000   1.200000
 -3.604880   0.921050   3.548990   0.000000   0.000000   1.000000   1.540000
 -1.996710  -0.238500   3.704900   1.000000   1.000000   1.000000   1.200000
 -3.853540   1.063970   2.590730   1.000000   1.000000   1.000000   1.200000
 -3.316990   1.808500   3.915110   1.000000   1.000000   1.000000   1.200000
 -4.404030   0.598340   4.051870   1.000000   1.000000   1.000000   1.200000
28 bonds follow (x1 y1 z1 x2 y2 z2)
 -3.604880   0.921050   3.548990  -4.404030   0.598340   4.051870
 -3.604880   0.921050   3.548990  -3.316990   1.808500   3.915110
 -3.604880   0.921050   3.548990  -3.853540   1.063970   2.590730
 -1.111920  -0.604320   3.522990  -1.996710  -0.238500   3.704900
  1.211830   2.405300   4.940940   0.525700   2.462620   5.663610
  1.211830   2.405300   4.940940   2.090680   2.699380   5.311100
  1.211830   2.405300   4.940940   0.946830   3.020870   4.192360
  1.268110   0.090710   3.150910   1.474120   0.712240   3.865920
  0.867430   5.324230   0.452200   0.869510   4.345330   0.126850
  0.867430   5.324230   0.452200  -0.069730   5.700630   0.197500
  0.867430   5.324230   0.452200   1.617160   5.870360   0.062040
  0.867430   5.324230   0.452200   0.894660   5.290790   1.496440
 -2.547810   5.812390   1.971340  -2.314530   5.864640   3.068530
 -2.547810   5.812390   1.971340  -2.562300   6.851610   1.549530
 -2.547810   5.812390   1.971340  -3.556110   5.340420   1.836310
 -1.580740   5.078120   1.309130  -2.547810   5.812390   1.971340
 -1.176800   3.385140   1.797050  -1.580740   5.078120   1.309130
 -1.176800   3.385140   1.797050  -0.738170   3.123230   0.472580
 -1.176800   3.385140   1.797050  -2.421930   3.076230   2.310510
 -1.176800   3.385140   1.797050  -0.091890   3.834850   2.604750
 -0.180940   0.175120   2.525000  -0.690990   1.537510   2.221060
 -0.180940   0.175120   2.525000  -1.111920  -0.604320   3.522990
 -0.180940   0.175120   2.525000   1.268110   0.090710   3.150910
 -0.161900  -0.748860   1.239810  -0.180940   0.175120   2.525000
 -0.563810  -0.170530   0.015060  -0.161900  -0.748860   1.239810
 -0.563810  -0.170530   0.015060  -1.551200  -0.618110  -0.273890
 -0.563810  -0.170530   0.015060  -0.641030   0.947680   0.089720
 -0.563810  -0.170530   0.015060   0.204850  -0.463380  -0.747760
