33 atoms follow (x y z r g b radiusScale)
 -0.235320  -0.202120  -0.043270   0.000000   1.000000   0.000000   1.850000
  0.748900  -0.458200  -0.516910   1.000000   1.000000   1.000000   1.200000
 -0.380590   0.909810   0.032300   1.000000   1.000000   1.000000   1.200000
 -1.059250  -0.659410  -0.652170   1.000000   1.000000   1.000000   1.200000
 -0.281810  -0.804750   1.233400   1.000000   0.000000   0.000000   1.400000
 -0.212530   0.146840   2.501510   0.500000   0.500000   0.500000   1.900000
  1.298640   0.124340   2.966480   1.000000   0.000000   0.000000   1.400000
 -1.112750  -0.576250   3.568860   1.000000   0.000000   0.000000   1.400000
 -0.719900   1.514930   2.232950   1.000000   0.000000   0.000000   1.400000
 -1.127570   3.424730   1.930310   1.000000   1.000000   0.000000   1.850000
  0.112510   3.750500   2.541680   1.000000   0.000000   0.000000   1.400000
 -2.300310   3.224410   2.636240   1.000000   0.000000   0.000000   1.400000
 -0.937570   3.138200   0.549760   1.000000   0.000000   0.000000   1.400000
 -1.453170   5.159060   1.570940   1.000000   0.000000   0.000000   1.400000
 -2.673440   5.755620   1.850700   0.000000   1.000000   0.000000   1.850000
 -3.043990   5.448930   2.863270   1.000000   1.000000   1.000000   1.200000
 -3.433660   5.460390   1.080110   1.000000   1.000000   1.000000   1.200000
 -2.538630   6.868690   1.827250   1.000000   1.000000   1.000000   1.200000
  0.822590   5.167210   0.250660   0.000000   0.000000   1.000000   1.540000
  1.062870   5.029170   1.258590   1.000000   1.000000   1.000000   1.200000
  1.559660   5.608730  -0.268490   1.000000   1.000000   1.000000   1.200000
 -0.060820   5.726720   0.242680   1.000000   1.000000   1.000000   1.200000
  0.576640   4.235880  -0.120470   1.000000   1.000000   1.000000   1.200000
  0.961310   2.509170   4.877540   0.000000   0.000000   1.000000   1.540000
  1.566720   0.785820   3.613600   1.000000   1.000000   1.000000   1.200000
  1.379960   3.089460   4.173450   1.000000   1.000000   1.000000   1.200000
  1.266260   2.825190   5.774330   1.000000   1.000000   1.000000   1.200000
 -0.029330   2.645380   4.818140   1.000000   1.000000   1.000000   1.200000
 -3.653980   0.894080   3.397000   0.000000   0.000000   1.000000   1.540000
 -2.045150  -0.306580   3.641660   1.000000   1.000000   1.000000   1.200000
 -3.474190   1.188860   2.455420   1.000000   1.000000   1.000000   1.200000
 -3.472210   1.686800   3.983510   1.000000   1.000000   1.000000   1.200000
 -4.620190   0.652510   3.471380   1.000000   1.000000   1.000000   1.200000
28 bonds follow (x1 y1 z1 x2 y2 z2)
 -3.653980   0.894080   3.397000  -4.620190   0.652510   3.471380
 -3.653980   0.894080   3.397000  -3.472210   1.686800   3.983510
 -3.653980   0.894080   3.397000  -3.474190   1.188860   2.455420
 -1.112750  -0.576250   3.568860  -2.045150  -0.306580   3.641660
  0.961310   2.509170   4.877540  -0.029330   2.645380   4.818140
  0.961310   2.509170   4.877540   1.266260   2.825190   5.774330
  0.961310   2.509170   4.877540   1.379960   3.089460   4.173450
  1.298640   0.124340   2.966480   1.566720   0.785820   3.613600
  0.822590   5.167210   0.250660   0.576640   4.235880  -0.120470
  0.822590   5.167210   0.250660  -0.060820   5.726720   0.242680
  0.822590   5.167210   0.250660   1.559660   5.608730  -0.268490
  0.822590   5.167210   0.250660   1.062870   5.029170   1.258590
 -2.673440   5.755620   1.850700  -2.538630   6.868690   1.827250
 -2.673440   5.755620   1.850700  -3.433660   5.460390   1.080110
 -2.673440   5.755620   1.850700  -3.043990   5.448930   2.863270
 -1.453170   5.159060   1.570940  -2.673440   5.755620   1.850700
 -1.127570   3.424730   1.930310  -1.453170   5.159060   1.570940
 -1.127570   3.424730   1.930310  -0.937570   3.138200   0.549760
 -1.127570   3.424730   1.930310  -2.300310   3.224410   2.636240
 -1.127570   3.424730   1.930310   0.112510   3.750500   2.541680
 -0.212530   0.146840   2.501510  -0.719900   1.514930   2.232950
 -0.212530   0.146840   2.501510  -1.112750  -0.576250   3.568860
 -0.212530   0.146840   2.501510   1.298640   0.124340   2.966480
 -0.281810  -0.804750   1.233400  -0.212530   0.146840   2.501510
 -0.235320  -0.202120  -0.043270  -0.281810  -0.804750   1.233400
 -0.235320  -0.202120  -0.043270  -1.059250  -0.659410  -0.652170
 -0.235320  -0.202120  -0.043270  -0.380590   0.909810   0.032300
 -0.235320  -0.202120  -0.043270   0.748900  -0.458200  -0.516910
