33 atoms follow (x y z r g b radiusScale)
 -0.455360  -0.247550  -0.004480   0.000000   1.000000   0.000000   1.850000
  0.462890  -0.400230  -0.630990   1.000000   1.000000   1.000000   1.200000
 -0.708010   0.845270   0.067050   1.000000   1.000000   1.000000   1.200000
 -1.302650  -0.822320  -0.462510   1.000000   1.000000   1.000000   1.200000
 -0.210530  -0.795680   1.271410   1.000000   0.000000   0.000000   1.400000
 -0.212540   0.171450   2.535880   0.500000   0.500000   0.500000   1.900000
  1.230520   0.028730   3.144810   1.000000   0.000000   0.000000   1.400000
 -1.136570  -0.602820   3.534090   1.000000   0.000000   0.000000   1.400000
 -0.667740   1.546400   2.222620   1.000000   0.000000   0.000000   1.400000
 -1.187120   3.423690   1.766820   1.000000   1.000000   0.000000   1.850000
 -0.116810   3.852560   2.594650   1.000000   0.000000   0.000000   1.400000
 -2.452130   3.054960   2.202300   1.000000   0.000000   0.000000   1.400000
 -0.706840   3.186520   0.443460   1.000000   0.000000   0.000000   1.400000
 -1.607760   5.108960   1.385320   1.000000   0.000000   0.000000   1.400000
 -2.672300   5.778170   1.958390   0.000000   1.000000   0.000000   1.850000
 -3.641320   5.414170   1.528140   1.000000   1.000000   1.000000   1.200000
 -2.555170   6.872850   1.739440   1.000000   1.000000   1.000000   1.200000
 -2.688130   5.624240   3.069520   1.000000   1.000000   1.000000   1.200000
  0.941070   5.291390   0.550730   0.000000   0.000000   1.000000   1.540000
  1.408130   4.628230   1.195100   1.000000   1.000000   1.000000   1.200000
  1.594060   5.812140  -0.015920   1.000000   1.000000   1.000000   1.200000
  0.339930   5.897490   1.127370   1.000000   1.000000   1.000000   1.200000
  0.286750   4.725510  -0.029260   1.000000   1.000000   1.000000   1.200000
  1.314060   2.461540   4.854120   0.000000   0.000000   1.000000   1.540000
  1.478660   0.635070   3.855810   1.000000   1.000000   1.000000   1.200000
  0.882150   3.083380   4.195150   1.000000   1.000000   1.000000   1.200000
  2.214830   2.814350   5.097900   1.000000   1.000000   1.000000   1.200000
  0.754740   2.418560   5.679680   1.000000   1.000000   1.000000   1.200000
 -3.566390   0.949950   3.630870   0.000000   0.000000   1.000000   1.540000
 -2.055290  -0.293810   3.641720   1.000000   1.000000   1.000000   1.200000
 -3.731000   1.275280   2.696800   1.000000   1.000000   1.000000   1.200000
 -3.258320   1.736510   4.166940   1.000000   1.000000   1.000000   1.200000
 -4.418960   0.604470   4.017410   1.000000   1.000000   1.000000   1.200000
28 bonds follow (x1 y1 z1 x2 y2 z2)
 -3.566390   0.949950   3.630870  -4.418960   0.604470   4.017410
 -3.566390   0.949950   3.630870  -3.258320   1.736510   4.166940
 -3.566390   0.949950   3.630870  -3.731000   1.275280   2.696800
 -1.136570  -0.602820   3.534090  -2.055290  -0.293810   3.641720
  1.314060   2.461540   4.854120   0.754740   2.418560   5.679680
  1.314060   2.461540   4.854120   2.214830   2.814350   5.097900
  1.314060   2.461540   4.854120   0.882150   3.083380   4.195150
  1.230520   0.028730   3.144810   1.478660   0.635070   3.855810
  0.941070   5.291390   0.550730   0.286750   4.725510  -0.029260
  0.941070   5.291390   0.550730   0.339930   5.897490   1.127370
  0.941070   5.291390   0.550730   1.594060   5.812140  -0.015920
  0.941070   5.291390   0.550730   1.408130   4.628230   1.195100
 -2.672300   5.778170   1.958390  -2.688130   5.624240   3.069520
 -2.672300   5.778170   1.958390  -2.555170   6.872850   1.739440
 -2.672300   5.778170   1.958390  -3.641320   5.414170   1.528140
 -1.607760   5.108960   1.385320  -2.672300   5.778170   1.958390
 -1.187120   3.423690   1.766820  -1.607760   5.108960   1.385320
 -1.187120   3.423690   1.766820  -0.706840   3.186520   0.443460
 -1.187120   3.423690   1.766820  -2.452130   3.054960   2.202300
 -1.187120   3.423690   1.766820  -0.116810   3.852560   2.594650
 -0.212540   0.171450   2.535880  -0.667740   1.546400   2.222620
 -0.212540   0.171450   2.535880  -1.136570  -0.602820   3.534090
 -0.212540   0.171450   2.535880   1.230520   0.028730   3.144810
 -0.210530  -0.795680   1.271410  -0.212540   0.171450   2.535880
 -0.455360  -0.247550  -0.004480  -0.210530  -0.795680   1.271410
 -0.455360  -0.247550  -0.004480  -1.302650  -0.822320  -0.462510
 -0.455360  -0.247550  -0.004480  -0.708010   0.845270   0.067050
 -0.455360  -0.247550  -0.004480   0.462890  -0.400230  -0.630990
