33 atoms follow (x y z r g b radiusScale)
 -0.012950   0.007450  -0.014480   0.000000   1.000000   0.000000   1.850000
  1.105770  -0.015790  -0.034380   1.000000   1.000000   1.000000   1.200000
 -0.396130   1.065220  -0.008110   1.000000   1.000000   1.000000   1.200000
 -0.424860  -0.562450  -0.884710   1.000000   1.000000   1.000000   1.200000
 -0.452970  -0.663700   1.147740   1.000000   0.000000   0.000000   1.400000
 -0.317880   0.154270   2.504080   0.500000   0.500000   0.500000   1.900000
  1.159330  -0.092320   2.987560   1.000000   0.000000   0.000000   1.400000
 -1.227710  -0.608850   3.526460   1.000000   0.000000   0.000000   1.400000
 -0.598760   1.602230   2.337820   1.000000   0.000000   0.000000   1.400000
 -1.192570   3.463720   1.965040   1.000000   1.000000   0.000000   1.850000
 -0.063110   3.882530   2.720610   1.000000   0.000000   0.000000   1.400000
 -2.424760   3.160270   2.536350   1.000000   0.000000   0.000000   1.400000
 -0.886510   3.180920   0.600880   1.000000   0.000000   0.000000   1.400000
 -1.531330   5.154510   1.513650   1.000000   0.000000   0.000000   1.400000
 -2.823700   5.458000   1.109590   0.000000   1.000000   0.000000   1.850000
 -2.953020   5.195460   0.025440   1.000000   1.000000   1.000000   1.200000
 -2.986190   6.558430   1.244570   1.000000   1.000000   1.000000   1.200000
 -3.583080   4.899660   1.717060   1.000000   1.000000   1.000000   1.200000
  0.970580   5.310910   0.517980   0.000000   0.000000   1.000000   1.540000
  0.853550   5.177910   1.545340   1.000000   1.000000   1.000000   1.200000
  0.727470   6.257200   0.270330   1.000000   1.000000   1.000000   1.200000
  0.280160   4.651030   0.089000   1.000000   1.000000   1.000000   1.200000
  1.916150   5.091670   0.227730   1.000000   1.000000   1.000000   1.200000
  1.595990   2.268040   4.686270   0.000000   0.000000   1.000000   1.540000
  1.527820   0.532810   3.630220   1.000000   1.000000   1.000000   1.200000
  1.106610   2.892210   4.069750   1.000000   1.000000   1.000000   1.200000
  2.531510   2.592480   4.807930   1.000000   1.000000   1.000000   1.200000
  1.141960   2.266460   5.575110   1.000000   1.000000   1.000000   1.200000
 -3.626320   0.925260   3.790370   0.000000   0.000000   1.000000   1.540000
 -2.132780  -0.282540   3.694600   1.000000   1.000000   1.000000   1.200000
 -3.855830   1.196450   2.853730   1.000000   1.000000   1.000000   1.200000
 -3.207300   1.723550   4.229560   1.000000   1.000000   1.000000   1.200000
 -4.465850   0.688960   4.275430   1.000000   1.000000   1.000000   1.200000
28 bonds follow (x1 y1 z1 x2 y2 z2)
 -3.626320   0.925260   3.790370  -4.465850   0.688960   4.275430
 -3.626320   0.925260   3.790370  -3.207300   1.723550   4.229560
 -3.626320   0.925260   3.790370  -3.855830   1.196450   2.853730
 -1.227710  -0.608850   3.526460  -2.132780  -0.282540   3.694600
  1.595990   2.268040   4.686270   1.141960   2.266460   5.575110
  1.595990   2.268040   4.686270   2.531510   2.592480   4.807930
  1.595990   2.268040   4.686270   1.106610   2.892210   4.069750
  1.159330  -0.092320   2.987560   1.527820   0.532810   3.630220
  0.970580   5.310910   0.517980   1.916150   5.091670   0.227730
  0.970580   5.310910   0.517980   0.280160   4.651030   0.089000
  0.970580   5.310910   0.517980   0.727470   6.257200   0.270330
  0.970580   5.310910   0.517980   0.853550   5.177910   1.545340
 -2.823700   5.458000   1.109590  -3.583080   4.899660   1.717060
 -2.823700   5.458000   1.109590  -2.986190   6.558430   1.244570
 -2.823700   5.458000   1.109590  -2.953020   5.195460   0.025440
 -1.531330   5.154510   1.513650  -2.823700   5.458000   1.109590
 -1.192570   3.463720   1.965040  -1.531330   5.154510   1.513650
 -1.192570   3.463720   1.965040  -0.886510   3.180920   0.600880
 -1.192570   3.463720   1.965040  -2.424760   3.160270   2.536350
 -1.192570   3.463720   1.965040  -0.063110   3.882530   2.720610
 -0.317880   0.154270   2.504080  -0.598760   1.602230   2.337820
 -0.317880   0.154270   2.504080  -1.227710  -0.608850   3.526460
 -0.317880   0.154270   2.504080   1.159330  -0.092320   2.987560
 -0.452970  -0.663700   1.147740  -0.317880   0.154270   2.504080
 -0.012950   0.007450  -0.014480  -0.452970  -0.663700   1.147740
 -0.012950   0.007450  -0.014480  -0.424860  -0.562450  -0.884710
 -0.012950   0.007450  -0.014480  -0.396130   1.065220  -0.008110
 -0.012950   0.007450  -0.014480   1.105770  -0.015790  -0.034380
