33 atoms follow (x y z r g b radiusScale)
 -0.318460  -0.100370  -0.074800   0.000000   1.000000   0.000000   1.850000
  0.616760  -0.376020  -0.628420   1.000000   1.000000   1.000000   1.200000
 -0.427070   1.014390   0.027310   1.000000   1.000000   1.000000   1.200000
 -1.200590  -0.532530  -0.616360   1.000000   1.000000   1.000000   1.200000
 -0.267330  -0.719100   1.194900   1.000000   0.000000   0.000000   1.400000
 -0.208220   0.159150   2.512720   0.500000   0.500000   0.500000   1.900000
  1.282960   0.047820   3.020700   1.000000   0.000000   0.000000   1.400000
 -1.019400  -0.605590   3.623960   1.000000   0.000000   0.000000   1.400000
 -0.673760   1.547920   2.296930   1.000000   0.000000   0.000000   1.400000
 -1.164530   3.414130   1.882440   1.000000   1.000000   0.000000   1.850000
  0.063300   3.800650   2.482810   1.000000   0.000000   0.000000   1.400000
 -2.326200   3.156070   2.586730   1.000000   0.000000   0.000000   1.400000
 -0.977300   3.094260   0.508910   1.000000   0.000000   0.000000   1.400000
 -1.492010   5.121950   1.467190   1.000000   0.000000   0.000000   1.400000
 -2.583160   5.878320   1.847210   0.000000   1.000000   0.000000   1.850000
 -3.056480   5.468910   2.777020   1.000000   1.000000   1.000000   1.200000
 -3.344260   5.891350   1.021890   1.000000   1.000000   1.000000   1.200000
 -2.238760   6.930760   2.037180   1.000000   1.000000   1.000000   1.200000
  0.871640   5.164430   0.293110   0.000000   0.000000   1.000000   1.540000
  1.301870   4.435950   0.885960   1.000000   1.000000   1.000000   1.200000
  1.536970   5.641420  -0.293780   1.000000   1.000000   1.000000   1.200000
  0.381200   5.808910   0.946010   1.000000   1.000000   1.000000   1.200000
  0.117530   4.686890  -0.260560   1.000000   1.000000   1.000000   1.200000
  1.004870   2.519020   5.004940   0.000000   0.000000   1.000000   1.540000
  1.484970   0.443320   3.872230   1.000000   1.000000   1.000000   1.200000
  1.223670   2.981770   4.141380   1.000000   1.000000   1.000000   1.200000
  1.598720   2.877300   5.723550   1.000000   1.000000   1.000000   1.200000
  0.058140   2.740740   5.237280   1.000000   1.000000   1.000000   1.200000
 -3.695310   0.782690   3.403250   0.000000   0.000000   1.000000   1.540000
 -1.974370  -0.475320   3.686850   1.000000   1.000000   1.000000   1.200000
 -3.584540   1.202510   2.498570   1.000000   1.000000   1.000000   1.200000
 -3.333240   1.441680   4.067110   1.000000   1.000000   1.000000   1.200000
 -4.672400   0.668540   3.577840   1.000000   1.000000   1.000000   1.200000
28 bonds follow (x1 y1 z1 x2 y2 z2)
 -3.695310   0.782690   3.403250  -4.672400   0.668540   3.577840
 -3.695310   0.782690   3.403250  -3.333240   1.441680   4.067110
 -3.695310   0.782690   3.403250  -3.584540   1.202510   2.498570
 -1.019400  -0.605590   3.623960  -1.974370  -0.475320   3.686850
  1.004870   2.519020   5.004940   0.058140   2.740740   5.237280
  1.004870   2.519020   5.004940   1.598720   2.877300   5.723550
  1.004870   2.519020   5.004940   1.223670   2.981770   4.141380
  1.282960   0.047820   3.020700   1.484970   0.443320   3.872230
  0.871640   5.164430   0.293110   0.117530   4.686890  -0.260560
  0.871640   5.164430   0.293110   0.381200   5.808910   0.946010
  0.871640   5.164430   0.293110   1.536970   5.641420  -0.293780
  0.871640   5.164430   0.293110   1.301870   4.435950   0.885960
 -2.583160   5.878320   1.847210  -2.238760   6.930760   2.037180
 -2.583160   5.878320   1.847210  -3.344260   5.891350   1.021890
 -2.583160   5.878320   1.847210  -3.056480   5.468910   2.777020
 -1.492010   5.121950   1.467190  -2.583160   5.878320   1.847210
 -1.164530   3.414130   1.882440  -1.492010   5.121950   1.467190
 -1.164530   3.414130   1.882440  -0.977300   3.094260   0.508910
 -1.164530   3.414130   1.882440  -2.326200   3.156070   2.586730
 -1.164530   3.414130   1.882440   0.063300   3.800650   2.482810
 -0.208220   0.159150   2.512720  -0.673760   1.547920   2.296930
 -0.208220   0.159150   2.512720  -1.019400  -0.605590   3.623960
 -0.208220   0.159150   2.512720   1.282960   0.047820   3.020700
 -0.267330  -0.719100   1.194900  -0.208220   0.159150   2.512720
 -0.318460  -0.100370  -0.074800  -0.267330  -0.719100   1.194900
 -0.318460  -0.100370  -0.074800  -1.200590  -0.532530  -0.616360
 -0.318460  -0.100370  -0.074800  -0.427070   1.014390   0.027310
 -0.318460  -0.100370  -0.074800   0.616760  -0.376020  -0.628420
