33 atoms follow (x y z r g b radiusScale)
 -0.000730   0.000310   0.000850   0.000000   1.000000   0.000000   1.850000
  1.118360   0.000100  -0.001160   1.000000   1.000000   1.000000   1.200000
 -0.405130   1.050180   0.003630   1.000000   1.000000   1.000000   1.200000
 -0.388070  -0.576210  -0.876130   1.000000   1.000000   1.000000   1.200000
 -0.444530  -0.682060   1.155720   1.000000   0.000000   0.000000   1.400000
 -0.330100   0.130990   2.516140   0.500000   0.500000   0.500000   1.900000
  1.153930  -0.067210   2.993140   1.000000   0.000000   0.000000   1.400000
 -1.241230  -0.624840   3.540230   1.000000   0.000000   0.000000   1.400000
 -0.677460   1.568030   2.366910   1.000000   0.000000   0.000000   1.400000
 -1.162670   3.420700   1.971450   1.000000   1.000000   0.000000   1.850000
 -0.019340   3.847290   2.691020   1.000000   0.000000   0.000000   1.400000
 -2.398650   3.147040   2.533790   1.000000   0.000000   0.000000   1.400000
 -0.842140   3.166270   0.613540   1.000000   0.000000   0.000000   1.400000
 -1.571460   5.140830   1.599500   1.000000   0.000000   0.000000   1.400000
 -2.720430   5.600100   0.985250   0.000000   1.000000   0.000000   1.850000
 -2.724540   5.311780  -0.100880   1.000000   1.000000   1.000000   1.200000
 -2.737530   6.720010   1.063610   1.000000   1.000000   1.000000   1.200000
 -3.630450   5.177860   1.483660   1.000000   1.000000   1.000000   1.200000
  0.798630   5.415170   0.495570   0.000000   0.000000   1.000000   1.540000
  1.213780   5.106240   1.387400   1.000000   1.000000   1.000000   1.200000
 -0.164580   5.752950   0.740010   1.000000   1.000000   1.000000   1.200000
  0.663430   4.577960  -0.090460   1.000000   1.000000   1.000000   1.200000
  1.349960   6.124930   0.037100   1.000000   1.000000   1.000000   1.200000
  1.620800   2.232590   4.685970   0.000000   0.000000   1.000000   1.540000
  1.510570   0.569800   3.635940   1.000000   1.000000   1.000000   1.200000
  1.166480   2.887900   4.074450   1.000000   1.000000   1.000000   1.200000
  2.566200   2.516030   4.830700   1.000000   1.000000   1.000000   1.200000
  1.150200   2.226340   5.565990   1.000000   1.000000   1.000000   1.200000
 -3.597860   0.958480   3.767560   0.000000   0.000000   1.000000   1.540000
 -2.134120  -0.267120   3.723140   1.000000   1.000000   1.000000   1.200000
 -3.829940   1.193990   2.822070   1.000000   1.000000   1.000000   1.200000
 -3.165210   1.769180   4.170610   1.000000   1.000000   1.000000   1.200000
 -4.437350   0.754110   4.266720   1.000000   1.000000   1.000000   1.200000
28 bonds follow (x1 y1 z1 x2 y2 z2)
 -3.597860   0.958480   3.767560  -4.437350   0.754110   4.266720
 -3.597860   0.958480   3.767560  -3.165210   1.769180   4.170610
 -3.597860   0.958480   3.767560  -3.829940   1.193990   2.822070
 -1.241230  -0.624840   3.540230  -2.134120  -0.267120   3.723140
  1.620800   2.232590   4.685970   1.150200   2.226340   5.565990
  1.620800   2.232590   4.685970   2.566200   2.516030   4.830700
  1.620800   2.232590   4.685970   1.166480   2.887900   4.074450
  1.153930  -0.067210   2.993140   1.510570   0.569800   3.635940
  0.798630   5.415170   0.495570   1.349960   6.124930   0.037100
  0.798630   5.415170   0.495570   0.663430   4.577960  -0.090460
  0.798630   5.415170   0.495570  -0.164580   5.752950   0.740010
  0.798630   5.415170   0.495570   1.213780   5.106240   1.387400
 -2.720430   5.600100   0.985250  -3.630450   5.177860   1.483660
 -2.720430   5.600100   0.985250  -2.737530   6.720010   1.063610
 -2.720430   5.600100   0.985250  -2.724540   5.311780  -0.100880
 -1.571460   5.140830   1.599500  -2.720430   5.600100   0.985250
 -1.162670   3.420700   1.971450  -1.571460   5.140830   1.599500
 -1.162670   3.420700   1.971450  -0.842140   3.166270   0.613540
 -1.162670   3.420700   1.971450  -2.398650   3.147040   2.533790
 -1.162670   3.420700   1.971450  -0.019340   3.847290   2.691020
 -0.330100   0.130990   2.516140  -0.677460   1.568030   2.366910
 -0.330100   0.130990   2.516140  -1.241230  -0.624840   3.540230
 -0.330100   0.130990   2.516140   1.153930  -0.067210   2.993140
 -0.444530  -0.682060   1.155720  -0.330100   0.130990   2.516140
 -0.000730   0.000310   0.000850  -0.444530  -0.682060   1.155720
 -0.000730   0.000310   0.000850  -0.388070  -0.576210  -0.876130
 -0.000730   0.000310   0.000850  -0.405130   1.050180   0.003630
 -0.000730   0.000310   0.000850   1.118360   0.000100  -0.001160
