33 atoms follow (x y z r g b radiusScale)
  0.049950  -0.090640   0.029020   0.000000   1.000000   0.000000   1.850000
  1.166170  -0.022910   0.052450   1.000000   1.000000   1.000000   1.200000
 -0.418900   0.929440  -0.000190   1.000000   1.000000   1.000000   1.200000
 -0.284910  -0.709960  -0.840830   1.000000   1.000000   1.000000   1.200000
 -0.382710  -0.776130   1.188160   1.000000   0.000000   0.000000   1.400000
 -0.320800   0.017870   2.550470   0.500000   0.500000   0.500000   1.900000
  1.157380  -0.143080   3.029730   1.000000   0.000000   0.000000   1.400000
 -1.245560  -0.731200   3.562320   1.000000   0.000000   0.000000   1.400000
 -0.680420   1.469120   2.350700   1.000000   0.000000   0.000000   1.400000
 -1.097860   3.260420   2.027870   1.000000   1.000000   0.000000   1.850000
 -0.120660   3.796370   2.822970   1.000000   0.000000   0.000000   1.400000
 -2.366380   3.122690   2.542040   1.000000   0.000000   0.000000   1.400000
 -0.955890   3.209080   0.663810   1.000000   0.000000   0.000000   1.400000
 -2.057410   5.800360   1.700840   1.000000   0.000000   0.000000   1.400000
 -3.170170   5.902050   0.812370   0.000000   1.000000   0.000000   1.850000
 -2.848020   5.784180  -0.248570   1.000000   1.000000   1.000000   1.200000
 -3.705330   6.870240   0.958350   1.000000   1.000000   1.000000   1.200000
 -3.798000   5.033720   1.120230   1.000000   1.000000   1.000000   1.200000
  1.636500   5.649440   0.083880   0.000000   0.000000   1.000000   1.540000
  1.505070   5.885360   1.046140   1.000000   1.000000   1.000000   1.200000
 -1.370730   6.537620   1.300070   1.000000   1.000000   1.000000   1.200000
  0.765190   5.721890  -0.397360   1.000000   1.000000   1.000000   1.200000
  1.958810   4.708070   0.030310   1.000000   1.000000   1.000000   1.200000
  1.679600   2.147370   4.632980   0.000000   0.000000   1.000000   1.540000
  1.513050   0.465520   3.706370   1.000000   1.000000   1.000000   1.200000
  1.375200   2.884610   4.022890   1.000000   1.000000   1.000000   1.200000
  2.642180   2.286630   4.858530   1.000000   1.000000   1.000000   1.200000
  1.144350   2.183680   5.475230   1.000000   1.000000   1.000000   1.200000
 -3.555980   0.898800   3.777430   0.000000   0.000000   1.000000   1.540000
 -2.150100  -0.385570   3.730240   1.000000   1.000000   1.000000   1.200000
 -3.761030   1.164950   2.833070   1.000000   1.000000   1.000000   1.200000
 -3.141270   1.696780   4.222060   1.000000   1.000000   1.000000   1.200000
 -4.411520   0.679120   4.242600   1.000000   1.000000   1.000000   1.200000
28 bonds follow (x1 y1 z1 x2 y2 z2)
 -3.555980   0.898800   3.777430  -4.411520   0.679120   4.242600
 -3.555980   0.898800   3.777430  -3.141270   1.696780   4.222060
 -3.555980   0.898800   3.777430  -3.761030   1.164950   2.833070
 -1.245560  -0.731200   3.562320  -2.150100  -0.385570   3.730240
  1.679600   2.147370   4.632980   1.144350   2.183680   5.475230
  1.679600   2.147370   4.632980   2.642180   2.286630   4.858530
  1.679600   2.147370   4.632980   1.375200   2.884610   4.022890
  1.157380  -0.143080   3.029730   1.513050   0.465520   3.706370
  1.636500   5.649440   0.083880   1.958810   4.708070   0.030310
  1.636500   5.649440   0.083880   0.765190   5.721890  -0.397360
 -2.057410   5.800360   1.700840  -1.370730   6.537620   1.300070
  1.636500   5.649440   0.083880   1.505070   5.885360   1.046140
 -3.170170   5.902050   0.812370  -3.798000   5.033720   1.120230
 -3.170170   5.902050   0.812370  -3.705330   6.870240   0.958350
 -3.170170   5.902050   0.812370  -2.848020   5.784180  -0.248570
 -2.057410   5.800360   1.700840  -3.170170   5.902050   0.812370
 -1.097860   3.260420   2.027870  -0.955890   3.209080   0.663810
 -1.097860   3.260420   2.027870  -2.366380   3.122690   2.542040
 -1.097860   3.260420   2.027870  -0.120660   3.796370   2.822970
 -0.680420   1.469120   2.350700  -1.097860   3.260420   2.027870
 -0.320800   0.017870   2.550470  -0.680420   1.469120   2.350700
 -0.320800   0.017870   2.550470  -1.245560  -0.731200   3.562320
 -0.320800   0.017870   2.550470   1.157380  -0.143080   3.029730
 -0.382710  -0.776130   1.188160  -0.320800   0.017870   2.550470
  0.049950  -0.090640   0.029020  -0.382710  -0.776130   1.188160
  0.049950  -0.090640   0.029020  -0.284910  -0.709960  -0.840830
  0.049950  -0.090640   0.029020  -0.418900   0.929440  -0.000190
  0.049950  -0.090640   0.029020   1.166170  -0.022910   0.052450
