33 atoms follow (x y z r g b radiusScale)
  0.012170  -0.006890  -0.011600   0.000000   1.000000   0.000000   1.850000
  1.130480  -0.008520   0.009700   1.000000   1.000000   1.000000   1.200000
 -0.396510   1.039640  -0.018340   1.000000   1.000000   1.000000   1.200000
 -0.361830  -0.587800  -0.891680   1.000000   1.000000   1.000000   1.200000
 -0.457350  -0.690220   1.138220   1.000000   0.000000   0.000000   1.400000
 -0.306240   0.051710   2.529730   0.500000   0.500000   0.500000   1.900000
  1.179760  -0.049850   3.013520   1.000000   0.000000   0.000000   1.400000
 -1.266390  -0.626750   3.561310   1.000000   0.000000   0.000000   1.400000
 -0.669760   1.503820   2.379170   1.000000   0.000000   0.000000   1.400000
 -1.109640   3.258210   2.010940   1.000000   1.000000   0.000000   1.850000
 -0.077750   3.770900   2.755530   1.000000   0.000000   0.000000   1.400000
 -2.388660   3.194520   2.526830   1.000000   0.000000   0.000000   1.400000
 -0.914370   3.096730   0.656870   1.000000   0.000000   0.000000   1.400000
 -1.745360   5.469170   1.639430   1.000000   0.000000   0.000000   1.400000
 -2.917290   5.737600   0.886830   0.000000   1.000000   0.000000   1.850000
 -2.789740   5.377250  -0.163500   1.000000   1.000000   1.000000   1.200000
 -3.139010   6.831700   0.886110   1.000000   1.000000   1.000000   1.200000
 -3.751000   5.173850   1.395870   1.000000   1.000000   1.000000   1.200000
  1.137010   5.609570   0.309530   0.000000   0.000000   1.000000   1.540000
  1.356510   5.266700   1.219780   1.000000   1.000000   1.000000   1.200000
 -1.067290   5.955500   1.366590   1.000000   1.000000   1.000000   1.200000
  0.566340   4.939170  -0.161480   1.000000   1.000000   1.000000   1.200000
  1.982050   5.754180  -0.198140   1.000000   1.000000   1.000000   1.200000
  1.630030   2.215800   4.676770   0.000000   0.000000   1.000000   1.540000
  1.497010   0.632060   3.645580   1.000000   1.000000   1.000000   1.200000
  1.262600   2.953740   4.104800   1.000000   1.000000   1.000000   1.200000
  2.604040   2.372680   4.829720   1.000000   1.000000   1.000000   1.200000
  1.161200   2.217690   5.557820   1.000000   1.000000   1.000000   1.200000
 -3.573720   0.980960   3.748500   0.000000   0.000000   1.000000   1.540000
 -2.147770  -0.206500   3.714610   1.000000   1.000000   1.000000   1.200000
 -3.867890   1.210950   2.819790   1.000000   1.000000   1.000000   1.200000
 -3.200480   1.817230   4.157400   1.000000   1.000000   1.000000   1.200000
 -4.365270   0.681340   4.277690   1.000000   1.000000   1.000000   1.200000
28 bonds follow (x1 y1 z1 x2 y2 z2)
 -3.573720   0.980960   3.748500  -4.365270   0.681340   4.277690
 -3.573720   0.980960   3.748500  -3.200480   1.817230   4.157400
 -3.573720   0.980960   3.748500  -3.867890   1.210950   2.819790
 -1.266390  -0.626750   3.561310  -2.147770  -0.206500   3.714610
  1.630030   2.215800   4.676770   1.161200   2.217690   5.557820
  1.630030   2.215800   4.676770   2.604040   2.372680   4.829720
  1.630030   2.215800   4.676770   1.262600   2.953740   4.104800
  1.179760  -0.049850   3.013520   1.497010   0.632060   3.645580
  1.137010   5.609570   0.309530   1.982050   5.754180  -0.198140
  1.137010   5.609570   0.309530   0.566340   4.939170  -0.161480
 -1.745360   5.469170   1.639430  -1.067290   5.955500   1.366590
  1.137010   5.609570   0.309530   1.356510   5.266700   1.219780
 -2.917290   5.737600   0.886830  -3.751000   5.173850   1.395870
 -2.917290   5.737600   0.886830  -3.139010   6.831700   0.886110
 -2.917290   5.737600   0.886830  -2.789740   5.377250  -0.163500
 -1.745360   5.469170   1.639430  -2.917290   5.737600   0.886830
 -1.109640   3.258210   2.010940  -0.914370   3.096730   0.656870
 -1.109640   3.258210   2.010940  -2.388660   3.194520   2.526830
 -1.109640   3.258210   2.010940  -0.077750   3.770900   2.755530
 -0.669760   1.503820   2.379170  -1.109640   3.258210   2.010940
 -0.306240   0.051710   2.529730  -0.669760   1.503820   2.379170
 -0.306240   0.051710   2.529730  -1.266390  -0.626750   3.561310
 -0.306240   0.051710   2.529730   1.179760  -0.049850   3.013520
 -0.457350  -0.690220   1.138220  -0.306240   0.051710   2.529730
  0.012170  -0.006890  -0.011600  -0.457350  -0.690220   1.138220
  0.012170  -0.006890  -0.011600  -0.361830  -0.587800  -0.891680
  0.012170  -0.006890  -0.011600  -0.396510   1.039640  -0.018340
  0.012170  -0.006890  -0.011600   1.130480  -0.008520   0.009700
