33 atoms follow (x y z r g b radiusScale)
 -0.226260  -0.232410  -0.061610   0.000000   1.000000   0.000000   1.850000
  0.785970  -0.440810  -0.496830   1.000000   1.000000   1.000000   1.200000
 -0.435120   0.872360  -0.012010   1.000000   1.000000   1.000000   1.200000
 -1.000690  -0.752860  -0.683190   1.000000   1.000000   1.000000   1.200000
 -0.288130  -0.801000   1.227590   1.000000   0.000000   0.000000   1.400000
 -0.216670   0.142380   2.506430   0.500000   0.500000   0.500000   1.900000
  1.286510   0.110250   2.972630   1.000000   0.000000   0.000000   1.400000
 -1.127140  -0.577000   3.554640   1.000000   0.000000   0.000000   1.400000
 -0.715390   1.508800   2.233530   1.000000   0.000000   0.000000   1.400000
 -1.132950   3.442640   1.933360   1.000000   1.000000   0.000000   1.850000
  0.114040   3.766930   2.526990   1.000000   0.000000   0.000000   1.400000
 -2.300270   3.215720   2.654000   1.000000   0.000000   0.000000   1.400000
 -0.926820   3.144060   0.569100   1.000000   0.000000   0.000000   1.400000
 -1.446690   5.173910   1.585010   1.000000   0.000000   0.000000   1.400000
 -2.684800   5.733500   1.844340   0.000000   1.000000   0.000000   1.850000
 -3.032690   5.468400   2.877110   1.000000   1.000000   1.000000   1.200000
 -3.440230   5.365210   1.100000   1.000000   1.000000   1.000000   1.200000
 -2.596540   6.848380   1.757380   1.000000   1.000000   1.000000   1.200000
  0.824850   5.177870   0.236400   0.000000   0.000000   1.000000   1.540000
  0.971430   5.117350   1.258970   1.000000   1.000000   1.000000   1.200000
  1.540780   5.715910  -0.231400   1.000000   1.000000   1.000000   1.200000
 -0.108590   5.585940   0.113480   1.000000   1.000000   1.000000   1.200000
  0.772560   4.199140  -0.112380   1.000000   1.000000   1.000000   1.200000
  0.956890   2.513850   4.870080   0.000000   0.000000   1.000000   1.540000
  1.552270   0.687730   3.695200   1.000000   1.000000   1.000000   1.200000
  1.449180   3.096130   4.218920   1.000000   1.000000   1.000000   1.200000
  1.251480   2.740400   5.796690   1.000000   1.000000   1.000000   1.200000
 -0.016300   2.734320   4.781050   1.000000   1.000000   1.000000   1.200000
 -3.632800   0.891180   3.394720   0.000000   0.000000   1.000000   1.540000
 -2.035040  -0.243930   3.673420   1.000000   1.000000   1.000000   1.200000
 -3.478240   1.192580   2.450420   1.000000   1.000000   1.000000   1.200000
 -3.351420   1.651480   3.986460   1.000000   1.000000   1.000000   1.200000
 -4.612240   0.739450   3.516730   1.000000   1.000000   1.000000   1.200000
28 bonds follow (x1 y1 z1 x2 y2 z2)
 -3.632800   0.891180   3.394720  -4.612240   0.739450   3.516730
 -3.632800   0.891180   3.394720  -3.351420   1.651480   3.986460
 -3.632800   0.891180   3.394720  -3.478240   1.192580   2.450420
 -1.127140  -0.577000   3.554640  -2.035040  -0.243930   3.673420
  0.956890   2.513850   4.870080  -0.016300   2.734320   4.781050
  0.956890   2.513850   4.870080   1.251480   2.740400   5.796690
  0.956890   2.513850   4.870080   1.449180   3.096130   4.218920
  1.286510   0.110250   2.972630   1.552270   0.687730   3.695200
  0.824850   5.177870   0.236400   0.772560   4.199140  -0.112380
  0.824850   5.177870   0.236400  -0.108590   5.585940   0.113480
  0.824850   5.177870   0.236400   1.540780   5.715910  -0.231400
  0.824850   5.177870   0.236400   0.971430   5.117350   1.258970
 -2.684800   5.733500   1.844340  -2.596540   6.848380   1.757380
 -2.684800   5.733500   1.844340  -3.440230   5.365210   1.100000
 -2.684800   5.733500   1.844340  -3.032690   5.468400   2.877110
 -1.446690   5.173910   1.585010  -2.684800   5.733500   1.844340
 -1.132950   3.442640   1.933360  -1.446690   5.173910   1.585010
 -1.132950   3.442640   1.933360  -0.926820   3.144060   0.569100
 -1.132950   3.442640   1.933360  -2.300270   3.215720   2.654000
 -1.132950   3.442640   1.933360   0.114040   3.766930   2.526990
 -0.216670   0.142380   2.506430  -0.715390   1.508800   2.233530
 -0.216670   0.142380   2.506430  -1.127140  -0.577000   3.554640
 -0.216670   0.142380   2.506430   1.286510   0.110250   2.972630
 -0.288130  -0.801000   1.227590  -0.216670   0.142380   2.506430
 -0.226260  -0.232410  -0.061610  -0.288130  -0.801000   1.227590
 -0.226260  -0.232410  -0.061610  -1.000690  -0.752860  -0.683190
 -0.226260  -0.232410  -0.061610  -0.435120   0.872360  -0.012010
 -0.226260  -0.232410  -0.061610   0.785970  -0.440810  -0.496830
