33 atoms follow (x y z r g b radiusScale)
 -0.526070  -0.104780  -0.018730   0.000000   1.000000   0.000000   1.850000
  0.354180  -0.206980  -0.705850   1.000000   1.000000   1.000000   1.200000
 -0.789000   0.977730   0.130040   1.000000   1.000000   1.000000   1.200000
 -1.391070  -0.668710  -0.456510   1.000000   1.000000   1.000000   1.200000
 -0.195360  -0.719700   1.207680   1.000000   0.000000   0.000000   1.400000
 -0.154440   0.167010   2.533030   0.500000   0.500000   0.500000   1.900000
  1.311980  -0.021330   3.072390   1.000000   0.000000   0.000000   1.400000
 -1.106650  -0.606030   3.504760   1.000000   0.000000   0.000000   1.400000
 -0.581740   1.567230   2.317520   1.000000   0.000000   0.000000   1.400000
 -1.187300   3.459120   1.854620   1.000000   1.000000   0.000000   1.850000
 -0.082950   3.916380   2.616400   1.000000   0.000000   0.000000   1.400000
 -2.405350   3.180120   2.440350   1.000000   0.000000   0.000000   1.400000
 -0.798030   3.075560   0.543120   1.000000   0.000000   0.000000   1.400000
 -1.616370   5.096830   1.294410   1.000000   0.000000   0.000000   1.400000
 -2.537550   5.913150   1.934180   0.000000   1.000000   0.000000   1.850000
 -3.336540   5.307120   2.433380   1.000000   1.000000   1.000000   1.200000
 -3.005310   6.584980   1.167720   1.000000   1.000000   1.000000   1.200000
 -2.015370   6.543790   2.702690   1.000000   1.000000   1.000000   1.200000
  0.888510   5.121020   0.297790   0.000000   0.000000   1.000000   1.540000
  1.095640   4.921200   1.293900   1.000000   1.000000   1.000000   1.200000
  1.663790   5.554960  -0.175390   1.000000   1.000000   1.000000   1.200000
  0.048860   5.718610   0.293220   1.000000   1.000000   1.000000   1.200000
  0.617790   4.212880  -0.148530   1.000000   1.000000   1.000000   1.200000
  1.063090   2.427600   4.979070   0.000000   0.000000   1.000000   1.540000
  1.590360   0.499920   3.829650   1.000000   1.000000   1.000000   1.200000
  0.871490   3.027870   4.197280   1.000000   1.000000   1.000000   1.200000
  1.865620   2.772140   5.462500   1.000000   1.000000   1.000000   1.200000
  0.283510   2.457620   5.602820   1.000000   1.000000   1.000000   1.200000
 -3.610540   0.751450   3.474930   0.000000   0.000000   1.000000   1.540000
 -2.027100  -0.297030   3.614090   1.000000   1.000000   1.000000   1.200000
 -3.815210   0.844920   2.500500   1.000000   1.000000   1.000000   1.200000
 -3.267550   1.639720   3.794500   1.000000   1.000000   1.000000   1.200000
 -4.453060   0.528370   3.961100   1.000000   1.000000   1.000000   1.200000
28 bonds follow (x1 y1 z1 x2 y2 z2)
 -3.610540   0.751450   3.474930  -4.453060   0.528370   3.961100
 -3.610540   0.751450   3.474930  -3.267550   1.639720   3.794500
 -3.610540   0.751450   3.474930  -3.815210   0.844920   2.500500
 -1.106650  -0.606030   3.504760  -2.027100  -0.297030   3.614090
  1.063090   2.427600   4.979070   0.283510   2.457620   5.602820
  1.063090   2.427600   4.979070   1.865620   2.772140   5.462500
  1.063090   2.427600   4.979070   0.871490   3.027870   4.197280
  1.311980  -0.021330   3.072390   1.590360   0.499920   3.829650
  0.888510   5.121020   0.297790   0.617790   4.212880  -0.148530
  0.888510   5.121020   0.297790   0.048860   5.718610   0.293220
  0.888510   5.121020   0.297790   1.663790   5.554960  -0.175390
  0.888510   5.121020   0.297790   1.095640   4.921200   1.293900
 -2.537550   5.913150   1.934180  -2.015370   6.543790   2.702690
 -2.537550   5.913150   1.934180  -3.005310   6.584980   1.167720
 -2.537550   5.913150   1.934180  -3.336540   5.307120   2.433380
 -1.616370   5.096830   1.294410  -2.537550   5.913150   1.934180
 -1.187300   3.459120   1.854620  -1.616370   5.096830   1.294410
 -1.187300   3.459120   1.854620  -0.798030   3.075560   0.543120
 -1.187300   3.459120   1.854620  -2.405350   3.180120   2.440350
 -1.187300   3.459120   1.854620  -0.082950   3.916380   2.616400
 -0.154440   0.167010   2.533030  -0.581740   1.567230   2.317520
 -0.154440   0.167010   2.533030  -1.106650  -0.606030   3.504760
 -0.154440   0.167010   2.533030   1.311980  -0.021330   3.072390
 -0.195360  -0.719700   1.207680  -0.154440   0.167010   2.533030
 -0.526070  -0.104780  -0.018730  -0.195360  -0.719700   1.207680
 -0.526070  -0.104780  -0.018730  -1.391070  -0.668710  -0.456510
 -0.526070  -0.104780  -0.018730  -0.789000   0.977730   0.130040
 -0.526070  -0.104780  -0.018730   0.354180  -0.206980  -0.705850
