33 atoms follow (x y z r g b radiusScale)
 -0.451920  -0.071840  -0.054450   0.000000   1.000000   0.000000   1.850000
  0.497660  -0.107250  -0.651530   1.000000   1.000000   1.000000   1.200000
 -0.797130   0.986720   0.085760   1.000000   1.000000   1.000000   1.200000
 -1.230610  -0.685330  -0.580060   1.000000   1.000000   1.000000   1.200000
 -0.212760  -0.694640   1.187980   1.000000   0.000000   0.000000   1.400000
 -0.210740   0.149560   2.527520   0.500000   0.500000   0.500000   1.900000
  1.263890  -0.054040   3.063160   1.000000   0.000000   0.000000   1.400000
 -1.030050  -0.657100   3.604060   1.000000   0.000000   0.000000   1.400000
 -0.589220   1.571080   2.364210   1.000000   0.000000   0.000000   1.400000
 -1.190040   3.452870   1.859340   1.000000   1.000000   0.000000   1.850000
 -0.037940   3.934900   2.525090   1.000000   0.000000   0.000000   1.400000
 -2.375390   3.125490   2.495600   1.000000   0.000000   0.000000   1.400000
 -0.918680   3.099670   0.508280   1.000000   0.000000   0.000000   1.400000
 -1.579220   5.118870   1.367720   1.000000   0.000000   0.000000   1.400000
 -2.554510   5.945780   1.891230   0.000000   1.000000   0.000000   1.850000
 -3.200450   5.399630   2.626680   1.000000   1.000000   1.000000   1.200000
 -3.193000   6.331740   1.052360   1.000000   1.000000   1.000000   1.200000
 -2.065610   6.818640   2.401970   1.000000   1.000000   1.000000   1.200000
  0.911400   5.105030   0.292570   0.000000   0.000000   1.000000   1.540000
  1.350980   4.399940   0.917520   1.000000   1.000000   1.000000   1.200000
  1.593820   5.632550  -0.230580   1.000000   1.000000   1.000000   1.200000
  0.317120   5.702990   0.905650   1.000000   1.000000   1.000000   1.200000
  0.247740   4.596570  -0.308490   1.000000   1.000000   1.000000   1.200000
  1.041750   2.484510   5.020180   0.000000   0.000000   1.000000   1.540000
  1.410470   0.168840   3.984200   1.000000   1.000000   1.000000   1.200000
  0.933730   2.956940   4.140620   1.000000   1.000000   1.000000   1.200000
  1.795810   2.907340   5.520310   1.000000   1.000000   1.000000   1.200000
  0.204750   2.614320   5.550390   1.000000   1.000000   1.000000   1.200000
 -3.541990   0.764240   3.386670   0.000000   0.000000   1.000000   1.540000
 -1.964340  -0.427940   3.735340   1.000000   1.000000   1.000000   1.200000
 -3.818030   0.968770   2.447520   1.000000   1.000000   1.000000   1.200000
 -3.210490   1.620920   3.792630   1.000000   1.000000   1.000000   1.200000
 -4.339770   0.448120   3.896550   1.000000   1.000000   1.000000   1.200000
28 bonds follow (x1 y1 z1 x2 y2 z2)
 -3.541990   0.764240   3.386670  -4.339770   0.448120   3.896550
 -3.541990   0.764240   3.386670  -3.210490   1.620920   3.792630
 -3.541990   0.764240   3.386670  -3.818030   0.968770   2.447520
 -1.030050  -0.657100   3.604060  -1.964340  -0.427940   3.735340
  1.041750   2.484510   5.020180   0.204750   2.614320   5.550390
  1.041750   2.484510   5.020180   1.795810   2.907340   5.520310
  1.041750   2.484510   5.020180   0.933730   2.956940   4.140620
  1.263890  -0.054040   3.063160   1.410470   0.168840   3.984200
  0.911400   5.105030   0.292570   0.247740   4.596570  -0.308490
  0.911400   5.105030   0.292570   0.317120   5.702990   0.905650
  0.911400   5.105030   0.292570   1.593820   5.632550  -0.230580
  0.911400   5.105030   0.292570   1.350980   4.399940   0.917520
 -2.554510   5.945780   1.891230  -2.065610   6.818640   2.401970
 -2.554510   5.945780   1.891230  -3.193000   6.331740   1.052360
 -2.554510   5.945780   1.891230  -3.200450   5.399630   2.626680
 -1.579220   5.118870   1.367720  -2.554510   5.945780   1.891230
 -1.190040   3.452870   1.859340  -1.579220   5.118870   1.367720
 -1.190040   3.452870   1.859340  -0.918680   3.099670   0.508280
 -1.190040   3.452870   1.859340  -2.375390   3.125490   2.495600
 -1.190040   3.452870   1.859340  -0.037940   3.934900   2.525090
 -0.210740   0.149560   2.527520  -0.589220   1.571080   2.364210
 -0.210740   0.149560   2.527520  -1.030050  -0.657100   3.604060
 -0.210740   0.149560   2.527520   1.263890  -0.054040   3.063160
 -0.212760  -0.694640   1.187980  -0.210740   0.149560   2.527520
 -0.451920  -0.071840  -0.054450  -0.212760  -0.694640   1.187980
 -0.451920  -0.071840  -0.054450  -1.230610  -0.685330  -0.580060
 -0.451920  -0.071840  -0.054450  -0.797130   0.986720   0.085760
 -0.451920  -0.071840  -0.054450   0.497660  -0.107250  -0.651530
