33 atoms follow (x y z r g b radiusScale)
 -0.228430  -0.225050  -0.057450   0.000000   1.000000   0.000000   1.850000
  0.777730  -0.447330  -0.501230   1.000000   1.000000   1.000000   1.200000
 -0.419290   0.880760  -0.000300   1.000000   1.000000   1.000000   1.200000
 -1.016610  -0.728550  -0.676660   1.000000   1.000000   1.000000   1.200000
 -0.288860  -0.801500   1.229360   1.000000   0.000000   0.000000   1.400000
 -0.213090   0.142990   2.506940   0.500000   0.500000   0.500000   1.900000
  1.291720   0.115850   2.970490   1.000000   0.000000   0.000000   1.400000
 -1.125750  -0.575670   3.556670   1.000000   0.000000   0.000000   1.400000
 -0.718550   1.508020   2.230530   1.000000   0.000000   0.000000   1.400000
 -1.131660   3.437790   1.933690   1.000000   1.000000   0.000000   1.850000
  0.112890   3.759590   2.530200   1.000000   0.000000   0.000000   1.400000
 -2.302680   3.219860   2.650080   1.000000   0.000000   0.000000   1.400000
 -0.928230   3.140770   0.567240   1.000000   0.000000   0.000000   1.400000
 -1.447290   5.173950   1.580360   1.000000   0.000000   0.000000   1.400000
 -2.681830   5.737560   1.846700   0.000000   1.000000   0.000000   1.850000
 -3.033680   5.456410   2.873860   1.000000   1.000000   1.000000   1.200000
 -3.438260   5.387190   1.095090   1.000000   1.000000   1.000000   1.200000
 -2.587630   6.853050   1.780700   1.000000   1.000000   1.000000   1.200000
  0.825470   5.175350   0.238280   0.000000   0.000000   1.000000   1.540000
  1.004840   5.101320   1.266190   1.000000   1.000000   1.000000   1.200000
  1.547960   5.690900  -0.238800   1.000000   1.000000   1.000000   1.200000
 -0.112370   5.624690   0.139690   1.000000   1.000000   1.000000   1.200000
  0.725210   4.214610  -0.112610   1.000000   1.000000   1.000000   1.200000
  0.957490   2.512610   4.870290   0.000000   0.000000   1.000000   1.540000
  1.564680   0.715590   3.672000   1.000000   1.000000   1.000000   1.200000
  1.429020   3.098970   4.206850   1.000000   1.000000   1.000000   1.200000
  1.253170   2.762290   5.790660   1.000000   1.000000   1.000000   1.200000
 -0.021690   2.707410   4.787490   1.000000   1.000000   1.000000   1.200000
 -3.638630   0.891620   3.396380   0.000000   0.000000   1.000000   1.540000
 -2.039950  -0.252390   3.657940   1.000000   1.000000   1.000000   1.200000
 -3.464510   1.181090   2.451710   1.000000   1.000000   1.000000   1.200000
 -3.385070   1.665840   3.982280   1.000000   1.000000   1.000000   1.200000
 -4.618190   0.724340   3.494830   1.000000   1.000000   1.000000   1.200000
28 bonds follow (x1 y1 z1 x2 y2 z2)
 -3.638630   0.891620   3.396380  -4.618190   0.724340   3.494830
 -3.638630   0.891620   3.396380  -3.385070   1.665840   3.982280
 -3.638630   0.891620   3.396380  -3.464510   1.181090   2.451710
 -1.125750  -0.575670   3.556670  -2.039950  -0.252390   3.657940
  0.957490   2.512610   4.870290  -0.021690   2.707410   4.787490
  0.957490   2.512610   4.870290   1.253170   2.762290   5.790660
  0.957490   2.512610   4.870290   1.429020   3.098970   4.206850
  1.291720   0.115850   2.970490   1.564680   0.715590   3.672000
  0.825470   5.175350   0.238280   0.725210   4.214610  -0.112610
  0.825470   5.175350   0.238280  -0.112370   5.624690   0.139690
  0.825470   5.175350   0.238280   1.547960   5.690900  -0.238800
  0.825470   5.175350   0.238280   1.004840   5.101320   1.266190
 -2.681830   5.737560   1.846700  -2.587630   6.853050   1.780700
 -2.681830   5.737560   1.846700  -3.438260   5.387190   1.095090
 -2.681830   5.737560   1.846700  -3.033680   5.456410   2.873860
 -1.447290   5.173950   1.580360  -2.681830   5.737560   1.846700
 -1.131660   3.437790   1.933690  -1.447290   5.173950   1.580360
 -1.131660   3.437790   1.933690  -0.928230   3.140770   0.567240
 -1.131660   3.437790   1.933690  -2.302680   3.219860   2.650080
 -1.131660   3.437790   1.933690   0.112890   3.759590   2.530200
 -0.213090   0.142990   2.506940  -0.718550   1.508020   2.230530
 -0.213090   0.142990   2.506940  -1.125750  -0.575670   3.556670
 -0.213090   0.142990   2.506940   1.291720   0.115850   2.970490
 -0.288860  -0.801500   1.229360  -0.213090   0.142990   2.506940
 -0.228430  -0.225050  -0.057450  -0.288860  -0.801500   1.229360
 -0.228430  -0.225050  -0.057450  -1.016610  -0.728550  -0.676660
 -0.228430  -0.225050  -0.057450  -0.419290   0.880760  -0.000300
 -0.228430  -0.225050  -0.057450   0.777730  -0.447330  -0.501230
