33 atoms follow (x y z r g b radiusScale)
 -0.562980  -0.163930  -0.046230   0.000000   1.000000   0.000000   1.850000
  0.189700  -0.486540  -0.812570   1.000000   1.000000   1.000000   1.200000
 -0.627780   0.956280   0.010980   1.000000   1.000000   1.000000   1.200000
 -1.557550  -0.614480  -0.304810   1.000000   1.000000   1.000000   1.200000
 -0.137940  -0.703900   1.186900   1.000000   0.000000   0.000000   1.400000
 -0.190300   0.179110   2.500180   0.500000   0.500000   0.500000   1.900000
  1.267070   0.106800   3.096840   1.000000   0.000000   0.000000   1.400000
 -1.084880  -0.590730   3.540600   1.000000   0.000000   0.000000   1.400000
 -0.600770   1.593890   2.328250   1.000000   0.000000   0.000000   1.400000
 -1.164050   3.408420   1.847540   1.000000   1.000000   0.000000   1.850000
 -0.072520   3.911200   2.606360   1.000000   0.000000   0.000000   1.400000
 -2.378440   3.027700   2.394680   1.000000   0.000000   0.000000   1.400000
 -0.775580   3.081480   0.522730   1.000000   0.000000   0.000000   1.400000
 -1.581750   5.065740   1.305420   1.000000   0.000000   0.000000   1.400000
 -2.490750   5.901080   1.919700   0.000000   1.000000   0.000000   1.850000
 -3.459820   5.366140   2.101590   1.000000   1.000000   1.000000   1.200000
 -2.673400   6.782270   1.249460   1.000000   1.000000   1.000000   1.200000
 -2.084370   6.268420   2.900750   1.000000   1.000000   1.000000   1.200000
  0.852450   5.218230   0.356560   0.000000   0.000000   1.000000   1.540000
  0.706480   5.294290   1.385420   1.000000   1.000000   1.000000   1.200000
  1.587640   5.820940   0.028040   1.000000   1.000000   1.000000   1.200000
 -0.068310   5.434640  -0.071890   1.000000   1.000000   1.000000   1.200000
  1.028060   4.220300   0.160510   1.000000   1.000000   1.000000   1.200000
  1.132730   2.386640   4.972530   0.000000   0.000000   1.000000   1.540000
  1.505570   0.798090   3.732820   1.000000   1.000000   1.000000   1.200000
  0.871450   2.990740   4.212810   1.000000   1.000000   1.000000   1.200000
  1.877420   2.810950   5.483000   1.000000   1.000000   1.000000   1.200000
  0.349810   2.278210   5.582420   1.000000   1.000000   1.000000   1.200000
 -3.723540   0.805150   3.535420   0.000000   0.000000   1.000000   1.540000
 -1.991260  -0.295450   3.707660   1.000000   1.000000   1.000000   1.200000
 -3.967330   1.009260   2.586450   1.000000   1.000000   1.000000   1.200000
 -3.225930   1.605170   3.883940   1.000000   1.000000   1.000000   1.200000
 -4.564260   0.696000   4.063970   1.000000   1.000000   1.000000   1.200000
28 bonds follow (x1 y1 z1 x2 y2 z2)
 -3.723540   0.805150   3.535420  -4.564260   0.696000   4.063970
 -3.723540   0.805150   3.535420  -3.225930   1.605170   3.883940
 -3.723540   0.805150   3.535420  -3.967330   1.009260   2.586450
 -1.084880  -0.590730   3.540600  -1.991260  -0.295450   3.707660
  1.132730   2.386640   4.972530   0.349810   2.278210   5.582420
  1.132730   2.386640   4.972530   1.877420   2.810950   5.483000
  1.132730   2.386640   4.972530   0.871450   2.990740   4.212810
  1.267070   0.106800   3.096840   1.505570   0.798090   3.732820
  0.852450   5.218230   0.356560   1.028060   4.220300   0.160510
  0.852450   5.218230   0.356560  -0.068310   5.434640  -0.071890
  0.852450   5.218230   0.356560   1.587640   5.820940   0.028040
  0.852450   5.218230   0.356560   0.706480   5.294290   1.385420
 -2.490750   5.901080   1.919700  -2.084370   6.268420   2.900750
 -2.490750   5.901080   1.919700  -2.673400   6.782270   1.249460
 -2.490750   5.901080   1.919700  -3.459820   5.366140   2.101590
 -1.581750   5.065740   1.305420  -2.490750   5.901080   1.919700
 -1.164050   3.408420   1.847540  -1.581750   5.065740   1.305420
 -1.164050   3.408420   1.847540  -0.775580   3.081480   0.522730
 -1.164050   3.408420   1.847540  -2.378440   3.027700   2.394680
 -1.164050   3.408420   1.847540  -0.072520   3.911200   2.606360
 -0.190300   0.179110   2.500180  -0.600770   1.593890   2.328250
 -0.190300   0.179110   2.500180  -1.084880  -0.590730   3.540600
 -0.190300   0.179110   2.500180   1.267070   0.106800   3.096840
 -0.137940  -0.703900   1.186900  -0.190300   0.179110   2.500180
 -0.562980  -0.163930  -0.046230  -0.137940  -0.703900   1.186900
 -0.562980  -0.163930  -0.046230  -1.557550  -0.614480  -0.304810
 -0.562980  -0.163930  -0.046230  -0.627780   0.956280   0.010980
 -0.562980  -0.163930  -0.046230   0.189700  -0.486540  -0.812570
