33 atoms follow (x y z r g b radiusScale)
 -0.254290  -0.173760  -0.066240   0.000000   1.000000   0.000000   1.850000
  0.684590  -0.497290  -0.587800   1.000000   1.000000   1.000000   1.200000
 -0.322380   0.946060  -0.001510   1.000000   1.000000   1.000000   1.200000
 -1.137350  -0.593170  -0.616870   1.000000   1.000000   1.000000   1.200000
 -0.250840  -0.755330   1.222010   1.000000   0.000000   0.000000   1.400000
 -0.252800   0.177700   2.501880   0.500000   0.500000   0.500000   1.900000
  1.209810   0.050330   3.063010   1.000000   0.000000   0.000000   1.400000
 -1.160710  -0.479550   3.598200   1.000000   0.000000   0.000000   1.400000
 -0.659750   1.575730   2.221110   1.000000   0.000000   0.000000   1.400000
 -1.191980   3.369570   1.806110   1.000000   1.000000   0.000000   1.850000
 -0.104300   3.857030   2.599770   1.000000   0.000000   0.000000   1.400000
 -2.440760   3.047230   2.323220   1.000000   0.000000   0.000000   1.400000
 -0.727290   3.121970   0.480220   1.000000   0.000000   0.000000   1.400000
 -1.614670   5.039230   1.329450   1.000000   0.000000   0.000000   1.400000
 -2.708590   5.762440   1.760690   0.000000   1.000000   0.000000   1.850000
 -3.605100   5.526070   1.129250   1.000000   1.000000   1.000000   1.200000
 -2.470580   6.855680   1.662610   1.000000   1.000000   1.000000   1.200000
 -2.946700   5.530480   2.832150   1.000000   1.000000   1.000000   1.200000
  0.933300   5.277150   0.682680   0.000000   0.000000   1.000000   1.540000
  1.332820   4.511230   1.243120   1.000000   1.000000   1.000000   1.200000
  1.611730   5.730950   0.099750   1.000000   1.000000   1.000000   1.200000
  0.462410   5.918520   1.342280   1.000000   1.000000   1.000000   1.200000
  0.158750   4.839280   0.110950   1.000000   1.000000   1.000000   1.200000
  1.438990   2.416300   4.801510   0.000000   0.000000   1.000000   1.540000
  1.468960   0.627040   3.796310   1.000000   1.000000   1.000000   1.200000
  0.881470   3.061270   4.270570   1.000000   1.000000   1.000000   1.200000
  2.333900   2.817980   4.980010   1.000000   1.000000   1.000000   1.200000
  0.992650   2.226090   5.673660   1.000000   1.000000   1.000000   1.200000
 -3.675060   0.970340   3.726330   0.000000   0.000000   1.000000   1.540000
 -2.079100  -0.167810   3.707460   1.000000   1.000000   1.000000   1.200000
 -3.880720   1.233450   2.781750   1.000000   1.000000   1.000000   1.200000
 -3.318530   1.785770   4.185770   1.000000   1.000000   1.000000   1.200000
 -4.516130   0.680610   4.178490   1.000000   1.000000   1.000000   1.200000
29 bonds follow (x1 y1 z1 x2 y2 z2)
 -3.675060   0.970340   3.726330  -4.516130   0.680610   4.178490
 -3.675060   0.970340   3.726330  -3.318530   1.785770   4.185770
 -3.675060   0.970340   3.726330  -3.880720   1.233450   2.781750
 -1.160710  -0.479550   3.598200  -2.079100  -0.167810   3.707460
  1.438990   2.416300   4.801510   0.992650   2.226090   5.673660
  1.438990   2.416300   4.801510   2.333900   2.817980   4.980010
  1.438990   2.416300   4.801510   0.881470   3.061270   4.270570
  1.209810   0.050330   3.063010   1.468960   0.627040   3.796310
  0.933300   5.277150   0.682680   0.158750   4.839280   0.110950
  0.933300   5.277150   0.682680   0.462410   5.918520   1.342280
  0.933300   5.277150   0.682680   1.611730   5.730950   0.099750
  0.933300   5.277150   0.682680   1.332820   4.511230   1.243120
 -2.708590   5.762440   1.760690  -2.946700   5.530480   2.832150
 -2.708590   5.762440   1.760690  -2.470580   6.855680   1.662610
 -2.708590   5.762440   1.760690  -3.605100   5.526070   1.129250
 -1.614670   5.039230   1.329450  -2.708590   5.762440   1.760690
 -1.191980   3.369570   1.806110  -1.614670   5.039230   1.329450
 -1.191980   3.369570   1.806110  -0.727290   3.121970   0.480220
 -1.191980   3.369570   1.806110  -2.440760   3.047230   2.323220
 -1.191980   3.369570   1.806110  -0.104300   3.857030   2.599770
 -0.659750   1.575730   2.221110  -1.191980   3.369570   1.806110
 -0.252800   0.177700   2.501880  -0.659750   1.575730   2.221110
 -0.252800   0.177700   2.501880  -1.160710  -0.479550   3.598200
 -0.252800   0.177700   2.501880   1.209810   0.050330   3.063010
 -0.250840  -0.755330   1.222010  -0.252800   0.177700   2.501880
 -0.254290  -0.173760  -0.066240  -0.250840  -0.755330   1.222010
 -0.254290  -0.173760  -0.066240  -1.137350  -0.593170  -0.616870
 -0.254290  -0.173760  -0.066240  -0.322380   0.946060  -0.001510
 -0.254290  -0.173760  -0.066240   0.684590  -0.497290  -0.587800
