33 atoms follow (x y z r g b radiusScale)
  0.013900  -0.009790  -0.008180   0.000000   1.000000   0.000000   1.850000
  1.132190  -0.007600   0.015610   1.000000   1.000000   1.000000   1.200000
 -0.395940   1.035080  -0.009020   1.000000   1.000000   1.000000   1.200000
 -0.356110  -0.584610  -0.893840   1.000000   1.000000   1.000000   1.200000
 -0.455910  -0.700870   1.137770   1.000000   0.000000   0.000000   1.400000
 -0.304520   0.042910   2.531050   0.500000   0.500000   0.500000   1.900000
  1.181880  -0.054120   3.018170   1.000000   0.000000   0.000000   1.400000
 -1.266740  -0.631620   3.561850   1.000000   0.000000   0.000000   1.400000
 -0.670500   1.494520   2.380670   1.000000   0.000000   0.000000   1.400000
 -1.122720   3.252150   2.016880   1.000000   1.000000   0.000000   1.850000
 -0.071530   3.767680   2.744120   1.000000   0.000000   0.000000   1.400000
 -2.389790   3.181760   2.532720   1.000000   0.000000   0.000000   1.400000
 -0.900880   3.103720   0.666310   1.000000   0.000000   0.000000   1.400000
 -1.783990   5.493390   1.662930   1.000000   0.000000   0.000000   1.400000
 -2.946520   5.762860   0.868320   0.000000   1.000000   0.000000   1.850000
 -2.792980   5.381890  -0.171940   1.000000   1.000000   1.000000   1.200000
 -3.209200   6.846640   0.866050   1.000000   1.000000   1.000000   1.200000
 -3.708840   5.150250   1.404050   1.000000   1.000000   1.000000   1.200000
  1.192500   5.628360   0.282600   0.000000   0.000000   1.000000   1.540000
  1.351600   5.293380   1.216130   1.000000   1.000000   1.000000   1.200000
 -1.068070   6.208310   1.266000   1.000000   1.000000   1.000000   1.200000
  0.548590   5.003550  -0.168680   1.000000   1.000000   1.000000   1.200000
  2.060810   5.617050  -0.218630   1.000000   1.000000   1.000000   1.200000
  1.634610   2.209680   4.676220   0.000000   0.000000   1.000000   1.540000
  1.504600   0.644540   3.631540   1.000000   1.000000   1.000000   1.200000
  1.270880   2.946020   4.098290   1.000000   1.000000   1.000000   1.200000
  2.607350   2.365670   4.836980   1.000000   1.000000   1.000000   1.200000
  1.158850   2.214040   5.553440   1.000000   1.000000   1.000000   1.200000
 -3.569020   0.983620   3.745560   0.000000   0.000000   1.000000   1.540000
 -2.140100  -0.203170   3.721140   1.000000   1.000000   1.000000   1.200000
 -3.864500   1.209220   2.816230   1.000000   1.000000   1.000000   1.200000
 -3.196940   1.821970   4.151300   1.000000   1.000000   1.000000   1.200000
 -4.358340   0.682520   4.276780   1.000000   1.000000   1.000000   1.200000
28 bonds follow (x1 y1 z1 x2 y2 z2)
 -3.569020   0.983620   3.745560  -4.358340   0.682520   4.276780
 -3.569020   0.983620   3.745560  -3.196940   1.821970   4.151300
 -3.569020   0.983620   3.745560  -3.864500   1.209220   2.816230
 -1.266740  -0.631620   3.561850  -2.140100  -0.203170   3.721140
  1.634610   2.209680   4.676220   1.158850   2.214040   5.553440
  1.634610   2.209680   4.676220   2.607350   2.365670   4.836980
  1.634610   2.209680   4.676220   1.270880   2.946020   4.098290
  1.181880  -0.054120   3.018170   1.504600   0.644540   3.631540
  1.192500   5.628360   0.282600   2.060810   5.617050  -0.218630
  1.192500   5.628360   0.282600   0.548590   5.003550  -0.168680
 -1.783990   5.493390   1.662930  -1.068070   6.208310   1.266000
  1.192500   5.628360   0.282600   1.351600   5.293380   1.216130
 -2.946520   5.762860   0.868320  -3.708840   5.150250   1.404050
 -2.946520   5.762860   0.868320  -3.209200   6.846640   0.866050
 -2.946520   5.762860   0.868320  -2.792980   5.381890  -0.171940
 -1.783990   5.493390   1.662930  -2.946520   5.762860   0.868320
 -1.122720   3.252150   2.016880  -0.900880   3.103720   0.666310
 -1.122720   3.252150   2.016880  -2.389790   3.181760   2.532720
 -1.122720   3.252150   2.016880  -0.071530   3.767680   2.744120
 -0.670500   1.494520   2.380670  -1.122720   3.252150   2.016880
 -0.304520   0.042910   2.531050  -0.670500   1.494520   2.380670
 -0.304520   0.042910   2.531050  -1.266740  -0.631620   3.561850
 -0.304520   0.042910   2.531050   1.181880  -0.054120   3.018170
 -0.455910  -0.700870   1.137770  -0.304520   0.042910   2.531050
  0.013900  -0.009790  -0.008180  -0.455910  -0.700870   1.137770
  0.013900  -0.009790  -0.008180  -0.356110  -0.584610  -0.893840
  0.013900  -0.009790  -0.008180  -0.395940   1.035080  -0.009020
  0.013900  -0.009790  -0.008180   1.132190  -0.007600   0.015610
