33 atoms follow (x y z r g b radiusScale)
 -0.471170  -0.255770  -0.008680   0.000000   1.000000   0.000000   1.850000
  0.432200  -0.426890  -0.652200   1.000000   1.000000   1.000000   1.200000
 -0.715040   0.839040   0.053120   1.000000   1.000000   1.000000   1.200000
 -1.332070  -0.835700  -0.434670   1.000000   1.000000   1.000000   1.200000
 -0.194640  -0.786350   1.267180   1.000000   0.000000   0.000000   1.400000
 -0.218980   0.173200   2.527770   0.500000   0.500000   0.500000   1.900000
  1.221980   0.017350   3.156520   1.000000   0.000000   0.000000   1.400000
 -1.133040  -0.596550   3.545060   1.000000   0.000000   0.000000   1.400000
 -0.681430   1.552380   2.237310   1.000000   0.000000   0.000000   1.400000
 -1.186840   3.428840   1.766460   1.000000   1.000000   0.000000   1.850000
 -0.112720   3.862730   2.589890   1.000000   0.000000   0.000000   1.400000
 -2.439010   3.044730   2.195680   1.000000   0.000000   0.000000   1.400000
 -0.719160   3.167270   0.449000   1.000000   0.000000   0.000000   1.400000
 -1.601010   5.122940   1.376500   1.000000   0.000000   0.000000   1.400000
 -2.666910   5.776510   1.976100   0.000000   1.000000   0.000000   1.850000
 -3.639030   5.388610   1.575790   1.000000   1.000000   1.000000   1.200000
 -2.579430   6.870820   1.748230   1.000000   1.000000   1.000000   1.200000
 -2.644490   5.626090   3.087580   1.000000   1.000000   1.000000   1.200000
  0.934470   5.295860   0.543390   0.000000   0.000000   1.000000   1.540000
  1.330080   4.661390   1.264950   1.000000   1.000000   1.000000   1.200000
  1.646980   5.734480  -0.021340   1.000000   1.000000   1.000000   1.200000
  0.342480   5.975800   1.035590   1.000000   1.000000   1.000000   1.200000
  0.292270   4.720780  -0.040160   1.000000   1.000000   1.000000   1.200000
  1.306020   2.457430   4.867870   0.000000   0.000000   1.000000   1.540000
  1.486210   0.667800   3.821100   1.000000   1.000000   1.000000   1.200000
  0.880240   3.057540   4.184960   1.000000   1.000000   1.000000   1.200000
  2.189410   2.837290   5.133770   1.000000   1.000000   1.000000   1.200000
  0.721650   2.416420   5.676070   1.000000   1.000000   1.000000   1.200000
 -3.539470   0.938340   3.611050   0.000000   0.000000   1.000000   1.540000
 -2.054810  -0.298390   3.655160   1.000000   1.000000   1.000000   1.200000
 -3.700240   1.287600   2.684850   1.000000   1.000000   1.000000   1.200000
 -3.188050   1.700660   4.155860   1.000000   1.000000   1.000000   1.200000
 -4.402430   0.626600   4.002980   1.000000   1.000000   1.000000   1.200000
28 bonds follow (x1 y1 z1 x2 y2 z2)
 -3.539470   0.938340   3.611050  -4.402430   0.626600   4.002980
 -3.539470   0.938340   3.611050  -3.188050   1.700660   4.155860
 -3.539470   0.938340   3.611050  -3.700240   1.287600   2.684850
 -1.133040  -0.596550   3.545060  -2.054810  -0.298390   3.655160
  1.306020   2.457430   4.867870   0.721650   2.416420   5.676070
  1.306020   2.457430   4.867870   2.189410   2.837290   5.133770
  1.306020   2.457430   4.867870   0.880240   3.057540   4.184960
  1.221980   0.017350   3.156520   1.486210   0.667800   3.821100
  0.934470   5.295860   0.543390   0.292270   4.720780  -0.040160
  0.934470   5.295860   0.543390   0.342480   5.975800   1.035590
  0.934470   5.295860   0.543390   1.646980   5.734480  -0.021340
  0.934470   5.295860   0.543390   1.330080   4.661390   1.264950
 -2.666910   5.776510   1.976100  -2.644490   5.626090   3.087580
 -2.666910   5.776510   1.976100  -2.579430   6.870820   1.748230
 -2.666910   5.776510   1.976100  -3.639030   5.388610   1.575790
 -1.601010   5.122940   1.376500  -2.666910   5.776510   1.976100
 -1.186840   3.428840   1.766460  -1.601010   5.122940   1.376500
 -1.186840   3.428840   1.766460  -0.719160   3.167270   0.449000
 -1.186840   3.428840   1.766460  -2.439010   3.044730   2.195680
 -1.186840   3.428840   1.766460  -0.112720   3.862730   2.589890
 -0.218980   0.173200   2.527770  -0.681430   1.552380   2.237310
 -0.218980   0.173200   2.527770  -1.133040  -0.596550   3.545060
 -0.218980   0.173200   2.527770   1.221980   0.017350   3.156520
 -0.194640  -0.786350   1.267180  -0.218980   0.173200   2.527770
 -0.471170  -0.255770  -0.008680  -0.194640  -0.786350   1.267180
 -0.471170  -0.255770  -0.008680  -1.332070  -0.835700  -0.434670
 -0.471170  -0.255770  -0.008680  -0.715040   0.839040   0.053120
 -0.471170  -0.255770  -0.008680   0.432200  -0.426890  -0.652200
