33 atoms follow (x y z r g b radiusScale)
 -0.395760  -0.044650  -0.034460   0.000000   1.000000   0.000000   1.850000
  0.571120  -0.176080  -0.588900   1.000000   1.000000   1.000000   1.200000
 -0.641590   1.042140   0.099480   1.000000   1.000000   1.000000   1.200000
 -1.211500  -0.564520  -0.602360   1.000000   1.000000   1.000000   1.200000
 -0.282370  -0.703820   1.208820   1.000000   0.000000   0.000000   1.400000
 -0.177020   0.167890   2.524690   0.500000   0.500000   0.500000   1.900000
  1.294740  -0.043280   3.075120   1.000000   0.000000   0.000000   1.400000
 -1.001990  -0.651940   3.583120   1.000000   0.000000   0.000000   1.400000
 -0.648050   1.549370   2.286400   1.000000   0.000000   0.000000   1.400000
 -1.181720   3.442340   1.865230   1.000000   1.000000   0.000000   1.850000
  0.023860   3.820750   2.497090   1.000000   0.000000   0.000000   1.400000
 -2.366120   3.202620   2.540670   1.000000   0.000000   0.000000   1.400000
 -0.926990   3.099660   0.511410   1.000000   0.000000   0.000000   1.400000
 -1.534520   5.137230   1.379420   1.000000   0.000000   0.000000   1.400000
 -2.563610   5.917940   1.866600   0.000000   1.000000   0.000000   1.850000
 -3.100950   5.402780   2.705440   1.000000   1.000000   1.000000   1.200000
 -3.292960   6.133490   1.041420   1.000000   1.000000   1.000000   1.200000
 -2.142380   6.889850   2.239870   1.000000   1.000000   1.000000   1.200000
  0.862730   5.114820   0.314250   0.000000   0.000000   1.000000   1.540000
  1.427310   4.395660   0.789280   1.000000   1.000000   1.000000   1.200000
  1.413580   5.713500  -0.280650   1.000000   1.000000   1.000000   1.200000
  0.377830   5.649920   1.065080   1.000000   1.000000   1.000000   1.200000
  0.115970   4.628090  -0.204410   1.000000   1.000000   1.000000   1.200000
  1.027920   2.518620   5.017240   0.000000   0.000000   1.000000   1.540000
  1.419030   0.093430   4.016580   1.000000   1.000000   1.000000   1.200000
  0.978410   2.960640   4.117530   1.000000   1.000000   1.000000   1.200000
  1.695460   3.013090   5.572220   1.000000   1.000000   1.000000   1.200000
  0.135330   2.604710   5.459100   1.000000   1.000000   1.000000   1.200000
 -3.638360   0.739150   3.410420   0.000000   0.000000   1.000000   1.540000
 -1.956420  -0.512700   3.649180   1.000000   1.000000   1.000000   1.200000
 -3.669410   1.041570   2.455640   1.000000   1.000000   1.000000   1.200000
 -3.268090   1.505280   3.942250   1.000000   1.000000   1.000000   1.200000
 -4.572880   0.561630   3.715840   1.000000   1.000000   1.000000   1.200000
28 bonds follow (x1 y1 z1 x2 y2 z2)
 -3.638360   0.739150   3.410420  -4.572880   0.561630   3.715840
 -3.638360   0.739150   3.410420  -3.268090   1.505280   3.942250
 -3.638360   0.739150   3.410420  -3.669410   1.041570   2.455640
 -1.001990  -0.651940   3.583120  -1.956420  -0.512700   3.649180
  1.027920   2.518620   5.017240   0.135330   2.604710   5.459100
  1.027920   2.518620   5.017240   1.695460   3.013090   5.572220
  1.027920   2.518620   5.017240   0.978410   2.960640   4.117530
  1.294740  -0.043280   3.075120   1.419030   0.093430   4.016580
  0.862730   5.114820   0.314250   0.115970   4.628090  -0.204410
  0.862730   5.114820   0.314250   0.377830   5.649920   1.065080
  0.862730   5.114820   0.314250   1.413580   5.713500  -0.280650
  0.862730   5.114820   0.314250   1.427310   4.395660   0.789280
 -2.563610   5.917940   1.866600  -2.142380   6.889850   2.239870
 -2.563610   5.917940   1.866600  -3.292960   6.133490   1.041420
 -2.563610   5.917940   1.866600  -3.100950   5.402780   2.705440
 -1.534520   5.137230   1.379420  -2.563610   5.917940   1.866600
 -1.181720   3.442340   1.865230  -1.534520   5.137230   1.379420
 -1.181720   3.442340   1.865230  -0.926990   3.099660   0.511410
 -1.181720   3.442340   1.865230  -2.366120   3.202620   2.540670
 -1.181720   3.442340   1.865230   0.023860   3.820750   2.497090
 -0.177020   0.167890   2.524690  -0.648050   1.549370   2.286400
 -0.177020   0.167890   2.524690  -1.001990  -0.651940   3.583120
 -0.177020   0.167890   2.524690   1.294740  -0.043280   3.075120
 -0.282370  -0.703820   1.208820  -0.177020   0.167890   2.524690
 -0.395760  -0.044650  -0.034460  -0.282370  -0.703820   1.208820
 -0.395760  -0.044650  -0.034460  -1.211500  -0.564520  -0.602360
 -0.395760  -0.044650  -0.034460  -0.641590   1.042140   0.099480
 -0.395760  -0.044650  -0.034460   0.571120  -0.176080  -0.588900
