33 atoms follow (x y z r g b radiusScale)
 -0.226080  -0.161990  -0.064780   0.000000   1.000000   0.000000   1.850000
  0.714420  -0.511590  -0.565990   1.000000   1.000000   1.000000   1.200000
 -0.264920   0.958840   0.002300   1.000000   1.000000   1.000000   1.200000
 -1.107940  -0.551040  -0.638990   1.000000   1.000000   1.000000   1.200000
 -0.273660  -0.744760   1.221770   1.000000   0.000000   0.000000   1.400000
 -0.249170   0.181160   2.509910   0.500000   0.500000   0.500000   1.900000
  1.217430   0.027690   3.057350   1.000000   0.000000   0.000000   1.400000
 -1.169760  -0.479590   3.590520   1.000000   0.000000   0.000000   1.400000
 -0.663480   1.576320   2.220190   1.000000   0.000000   0.000000   1.400000
 -1.193270   3.382050   1.807100   1.000000   1.000000   0.000000   1.850000
 -0.110170   3.828270   2.626120   1.000000   0.000000   0.000000   1.400000
 -2.445100   3.086700   2.337900   1.000000   0.000000   0.000000   1.400000
 -0.724200   3.105280   0.486400   1.000000   0.000000   0.000000   1.400000
 -1.621350   5.041680   1.314760   1.000000   0.000000   0.000000   1.400000
 -2.725750   5.752500   1.737600   0.000000   1.000000   0.000000   1.850000
 -3.608090   5.529640   1.081980   1.000000   1.000000   1.000000   1.200000
 -2.483890   6.847430   1.663980   1.000000   1.000000   1.000000   1.200000
 -2.988610   5.502580   2.798880   1.000000   1.000000   1.000000   1.200000
  0.927370   5.273890   0.679950   0.000000   0.000000   1.000000   1.540000
  1.267490   4.535540   1.317370   1.000000   1.000000   1.000000   1.200000
  1.661180   5.680380   0.128920   1.000000   1.000000   1.000000   1.200000
  0.444060   5.972370   1.266070   1.000000   1.000000   1.000000   1.200000
  0.183250   4.829920   0.078560   1.000000   1.000000   1.000000   1.200000
  1.451410   2.400530   4.796140   0.000000   0.000000   1.000000   1.540000
  1.505180   0.662690   3.731990   1.000000   1.000000   1.000000   1.200000
  0.891740   3.006370   4.222460   1.000000   1.000000   1.000000   1.200000
  2.338890   2.827790   4.953940   1.000000   1.000000   1.000000   1.200000
  1.000360   2.270140   5.677270   1.000000   1.000000   1.000000   1.200000
 -3.659740   0.963960   3.728320   0.000000   0.000000   1.000000   1.540000
 -2.084890  -0.151050   3.693990   1.000000   1.000000   1.000000   1.200000
 -3.878340   1.218040   2.784270   1.000000   1.000000   1.000000   1.200000
 -3.285290   1.781420   4.170490   1.000000   1.000000   1.000000   1.200000
 -4.496260   0.690480   4.198560   1.000000   1.000000   1.000000   1.200000
29 bonds follow (x1 y1 z1 x2 y2 z2)
 -3.659740   0.963960   3.728320  -4.496260   0.690480   4.198560
 -3.659740   0.963960   3.728320  -3.285290   1.781420   4.170490
 -3.659740   0.963960   3.728320  -3.878340   1.218040   2.784270
 -1.169760  -0.479590   3.590520  -2.084890  -0.151050   3.693990
  1.451410   2.400530   4.796140   1.000360   2.270140   5.677270
  1.451410   2.400530   4.796140   2.338890   2.827790   4.953940
  1.451410   2.400530   4.796140   0.891740   3.006370   4.222460
  1.217430   0.027690   3.057350   1.505180   0.662690   3.731990
  0.927370   5.273890   0.679950   0.183250   4.829920   0.078560
  0.927370   5.273890   0.679950   0.444060   5.972370   1.266070
  0.927370   5.273890   0.679950   1.661180   5.680380   0.128920
  0.927370   5.273890   0.679950   1.267490   4.535540   1.317370
 -2.725750   5.752500   1.737600  -2.988610   5.502580   2.798880
 -2.725750   5.752500   1.737600  -2.483890   6.847430   1.663980
 -2.725750   5.752500   1.737600  -3.608090   5.529640   1.081980
 -1.621350   5.041680   1.314760  -2.725750   5.752500   1.737600
 -1.193270   3.382050   1.807100  -1.621350   5.041680   1.314760
 -1.193270   3.382050   1.807100  -0.724200   3.105280   0.486400
 -1.193270   3.382050   1.807100  -2.445100   3.086700   2.337900
 -1.193270   3.382050   1.807100  -0.110170   3.828270   2.626120
 -0.663480   1.576320   2.220190  -1.193270   3.382050   1.807100
 -0.249170   0.181160   2.509910  -0.663480   1.576320   2.220190
 -0.249170   0.181160   2.509910  -1.169760  -0.479590   3.590520
 -0.249170   0.181160   2.509910   1.217430   0.027690   3.057350
 -0.273660  -0.744760   1.221770  -0.249170   0.181160   2.509910
 -0.226080  -0.161990  -0.064780  -0.273660  -0.744760   1.221770
 -0.226080  -0.161990  -0.064780  -1.107940  -0.551040  -0.638990
 -0.226080  -0.161990  -0.064780  -0.264920   0.958840   0.002300
 -0.226080  -0.161990  -0.064780   0.714420  -0.511590  -0.565990
