33 atoms follow (x y z r g b radiusScale)
  0.014590  -0.011250  -0.006000   0.000000   1.000000   0.000000   1.850000
  1.132930  -0.007280   0.018570   1.000000   1.000000   1.000000   1.200000
 -0.395930   1.033990  -0.004060   1.000000   1.000000   1.000000   1.200000
 -0.354300  -0.584170  -0.893230   1.000000   1.000000   1.000000   1.200000
 -0.454820  -0.705350   1.138650   1.000000   0.000000   0.000000   1.400000
 -0.303740   0.040080   2.531230   0.500000   0.500000   0.500000   1.900000
  1.181430  -0.056580   3.019790   1.000000   0.000000   0.000000   1.400000
 -1.265890  -0.633720   3.561210   1.000000   0.000000   0.000000   1.400000
 -0.671820   1.491490   2.381220   1.000000   0.000000   0.000000   1.400000
 -1.126940   3.248790   2.019680   1.000000   1.000000   0.000000   1.850000
 -0.069580   3.767660   2.739560   1.000000   0.000000   0.000000   1.400000
 -2.390270   3.176780   2.534780   1.000000   0.000000   0.000000   1.400000
 -0.896190   3.108020   0.669210   1.000000   0.000000   0.000000   1.400000
 -1.796090   5.510380   1.665880   1.000000   0.000000   0.000000   1.400000
 -2.956590   5.769660   0.864280   0.000000   1.000000   0.000000   1.850000
 -2.791170   5.387520  -0.174370   1.000000   1.000000   1.000000   1.200000
 -3.230120   6.850910   0.863110   1.000000   1.000000   1.000000   1.200000
 -3.716820   5.141530   1.399950   1.000000   1.000000   1.000000   1.200000
  1.214740   5.635270   0.271870   0.000000   0.000000   1.000000   1.540000
  1.346700   5.304900   1.209960   1.000000   1.000000   1.000000   1.200000
 -1.118710   6.224210   1.285360   1.000000   1.000000   1.000000   1.200000
  0.546870   5.029820  -0.168120   1.000000   1.000000   1.000000   1.200000
  2.080960   5.559940  -0.221020   1.000000   1.000000   1.000000   1.200000
  1.636680   2.207020   4.675990   0.000000   0.000000   1.000000   1.540000
  1.508020   0.647520   3.624080   1.000000   1.000000   1.000000   1.200000
  1.273840   2.941500   4.095100   1.000000   1.000000   1.000000   1.200000
  2.608540   2.364300   4.840390   1.000000   1.000000   1.000000   1.200000
  1.157490   2.212870   5.551300   1.000000   1.000000   1.000000   1.200000
 -3.567350   0.984370   3.744620   0.000000   0.000000   1.000000   1.540000
 -2.138740  -0.204240   3.725550   1.000000   1.000000   1.000000   1.200000
 -3.861950   1.207820   2.814560   1.000000   1.000000   1.000000   1.200000
 -3.194650   1.823070   4.148970   1.000000   1.000000   1.000000   1.200000
 -4.356470   0.683750   4.276230   1.000000   1.000000   1.000000   1.200000
28 bonds follow (x1 y1 z1 x2 y2 z2)
 -3.567350   0.984370   3.744620  -4.356470   0.683750   4.276230
 -3.567350   0.984370   3.744620  -3.194650   1.823070   4.148970
 -3.567350   0.984370   3.744620  -3.861950   1.207820   2.814560
 -1.265890  -0.633720   3.561210  -2.138740  -0.204240   3.725550
  1.636680   2.207020   4.675990   1.157490   2.212870   5.551300
  1.636680   2.207020   4.675990   2.608540   2.364300   4.840390
  1.636680   2.207020   4.675990   1.273840   2.941500   4.095100
  1.181430  -0.056580   3.019790   1.508020   0.647520   3.624080
  1.214740   5.635270   0.271870   2.080960   5.559940  -0.221020
  1.214740   5.635270   0.271870   0.546870   5.029820  -0.168120
 -1.796090   5.510380   1.665880  -1.118710   6.224210   1.285360
  1.214740   5.635270   0.271870   1.346700   5.304900   1.209960
 -2.956590   5.769660   0.864280  -3.716820   5.141530   1.399950
 -2.956590   5.769660   0.864280  -3.230120   6.850910   0.863110
 -2.956590   5.769660   0.864280  -2.791170   5.387520  -0.174370
 -1.796090   5.510380   1.665880  -2.956590   5.769660   0.864280
 -1.126940   3.248790   2.019680  -0.896190   3.108020   0.669210
 -1.126940   3.248790   2.019680  -2.390270   3.176780   2.534780
 -1.126940   3.248790   2.019680  -0.069580   3.767660   2.739560
 -0.671820   1.491490   2.381220  -1.126940   3.248790   2.019680
 -0.303740   0.040080   2.531230  -0.671820   1.491490   2.381220
 -0.303740   0.040080   2.531230  -1.265890  -0.633720   3.561210
 -0.303740   0.040080   2.531230   1.181430  -0.056580   3.019790
 -0.454820  -0.705350   1.138650  -0.303740   0.040080   2.531230
  0.014590  -0.011250  -0.006000  -0.454820  -0.705350   1.138650
  0.014590  -0.011250  -0.006000  -0.354300  -0.584170  -0.893230
  0.014590  -0.011250  -0.006000  -0.395930   1.033990  -0.004060
  0.014590  -0.011250  -0.006000   1.132930  -0.007280   0.018570
