33 atoms follow (x y z r g b radiusScale)
 -0.056940   0.011200   0.004190   0.000000   1.000000   0.000000   1.850000
  1.040710  -0.148140  -0.151020   1.000000   1.000000   1.000000   1.200000
 -0.304330   1.104150   0.096630   1.000000   1.000000   1.000000   1.200000
 -0.626120  -0.444230  -0.845820   1.000000   1.000000   1.000000   1.200000
 -0.451520  -0.679460   1.170880   1.000000   0.000000   0.000000   1.400000
 -0.296810   0.129840   2.529730   0.500000   0.500000   0.500000   1.900000
  1.204640  -0.053010   2.972440   1.000000   0.000000   0.000000   1.400000
 -1.170130  -0.695190   3.537920   1.000000   0.000000   0.000000   1.400000
 -0.691930   1.556710   2.417520   1.000000   0.000000   0.000000   1.400000
 -1.182960   3.440570   1.914590   1.000000   1.000000   0.000000   1.850000
 -0.139280   3.927380   2.739370   1.000000   0.000000   0.000000   1.400000
 -2.450150   3.136310   2.374820   1.000000   0.000000   0.000000   1.400000
 -0.741560   3.130310   0.603390   1.000000   0.000000   0.000000   1.400000
 -1.526310   5.135960   1.393350   1.000000   0.000000   0.000000   1.400000
 -2.803370   5.660380   1.365710   0.000000   1.000000   0.000000   1.850000
 -3.314420   5.380390   0.405900   1.000000   1.000000   1.000000   1.200000
 -2.734690   6.778300   1.428830   1.000000   1.000000   1.000000   1.200000
 -3.411960   5.278510   2.227150   1.000000   1.000000   1.000000   1.200000
  0.903040   5.297070   0.482630   0.000000   0.000000   1.000000   1.540000
  0.611350   5.463320   1.469680   1.000000   1.000000   1.000000   1.200000
  1.437430   6.064790   0.112740   1.000000   1.000000   1.000000   1.200000
  0.009150   5.151170  -0.031290   1.000000   1.000000   1.000000   1.200000
  1.421900   4.412160   0.453060   1.000000   1.000000   1.000000   1.200000
  1.539610   2.305110   4.701630   0.000000   0.000000   1.000000   1.540000
  1.563040   0.589380   3.604800   1.000000   1.000000   1.000000   1.200000
  1.006990   2.926970   4.118830   1.000000   1.000000   1.000000   1.200000
  2.447540   2.691990   4.848200   1.000000   1.000000   1.000000   1.200000
  1.084950   2.220100   5.586420   1.000000   1.000000   1.000000   1.200000
 -3.589090   0.948180   3.751390   0.000000   0.000000   1.000000   1.540000
 -2.070720  -0.377980   3.724900   1.000000   1.000000   1.000000   1.200000
 -3.837300   1.167980   2.806040   1.000000   1.000000   1.000000   1.200000
 -3.124480   1.755870   4.122320   1.000000   1.000000   1.000000   1.200000
 -4.423350   0.785600   4.274920   1.000000   1.000000   1.000000   1.200000
28 bonds follow (x1 y1 z1 x2 y2 z2)
 -3.589090   0.948180   3.751390  -4.423350   0.785600   4.274920
 -3.589090   0.948180   3.751390  -3.124480   1.755870   4.122320
 -3.589090   0.948180   3.751390  -3.837300   1.167980   2.806040
 -1.170130  -0.695190   3.537920  -2.070720  -0.377980   3.724900
  1.539610   2.305110   4.701630   1.084950   2.220100   5.586420
  1.539610   2.305110   4.701630   2.447540   2.691990   4.848200
  1.539610   2.305110   4.701630   1.006990   2.926970   4.118830
  1.204640  -0.053010   2.972440   1.563040   0.589380   3.604800
  0.903040   5.297070   0.482630   1.421900   4.412160   0.453060
  0.903040   5.297070   0.482630   0.009150   5.151170  -0.031290
  0.903040   5.297070   0.482630   1.437430   6.064790   0.112740
  0.903040   5.297070   0.482630   0.611350   5.463320   1.469680
 -2.803370   5.660380   1.365710  -3.411960   5.278510   2.227150
 -2.803370   5.660380   1.365710  -2.734690   6.778300   1.428830
 -2.803370   5.660380   1.365710  -3.314420   5.380390   0.405900
 -1.526310   5.135960   1.393350  -2.803370   5.660380   1.365710
 -1.182960   3.440570   1.914590  -1.526310   5.135960   1.393350
 -1.182960   3.440570   1.914590  -0.741560   3.130310   0.603390
 -1.182960   3.440570   1.914590  -2.450150   3.136310   2.374820
 -1.182960   3.440570   1.914590  -0.139280   3.927380   2.739370
 -0.296810   0.129840   2.529730  -0.691930   1.556710   2.417520
 -0.296810   0.129840   2.529730  -1.170130  -0.695190   3.537920
 -0.296810   0.129840   2.529730   1.204640  -0.053010   2.972440
 -0.451520  -0.679460   1.170880  -0.296810   0.129840   2.529730
 -0.056940   0.011200   0.004190  -0.451520  -0.679460   1.170880
 -0.056940   0.011200   0.004190  -0.626120  -0.444230  -0.845820
 -0.056940   0.011200   0.004190  -0.304330   1.104150   0.096630
 -0.056940   0.011200   0.004190   1.040710  -0.148140  -0.151020
