33 atoms follow (x y z r g b radiusScale)
  0.362360  -0.147270   0.080160   0.000000   1.000000   0.000000   1.850000
  1.442160  -0.253860   0.354520   1.000000   1.000000   1.000000   1.200000
  0.082070   0.929580  -0.058670   1.000000   1.000000   1.000000   1.200000
  0.123450  -0.748200  -0.832910   1.000000   1.000000   1.000000   1.200000
 -0.422740  -0.690510   1.123990   1.000000   0.000000   0.000000   1.400000
 -0.300380   0.018020   2.528420   0.500000   0.500000   0.500000   1.900000
  1.174420  -0.142280   2.994530   1.000000   0.000000   0.000000   1.400000
 -1.185760  -0.776860   3.531640   1.000000   0.000000   0.000000   1.400000
 -0.720790   1.463720   2.426750   1.000000   0.000000   0.000000   1.400000
 -1.162960   3.213990   2.187650   1.000000   1.000000   0.000000   1.850000
 -0.433130   3.676430   3.259430   1.000000   0.000000   0.000000   1.400000
 -2.512870   3.090380   2.356490   1.000000   0.000000   0.000000   1.400000
 -0.651830   3.284200   0.913900   1.000000   0.000000   0.000000   1.400000
 -2.452720   6.432340   1.409870   1.000000   0.000000   0.000000   1.400000
 -3.766260   6.224350   0.957240   0.000000   1.000000   0.000000   1.850000
 -4.150670   7.088460   0.367990   1.000000   1.000000   1.000000   1.200000
 -4.438910   6.028620   1.818710   1.000000   1.000000   1.000000   1.200000
 -3.740420   5.291400   0.320910   1.000000   1.000000   1.000000   1.200000
  2.406120   5.039800  -0.228250   0.000000   0.000000   1.000000   1.540000
  2.025680   5.621480   0.488630   1.000000   1.000000   1.000000   1.200000
 -2.440930   7.044970   2.121930   1.000000   1.000000   1.000000   1.200000
  2.124350   5.427760  -1.104000   1.000000   1.000000   1.000000   1.200000
  1.985520   4.132800  -0.148430   1.000000   1.000000   1.000000   1.200000
  1.832410   2.178480   4.320720   0.000000   0.000000   1.000000   1.540000
  1.619170   0.593300   3.480200   1.000000   1.000000   1.000000   1.200000
  1.527520   2.886000   3.678010   1.000000   1.000000   1.000000   1.200000
  2.801500   2.311090   4.522170   1.000000   1.000000   1.000000   1.200000
  1.306360   2.278780   5.164320   1.000000   1.000000   1.000000   1.200000
 -3.542590   0.729170   3.789320   0.000000   0.000000   1.000000   1.540000
 -2.084300  -0.434690   3.731490   1.000000   1.000000   1.000000   1.200000
 -3.696230   1.264010   2.955220   1.000000   1.000000   1.000000   1.200000
 -3.344260   1.364150   4.535230   1.000000   1.000000   1.000000   1.200000
 -4.363770   0.207850   4.014110   1.000000   1.000000   1.000000   1.200000
28 bonds follow (x1 y1 z1 x2 y2 z2)
 -3.542590   0.729170   3.789320  -4.363770   0.207850   4.014110
 -3.542590   0.729170   3.789320  -3.344260   1.364150   4.535230
 -3.542590   0.729170   3.789320  -3.696230   1.264010   2.955220
 -1.185760  -0.776860   3.531640  -2.084300  -0.434690   3.731490
  1.832410   2.178480   4.320720   1.306360   2.278780   5.164320
  1.832410   2.178480   4.320720   2.801500   2.311090   4.522170
  1.832410   2.178480   4.320720   1.527520   2.886000   3.678010
  1.174420  -0.142280   2.994530   1.619170   0.593300   3.480200
  2.406120   5.039800  -0.228250   1.985520   4.132800  -0.148430
  2.406120   5.039800  -0.228250   2.124350   5.427760  -1.104000
 -2.452720   6.432340   1.409870  -2.440930   7.044970   2.121930
  2.406120   5.039800  -0.228250   2.025680   5.621480   0.488630
 -3.766260   6.224350   0.957240  -3.740420   5.291400   0.320910
 -3.766260   6.224350   0.957240  -4.438910   6.028620   1.818710
 -3.766260   6.224350   0.957240  -4.150670   7.088460   0.367990
 -2.452720   6.432340   1.409870  -3.766260   6.224350   0.957240
 -1.162960   3.213990   2.187650  -0.651830   3.284200   0.913900
 -1.162960   3.213990   2.187650  -2.512870   3.090380   2.356490
 -1.162960   3.213990   2.187650  -0.433130   3.676430   3.259430
 -0.720790   1.463720   2.426750  -1.162960   3.213990   2.187650
 -0.300380   0.018020   2.528420  -0.720790   1.463720   2.426750
 -0.300380   0.018020   2.528420  -1.185760  -0.776860   3.531640
 -0.300380   0.018020   2.528420   1.174420  -0.142280   2.994530
 -0.422740  -0.690510   1.123990  -0.300380   0.018020   2.528420
  0.362360  -0.147270   0.080160  -0.422740  -0.690510   1.123990
  0.362360  -0.147270   0.080160   0.123450  -0.748200  -0.832910
  0.362360  -0.147270   0.080160   0.082070   0.929580  -0.058670
  0.362360  -0.147270   0.080160   1.442160  -0.253860   0.354520
