33 atoms follow (x y z r g b radiusScale)
 -0.243830  -0.181220  -0.036970   0.000000   1.000000   0.000000   1.850000
  0.717530  -0.455590  -0.545540   1.000000   1.000000   1.000000   1.200000
 -0.351360   0.933450   0.062620   1.000000   1.000000   1.000000   1.200000
 -1.099830  -0.598500  -0.630090   1.000000   1.000000   1.000000   1.200000
 -0.265720  -0.804790   1.230690   1.000000   0.000000   0.000000   1.400000
 -0.222270   0.150290   2.501930   0.500000   0.500000   0.500000   1.900000
  1.282950   0.129170   2.960850   1.000000   0.000000   0.000000   1.400000
 -1.084490  -0.581080   3.580870   1.000000   0.000000   0.000000   1.400000
 -0.707190   1.529970   2.245620   1.000000   0.000000   0.000000   1.400000
 -1.125080   3.419300   1.918020   1.000000   1.000000   0.000000   1.850000
  0.110840   3.752870   2.542350   1.000000   0.000000   0.000000   1.400000
 -2.297170   3.210660   2.625760   1.000000   0.000000   0.000000   1.400000
 -0.948420   3.137500   0.532620   1.000000   0.000000   0.000000   1.400000
 -1.466310   5.132830   1.566720   1.000000   0.000000   0.000000   1.400000
 -2.655180   5.776270   1.849930   0.000000   1.000000   0.000000   1.850000
 -3.055420   5.467910   2.850150   1.000000   1.000000   1.000000   1.200000
 -3.420290   5.543870   1.062450   1.000000   1.000000   1.000000   1.200000
 -2.459110   6.881890   1.852080   1.000000   1.000000   1.000000   1.200000
  0.817560   5.157020   0.267640   0.000000   0.000000   1.000000   1.540000
  1.116840   4.922120   1.240800   1.000000   1.000000   1.000000   1.200000
  1.572700   5.526910  -0.278100   1.000000   1.000000   1.000000   1.200000
  0.020860   5.824670   0.351680   1.000000   1.000000   1.000000   1.200000
  0.425290   4.289900  -0.143540   1.000000   1.000000   1.000000   1.200000
  0.967890   2.507410   4.894360   0.000000   0.000000   1.000000   1.540000
  1.571020   0.799230   3.588820   1.000000   1.000000   1.000000   1.200000
  1.346460   3.071120   4.154950   1.000000   1.000000   1.000000   1.200000
  1.300830   2.861680   5.766520   1.000000   1.000000   1.000000   1.200000
 -0.026950   2.618730   4.871110   1.000000   1.000000   1.000000   1.200000
 -3.667320   0.893770   3.391050   0.000000   0.000000   1.000000   1.540000
 -2.018560  -0.325390   3.669130   1.000000   1.000000   1.000000   1.200000
 -3.542130   1.249330   2.461860   1.000000   1.000000   1.000000   1.200000
 -3.518460   1.664020   4.014650   1.000000   1.000000   1.000000   1.200000
 -4.608820   0.575680   3.489100   1.000000   1.000000   1.000000   1.200000
28 bonds follow (x1 y1 z1 x2 y2 z2)
 -3.667320   0.893770   3.391050  -4.608820   0.575680   3.489100
 -3.667320   0.893770   3.391050  -3.518460   1.664020   4.014650
 -3.667320   0.893770   3.391050  -3.542130   1.249330   2.461860
 -1.084490  -0.581080   3.580870  -2.018560  -0.325390   3.669130
  0.967890   2.507410   4.894360  -0.026950   2.618730   4.871110
  0.967890   2.507410   4.894360   1.300830   2.861680   5.766520
  0.967890   2.507410   4.894360   1.346460   3.071120   4.154950
  1.282950   0.129170   2.960850   1.571020   0.799230   3.588820
  0.817560   5.157020   0.267640   0.425290   4.289900  -0.143540
  0.817560   5.157020   0.267640   0.020860   5.824670   0.351680
  0.817560   5.157020   0.267640   1.572700   5.526910  -0.278100
  0.817560   5.157020   0.267640   1.116840   4.922120   1.240800
 -2.655180   5.776270   1.849930  -2.459110   6.881890   1.852080
 -2.655180   5.776270   1.849930  -3.420290   5.543870   1.062450
 -2.655180   5.776270   1.849930  -3.055420   5.467910   2.850150
 -1.466310   5.132830   1.566720  -2.655180   5.776270   1.849930
 -1.125080   3.419300   1.918020  -1.466310   5.132830   1.566720
 -1.125080   3.419300   1.918020  -0.948420   3.137500   0.532620
 -1.125080   3.419300   1.918020  -2.297170   3.210660   2.625760
 -1.125080   3.419300   1.918020   0.110840   3.752870   2.542350
 -0.222270   0.150290   2.501930  -0.707190   1.529970   2.245620
 -0.222270   0.150290   2.501930  -1.084490  -0.581080   3.580870
 -0.222270   0.150290   2.501930   1.282950   0.129170   2.960850
 -0.265720  -0.804790   1.230690  -0.222270   0.150290   2.501930
 -0.243830  -0.181220  -0.036970  -0.265720  -0.804790   1.230690
 -0.243830  -0.181220  -0.036970  -1.099830  -0.598500  -0.630090
 -0.243830  -0.181220  -0.036970  -0.351360   0.933450   0.062620
 -0.243830  -0.181220  -0.036970   0.717530  -0.455590  -0.545540
