33 atoms follow (x y z r g b radiusScale)
 -0.317090  -0.191760  -0.055670   0.000000   1.000000   0.000000   1.850000
  0.626280  -0.435590  -0.611390   1.000000   1.000000   1.000000   1.200000
 -0.464900   0.919720   0.023200   1.000000   1.000000   1.000000   1.200000
 -1.182550  -0.670370  -0.585020   1.000000   1.000000   1.000000   1.200000
 -0.228720  -0.784720   1.225210   1.000000   0.000000   0.000000   1.400000
 -0.245590   0.158850   2.503570   0.500000   0.500000   0.500000   1.900000
  1.213580   0.085690   3.088510   1.000000   0.000000   0.000000   1.400000
 -1.159870  -0.502200   3.593350   1.000000   0.000000   0.000000   1.400000
 -0.642420   1.560780   2.223990   1.000000   0.000000   0.000000   1.400000
 -1.189240   3.384000   1.791220   1.000000   1.000000   0.000000   1.850000
 -0.121900   3.865170   2.606070   1.000000   0.000000   0.000000   1.400000
 -2.426450   2.993950   2.286830   1.000000   0.000000   0.000000   1.400000
 -0.752150   3.133560   0.464530   1.000000   0.000000   0.000000   1.400000
 -1.592680   5.070020   1.357090   1.000000   0.000000   0.000000   1.400000
 -2.688200   5.776470   1.815510   0.000000   1.000000   0.000000   1.850000
 -3.602950   5.498300   1.229500   1.000000   1.000000   1.000000   1.200000
 -2.483730   6.871630   1.678690   1.000000   1.000000   1.000000   1.200000
 -2.873330   5.567060   2.901670   1.000000   1.000000   1.000000   1.200000
  0.956710   5.300930   0.639860   0.000000   0.000000   1.000000   1.540000
  1.428730   4.509690   1.088890   1.000000   1.000000   1.000000   1.200000
  1.601130   5.956650   0.222150   1.000000   1.000000   1.000000   1.200000
  0.352560   5.728280   1.373210   1.000000   1.000000   1.000000   1.200000
  0.290820   4.887800  -0.050400   1.000000   1.000000   1.000000   1.200000
  1.401280   2.424300   4.822530   0.000000   0.000000   1.000000   1.540000
  1.453260   0.767260   3.739490   1.000000   1.000000   1.000000   1.200000
  0.892240   3.012970   4.186410   1.000000   1.000000   1.000000   1.200000
  2.315730   2.800030   4.955600   1.000000   1.000000   1.000000   1.200000
  0.931190   2.405720   5.702800   1.000000   1.000000   1.000000   1.200000
 -3.683510   0.961590   3.722530   0.000000   0.000000   1.000000   1.540000
 -2.041000  -0.123490   3.764840   1.000000   1.000000   1.000000   1.200000
 -3.773890   1.198090   2.752100   1.000000   1.000000   1.000000   1.200000
 -3.318670   1.772210   4.184720   1.000000   1.000000   1.000000   1.200000
 -4.587970   0.759370   4.093020   1.000000   1.000000   1.000000   1.200000
28 bonds follow (x1 y1 z1 x2 y2 z2)
 -3.683510   0.961590   3.722530  -4.587970   0.759370   4.093020
 -3.683510   0.961590   3.722530  -3.318670   1.772210   4.184720
 -3.683510   0.961590   3.722530  -3.773890   1.198090   2.752100
 -1.159870  -0.502200   3.593350  -2.041000  -0.123490   3.764840
  1.401280   2.424300   4.822530   0.931190   2.405720   5.702800
  1.401280   2.424300   4.822530   2.315730   2.800030   4.955600
  1.401280   2.424300   4.822530   0.892240   3.012970   4.186410
  1.213580   0.085690   3.088510   1.453260   0.767260   3.739490
  0.956710   5.300930   0.639860   0.290820   4.887800  -0.050400
  0.956710   5.300930   0.639860   0.352560   5.728280   1.373210
  0.956710   5.300930   0.639860   1.601130   5.956650   0.222150
  0.956710   5.300930   0.639860   1.428730   4.509690   1.088890
 -2.688200   5.776470   1.815510  -2.873330   5.567060   2.901670
 -2.688200   5.776470   1.815510  -2.483730   6.871630   1.678690
 -2.688200   5.776470   1.815510  -3.602950   5.498300   1.229500
 -1.592680   5.070020   1.357090  -2.688200   5.776470   1.815510
 -1.189240   3.384000   1.791220  -1.592680   5.070020   1.357090
 -1.189240   3.384000   1.791220  -0.752150   3.133560   0.464530
 -1.189240   3.384000   1.791220  -2.426450   2.993950   2.286830
 -1.189240   3.384000   1.791220  -0.121900   3.865170   2.606070
 -0.245590   0.158850   2.503570  -0.642420   1.560780   2.223990
 -0.245590   0.158850   2.503570  -1.159870  -0.502200   3.593350
 -0.245590   0.158850   2.503570   1.213580   0.085690   3.088510
 -0.228720  -0.784720   1.225210  -0.245590   0.158850   2.503570
 -0.317090  -0.191760  -0.055670  -0.228720  -0.784720   1.225210
 -0.317090  -0.191760  -0.055670  -1.182550  -0.670370  -0.585020
 -0.317090  -0.191760  -0.055670  -0.464900   0.919720   0.023200
 -0.317090  -0.191760  -0.055670   0.626280  -0.435590  -0.611390
