33 atoms follow (x y z r g b radiusScale)
 -0.498580  -0.262420  -0.029820   0.000000   1.000000   0.000000   1.850000
  0.365550  -0.463330  -0.715670   1.000000   1.000000   1.000000   1.200000
 -0.712110   0.839980   0.028980   1.000000   1.000000   1.000000   1.200000
 -1.392620  -0.827690  -0.403510   1.000000   1.000000   1.000000   1.200000
 -0.160000  -0.772410   1.241180   1.000000   0.000000   0.000000   1.400000
 -0.232330   0.162500   2.530310   0.500000   0.500000   0.500000   1.900000
  1.197980   0.030450   3.157080   1.000000   0.000000   0.000000   1.400000
 -1.136750  -0.575550   3.570460   1.000000   0.000000   0.000000   1.400000
 -0.659650   1.557140   2.266230   1.000000   0.000000   0.000000   1.400000
 -1.185010   3.426110   1.761760   1.000000   1.000000   0.000000   1.850000
 -0.111640   3.873030   2.583520   1.000000   0.000000   0.000000   1.400000
 -2.444110   3.059230   2.209970   1.000000   0.000000   0.000000   1.400000
 -0.738130   3.138750   0.453810   1.000000   0.000000   0.000000   1.400000
 -1.586520   5.134610   1.362990   1.000000   0.000000   0.000000   1.400000
 -2.643490   5.767300   1.995420   0.000000   1.000000   0.000000   1.850000
 -3.618960   5.335380   1.649780   1.000000   1.000000   1.000000   1.200000
 -2.608350   6.859520   1.743670   1.000000   1.000000   1.000000   1.200000
 -2.566400   5.642860   3.108660   1.000000   1.000000   1.000000   1.200000
  0.923110   5.312330   0.524380   0.000000   0.000000   1.000000   1.540000
  1.127230   4.740190   1.363340   1.000000   1.000000   1.000000   1.200000
  1.761430   5.664780   0.093520   1.000000   1.000000   1.000000   1.200000
  0.278360   6.062120   0.826950   1.000000   1.000000   1.000000   1.200000
  0.385500   4.694210  -0.124810   1.000000   1.000000   1.000000   1.200000
  1.291240   2.446020   4.892650   0.000000   0.000000   1.000000   1.540000
  1.475320   0.692010   3.805590   1.000000   1.000000   1.000000   1.200000
  0.886990   3.012800   4.168780   1.000000   1.000000   1.000000   1.200000
  2.147950   2.861180   5.191260   1.000000   1.000000   1.000000   1.200000
  0.664980   2.415890   5.669420   1.000000   1.000000   1.000000   1.200000
 -3.505560   0.906900   3.589820   0.000000   0.000000   1.000000   1.540000
 -2.064830  -0.293960   3.683470   1.000000   1.000000   1.000000   1.200000
 -3.590910   1.223230   2.640700   1.000000   1.000000   1.000000   1.200000
 -3.083760   1.656170   4.105450   1.000000   1.000000   1.000000   1.200000
 -4.417920   0.740740   3.958490   1.000000   1.000000   1.000000   1.200000
28 bonds follow (x1 y1 z1 x2 y2 z2)
 -3.505560   0.906900   3.589820  -4.417920   0.740740   3.958490
 -3.505560   0.906900   3.589820  -3.083760   1.656170   4.105450
 -3.505560   0.906900   3.589820  -3.590910   1.223230   2.640700
 -1.136750  -0.575550   3.570460  -2.064830  -0.293960   3.683470
  1.291240   2.446020   4.892650   0.664980   2.415890   5.669420
  1.291240   2.446020   4.892650   2.147950   2.861180   5.191260
  1.291240   2.446020   4.892650   0.886990   3.012800   4.168780
  1.197980   0.030450   3.157080   1.475320   0.692010   3.805590
  0.923110   5.312330   0.524380   0.385500   4.694210  -0.124810
  0.923110   5.312330   0.524380   0.278360   6.062120   0.826950
  0.923110   5.312330   0.524380   1.761430   5.664780   0.093520
  0.923110   5.312330   0.524380   1.127230   4.740190   1.363340
 -2.643490   5.767300   1.995420  -2.566400   5.642860   3.108660
 -2.643490   5.767300   1.995420  -2.608350   6.859520   1.743670
 -2.643490   5.767300   1.995420  -3.618960   5.335380   1.649780
 -1.586520   5.134610   1.362990  -2.643490   5.767300   1.995420
 -1.185010   3.426110   1.761760  -1.586520   5.134610   1.362990
 -1.185010   3.426110   1.761760  -0.738130   3.138750   0.453810
 -1.185010   3.426110   1.761760  -2.444110   3.059230   2.209970
 -1.185010   3.426110   1.761760  -0.111640   3.873030   2.583520
 -0.232330   0.162500   2.530310  -0.659650   1.557140   2.266230
 -0.232330   0.162500   2.530310  -1.136750  -0.575550   3.570460
 -0.232330   0.162500   2.530310   1.197980   0.030450   3.157080
 -0.160000  -0.772410   1.241180  -0.232330   0.162500   2.530310
 -0.498580  -0.262420  -0.029820  -0.160000  -0.772410   1.241180
 -0.498580  -0.262420  -0.029820  -1.392620  -0.827690  -0.403510
 -0.498580  -0.262420  -0.029820  -0.712110   0.839980   0.028980
 -0.498580  -0.262420  -0.029820   0.365550  -0.463330  -0.715670
