33 atoms follow (x y z r g b radiusScale)
  0.395080  -0.097500   0.118510   0.000000   1.000000   0.000000   1.850000
  1.457000  -0.203480   0.457290   1.000000   1.000000   1.000000   1.200000
  0.107630   0.982880   0.009470   1.000000   1.000000   1.000000   1.200000
  0.224970  -0.656240  -0.834850   1.000000   1.000000   1.000000   1.200000
 -0.446490  -0.691340   1.093140   1.000000   0.000000   0.000000   1.400000
 -0.309890  -0.002170   2.511800   0.500000   0.500000   0.500000   1.900000
  1.170480  -0.128160   2.981510   1.000000   0.000000   0.000000   1.400000
 -1.189610  -0.796000   3.516110   1.000000   0.000000   0.000000   1.400000
 -0.754030   1.442020   2.468970   1.000000   0.000000   0.000000   1.400000
 -1.162330   3.192640   2.212900   1.000000   1.000000   0.000000   1.850000
 -0.474330   3.703410   3.285070   1.000000   0.000000   0.000000   1.400000
 -2.526510   3.086080   2.275530   1.000000   0.000000   0.000000   1.400000
 -0.547180   3.305750   0.988700   1.000000   0.000000   0.000000   1.400000
 -2.520300   6.534620   1.408620   1.000000   0.000000   0.000000   1.400000
 -3.826910   6.250080   0.990340   0.000000   1.000000   0.000000   1.850000
 -4.371840   7.162320   0.628040   1.000000   1.000000   1.000000   1.200000
 -4.401320   5.794140   1.855220   1.000000   1.000000   1.000000   1.200000
 -3.769140   5.483920   0.181860   1.000000   1.000000   1.000000   1.200000
  2.429300   4.875690  -0.253910   0.000000   0.000000   1.000000   1.540000
  2.022320   5.415160   0.481700   1.000000   1.000000   1.000000   1.200000
 -2.507480   7.141010   2.036640   1.000000   1.000000   1.000000   1.200000
  2.051810   5.196270  -1.121120   1.000000   1.000000   1.000000   1.200000
  2.128820   3.927890  -0.121770   1.000000   1.000000   1.000000   1.200000
  1.884610   2.260070   4.288370   0.000000   0.000000   1.000000   1.540000
  1.557710   0.553520   3.576680   1.000000   1.000000   1.000000   1.200000
  1.563810   2.976480   3.663490   1.000000   1.000000   1.000000   1.200000
  2.846180   2.420220   4.505220   1.000000   1.000000   1.000000   1.200000
  1.348960   2.323160   5.130210   1.000000   1.000000   1.000000   1.200000
 -3.492000   0.714340   3.758290   0.000000   0.000000   1.000000   1.540000
 -2.111220  -0.486160   3.688700   1.000000   1.000000   1.000000   1.200000
 -3.530230   1.266210   2.920000   1.000000   1.000000   1.000000   1.200000
 -3.301710   1.325240   4.525870   1.000000   1.000000   1.000000   1.200000
 -4.375120   0.271680   3.903340   1.000000   1.000000   1.000000   1.200000
28 bonds follow (x1 y1 z1 x2 y2 z2)
 -3.492000   0.714340   3.758290  -4.375120   0.271680   3.903340
 -3.492000   0.714340   3.758290  -3.301710   1.325240   4.525870
 -3.492000   0.714340   3.758290  -3.530230   1.266210   2.920000
 -1.189610  -0.796000   3.516110  -2.111220  -0.486160   3.688700
  1.884610   2.260070   4.288370   1.348960   2.323160   5.130210
  1.884610   2.260070   4.288370   2.846180   2.420220   4.505220
  1.884610   2.260070   4.288370   1.563810   2.976480   3.663490
  1.170480  -0.128160   2.981510   1.557710   0.553520   3.576680
  2.429300   4.875690  -0.253910   2.128820   3.927890  -0.121770
  2.429300   4.875690  -0.253910   2.051810   5.196270  -1.121120
 -2.520300   6.534620   1.408620  -2.507480   7.141010   2.036640
  2.429300   4.875690  -0.253910   2.022320   5.415160   0.481700
 -3.826910   6.250080   0.990340  -3.769140   5.483920   0.181860
 -3.826910   6.250080   0.990340  -4.401320   5.794140   1.855220
 -3.826910   6.250080   0.990340  -4.371840   7.162320   0.628040
 -2.520300   6.534620   1.408620  -3.826910   6.250080   0.990340
 -1.162330   3.192640   2.212900  -0.547180   3.305750   0.988700
 -1.162330   3.192640   2.212900  -2.526510   3.086080   2.275530
 -1.162330   3.192640   2.212900  -0.474330   3.703410   3.285070
 -0.754030   1.442020   2.468970  -1.162330   3.192640   2.212900
 -0.309890  -0.002170   2.511800  -0.754030   1.442020   2.468970
 -0.309890  -0.002170   2.511800  -1.189610  -0.796000   3.516110
 -0.309890  -0.002170   2.511800   1.170480  -0.128160   2.981510
 -0.446490  -0.691340   1.093140  -0.309890  -0.002170   2.511800
  0.395080  -0.097500   0.118510  -0.446490  -0.691340   1.093140
  0.395080  -0.097500   0.118510   0.224970  -0.656240  -0.834850
  0.395080  -0.097500   0.118510   0.107630   0.982880   0.009470
  0.395080  -0.097500   0.118510   1.457000  -0.203480   0.457290
