33 atoms follow (x y z r g b radiusScale)
 -0.349780  -0.069060  -0.055610   0.000000   1.000000   0.000000   1.850000
  0.601470  -0.284730  -0.610140   1.000000   1.000000   1.000000   1.200000
 -0.507770   1.035200   0.073780   1.000000   1.000000   1.000000   1.200000
 -1.206920  -0.519720  -0.621480   1.000000   1.000000   1.000000   1.200000
 -0.289490  -0.720410   1.197500   1.000000   0.000000   0.000000   1.400000
 -0.179810   0.165780   2.516400   0.500000   0.500000   0.500000   1.900000
  1.294510  -0.000270   3.055460   1.000000   0.000000   0.000000   1.400000
 -1.007640  -0.606880   3.598830   1.000000   0.000000   0.000000   1.400000
 -0.683160   1.537170   2.295230   1.000000   0.000000   0.000000   1.400000
 -1.171290   3.430210   1.872090   1.000000   1.000000   0.000000   1.850000
  0.055860   3.806040   2.490030   1.000000   0.000000   0.000000   1.400000
 -2.348920   3.190830   2.569960   1.000000   0.000000   0.000000   1.400000
 -0.962440   3.106730   0.503930   1.000000   0.000000   0.000000   1.400000
 -1.506820   5.115600   1.425870   1.000000   0.000000   0.000000   1.400000
 -2.566520   5.887290   1.851770   0.000000   1.000000   0.000000   1.850000
 -3.064430   5.437450   2.749720   1.000000   1.000000   1.000000   1.200000
 -3.317530   5.984270   1.023320   1.000000   1.000000   1.000000   1.200000
 -2.181600   6.909820   2.112480   1.000000   1.000000   1.000000   1.200000
  0.861660   5.143000   0.306470   0.000000   0.000000   1.000000   1.540000
  1.376510   4.411350   0.812500   1.000000   1.000000   1.000000   1.200000
  1.454850   5.692280  -0.294680   1.000000   1.000000   1.000000   1.200000
  0.389700   5.716270   1.031370   1.000000   1.000000   1.000000   1.200000
  0.098410   4.675160  -0.201980   1.000000   1.000000   1.000000   1.200000
  1.013520   2.520860   5.016750   0.000000   0.000000   1.000000   1.540000
  1.477340   0.289180   3.952500   1.000000   1.000000   1.000000   1.200000
  1.121810   2.951020   4.115740   1.000000   1.000000   1.000000   1.200000
  1.652800   2.952310   5.651740   1.000000   1.000000   1.000000   1.200000
  0.084150   2.706260   5.335450   1.000000   1.000000   1.000000   1.200000
 -3.683090   0.752370   3.417890   0.000000   0.000000   1.000000   1.540000
 -1.970400  -0.577560   3.582800   1.000000   1.000000   1.000000   1.200000
 -3.568090   1.077820   2.476360   1.000000   1.000000   1.000000   1.200000
 -3.315910   1.470860   4.013790   1.000000   1.000000   1.000000   1.200000
 -4.662140   0.664370   3.596990   1.000000   1.000000   1.000000   1.200000
28 bonds follow (x1 y1 z1 x2 y2 z2)
 -3.683090   0.752370   3.417890  -4.662140   0.664370   3.596990
 -3.683090   0.752370   3.417890  -3.315910   1.470860   4.013790
 -3.683090   0.752370   3.417890  -3.568090   1.077820   2.476360
 -1.007640  -0.606880   3.598830  -1.970400  -0.577560   3.582800
  1.013520   2.520860   5.016750   0.084150   2.706260   5.335450
  1.013520   2.520860   5.016750   1.652800   2.952310   5.651740
  1.013520   2.520860   5.016750   1.121810   2.951020   4.115740
  1.294510  -0.000270   3.055460   1.477340   0.289180   3.952500
  0.861660   5.143000   0.306470   0.098410   4.675160  -0.201980
  0.861660   5.143000   0.306470   0.389700   5.716270   1.031370
  0.861660   5.143000   0.306470   1.454850   5.692280  -0.294680
  0.861660   5.143000   0.306470   1.376510   4.411350   0.812500
 -2.566520   5.887290   1.851770  -2.181600   6.909820   2.112480
 -2.566520   5.887290   1.851770  -3.317530   5.984270   1.023320
 -2.566520   5.887290   1.851770  -3.064430   5.437450   2.749720
 -1.506820   5.115600   1.425870  -2.566520   5.887290   1.851770
 -1.171290   3.430210   1.872090  -1.506820   5.115600   1.425870
 -1.171290   3.430210   1.872090  -0.962440   3.106730   0.503930
 -1.171290   3.430210   1.872090  -2.348920   3.190830   2.569960
 -1.171290   3.430210   1.872090   0.055860   3.806040   2.490030
 -0.179810   0.165780   2.516400  -0.683160   1.537170   2.295230
 -0.179810   0.165780   2.516400  -1.007640  -0.606880   3.598830
 -0.179810   0.165780   2.516400   1.294510  -0.000270   3.055460
 -0.289490  -0.720410   1.197500  -0.179810   0.165780   2.516400
 -0.349780  -0.069060  -0.055610  -0.289490  -0.720410   1.197500
 -0.349780  -0.069060  -0.055610  -1.206920  -0.519720  -0.621480
 -0.349780  -0.069060  -0.055610  -0.507770   1.035200   0.073780
 -0.349780  -0.069060  -0.055610   0.601470  -0.284730  -0.610140
