33 atoms follow (x y z r g b radiusScale)
  0.018380  -0.021870   0.013340   0.000000   1.000000   0.000000   1.850000
  1.136730  -0.011130   0.038840   1.000000   1.000000   1.000000   1.200000
 -0.398160   1.021600   0.025790   1.000000   1.000000   1.000000   1.200000
 -0.349170  -0.589110  -0.878060   1.000000   1.000000   1.000000   1.200000
 -0.443130  -0.729870   1.151960   1.000000   0.000000   0.000000   1.400000
 -0.300540   0.032030   2.528880   0.500000   0.500000   0.500000   1.900000
  1.170950  -0.077020   3.025550   1.000000   0.000000   0.000000   1.400000
 -1.255320  -0.648820   3.553380   1.000000   0.000000   0.000000   1.400000
 -0.689070   1.482500   2.383310   1.000000   0.000000   0.000000   1.400000
 -1.126120   3.225660   2.033310   1.000000   1.000000   0.000000   1.850000
 -0.072980   3.776650   2.721770   1.000000   0.000000   0.000000   1.400000
 -2.401090   3.152920   2.545590   1.000000   0.000000   0.000000   1.400000
 -0.886750   3.141380   0.677850   1.000000   0.000000   0.000000   1.400000
 -1.867370   5.613070   1.660440   1.000000   0.000000   0.000000   1.400000
 -3.010630   5.780390   0.864820   0.000000   1.000000   0.000000   1.850000
 -2.784060   5.465730  -0.188690   1.000000   1.000000   1.000000   1.200000
 -3.320980   6.857440   0.867380   1.000000   1.000000   1.000000   1.200000
 -3.845250   5.160470   1.282130   1.000000   1.000000   1.000000   1.200000
  1.330450   5.658890   0.215960   0.000000   0.000000   1.000000   1.540000
  1.341280   5.420910   1.189270   1.000000   1.000000   1.000000   1.200000
 -1.165870   6.263910   1.503230   1.000000   1.000000   1.000000   1.200000
  0.534590   5.205330  -0.189820   1.000000   1.000000   1.000000   1.200000
  2.153510   5.276350  -0.198410   1.000000   1.000000   1.000000   1.200000
  1.649460   2.191390   4.673380   0.000000   0.000000   1.000000   1.540000
  1.528090   0.641430   3.593910   1.000000   1.000000   1.000000   1.200000
  1.291630   2.913360   4.073460   1.000000   1.000000   1.000000   1.200000
  2.613840   2.369460   4.860330   1.000000   1.000000   1.000000   1.200000
  1.147000   2.203270   5.535690   1.000000   1.000000   1.000000   1.200000
 -3.559680   0.982490   3.743130   0.000000   0.000000   1.000000   1.540000
 -2.127200  -0.231440   3.743960   1.000000   1.000000   1.000000   1.200000
 -3.841490   1.196190   2.806780   1.000000   1.000000   1.000000   1.200000
 -3.182400   1.821930   4.141480   1.000000   1.000000   1.000000   1.200000
 -4.359650   0.701650   4.269600   1.000000   1.000000   1.000000   1.200000
28 bonds follow (x1 y1 z1 x2 y2 z2)
 -3.559680   0.982490   3.743130  -4.359650   0.701650   4.269600
 -3.559680   0.982490   3.743130  -3.182400   1.821930   4.141480
 -3.559680   0.982490   3.743130  -3.841490   1.196190   2.806780
 -1.255320  -0.648820   3.553380  -2.127200  -0.231440   3.743960
  1.649460   2.191390   4.673380   1.147000   2.203270   5.535690
  1.649460   2.191390   4.673380   2.613840   2.369460   4.860330
  1.649460   2.191390   4.673380   1.291630   2.913360   4.073460
  1.170950  -0.077020   3.025550   1.528090   0.641430   3.593910
  1.330450   5.658890   0.215960   2.153510   5.276350  -0.198410
  1.330450   5.658890   0.215960   0.534590   5.205330  -0.189820
 -1.867370   5.613070   1.660440  -1.165870   6.263910   1.503230
  1.330450   5.658890   0.215960   1.341280   5.420910   1.189270
 -3.010630   5.780390   0.864820  -3.845250   5.160470   1.282130
 -3.010630   5.780390   0.864820  -3.320980   6.857440   0.867380
 -3.010630   5.780390   0.864820  -2.784060   5.465730  -0.188690
 -1.867370   5.613070   1.660440  -3.010630   5.780390   0.864820
 -1.126120   3.225660   2.033310  -0.886750   3.141380   0.677850
 -1.126120   3.225660   2.033310  -2.401090   3.152920   2.545590
 -1.126120   3.225660   2.033310  -0.072980   3.776650   2.721770
 -0.689070   1.482500   2.383310  -1.126120   3.225660   2.033310
 -0.300540   0.032030   2.528880  -0.689070   1.482500   2.383310
 -0.300540   0.032030   2.528880  -1.255320  -0.648820   3.553380
 -0.300540   0.032030   2.528880   1.170950  -0.077020   3.025550
 -0.443130  -0.729870   1.151960  -0.300540   0.032030   2.528880
  0.018380  -0.021870   0.013340  -0.443130  -0.729870   1.151960
  0.018380  -0.021870   0.013340  -0.349170  -0.589110  -0.878060
  0.018380  -0.021870   0.013340  -0.398160   1.021600   0.025790
  0.018380  -0.021870   0.013340   1.136730  -0.011130   0.038840
