33 atoms follow (x y z r g b radiusScale)
 -0.059100  -0.000720   0.000950   0.000000   1.000000   0.000000   1.850000
  1.035370  -0.173810  -0.162150   1.000000   1.000000   1.000000   1.200000
 -0.294070   1.095720   0.090360   1.000000   1.000000   1.000000   1.200000
 -0.639310  -0.454550  -0.842340   1.000000   1.000000   1.000000   1.200000
 -0.453730  -0.680480   1.173460   1.000000   0.000000   0.000000   1.400000
 -0.293960   0.127550   2.532360   0.500000   0.500000   0.500000   1.900000
  1.207620  -0.050660   2.979580   1.000000   0.000000   0.000000   1.400000
 -1.165660  -0.699520   3.541200   1.000000   0.000000   0.000000   1.400000
 -0.700720   1.550680   2.421640   1.000000   0.000000   0.000000   1.400000
 -1.179180   3.445830   1.906280   1.000000   1.000000   0.000000   1.850000
 -0.136500   3.924240   2.738240   1.000000   0.000000   0.000000   1.400000
 -2.453450   3.141870   2.351450   1.000000   0.000000   0.000000   1.400000
 -0.728940   3.142020   0.596810   1.000000   0.000000   0.000000   1.400000
 -1.529740   5.141550   1.403210   1.000000   0.000000   0.000000   1.400000
 -2.807670   5.671910   1.385620   0.000000   1.000000   0.000000   1.850000
 -3.328020   5.385610   0.433090   1.000000   1.000000   1.000000   1.200000
 -2.732710   6.789910   1.441100   1.000000   1.000000   1.000000   1.200000
 -3.406510   5.296870   2.256060   1.000000   1.000000   1.000000   1.200000
  0.892730   5.285540   0.481910   0.000000   0.000000   1.000000   1.540000
  0.599030   5.469000   1.469790   1.000000   1.000000   1.000000   1.200000
  1.461800   6.030980   0.110620   1.000000   1.000000   1.000000   1.200000
 -0.008120   5.176610  -0.035170   1.000000   1.000000   1.000000   1.200000
  1.354660   4.385500   0.463440   1.000000   1.000000   1.000000   1.200000
  1.535700   2.309290   4.699440   0.000000   0.000000   1.000000   1.540000
  1.542260   0.556330   3.658040   1.000000   1.000000   1.000000   1.200000
  0.998600   2.942190   4.133560   1.000000   1.000000   1.000000   1.200000
  2.441090   2.697420   4.857040   1.000000   1.000000   1.000000   1.200000
  1.081680   2.195500   5.581370   1.000000   1.000000   1.000000   1.200000
 -3.583080   0.943430   3.750380   0.000000   0.000000   1.000000   1.540000
 -2.073740  -0.394590   3.710900   1.000000   1.000000   1.000000   1.200000
 -3.826660   1.159450   2.802830   1.000000   1.000000   1.000000   1.200000
 -3.106240   1.747140   4.114490   1.000000   1.000000   1.000000   1.200000
 -4.421310   0.801130   4.273680   1.000000   1.000000   1.000000   1.200000
28 bonds follow (x1 y1 z1 x2 y2 z2)
 -3.583080   0.943430   3.750380  -4.421310   0.801130   4.273680
 -3.583080   0.943430   3.750380  -3.106240   1.747140   4.114490
 -3.583080   0.943430   3.750380  -3.826660   1.159450   2.802830
 -1.165660  -0.699520   3.541200  -2.073740  -0.394590   3.710900
  1.535700   2.309290   4.699440   1.081680   2.195500   5.581370
  1.535700   2.309290   4.699440   2.441090   2.697420   4.857040
  1.535700   2.309290   4.699440   0.998600   2.942190   4.133560
  1.207620  -0.050660   2.979580   1.542260   0.556330   3.658040
  0.892730   5.285540   0.481910   1.354660   4.385500   0.463440
  0.892730   5.285540   0.481910  -0.008120   5.176610  -0.035170
  0.892730   5.285540   0.481910   1.461800   6.030980   0.110620
  0.892730   5.285540   0.481910   0.599030   5.469000   1.469790
 -2.807670   5.671910   1.385620  -3.406510   5.296870   2.256060
 -2.807670   5.671910   1.385620  -2.732710   6.789910   1.441100
 -2.807670   5.671910   1.385620  -3.328020   5.385610   0.433090
 -1.529740   5.141550   1.403210  -2.807670   5.671910   1.385620
 -1.179180   3.445830   1.906280  -1.529740   5.141550   1.403210
 -1.179180   3.445830   1.906280  -0.728940   3.142020   0.596810
 -1.179180   3.445830   1.906280  -2.453450   3.141870   2.351450
 -1.179180   3.445830   1.906280  -0.136500   3.924240   2.738240
 -0.293960   0.127550   2.532360  -0.700720   1.550680   2.421640
 -0.293960   0.127550   2.532360  -1.165660  -0.699520   3.541200
 -0.293960   0.127550   2.532360   1.207620  -0.050660   2.979580
 -0.453730  -0.680480   1.173460  -0.293960   0.127550   2.532360
 -0.059100  -0.000720   0.000950  -0.453730  -0.680480   1.173460
 -0.059100  -0.000720   0.000950  -0.639310  -0.454550  -0.842340
 -0.059100  -0.000720   0.000950  -0.294070   1.095720   0.090360
 -0.059100  -0.000720   0.000950   1.035370  -0.173810  -0.162150
