33 atoms follow (x y z r g b radiusScale)
  0.243010  -0.176570   0.049710   0.000000   1.000000   0.000000   1.850000
  1.347220  -0.260480   0.207920   1.000000   1.000000   1.000000   1.200000
 -0.078350   0.898690  -0.001410   1.000000   1.000000   1.000000   1.200000
 -0.071300  -0.731510  -0.868690   1.000000   1.000000   1.000000   1.200000
 -0.406860  -0.803980   1.143020   1.000000   0.000000   0.000000   1.400000
 -0.298460  -0.009230   2.506100   0.500000   0.500000   0.500000   1.900000
  1.194010  -0.139270   2.950480   1.000000   0.000000   0.000000   1.400000
 -1.251650  -0.676930   3.542980   1.000000   0.000000   0.000000   1.400000
 -0.638270   1.448950   2.352690   1.000000   0.000000   0.000000   1.400000
 -1.142380   3.201550   2.149630   1.000000   1.000000   0.000000   1.850000
 -0.276710   3.733760   3.066430   1.000000   0.000000   0.000000   1.400000
 -2.453000   2.974850   2.517630   1.000000   0.000000   0.000000   1.400000
 -0.835870   3.279080   0.819050   1.000000   0.000000   0.000000   1.400000
 -2.305060   6.164270   1.508390   1.000000   0.000000   0.000000   1.400000
 -3.566960   6.139380   0.873930   0.000000   1.000000   0.000000   1.850000
 -3.555300   6.807730  -0.025100   1.000000   1.000000   1.000000   1.200000
 -4.389150   6.452770   1.574810   1.000000   1.000000   1.000000   1.200000
 -3.703420   5.063320   0.592220   1.000000   1.000000   1.000000   1.200000
  2.197280   5.361370  -0.130750   0.000000   0.000000   1.000000   1.540000
  2.287210   6.048240   0.587440   1.000000   1.000000   1.000000   1.200000
 -2.169830   7.012500   1.633490   1.000000   1.000000   1.000000   1.200000
  2.175440   5.813000  -1.021440   1.000000   1.000000   1.000000   1.200000
  1.354290   4.838170   0.004590   1.000000   1.000000   1.000000   1.200000
  1.816590   2.205130   4.525220   0.000000   0.000000   1.000000   1.540000
  1.565520   0.539260   3.552030   1.000000   1.000000   1.000000   1.200000
  1.555950   2.936680   3.889150   1.000000   1.000000   1.000000   1.200000
  2.771280   2.324070   4.792190   1.000000   1.000000   1.000000   1.200000
  1.244010   2.277670   5.340340   1.000000   1.000000   1.000000   1.200000
 -3.675970   0.838050   3.840640   0.000000   0.000000   1.000000   1.540000
 -2.139730  -0.278560   3.704140   1.000000   1.000000   1.000000   1.200000
 -3.812260   1.345830   2.986760   1.000000   1.000000   1.000000   1.200000
 -3.453590   1.497270   4.557980   1.000000   1.000000   1.000000   1.200000
 -4.518110   0.360640   4.083140   1.000000   1.000000   1.000000   1.200000
28 bonds follow (x1 y1 z1 x2 y2 z2)
 -3.675970   0.838050   3.840640  -4.518110   0.360640   4.083140
 -3.675970   0.838050   3.840640  -3.453590   1.497270   4.557980
 -3.675970   0.838050   3.840640  -3.812260   1.345830   2.986760
 -1.251650  -0.676930   3.542980  -2.139730  -0.278560   3.704140
  1.816590   2.205130   4.525220   1.244010   2.277670   5.340340
  1.816590   2.205130   4.525220   2.771280   2.324070   4.792190
  1.816590   2.205130   4.525220   1.555950   2.936680   3.889150
  1.194010  -0.139270   2.950480   1.565520   0.539260   3.552030
  2.197280   5.361370  -0.130750   1.354290   4.838170   0.004590
  2.197280   5.361370  -0.130750   2.175440   5.813000  -1.021440
 -2.305060   6.164270   1.508390  -2.169830   7.012500   1.633490
  2.197280   5.361370  -0.130750   2.287210   6.048240   0.587440
 -3.566960   6.139380   0.873930  -3.703420   5.063320   0.592220
 -3.566960   6.139380   0.873930  -4.389150   6.452770   1.574810
 -3.566960   6.139380   0.873930  -3.555300   6.807730  -0.025100
 -2.305060   6.164270   1.508390  -3.566960   6.139380   0.873930
 -1.142380   3.201550   2.149630  -0.835870   3.279080   0.819050
 -1.142380   3.201550   2.149630  -2.453000   2.974850   2.517630
 -1.142380   3.201550   2.149630  -0.276710   3.733760   3.066430
 -0.638270   1.448950   2.352690  -1.142380   3.201550   2.149630
 -0.298460  -0.009230   2.506100  -0.638270   1.448950   2.352690
 -0.298460  -0.009230   2.506100  -1.251650  -0.676930   3.542980
 -0.298460  -0.009230   2.506100   1.194010  -0.139270   2.950480
 -0.406860  -0.803980   1.143020  -0.298460  -0.009230   2.506100
  0.243010  -0.176570   0.049710  -0.406860  -0.803980   1.143020
  0.243010  -0.176570   0.049710  -0.071300  -0.731510  -0.868690
  0.243010  -0.176570   0.049710  -0.078350   0.898690  -0.001410
  0.243010  -0.176570   0.049710   1.347220  -0.260480   0.207920
