33 atoms follow (x y z r g b radiusScale)
 -0.450290  -0.070730  -0.054300   0.000000   1.000000   0.000000   1.850000
  0.500060  -0.107910  -0.649680   1.000000   1.000000   1.000000   1.200000
 -0.794000   0.988720   0.085220   1.000000   1.000000   1.000000   1.200000
 -1.229160  -0.682630  -0.581400   1.000000   1.000000   1.000000   1.200000
 -0.214740  -0.694150   1.188490   1.000000   0.000000   0.000000   1.400000
 -0.210320   0.150130   2.528030   0.500000   0.500000   0.500000   1.900000
  1.264000  -0.053700   3.063430   1.000000   0.000000   0.000000   1.400000
 -1.028490  -0.658840   3.603910   1.000000   0.000000   0.000000   1.400000
 -0.589810   1.570490   2.361700   1.000000   0.000000   0.000000   1.400000
 -1.190080   3.452770   1.858970   1.000000   1.000000   0.000000   1.850000
 -0.036540   3.931710   2.525140   1.000000   0.000000   0.000000   1.400000
 -2.374700   3.127880   2.497130   1.000000   0.000000   0.000000   1.400000
 -0.919580   3.098380   0.507420   1.000000   0.000000   0.000000   1.400000
 -1.578280   5.119210   1.369090   1.000000   0.000000   0.000000   1.400000
 -2.554850   5.945550   1.890400   0.000000   1.000000   0.000000   1.850000
 -3.197700   5.401140   2.629470   1.000000   1.000000   1.000000   1.200000
 -3.196140   6.325960   1.051170   1.000000   1.000000   1.000000   1.200000
 -2.067420   6.821980   2.396180   1.000000   1.000000   1.000000   1.200000
  0.911020   5.105840   0.292900   0.000000   0.000000   1.000000   1.540000
  1.355260   4.398580   0.908920   1.000000   1.000000   1.000000   1.200000
  1.588910   5.637860  -0.233290   1.000000   1.000000   1.000000   1.200000
  0.323690   5.698520   0.911950   1.000000   1.000000   1.000000   1.200000
  0.242060   4.599650  -0.308830   1.000000   1.000000   1.000000   1.200000
  1.041540   2.486120   5.020050   0.000000   0.000000   1.000000   1.540000
  1.409990   0.158610   3.986980   1.000000   1.000000   1.000000   1.200000
  0.932970   2.959550   4.141090   1.000000   1.000000   1.000000   1.200000
  1.792450   2.911900   5.522430   1.000000   1.000000   1.000000   1.200000
  0.202880   2.611150   5.548830   1.000000   1.000000   1.000000   1.200000
 -3.544390   0.763850   3.386510   0.000000   0.000000   1.000000   1.540000
 -1.961660  -0.428450   3.738740   1.000000   1.000000   1.000000   1.200000
 -3.818470   0.975000   2.448250   1.000000   1.000000   1.000000   1.200000
 -3.212990   1.617650   3.798490   1.000000   1.000000   1.000000   1.200000
 -4.343230   0.444760   3.892830   1.000000   1.000000   1.000000   1.200000
28 bonds follow (x1 y1 z1 x2 y2 z2)
 -3.544390   0.763850   3.386510  -4.343230   0.444760   3.892830
 -3.544390   0.763850   3.386510  -3.212990   1.617650   3.798490
 -3.544390   0.763850   3.386510  -3.818470   0.975000   2.448250
 -1.028490  -0.658840   3.603910  -1.961660  -0.428450   3.738740
  1.041540   2.486120   5.020050   0.202880   2.611150   5.548830
  1.041540   2.486120   5.020050   1.792450   2.911900   5.522430
  1.041540   2.486120   5.020050   0.932970   2.959550   4.141090
  1.264000  -0.053700   3.063430   1.409990   0.158610   3.986980
  0.911020   5.105840   0.292900   0.242060   4.599650  -0.308830
  0.911020   5.105840   0.292900   0.323690   5.698520   0.911950
  0.911020   5.105840   0.292900   1.588910   5.637860  -0.233290
  0.911020   5.105840   0.292900   1.355260   4.398580   0.908920
 -2.554850   5.945550   1.890400  -2.067420   6.821980   2.396180
 -2.554850   5.945550   1.890400  -3.196140   6.325960   1.051170
 -2.554850   5.945550   1.890400  -3.197700   5.401140   2.629470
 -1.578280   5.119210   1.369090  -2.554850   5.945550   1.890400
 -1.190080   3.452770   1.858970  -1.578280   5.119210   1.369090
 -1.190080   3.452770   1.858970  -0.919580   3.098380   0.507420
 -1.190080   3.452770   1.858970  -2.374700   3.127880   2.497130
 -1.190080   3.452770   1.858970  -0.036540   3.931710   2.525140
 -0.210320   0.150130   2.528030  -0.589810   1.570490   2.361700
 -0.210320   0.150130   2.528030  -1.028490  -0.658840   3.603910
 -0.210320   0.150130   2.528030   1.264000  -0.053700   3.063430
 -0.214740  -0.694150   1.188490  -0.210320   0.150130   2.528030
 -0.450290  -0.070730  -0.054300  -0.214740  -0.694150   1.188490
 -0.450290  -0.070730  -0.054300  -1.229160  -0.682630  -0.581400
 -0.450290  -0.070730  -0.054300  -0.794000   0.988720   0.085220
 -0.450290  -0.070730  -0.054300   0.500060  -0.107910  -0.649680
