33 atoms follow (x y z r g b radiusScale)
 -0.000130   0.000050   0.000160   0.000000   1.000000   0.000000   1.850000
  1.118890  -0.000160  -0.000200   1.000000   1.000000   1.000000   1.200000
 -0.405430   1.049390   0.000560   1.000000   1.000000   1.000000   1.200000
 -0.386710  -0.578230  -0.876020   1.000000   1.000000   1.000000   1.200000
 -0.445460  -0.680600   1.155990   1.000000   0.000000   0.000000   1.400000
 -0.328960   0.129270   2.516280   0.500000   0.500000   0.500000   1.900000
  1.153550  -0.065990   2.993680   1.000000   0.000000   0.000000   1.400000
 -1.241200  -0.623410   3.539900   1.000000   0.000000   0.000000   1.400000
 -0.679520   1.568690   2.367080   1.000000   0.000000   0.000000   1.400000
 -1.151960   3.399820   1.975440   1.000000   1.000000   0.000000   1.850000
 -0.029420   3.843480   2.700930   1.000000   0.000000   0.000000   1.400000
 -2.396900   3.159810   2.529120   1.000000   0.000000   0.000000   1.400000
 -0.856640   3.161110   0.616810   1.000000   0.000000   0.000000   1.400000
 -1.536560   5.165990   1.571100   1.000000   0.000000   0.000000   1.400000
 -2.706060   5.610540   0.977640   0.000000   1.000000   0.000000   1.850000
 -2.733810   5.315180  -0.105030   1.000000   1.000000   1.000000   1.200000
 -2.749050   6.728560   1.054630   1.000000   1.000000   1.000000   1.200000
 -3.586980   5.164190   1.507880   1.000000   1.000000   1.000000   1.200000
  0.759610   5.417830   0.510580   0.000000   0.000000   1.000000   1.540000
  1.272210   5.141520   1.349900   1.000000   1.000000   1.000000   1.200000
 -0.272740   5.602850   0.841330   1.000000   1.000000   1.000000   1.200000
  0.710020   4.618050  -0.123320   1.000000   1.000000   1.000000   1.200000
  1.165920   6.225400   0.069960   1.000000   1.000000   1.000000   1.200000
  1.620780   2.232180   4.685610   0.000000   0.000000   1.000000   1.540000
  1.512990   0.571510   3.635440   1.000000   1.000000   1.000000   1.200000
  1.171990   2.893530   4.076740   1.000000   1.000000   1.000000   1.200000
  2.568870   2.507420   4.829550   1.000000   1.000000   1.000000   1.200000
  1.151520   2.229140   5.566470   1.000000   1.000000   1.000000   1.200000
 -3.597460   0.959140   3.767140   0.000000   0.000000   1.000000   1.540000
 -2.135400  -0.268070   3.722630   1.000000   1.000000   1.000000   1.200000
 -3.832690   1.195360   2.822630   1.000000   1.000000   1.000000   1.200000
 -3.168160   1.770970   4.171290   1.000000   1.000000   1.000000   1.200000
 -4.434850   0.749180   4.267600   1.000000   1.000000   1.000000   1.200000
29 bonds follow (x1 y1 z1 x2 y2 z2)
 -3.597460   0.959140   3.767140  -4.434850   0.749180   4.267600
 -3.597460   0.959140   3.767140  -3.168160   1.770970   4.171290
 -3.597460   0.959140   3.767140  -3.832690   1.195360   2.822630
 -1.241200  -0.623410   3.539900  -2.135400  -0.268070   3.722630
  1.620780   2.232180   4.685610   1.151520   2.229140   5.566470
  1.620780   2.232180   4.685610   2.568870   2.507420   4.829550
  1.620780   2.232180   4.685610   1.171990   2.893530   4.076740
  1.153550  -0.065990   2.993680   1.512990   0.571510   3.635440
  0.759610   5.417830   0.510580   1.165920   6.225400   0.069960
  0.759610   5.417830   0.510580   0.710020   4.618050  -0.123320
  0.759610   5.417830   0.510580  -0.272740   5.602850   0.841330
  0.759610   5.417830   0.510580   1.272210   5.141520   1.349900
 -2.706060   5.610540   0.977640  -3.586980   5.164190   1.507880
 -2.706060   5.610540   0.977640  -2.749050   6.728560   1.054630
 -2.706060   5.610540   0.977640  -2.733810   5.315180  -0.105030
 -1.536560   5.165990   1.571100  -2.706060   5.610540   0.977640
 -1.151960   3.399820   1.975440  -1.536560   5.165990   1.571100
 -1.151960   3.399820   1.975440  -0.856640   3.161110   0.616810
 -1.151960   3.399820   1.975440  -2.396900   3.159810   2.529120
 -1.151960   3.399820   1.975440  -0.029420   3.843480   2.700930
 -0.679520   1.568690   2.367080  -1.151960   3.399820   1.975440
 -0.328960   0.129270   2.516280  -0.679520   1.568690   2.367080
 -0.328960   0.129270   2.516280  -1.241200  -0.623410   3.539900
 -0.328960   0.129270   2.516280   1.153550  -0.065990   2.993680
 -0.445460  -0.680600   1.155990  -0.328960   0.129270   2.516280
 -0.000130   0.000050   0.000160  -0.445460  -0.680600   1.155990
 -0.000130   0.000050   0.000160  -0.386710  -0.578230  -0.876020
 -0.000130   0.000050   0.000160  -0.405430   1.049390   0.000560
 -0.000130   0.000050   0.000160   1.118890  -0.000160  -0.000200
