33 atoms follow (x y z r g b radiusScale)
 -0.050780   0.030770  -0.002320   0.000000   1.000000   0.000000   1.850000
  1.053370  -0.090510  -0.143230   1.000000   1.000000   1.000000   1.200000
 -0.335980   1.114860   0.085440   1.000000   1.000000   1.000000   1.200000
 -0.593010  -0.447670  -0.857050   1.000000   1.000000   1.000000   1.200000
 -0.436770  -0.671110   1.161310   1.000000   0.000000   0.000000   1.400000
 -0.311520   0.136310   2.524880   0.500000   0.500000   0.500000   1.900000
  1.191280  -0.052640   2.954160   1.000000   0.000000   0.000000   1.400000
 -1.184390  -0.678010   3.540580   1.000000   0.000000   0.000000   1.400000
 -0.656870   1.574820   2.408770   1.000000   0.000000   0.000000   1.400000
 -1.195400   3.437610   1.929970   1.000000   1.000000   0.000000   1.850000
 -0.127570   3.922700   2.725820   1.000000   0.000000   0.000000   1.400000
 -2.447670   3.120210   2.436310   1.000000   0.000000   0.000000   1.400000
 -0.749600   3.111590   0.623540   1.000000   0.000000   0.000000   1.400000
 -1.533380   5.103750   1.378280   1.000000   0.000000   0.000000   1.400000
 -2.802840   5.646120   1.315500   0.000000   1.000000   0.000000   1.850000
 -3.285970   5.382120   0.337210   1.000000   1.000000   1.000000   1.200000
 -2.718380   6.762060   1.391920   1.000000   1.000000   1.000000   1.200000
 -3.440690   5.263480   2.154780   1.000000   1.000000   1.000000   1.200000
  0.924610   5.305580   0.495760   0.000000   0.000000   1.000000   1.540000
  0.649960   5.428050   1.499810   1.000000   1.000000   1.000000   1.200000
  1.348160   6.140630   0.114260   1.000000   1.000000   1.000000   1.200000
  0.020990   5.069980   0.018560   1.000000   1.000000   1.000000   1.200000
  1.526820   4.499050   0.429750   1.000000   1.000000   1.000000   1.200000
  1.548720   2.296100   4.706700   0.000000   0.000000   1.000000   1.540000
  1.592850   0.639730   3.498080   1.000000   1.000000   1.000000   1.200000
  1.025820   2.890990   4.087720   1.000000   1.000000   1.000000   1.200000
  2.463780   2.675360   4.827230   1.000000   1.000000   1.000000   1.200000
  1.094690   2.275930   5.595390   1.000000   1.000000   1.000000   1.200000
 -3.597690   0.955410   3.754130   0.000000   0.000000   1.000000   1.540000
 -2.073950  -0.342030   3.750150   1.000000   1.000000   1.000000   1.200000
 -3.839030   1.170270   2.805960   1.000000   1.000000   1.000000   1.200000
 -3.156180   1.773090   4.131940   1.000000   1.000000   1.000000   1.200000
 -4.435040   0.773930   4.266310   1.000000   1.000000   1.000000   1.200000
28 bonds follow (x1 y1 z1 x2 y2 z2)
 -3.597690   0.955410   3.754130  -4.435040   0.773930   4.266310
 -3.597690   0.955410   3.754130  -3.156180   1.773090   4.131940
 -3.597690   0.955410   3.754130  -3.839030   1.170270   2.805960
 -1.184390  -0.678010   3.540580  -2.073950  -0.342030   3.750150
  1.548720   2.296100   4.706700   1.094690   2.275930   5.595390
  1.548720   2.296100   4.706700   2.463780   2.675360   4.827230
  1.548720   2.296100   4.706700   1.025820   2.890990   4.087720
  1.191280  -0.052640   2.954160   1.592850   0.639730   3.498080
  0.924610   5.305580   0.495760   1.526820   4.499050   0.429750
  0.924610   5.305580   0.495760   0.020990   5.069980   0.018560
  0.924610   5.305580   0.495760   1.348160   6.140630   0.114260
  0.924610   5.305580   0.495760   0.649960   5.428050   1.499810
 -2.802840   5.646120   1.315500  -3.440690   5.263480   2.154780
 -2.802840   5.646120   1.315500  -2.718380   6.762060   1.391920
 -2.802840   5.646120   1.315500  -3.285970   5.382120   0.337210
 -1.533380   5.103750   1.378280  -2.802840   5.646120   1.315500
 -1.195400   3.437610   1.929970  -1.533380   5.103750   1.378280
 -1.195400   3.437610   1.929970  -0.749600   3.111590   0.623540
 -1.195400   3.437610   1.929970  -2.447670   3.120210   2.436310
 -1.195400   3.437610   1.929970  -0.127570   3.922700   2.725820
 -0.311520   0.136310   2.524880  -0.656870   1.574820   2.408770
 -0.311520   0.136310   2.524880  -1.184390  -0.678010   3.540580
 -0.311520   0.136310   2.524880   1.191280  -0.052640   2.954160
 -0.436770  -0.671110   1.161310  -0.311520   0.136310   2.524880
 -0.050780   0.030770  -0.002320  -0.436770  -0.671110   1.161310
 -0.050780   0.030770  -0.002320  -0.593010  -0.447670  -0.857050
 -0.050780   0.030770  -0.002320  -0.335980   1.114860   0.085440
 -0.050780   0.030770  -0.002320   1.053370  -0.090510  -0.143230
