33 atoms follow (x y z r g b radiusScale)
 -0.162970  -0.123680  -0.035940   0.000000   1.000000   0.000000   1.850000
  0.801230  -0.487690  -0.478120   1.000000   1.000000   1.000000   1.200000
 -0.173860   0.995970   0.066940   1.000000   1.000000   1.000000   1.200000
 -1.010580  -0.459230  -0.689280   1.000000   1.000000   1.000000   1.200000
 -0.335320  -0.746810   1.219990   1.000000   0.000000   0.000000   1.400000
 -0.254940   0.157580   2.522780   0.500000   0.500000   0.500000   1.900000
  1.228100   0.006980   3.037810   1.000000   0.000000   0.000000   1.400000
 -1.191870  -0.520330   3.573920   1.000000   0.000000   0.000000   1.400000
 -0.659250   1.563520   2.263320   1.000000   0.000000   0.000000   1.400000
 -1.211820   3.403720   1.821870   1.000000   1.000000   0.000000   1.850000
 -0.148890   3.834970   2.665070   1.000000   0.000000   0.000000   1.400000
 -2.461360   3.118000   2.353420   1.000000   0.000000   0.000000   1.400000
 -0.744860   3.127070   0.513730   1.000000   0.000000   0.000000   1.400000
 -1.579250   5.089390   1.306920   1.000000   0.000000   0.000000   1.400000
 -2.752770   5.721660   1.673260   0.000000   1.000000   0.000000   1.850000
 -3.567290   5.479450   0.941410   1.000000   1.000000   1.000000   1.200000
 -2.577700   6.830280   1.672910   1.000000   1.000000   1.000000   1.200000
 -3.079110   5.402640   2.697670   1.000000   1.000000   1.000000   1.200000
  0.935800   5.287260   0.622390   0.000000   0.000000   1.000000   1.540000
  1.108970   4.682850   1.458860   1.000000   1.000000   1.000000   1.200000
  1.778200   5.725140   0.293400   1.000000   1.000000   1.000000   1.200000
  0.208990   5.971620   0.905350   1.000000   1.000000   1.000000   1.200000
  0.498390   4.676520  -0.084720   1.000000   1.000000   1.000000   1.200000
  1.477090   2.359250   4.784120   0.000000   0.000000   1.000000   1.540000
  1.539500   0.671240   3.672380   1.000000   1.000000   1.000000   1.200000
  0.949230   2.914570   4.133380   1.000000   1.000000   1.000000   1.200000
  2.391200   2.749360   4.875050   1.000000   1.000000   1.000000   1.200000
  1.027640   2.392920   5.674790   1.000000   1.000000   1.000000   1.200000
 -3.593130   0.954110   3.723090   0.000000   0.000000   1.000000   1.540000
 -2.089670  -0.152330   3.717900   1.000000   1.000000   1.000000   1.200000
 -3.792960   1.124600   2.756180   1.000000   1.000000   1.000000   1.200000
 -3.194000   1.797870   4.090910   1.000000   1.000000   1.000000   1.200000
 -4.446630   0.760580   4.202100   1.000000   1.000000   1.000000   1.200000
28 bonds follow (x1 y1 z1 x2 y2 z2)
 -3.593130   0.954110   3.723090  -4.446630   0.760580   4.202100
 -3.593130   0.954110   3.723090  -3.194000   1.797870   4.090910
 -3.593130   0.954110   3.723090  -3.792960   1.124600   2.756180
 -1.191870  -0.520330   3.573920  -2.089670  -0.152330   3.717900
  1.477090   2.359250   4.784120   1.027640   2.392920   5.674790
  1.477090   2.359250   4.784120   2.391200   2.749360   4.875050
  1.477090   2.359250   4.784120   0.949230   2.914570   4.133380
  1.228100   0.006980   3.037810   1.539500   0.671240   3.672380
  0.935800   5.287260   0.622390   0.498390   4.676520  -0.084720
  0.935800   5.287260   0.622390   0.208990   5.971620   0.905350
  0.935800   5.287260   0.622390   1.778200   5.725140   0.293400
  0.935800   5.287260   0.622390   1.108970   4.682850   1.458860
 -2.752770   5.721660   1.673260  -3.079110   5.402640   2.697670
 -2.752770   5.721660   1.673260  -2.577700   6.830280   1.672910
 -2.752770   5.721660   1.673260  -3.567290   5.479450   0.941410
 -1.579250   5.089390   1.306920  -2.752770   5.721660   1.673260
 -1.211820   3.403720   1.821870  -1.579250   5.089390   1.306920
 -1.211820   3.403720   1.821870  -0.744860   3.127070   0.513730
 -1.211820   3.403720   1.821870  -2.461360   3.118000   2.353420
 -1.211820   3.403720   1.821870  -0.148890   3.834970   2.665070
 -0.254940   0.157580   2.522780  -0.659250   1.563520   2.263320
 -0.254940   0.157580   2.522780  -1.191870  -0.520330   3.573920
 -0.254940   0.157580   2.522780   1.228100   0.006980   3.037810
 -0.335320  -0.746810   1.219990  -0.254940   0.157580   2.522780
 -0.162970  -0.123680  -0.035940  -0.335320  -0.746810   1.219990
 -0.162970  -0.123680  -0.035940  -1.010580  -0.459230  -0.689280
 -0.162970  -0.123680  -0.035940  -0.173860   0.995970   0.066940
 -0.162970  -0.123680  -0.035940   0.801230  -0.487690  -0.478120
