33 atoms follow (x y z r g b radiusScale)
  0.020530  -0.028500   0.023260   0.000000   1.000000   0.000000   1.850000
  1.138710  -0.014960   0.047070   1.000000   1.000000   1.000000   1.200000
 -0.401340   1.013320   0.035550   1.000000   1.000000   1.000000   1.200000
 -0.346510  -0.593090  -0.869930   1.000000   1.000000   1.000000   1.200000
 -0.435210  -0.740860   1.159810   1.000000   0.000000   0.000000   1.400000
 -0.302000   0.032290   2.527740   0.500000   0.500000   0.500000   1.900000
  1.166820  -0.088530   3.026990   1.000000   0.000000   0.000000   1.400000
 -1.249010  -0.658630   3.549700   1.000000   0.000000   0.000000   1.400000
 -0.699180   1.480900   2.383270   1.000000   0.000000   0.000000   1.400000
 -1.118370   3.215890   2.036060   1.000000   1.000000   0.000000   1.850000
 -0.078810   3.785430   2.724120   1.000000   0.000000   0.000000   1.400000
 -2.402440   3.144690   2.547690   1.000000   0.000000   0.000000   1.400000
 -0.892860   3.157710   0.678260   1.000000   0.000000   0.000000   1.400000
 -1.895600   5.637530   1.673680   1.000000   0.000000   0.000000   1.400000
 -3.034750   5.802290   0.851010   0.000000   1.000000   0.000000   1.850000
 -2.794070   5.498600  -0.196360   1.000000   1.000000   1.000000   1.200000
 -3.381830   6.864180   0.861510   1.000000   1.000000   1.000000   1.200000
 -3.821160   5.136590   1.285030   1.000000   1.000000   1.000000   1.200000
  1.379220   5.662390   0.193920   0.000000   0.000000   1.000000   1.540000
  1.342490   5.498380   1.182870   1.000000   1.000000   1.000000   1.200000
 -1.237560   6.377910   1.456300   1.000000   1.000000   1.000000   1.200000
  0.538210   5.296770  -0.212320   1.000000   1.000000   1.000000   1.200000
  2.163760   5.165410  -0.185710   1.000000   1.000000   1.000000   1.200000
  1.655610   2.184580   4.670360   0.000000   0.000000   1.000000   1.540000
  1.535410   0.621060   3.598030   1.000000   1.000000   1.000000   1.200000
  1.299300   2.903280   4.065500   1.000000   1.000000   1.000000   1.200000
  2.615610   2.372540   4.870670   1.000000   1.000000   1.000000   1.200000
  1.141810   2.195130   5.526350   1.000000   1.000000   1.000000   1.200000
 -3.557320   0.977220   3.745070   0.000000   0.000000   1.000000   1.540000
 -2.123720  -0.246800   3.742490   1.000000   1.000000   1.000000   1.200000
 -3.828510   1.190860   2.805100   1.000000   1.000000   1.000000   1.200000
 -3.177160   1.817200   4.140540   1.000000   1.000000   1.000000   1.200000
 -4.368080   0.712640   4.264060   1.000000   1.000000   1.000000   1.200000
28 bonds follow (x1 y1 z1 x2 y2 z2)
 -3.557320   0.977220   3.745070  -4.368080   0.712640   4.264060
 -3.557320   0.977220   3.745070  -3.177160   1.817200   4.140540
 -3.557320   0.977220   3.745070  -3.828510   1.190860   2.805100
 -1.249010  -0.658630   3.549700  -2.123720  -0.246800   3.742490
  1.655610   2.184580   4.670360   1.141810   2.195130   5.526350
  1.655610   2.184580   4.670360   2.615610   2.372540   4.870670
  1.655610   2.184580   4.670360   1.299300   2.903280   4.065500
  1.166820  -0.088530   3.026990   1.535410   0.621060   3.598030
  1.379220   5.662390   0.193920   2.163760   5.165410  -0.185710
  1.379220   5.662390   0.193920   0.538210   5.296770  -0.212320
 -1.895600   5.637530   1.673680  -1.237560   6.377910   1.456300
  1.379220   5.662390   0.193920   1.342490   5.498380   1.182870
 -3.034750   5.802290   0.851010  -3.821160   5.136590   1.285030
 -3.034750   5.802290   0.851010  -3.381830   6.864180   0.861510
 -3.034750   5.802290   0.851010  -2.794070   5.498600  -0.196360
 -1.895600   5.637530   1.673680  -3.034750   5.802290   0.851010
 -1.118370   3.215890   2.036060  -0.892860   3.157710   0.678260
 -1.118370   3.215890   2.036060  -2.402440   3.144690   2.547690
 -1.118370   3.215890   2.036060  -0.078810   3.785430   2.724120
 -0.699180   1.480900   2.383270  -1.118370   3.215890   2.036060
 -0.302000   0.032290   2.527740  -0.699180   1.480900   2.383270
 -0.302000   0.032290   2.527740  -1.249010  -0.658630   3.549700
 -0.302000   0.032290   2.527740   1.166820  -0.088530   3.026990
 -0.435210  -0.740860   1.159810  -0.302000   0.032290   2.527740
  0.020530  -0.028500   0.023260  -0.435210  -0.740860   1.159810
  0.020530  -0.028500   0.023260  -0.346510  -0.593090  -0.869930
  0.020530  -0.028500   0.023260  -0.401340   1.013320   0.035550
  0.020530  -0.028500   0.023260   1.138710  -0.014960   0.047070
