33 atoms follow (x y z r g b radiusScale)
 -0.463180  -0.079250  -0.055500   0.000000   1.000000   0.000000   1.850000
  0.478100  -0.103340  -0.664430   1.000000   1.000000   1.000000   1.200000
 -0.816090   0.977600   0.094060   1.000000   1.000000   1.000000   1.200000
 -1.243060  -0.697370  -0.572660   1.000000   1.000000   1.000000   1.200000
 -0.201160  -0.700790   1.184230   1.000000   0.000000   0.000000   1.400000
 -0.209830   0.148070   2.525920   0.500000   0.500000   0.500000   1.900000
  1.261670  -0.055730   3.062300   1.000000   0.000000   0.000000   1.400000
 -1.042300  -0.642760   3.600930   1.000000   0.000000   0.000000   1.400000
 -0.586590   1.572760   2.377840   1.000000   0.000000   0.000000   1.400000
 -1.190750   3.454090   1.862060   1.000000   1.000000   0.000000   1.850000
 -0.044010   3.951830   2.525700   1.000000   0.000000   0.000000   1.400000
 -2.379530   3.112690   2.483980   1.000000   0.000000   0.000000   1.400000
 -0.909160   3.107550   0.517040   1.000000   0.000000   0.000000   1.400000
 -1.587080   5.119220   1.355780   1.000000   0.000000   0.000000   1.400000
 -2.551670   5.945680   1.896720   0.000000   1.000000   0.000000   1.850000
 -3.216650   5.386860   2.604870   1.000000   1.000000   1.000000   1.200000
 -3.172570   6.371440   1.064060   1.000000   1.000000   1.000000   1.200000
 -2.054470   6.791390   2.444410   1.000000   1.000000   1.000000   1.200000
  0.910630   5.098690   0.295560   0.000000   0.000000   1.000000   1.540000
  1.305590   4.436420   0.976100   1.000000   1.000000   1.000000   1.200000
  1.621800   5.601200  -0.213880   1.000000   1.000000   1.000000   1.200000
  0.294620   5.723030   0.845180   1.000000   1.000000   1.000000   1.200000
  0.274930   4.551210  -0.328730   1.000000   1.000000   1.000000   1.200000
  1.042920   2.472820   5.020330   0.000000   0.000000   1.000000   1.540000
  1.436660   0.242000   3.957230   1.000000   1.000000   1.000000   1.200000
  0.938100   2.937950   4.136090   1.000000   1.000000   1.000000   1.200000
  1.817490   2.877220   5.504100   1.000000   1.000000   1.000000   1.200000
  0.217920   2.637220   5.559520   1.000000   1.000000   1.000000   1.200000
 -3.528830   0.764250   3.390310   0.000000   0.000000   1.000000   1.540000
 -1.982170  -0.421730   3.712850   1.000000   1.000000   1.000000   1.200000
 -3.806390   0.923600   2.443120   1.000000   1.000000   1.000000   1.200000
 -3.187200   1.636230   3.753560   1.000000   1.000000   1.000000   1.200000
 -4.328280   0.484070   3.918230   1.000000   1.000000   1.000000   1.200000
28 bonds follow (x1 y1 z1 x2 y2 z2)
 -3.528830   0.764250   3.390310  -4.328280   0.484070   3.918230
 -3.528830   0.764250   3.390310  -3.187200   1.636230   3.753560
 -3.528830   0.764250   3.390310  -3.806390   0.923600   2.443120
 -1.042300  -0.642760   3.600930  -1.982170  -0.421730   3.712850
  1.042920   2.472820   5.020330   0.217920   2.637220   5.559520
  1.042920   2.472820   5.020330   1.817490   2.877220   5.504100
  1.042920   2.472820   5.020330   0.938100   2.937950   4.136090
  1.261670  -0.055730   3.062300   1.436660   0.242000   3.957230
  0.910630   5.098690   0.295560   0.274930   4.551210  -0.328730
  0.910630   5.098690   0.295560   0.294620   5.723030   0.845180
  0.910630   5.098690   0.295560   1.621800   5.601200  -0.213880
  0.910630   5.098690   0.295560   1.305590   4.436420   0.976100
 -2.551670   5.945680   1.896720  -2.054470   6.791390   2.444410
 -2.551670   5.945680   1.896720  -3.172570   6.371440   1.064060
 -2.551670   5.945680   1.896720  -3.216650   5.386860   2.604870
 -1.587080   5.119220   1.355780  -2.551670   5.945680   1.896720
 -1.190750   3.454090   1.862060  -1.587080   5.119220   1.355780
 -1.190750   3.454090   1.862060  -0.909160   3.107550   0.517040
 -1.190750   3.454090   1.862060  -2.379530   3.112690   2.483980
 -1.190750   3.454090   1.862060  -0.044010   3.951830   2.525700
 -0.209830   0.148070   2.525920  -0.586590   1.572760   2.377840
 -0.209830   0.148070   2.525920  -1.042300  -0.642760   3.600930
 -0.209830   0.148070   2.525920   1.261670  -0.055730   3.062300
 -0.201160  -0.700790   1.184230  -0.209830   0.148070   2.525920
 -0.463180  -0.079250  -0.055500  -0.201160  -0.700790   1.184230
 -0.463180  -0.079250  -0.055500  -1.243060  -0.697370  -0.572660
 -0.463180  -0.079250  -0.055500  -0.816090   0.977600   0.094060
 -0.463180  -0.079250  -0.055500   0.478100  -0.103340  -0.664430
