33 atoms follow (x y z r g b radiusScale)
 -0.495160  -0.262530  -0.027140   0.000000   1.000000   0.000000   1.850000
  0.374210  -0.459630  -0.708020   1.000000   1.000000   1.000000   1.200000
 -0.713420   0.838590   0.031080   1.000000   1.000000   1.000000   1.200000
 -1.384850  -0.830640  -0.407290   1.000000   1.000000   1.000000   1.200000
 -0.164180  -0.774150   1.244750   1.000000   0.000000   0.000000   1.400000
 -0.230810   0.164660   2.529430   0.500000   0.500000   0.500000   1.900000
  1.199910   0.027080   3.158120   1.000000   0.000000   0.000000   1.400000
 -1.135570  -0.577940   3.567390   1.000000   0.000000   0.000000   1.400000
 -0.664710   1.556740   2.263070   1.000000   0.000000   0.000000   1.400000
 -1.184760   3.426840   1.762050   1.000000   1.000000   0.000000   1.850000
 -0.111260   3.872680   2.584040   1.000000   0.000000   0.000000   1.400000
 -2.442100   3.055000   2.206480   1.000000   0.000000   0.000000   1.400000
 -0.736870   3.141250   0.454690   1.000000   0.000000   0.000000   1.400000
 -1.588820   5.135730   1.364450   1.000000   0.000000   0.000000   1.400000
 -2.646710   5.768410   1.993610   0.000000   1.000000   0.000000   1.850000
 -3.622200   5.341780   1.641280   1.000000   1.000000   1.000000   1.200000
 -2.607460   6.862010   1.746980   1.000000   1.000000   1.000000   1.200000
 -2.576670   5.639830   3.106650   1.000000   1.000000   1.000000   1.200000
  0.924420   5.310030   0.526310   0.000000   0.000000   1.000000   1.540000
  1.152820   4.723340   1.359050   1.000000   1.000000   1.000000   1.200000
  1.750910   5.669300   0.075520   1.000000   1.000000   1.000000   1.200000
  0.288990   6.053200   0.854630   1.000000   1.000000   1.000000   1.200000
  0.368990   4.704680  -0.105640   1.000000   1.000000   1.000000   1.200000
  1.293230   2.447430   4.889800   0.000000   0.000000   1.000000   1.540000
  1.481340   0.690960   3.801830   1.000000   1.000000   1.000000   1.200000
  0.885860   3.016770   4.169760   1.000000   1.000000   1.000000   1.200000
  2.152450   2.860560   5.184090   1.000000   1.000000   1.000000   1.200000
  0.671620   2.416920   5.670290   1.000000   1.000000   1.000000   1.200000
 -3.508270   0.910670   3.591590   0.000000   0.000000   1.000000   1.540000
 -2.063200  -0.293440   3.679810   1.000000   1.000000   1.000000   1.200000
 -3.603600   1.236400   2.646740   1.000000   1.000000   1.000000   1.200000
 -3.092040   1.658330   4.113530   1.000000   1.000000   1.000000   1.200000
 -4.415240   0.726300   3.964950   1.000000   1.000000   1.000000   1.200000
28 bonds follow (x1 y1 z1 x2 y2 z2)
 -3.508270   0.910670   3.591590  -4.415240   0.726300   3.964950
 -3.508270   0.910670   3.591590  -3.092040   1.658330   4.113530
 -3.508270   0.910670   3.591590  -3.603600   1.236400   2.646740
 -1.135570  -0.577940   3.567390  -2.063200  -0.293440   3.679810
  1.293230   2.447430   4.889800   0.671620   2.416920   5.670290
  1.293230   2.447430   4.889800   2.152450   2.860560   5.184090
  1.293230   2.447430   4.889800   0.885860   3.016770   4.169760
  1.199910   0.027080   3.158120   1.481340   0.690960   3.801830
  0.924420   5.310030   0.526310   0.368990   4.704680  -0.105640
  0.924420   5.310030   0.526310   0.288990   6.053200   0.854630
  0.924420   5.310030   0.526310   1.750910   5.669300   0.075520
  0.924420   5.310030   0.526310   1.152820   4.723340   1.359050
 -2.646710   5.768410   1.993610  -2.576670   5.639830   3.106650
 -2.646710   5.768410   1.993610  -2.607460   6.862010   1.746980
 -2.646710   5.768410   1.993610  -3.622200   5.341780   1.641280
 -1.588820   5.135730   1.364450  -2.646710   5.768410   1.993610
 -1.184760   3.426840   1.762050  -1.588820   5.135730   1.364450
 -1.184760   3.426840   1.762050  -0.736870   3.141250   0.454690
 -1.184760   3.426840   1.762050  -2.442100   3.055000   2.206480
 -1.184760   3.426840   1.762050  -0.111260   3.872680   2.584040
 -0.230810   0.164660   2.529430  -0.664710   1.556740   2.263070
 -0.230810   0.164660   2.529430  -1.135570  -0.577940   3.567390
 -0.230810   0.164660   2.529430   1.199910   0.027080   3.158120
 -0.164180  -0.774150   1.244750  -0.230810   0.164660   2.529430
 -0.495160  -0.262530  -0.027140  -0.164180  -0.774150   1.244750
 -0.495160  -0.262530  -0.027140  -1.384850  -0.830640  -0.407290
 -0.495160  -0.262530  -0.027140  -0.713420   0.838590   0.031080
 -0.495160  -0.262530  -0.027140   0.374210  -0.459630  -0.708020
