33 atoms follow (x y z r g b radiusScale)
  0.006900  -0.002710  -0.009200   0.000000   1.000000   0.000000   1.850000
  1.125490  -0.008520   0.001330   1.000000   1.000000   1.000000   1.200000
 -0.397500   1.045640  -0.023530   1.000000   1.000000   1.000000   1.200000
 -0.377890  -0.592270  -0.879140   1.000000   1.000000   1.000000   1.200000
 -0.454490  -0.671670   1.150450   1.000000   0.000000   0.000000   1.400000
 -0.315230   0.087400   2.523370   0.500000   0.500000   0.500000   1.900000
  1.161580  -0.050910   3.001180   1.000000   0.000000   0.000000   1.400000
 -1.251290  -0.615070   3.546300   1.000000   0.000000   0.000000   1.400000
 -0.677770   1.535190   2.374390   1.000000   0.000000   0.000000   1.400000
 -1.095460   3.260890   2.002580   1.000000   1.000000   0.000000   1.850000
 -0.079820   3.806380   2.776230   1.000000   0.000000   0.000000   1.400000
 -2.368490   3.222150   2.503870   1.000000   0.000000   0.000000   1.400000
 -0.940260   3.108720   0.629020   1.000000   0.000000   0.000000   1.400000
 -1.651660   5.335250   1.618080   1.000000   0.000000   0.000000   1.400000
 -2.835300   5.704200   0.907220   0.000000   1.000000   0.000000   1.850000
 -2.773470   5.335720  -0.146680   1.000000   1.000000   1.000000   1.200000
 -2.975830   6.811510   0.945540   1.000000   1.000000   1.000000   1.200000
 -3.629940   5.160440   1.481410   1.000000   1.000000   1.000000   1.200000
  0.976450   5.548190   0.388000   0.000000   0.000000   1.000000   1.540000
  1.371280   5.201090   1.243900   1.000000   1.000000   1.000000   1.200000
 -0.911460   5.984400   1.129530   1.000000   1.000000   1.000000   1.200000
  0.681040   4.761890  -0.163570   1.000000   1.000000   1.000000   1.200000
  1.676440   6.060030  -0.112610   1.000000   1.000000   1.000000   1.200000
  1.622380   2.227020   4.679660   0.000000   0.000000   1.000000   1.540000
  1.505770   0.595160   3.652210   1.000000   1.000000   1.000000   1.200000
  1.229470   2.949350   4.102740   1.000000   1.000000   1.000000   1.200000
  2.592460   2.415040   4.822640   1.000000   1.000000   1.000000   1.200000
  1.162980   2.232780   5.565970   1.000000   1.000000   1.000000   1.200000
 -3.587450   0.970450   3.758570   0.000000   0.000000   1.000000   1.540000
 -2.149440  -0.248930   3.714560   1.000000   1.000000   1.000000   1.200000
 -3.859160   1.206640   2.824310   1.000000   1.000000   1.000000   1.200000
 -3.193860   1.796260   4.169860   1.000000   1.000000   1.000000   1.200000
 -4.396030   0.697090   4.275680   1.000000   1.000000   1.000000   1.200000
28 bonds follow (x1 y1 z1 x2 y2 z2)
 -3.587450   0.970450   3.758570  -4.396030   0.697090   4.275680
 -3.587450   0.970450   3.758570  -3.193860   1.796260   4.169860
 -3.587450   0.970450   3.758570  -3.859160   1.206640   2.824310
 -1.251290  -0.615070   3.546300  -2.149440  -0.248930   3.714560
  1.622380   2.227020   4.679660   1.162980   2.232780   5.565970
  1.622380   2.227020   4.679660   2.592460   2.415040   4.822640
  1.622380   2.227020   4.679660   1.229470   2.949350   4.102740
  1.161580  -0.050910   3.001180   1.505770   0.595160   3.652210
  0.976450   5.548190   0.388000   1.676440   6.060030  -0.112610
  0.976450   5.548190   0.388000   0.681040   4.761890  -0.163570
 -1.651660   5.335250   1.618080  -0.911460   5.984400   1.129530
  0.976450   5.548190   0.388000   1.371280   5.201090   1.243900
 -2.835300   5.704200   0.907220  -3.629940   5.160440   1.481410
 -2.835300   5.704200   0.907220  -2.975830   6.811510   0.945540
 -2.835300   5.704200   0.907220  -2.773470   5.335720  -0.146680
 -1.651660   5.335250   1.618080  -2.835300   5.704200   0.907220
 -1.095460   3.260890   2.002580  -0.940260   3.108720   0.629020
 -1.095460   3.260890   2.002580  -2.368490   3.222150   2.503870
 -1.095460   3.260890   2.002580  -0.079820   3.806380   2.776230
 -0.677770   1.535190   2.374390  -1.095460   3.260890   2.002580
 -0.315230   0.087400   2.523370  -0.677770   1.535190   2.374390
 -0.315230   0.087400   2.523370  -1.251290  -0.615070   3.546300
 -0.315230   0.087400   2.523370   1.161580  -0.050910   3.001180
 -0.454490  -0.671670   1.150450  -0.315230   0.087400   2.523370
  0.006900  -0.002710  -0.009200  -0.454490  -0.671670   1.150450
  0.006900  -0.002710  -0.009200  -0.377890  -0.592270  -0.879140
  0.006900  -0.002710  -0.009200  -0.397500   1.045640  -0.023530
  0.006900  -0.002710  -0.009200   1.125490  -0.008520   0.001330
