33 atoms follow (x y z r g b radiusScale)
 -0.058060   0.005420   0.003010   0.000000   1.000000   0.000000   1.850000
  1.038110  -0.161030  -0.155950   1.000000   1.000000   1.000000   1.200000
 -0.298960   1.100260   0.094190   1.000000   1.000000   1.000000   1.200000
 -0.632740  -0.448590  -0.844050   1.000000   1.000000   1.000000   1.200000
 -0.453030  -0.680110   1.172280   1.000000   0.000000   0.000000   1.400000
 -0.295040   0.128570   2.531010   0.500000   0.500000   0.500000   1.900000
  1.206500  -0.052010   2.976040   1.000000   0.000000   0.000000   1.400000
 -1.167830  -0.697580   3.539220   1.000000   0.000000   0.000000   1.400000
 -0.696960   1.553530   2.419670   1.000000   0.000000   0.000000   1.400000
 -1.180720   3.442810   1.910480   1.000000   1.000000   0.000000   1.850000
 -0.138410   3.926320   2.739480   1.000000   0.000000   0.000000   1.400000
 -2.451710   3.139370   2.362800   1.000000   0.000000   0.000000   1.400000
 -0.736060   3.136050   0.599820   1.000000   0.000000   0.000000   1.400000
 -1.527400   5.139370   1.398080   1.000000   0.000000   0.000000   1.400000
 -2.805590   5.665940   1.375790   0.000000   1.000000   0.000000   1.850000
 -3.320830   5.382210   0.419420   1.000000   1.000000   1.000000   1.200000
 -2.734480   6.784180   1.435350   1.000000   1.000000   1.000000   1.200000
 -3.408650   5.286620   2.241880   1.000000   1.000000   1.000000   1.200000
  0.897810   5.291670   0.482030   0.000000   0.000000   1.000000   1.540000
  0.603540   5.467080   1.466720   1.000000   1.000000   1.000000   1.200000
  1.450670   6.052330   0.111110   1.000000   1.000000   1.000000   1.200000
  0.001180   5.165420  -0.033220   1.000000   1.000000   1.000000   1.200000
  1.391360   4.393340   0.458700   1.000000   1.000000   1.000000   1.200000
  1.537670   2.307290   4.700420   0.000000   0.000000   1.000000   1.540000
  1.552250   0.572830   3.632660   1.000000   1.000000   1.000000   1.200000
  1.002690   2.935160   4.126650   1.000000   1.000000   1.000000   1.200000
  2.444250   2.694870   4.853000   1.000000   1.000000   1.000000   1.200000
  1.083290   2.206950   5.583810   1.000000   1.000000   1.000000   1.200000
 -3.586280   0.945840   3.750930   0.000000   0.000000   1.000000   1.540000
 -2.072250  -0.386100   3.717810   1.000000   1.000000   1.000000   1.200000
 -3.832610   1.164310   2.804700   1.000000   1.000000   1.000000   1.200000
 -3.115620   1.751540   4.118640   1.000000   1.000000   1.000000   1.200000
 -4.422250   0.792670   4.274680   1.000000   1.000000   1.000000   1.200000
28 bonds follow (x1 y1 z1 x2 y2 z2)
 -3.586280   0.945840   3.750930  -4.422250   0.792670   4.274680
 -3.586280   0.945840   3.750930  -3.115620   1.751540   4.118640
 -3.586280   0.945840   3.750930  -3.832610   1.164310   2.804700
 -1.167830  -0.697580   3.539220  -2.072250  -0.386100   3.717810
  1.537670   2.307290   4.700420   1.083290   2.206950   5.583810
  1.537670   2.307290   4.700420   2.444250   2.694870   4.853000
  1.537670   2.307290   4.700420   1.002690   2.935160   4.126650
  1.206500  -0.052010   2.976040   1.552250   0.572830   3.632660
  0.897810   5.291670   0.482030   1.391360   4.393340   0.458700
  0.897810   5.291670   0.482030   0.001180   5.165420  -0.033220
  0.897810   5.291670   0.482030   1.450670   6.052330   0.111110
  0.897810   5.291670   0.482030   0.603540   5.467080   1.466720
 -2.805590   5.665940   1.375790  -3.408650   5.286620   2.241880
 -2.805590   5.665940   1.375790  -2.734480   6.784180   1.435350
 -2.805590   5.665940   1.375790  -3.320830   5.382210   0.419420
 -1.527400   5.139370   1.398080  -2.805590   5.665940   1.375790
 -1.180720   3.442810   1.910480  -1.527400   5.139370   1.398080
 -1.180720   3.442810   1.910480  -0.736060   3.136050   0.599820
 -1.180720   3.442810   1.910480  -2.451710   3.139370   2.362800
 -1.180720   3.442810   1.910480  -0.138410   3.926320   2.739480
 -0.295040   0.128570   2.531010  -0.696960   1.553530   2.419670
 -0.295040   0.128570   2.531010  -1.167830  -0.697580   3.539220
 -0.295040   0.128570   2.531010   1.206500  -0.052010   2.976040
 -0.453030  -0.680110   1.172280  -0.295040   0.128570   2.531010
 -0.058060   0.005420   0.003010  -0.453030  -0.680110   1.172280
 -0.058060   0.005420   0.003010  -0.632740  -0.448590  -0.844050
 -0.058060   0.005420   0.003010  -0.298960   1.100260   0.094190
 -0.058060   0.005420   0.003010   1.038110  -0.161030  -0.155950
