33 atoms follow (x y z r g b radiusScale)
 -0.217270  -0.249460  -0.073430   0.000000   1.000000   0.000000   1.850000
  0.820400  -0.356400  -0.486780   1.000000   1.000000   1.000000   1.200000
 -0.528390   0.829200  -0.031680   1.000000   1.000000   1.000000   1.200000
 -0.923030  -0.841210  -0.713220   1.000000   1.000000   1.000000   1.200000
 -0.257030  -0.818460   1.216270   1.000000   0.000000   0.000000   1.400000
 -0.259130   0.149470   2.482960   0.500000   0.500000   0.500000   1.900000
  1.222240   0.043380   3.001550   1.000000   0.000000   0.000000   1.400000
 -1.099300  -0.603760   3.571000   1.000000   0.000000   0.000000   1.400000
 -0.678080   1.556070   2.264310   1.000000   0.000000   0.000000   1.400000
 -1.107290   3.446510   1.927340   1.000000   1.000000   0.000000   1.850000
  0.125240   3.834190   2.527110   1.000000   0.000000   0.000000   1.400000
 -2.260250   3.190160   2.658160   1.000000   0.000000   0.000000   1.400000
 -0.947690   3.187410   0.536890   1.000000   0.000000   0.000000   1.400000
 -1.478580   5.162800   1.603370   1.000000   0.000000   0.000000   1.400000
 -2.712830   5.746660   1.815590   0.000000   1.000000   0.000000   1.850000
 -3.033920   5.622850   2.882460   1.000000   1.000000   1.000000   1.200000
 -3.486960   5.285790   1.146850   1.000000   1.000000   1.000000   1.200000
 -2.626080   6.839550   1.577110   1.000000   1.000000   1.000000   1.200000
  0.809470   5.164800   0.241580   0.000000   0.000000   1.000000   1.540000
  0.854440   5.171560   1.290140   1.000000   1.000000   1.000000   1.200000
  1.489660   5.779780  -0.177870   1.000000   1.000000   1.000000   1.200000
 -0.177200   5.438630   0.012270   1.000000   1.000000   1.000000   1.200000
  0.913330   4.193860  -0.055790   1.000000   1.000000   1.000000   1.200000
  0.963780   2.511190   4.893320   0.000000   0.000000   1.000000   1.540000
  1.457630   0.532520   3.793540   1.000000   1.000000   1.000000   1.200000
  1.561250   2.980770   4.240350   1.000000   1.000000   1.000000   1.200000
  1.239350   2.759420   5.820480   1.000000   1.000000   1.000000   1.200000
  0.034400   2.850090   4.732110   1.000000   1.000000   1.000000   1.200000
 -3.603340   0.894150   3.389550   0.000000   0.000000   1.000000   1.540000
 -2.037120  -0.369900   3.665110   1.000000   1.000000   1.000000   1.200000
 -3.683950   1.306810   2.479840   1.000000   1.000000   1.000000   1.200000
 -3.196270   1.592690   3.984850   1.000000   1.000000   1.000000   1.200000
 -4.518220   0.680590   3.727720   1.000000   1.000000   1.000000   1.200000
28 bonds follow (x1 y1 z1 x2 y2 z2)
 -3.603340   0.894150   3.389550  -4.518220   0.680590   3.727720
 -3.603340   0.894150   3.389550  -3.196270   1.592690   3.984850
 -3.603340   0.894150   3.389550  -3.683950   1.306810   2.479840
 -1.099300  -0.603760   3.571000  -2.037120  -0.369900   3.665110
  0.963780   2.511190   4.893320   0.034400   2.850090   4.732110
  0.963780   2.511190   4.893320   1.239350   2.759420   5.820480
  0.963780   2.511190   4.893320   1.561250   2.980770   4.240350
  1.222240   0.043380   3.001550   1.457630   0.532520   3.793540
  0.809470   5.164800   0.241580   0.913330   4.193860  -0.055790
  0.809470   5.164800   0.241580  -0.177200   5.438630   0.012270
  0.809470   5.164800   0.241580   1.489660   5.779780  -0.177870
  0.809470   5.164800   0.241580   0.854440   5.171560   1.290140
 -2.712830   5.746660   1.815590  -2.626080   6.839550   1.577110
 -2.712830   5.746660   1.815590  -3.486960   5.285790   1.146850
 -2.712830   5.746660   1.815590  -3.033920   5.622850   2.882460
 -1.478580   5.162800   1.603370  -2.712830   5.746660   1.815590
 -1.107290   3.446510   1.927340  -1.478580   5.162800   1.603370
 -1.107290   3.446510   1.927340  -0.947690   3.187410   0.536890
 -1.107290   3.446510   1.927340  -2.260250   3.190160   2.658160
 -1.107290   3.446510   1.927340   0.125240   3.834190   2.527110
 -0.259130   0.149470   2.482960  -0.678080   1.556070   2.264310
 -0.259130   0.149470   2.482960  -1.099300  -0.603760   3.571000
 -0.259130   0.149470   2.482960   1.222240   0.043380   3.001550
 -0.257030  -0.818460   1.216270  -0.259130   0.149470   2.482960
 -0.217270  -0.249460  -0.073430  -0.257030  -0.818460   1.216270
 -0.217270  -0.249460  -0.073430  -0.923030  -0.841210  -0.713220
 -0.217270  -0.249460  -0.073430  -0.528390   0.829200  -0.031680
 -0.217270  -0.249460  -0.073430   0.820400  -0.356400  -0.486780
