33 atoms follow (x y z r g b radiusScale)
  0.006530  -0.002570  -0.008640   0.000000   1.000000   0.000000   1.850000
  1.125130  -0.008580   0.001160   1.000000   1.000000   1.000000   1.200000
 -0.397810   1.045540  -0.023060   1.000000   1.000000   1.000000   1.200000
 -0.378710  -0.591750  -0.878670   1.000000   1.000000   1.000000   1.200000
 -0.454090  -0.671240   1.151240   1.000000   0.000000   0.000000   1.400000
 -0.316120   0.090270   2.522900   0.500000   0.500000   0.500000   1.900000
  1.160480  -0.051520   3.000610   1.000000   0.000000   0.000000   1.400000
 -1.250020  -0.614670   3.545140   1.000000   0.000000   0.000000   1.400000
 -0.678500   1.537380   2.374040   1.000000   0.000000   0.000000   1.400000
 -1.095520   3.261520   2.002010   1.000000   1.000000   0.000000   1.850000
 -0.079240   3.809230   2.776050   1.000000   0.000000   0.000000   1.400000
 -2.367560   3.222920   2.502770   1.000000   0.000000   0.000000   1.400000
 -0.940560   3.110930   0.628010   1.000000   0.000000   0.000000   1.400000
 -1.643420   5.327460   1.615150   1.000000   0.000000   0.000000   1.400000
 -2.829860   5.702020   0.908850   0.000000   1.000000   0.000000   1.850000
 -2.773760   5.333220  -0.145260   1.000000   1.000000   1.000000   1.200000
 -2.969330   6.809250   0.947800   1.000000   1.000000   1.000000   1.200000
 -3.618700   5.159330   1.486310   1.000000   1.000000   1.000000   1.200000
  0.965010   5.542760   0.393570   0.000000   0.000000   1.000000   1.540000
  1.371090   5.201650   1.246420   1.000000   1.000000   1.000000   1.200000
 -0.912950   5.969070   1.130200   1.000000   1.000000   1.000000   1.200000
  0.688830   4.753910  -0.164690   1.000000   1.000000   1.000000   1.200000
  1.651070   6.078100  -0.103280   1.000000   1.000000   1.000000   1.200000
  1.622080   2.227460   4.679960   0.000000   0.000000   1.000000   1.540000
  1.507660   0.593420   3.651200   1.000000   1.000000   1.000000   1.200000
  1.227220   2.947620   4.101630   1.000000   1.000000   1.000000   1.200000
  2.591560   2.419130   4.822420   1.000000   1.000000   1.000000   1.200000
  1.162800   2.233760   5.566360   1.000000   1.000000   1.000000   1.200000
 -3.588210   0.969640   3.759200   0.000000   0.000000   1.000000   1.540000
 -2.148210  -0.251540   3.714550   1.000000   1.000000   1.000000   1.200000
 -3.858360   1.206140   2.824560   1.000000   1.000000   1.000000   1.200000
 -3.193240   1.794730   4.170600   1.000000   1.000000   1.000000   1.200000
 -4.398640   0.699650   4.275340   1.000000   1.000000   1.000000   1.200000
28 bonds follow (x1 y1 z1 x2 y2 z2)
 -3.588210   0.969640   3.759200  -4.398640   0.699650   4.275340
 -3.588210   0.969640   3.759200  -3.193240   1.794730   4.170600
 -3.588210   0.969640   3.759200  -3.858360   1.206140   2.824560
 -1.250020  -0.614670   3.545140  -2.148210  -0.251540   3.714550
  1.622080   2.227460   4.679960   1.162800   2.233760   5.566360
  1.622080   2.227460   4.679960   2.591560   2.419130   4.822420
  1.622080   2.227460   4.679960   1.227220   2.947620   4.101630
  1.160480  -0.051520   3.000610   1.507660   0.593420   3.651200
  0.965010   5.542760   0.393570   1.651070   6.078100  -0.103280
  0.965010   5.542760   0.393570   0.688830   4.753910  -0.164690
 -1.643420   5.327460   1.615150  -0.912950   5.969070   1.130200
  0.965010   5.542760   0.393570   1.371090   5.201650   1.246420
 -2.829860   5.702020   0.908850  -3.618700   5.159330   1.486310
 -2.829860   5.702020   0.908850  -2.969330   6.809250   0.947800
 -2.829860   5.702020   0.908850  -2.773760   5.333220  -0.145260
 -1.643420   5.327460   1.615150  -2.829860   5.702020   0.908850
 -1.095520   3.261520   2.002010  -0.940560   3.110930   0.628010
 -1.095520   3.261520   2.002010  -2.367560   3.222920   2.502770
 -1.095520   3.261520   2.002010  -0.079240   3.809230   2.776050
 -0.678500   1.537380   2.374040  -1.095520   3.261520   2.002010
 -0.316120   0.090270   2.522900  -0.678500   1.537380   2.374040
 -0.316120   0.090270   2.522900  -1.250020  -0.614670   3.545140
 -0.316120   0.090270   2.522900   1.160480  -0.051520   3.000610
 -0.454090  -0.671240   1.151240  -0.316120   0.090270   2.522900
  0.006530  -0.002570  -0.008640  -0.454090  -0.671240   1.151240
  0.006530  -0.002570  -0.008640  -0.378710  -0.591750  -0.878670
  0.006530  -0.002570  -0.008640  -0.397810   1.045540  -0.023060
  0.006530  -0.002570  -0.008640   1.125130  -0.008580   0.001160
