33 atoms follow (x y z r g b radiusScale)
  0.203870  -0.188740   0.015960   0.000000   1.000000   0.000000   1.850000
  1.313240  -0.211240   0.156380   1.000000   1.000000   1.000000   1.200000
 -0.170660   0.863090  -0.092710   1.000000   1.000000   1.000000   1.200000
 -0.097780  -0.819070  -0.858220   1.000000   1.000000   1.000000   1.200000
 -0.403990  -0.779800   1.151570   1.000000   0.000000   0.000000   1.400000
 -0.314530   0.008960   2.513670   0.500000   0.500000   0.500000   1.900000
  1.164590  -0.134030   2.988420   1.000000   0.000000   0.000000   1.400000
 -1.268320  -0.652980   3.546350   1.000000   0.000000   0.000000   1.400000
 -0.590950   1.473520   2.307780   1.000000   0.000000   0.000000   1.400000
 -1.134620   3.169590   2.131980   1.000000   1.000000   0.000000   1.850000
 -0.243990   3.729640   3.012630   1.000000   0.000000   0.000000   1.400000
 -2.441150   3.017440   2.559260   1.000000   0.000000   0.000000   1.400000
 -0.853560   3.261350   0.793050   1.000000   0.000000   0.000000   1.400000
 -2.265550   6.096140   1.534770   1.000000   0.000000   0.000000   1.400000
 -3.499900   6.105600   0.853880   0.000000   1.000000   0.000000   1.850000
 -3.395910   6.626100  -0.134170   1.000000   1.000000   1.000000   1.200000
 -4.309620   6.603510   1.449070   1.000000   1.000000   1.000000   1.200000
 -3.753740   5.014700   0.725770   1.000000   1.000000   1.000000   1.200000
  2.120030   5.431230  -0.097280   0.000000   0.000000   1.000000   1.540000
  2.250440   6.116010   0.618770   1.000000   1.000000   1.000000   1.200000
 -2.064110   6.962280   1.685530   1.000000   1.000000   1.000000   1.200000
  1.980690   5.910340  -0.964540   1.000000   1.000000   1.000000   1.200000
  1.297500   4.898160   0.109960   1.000000   1.000000   1.000000   1.200000
  1.790560   2.194690   4.560390   0.000000   0.000000   1.000000   1.540000
  1.585790   0.573580   3.518520   1.000000   1.000000   1.000000   1.200000
  1.520480   2.906200   3.904740   1.000000   1.000000   1.000000   1.200000
  2.750720   2.318280   4.804490   1.000000   1.000000   1.000000   1.200000
  1.235010   2.295550   5.383850   1.000000   1.000000   1.000000   1.200000
 -3.650630   0.814100   3.848930   0.000000   0.000000   1.000000   1.540000
 -2.163770  -0.269520   3.717490   1.000000   1.000000   1.000000   1.200000
 -3.755340   1.253250   2.952530   1.000000   1.000000   1.000000   1.200000
 -3.413420   1.530710   4.506050   1.000000   1.000000   1.000000   1.200000
 -4.520310   0.402850   4.115430   1.000000   1.000000   1.000000   1.200000
28 bonds follow (x1 y1 z1 x2 y2 z2)
 -3.650630   0.814100   3.848930  -4.520310   0.402850   4.115430
 -3.650630   0.814100   3.848930  -3.413420   1.530710   4.506050
 -3.650630   0.814100   3.848930  -3.755340   1.253250   2.952530
 -1.268320  -0.652980   3.546350  -2.163770  -0.269520   3.717490
  1.790560   2.194690   4.560390   1.235010   2.295550   5.383850
  1.790560   2.194690   4.560390   2.750720   2.318280   4.804490
  1.790560   2.194690   4.560390   1.520480   2.906200   3.904740
  1.164590  -0.134030   2.988420   1.585790   0.573580   3.518520
  2.120030   5.431230  -0.097280   1.297500   4.898160   0.109960
  2.120030   5.431230  -0.097280   1.980690   5.910340  -0.964540
 -2.265550   6.096140   1.534770  -2.064110   6.962280   1.685530
  2.120030   5.431230  -0.097280   2.250440   6.116010   0.618770
 -3.499900   6.105600   0.853880  -3.753740   5.014700   0.725770
 -3.499900   6.105600   0.853880  -4.309620   6.603510   1.449070
 -3.499900   6.105600   0.853880  -3.395910   6.626100  -0.134170
 -2.265550   6.096140   1.534770  -3.499900   6.105600   0.853880
 -1.134620   3.169590   2.131980  -0.853560   3.261350   0.793050
 -1.134620   3.169590   2.131980  -2.441150   3.017440   2.559260
 -1.134620   3.169590   2.131980  -0.243990   3.729640   3.012630
 -0.590950   1.473520   2.307780  -1.134620   3.169590   2.131980
 -0.314530   0.008960   2.513670  -0.590950   1.473520   2.307780
 -0.314530   0.008960   2.513670  -1.268320  -0.652980   3.546350
 -0.314530   0.008960   2.513670   1.164590  -0.134030   2.988420
 -0.403990  -0.779800   1.151570  -0.314530   0.008960   2.513670
  0.203870  -0.188740   0.015960  -0.403990  -0.779800   1.151570
  0.203870  -0.188740   0.015960  -0.097780  -0.819070  -0.858220
  0.203870  -0.188740   0.015960  -0.170660   0.863090  -0.092710
  0.203870  -0.188740   0.015960   1.313240  -0.211240   0.156380
