33 atoms follow (x y z r g b radiusScale)
 -0.331170  -0.195170  -0.050800   0.000000   1.000000   0.000000   1.850000
  0.613790  -0.422890  -0.610480   1.000000   1.000000   1.000000   1.200000
 -0.496810   0.914830   0.028390   1.000000   1.000000   1.000000   1.200000
 -1.190290  -0.688610  -0.576830   1.000000   1.000000   1.000000   1.200000
 -0.228000  -0.788400   1.228330   1.000000   0.000000   0.000000   1.400000
 -0.241550   0.154050   2.506260   0.500000   0.500000   0.500000   1.900000
  1.218490   0.091140   3.095640   1.000000   0.000000   0.000000   1.400000
 -1.163370  -0.511320   3.589200   1.000000   0.000000   0.000000   1.400000
 -0.634230   1.556120   2.222360   1.000000   0.000000   0.000000   1.400000
 -1.190330   3.388760   1.785770   1.000000   1.000000   0.000000   1.850000
 -0.124970   3.857640   2.614480   1.000000   0.000000   0.000000   1.400000
 -2.425400   2.998070   2.278290   1.000000   0.000000   0.000000   1.400000
 -0.753330   3.136380   0.461360   1.000000   0.000000   0.000000   1.400000
 -1.589730   5.080960   1.361550   1.000000   0.000000   0.000000   1.400000
 -2.686180   5.778820   1.827940   0.000000   1.000000   0.000000   1.850000
 -3.604280   5.488610   1.252940   1.000000   1.000000   1.000000   1.200000
 -2.495780   6.876290   1.687800   1.000000   1.000000   1.000000   1.200000
 -2.858640   5.570500   2.916770   1.000000   1.000000   1.000000   1.200000
  0.957130   5.302530   0.626760   0.000000   0.000000   1.000000   1.540000
  1.452650   4.518530   1.071130   1.000000   1.000000   1.000000   1.200000
  1.584270   6.000590   0.264170   1.000000   1.000000   1.000000   1.200000
  0.315710   5.687060   1.358040   1.000000   1.000000   1.000000   1.200000
  0.339400   4.901700  -0.098280   1.000000   1.000000   1.000000   1.200000
  1.391290   2.424740   4.826780   0.000000   0.000000   1.000000   1.540000
  1.470680   0.795850   3.715270   1.000000   1.000000   1.000000   1.200000
  0.895030   2.986910   4.157780   1.000000   1.000000   1.000000   1.200000
  2.310570   2.793780   4.945750   1.000000   1.000000   1.000000   1.200000
  0.915250   2.462470   5.703090   1.000000   1.000000   1.000000   1.200000
 -3.681040   0.957580   3.721430   0.000000   0.000000   1.000000   1.540000
 -2.039320  -0.126380   3.772920   1.000000   1.000000   1.000000   1.200000
 -3.742250   1.180670   2.745340   1.000000   1.000000   1.000000   1.200000
 -3.315540   1.769940   4.180290   1.000000   1.000000   1.000000   1.200000
 -4.598910   0.777360   4.069760   1.000000   1.000000   1.000000   1.200000
28 bonds follow (x1 y1 z1 x2 y2 z2)
 -3.681040   0.957580   3.721430  -4.598910   0.777360   4.069760
 -3.681040   0.957580   3.721430  -3.315540   1.769940   4.180290
 -3.681040   0.957580   3.721430  -3.742250   1.180670   2.745340
 -1.163370  -0.511320   3.589200  -2.039320  -0.126380   3.772920
  1.391290   2.424740   4.826780   0.915250   2.462470   5.703090
  1.391290   2.424740   4.826780   2.310570   2.793780   4.945750
  1.391290   2.424740   4.826780   0.895030   2.986910   4.157780
  1.218490   0.091140   3.095640   1.470680   0.795850   3.715270
  0.957130   5.302530   0.626760   0.339400   4.901700  -0.098280
  0.957130   5.302530   0.626760   0.315710   5.687060   1.358040
  0.957130   5.302530   0.626760   1.584270   6.000590   0.264170
  0.957130   5.302530   0.626760   1.452650   4.518530   1.071130
 -2.686180   5.778820   1.827940  -2.858640   5.570500   2.916770
 -2.686180   5.778820   1.827940  -2.495780   6.876290   1.687800
 -2.686180   5.778820   1.827940  -3.604280   5.488610   1.252940
 -1.589730   5.080960   1.361550  -2.686180   5.778820   1.827940
 -1.190330   3.388760   1.785770  -1.589730   5.080960   1.361550
 -1.190330   3.388760   1.785770  -0.753330   3.136380   0.461360
 -1.190330   3.388760   1.785770  -2.425400   2.998070   2.278290
 -1.190330   3.388760   1.785770  -0.124970   3.857640   2.614480
 -0.241550   0.154050   2.506260  -0.634230   1.556120   2.222360
 -0.241550   0.154050   2.506260  -1.163370  -0.511320   3.589200
 -0.241550   0.154050   2.506260   1.218490   0.091140   3.095640
 -0.228000  -0.788400   1.228330  -0.241550   0.154050   2.506260
 -0.331170  -0.195170  -0.050800  -0.228000  -0.788400   1.228330
 -0.331170  -0.195170  -0.050800  -1.190290  -0.688610  -0.576830
 -0.331170  -0.195170  -0.050800  -0.496810   0.914830   0.028390
 -0.331170  -0.195170  -0.050800   0.613790  -0.422890  -0.610480
