33 atoms follow (x y z r g b radiusScale)
 -0.305800  -0.189290  -0.059360   0.000000   1.000000   0.000000   1.850000
  0.635700  -0.445460  -0.612000   1.000000   1.000000   1.000000   1.200000
 -0.439510   0.924860   0.019110   1.000000   1.000000   1.000000   1.200000
 -1.176030  -0.655290  -0.592110   1.000000   1.000000   1.000000   1.200000
 -0.230160  -0.781220   1.223250   1.000000   0.000000   0.000000   1.400000
 -0.247960   0.162870   2.502890   0.500000   0.500000   0.500000   1.900000
  1.208880   0.081130   3.082260   1.000000   0.000000   0.000000   1.400000
 -1.157140  -0.495690   3.595280   1.000000   0.000000   0.000000   1.400000
 -0.647620   1.563920   2.224670   1.000000   0.000000   0.000000   1.400000
 -1.188500   3.379590   1.795540   1.000000   1.000000   0.000000   1.850000
 -0.119240   3.869540   2.599110   1.000000   0.000000   0.000000   1.400000
 -2.428710   2.995240   2.293660   1.000000   0.000000   0.000000   1.400000
 -0.749210   3.132600   0.467400   1.000000   0.000000   0.000000   1.400000
 -1.596340   5.062330   1.353360   1.000000   0.000000   0.000000   1.400000
 -2.689490   5.773680   1.805260   0.000000   1.000000   0.000000   1.850000
 -3.602360   5.505430   1.211320   1.000000   1.000000   1.000000   1.200000
 -2.474980   6.868050   1.672370   1.000000   1.000000   1.000000   1.200000
 -2.885220   5.563420   2.889930   1.000000   1.000000   1.000000   1.200000
  0.954640   5.297480   0.649370   0.000000   0.000000   1.000000   1.540000
  1.416160   4.505810   1.111990   1.000000   1.000000   1.000000   1.200000
  1.603320   5.913290   0.193870   1.000000   1.000000   1.000000   1.200000
  0.380720   5.768960   1.383340   1.000000   1.000000   1.000000   1.200000
  0.254620   4.881360  -0.011100   1.000000   1.000000   1.000000   1.200000
  1.408950   2.424310   4.818580   0.000000   0.000000   1.000000   1.540000
  1.446830   0.733830   3.762420   1.000000   1.000000   1.000000   1.200000
  0.889160   3.034420   4.212290   1.000000   1.000000   1.000000   1.200000
  2.319750   2.803740   4.965030   1.000000   1.000000   1.000000   1.200000
  0.944450   2.357800   5.699660   1.000000   1.000000   1.000000   1.200000
 -3.684370   0.964730   3.723160   0.000000   0.000000   1.000000   1.540000
 -2.045850  -0.127010   3.755680   1.000000   1.000000   1.000000   1.200000
 -3.799560   1.211000   2.757890   1.000000   1.000000   1.000000   1.200000
 -3.321910   1.775220   4.187280   1.000000   1.000000   1.000000   1.200000
 -4.576570   0.742150   4.111370   1.000000   1.000000   1.000000   1.200000
29 bonds follow (x1 y1 z1 x2 y2 z2)
 -3.684370   0.964730   3.723160  -4.576570   0.742150   4.111370
 -3.684370   0.964730   3.723160  -3.321910   1.775220   4.187280
 -3.684370   0.964730   3.723160  -3.799560   1.211000   2.757890
 -1.157140  -0.495690   3.595280  -2.045850  -0.127010   3.755680
  1.408950   2.424310   4.818580   0.944450   2.357800   5.699660
  1.408950   2.424310   4.818580   2.319750   2.803740   4.965030
  1.408950   2.424310   4.818580   0.889160   3.034420   4.212290
  1.208880   0.081130   3.082260   1.446830   0.733830   3.762420
  0.954640   5.297480   0.649370   0.254620   4.881360  -0.011100
  0.954640   5.297480   0.649370   0.380720   5.768960   1.383340
  0.954640   5.297480   0.649370   1.603320   5.913290   0.193870
  0.954640   5.297480   0.649370   1.416160   4.505810   1.111990
 -2.689490   5.773680   1.805260  -2.885220   5.563420   2.889930
 -2.689490   5.773680   1.805260  -2.474980   6.868050   1.672370
 -2.689490   5.773680   1.805260  -3.602360   5.505430   1.211320
 -1.596340   5.062330   1.353360  -2.689490   5.773680   1.805260
 -1.188500   3.379590   1.795540  -1.596340   5.062330   1.353360
 -1.188500   3.379590   1.795540  -0.749210   3.132600   0.467400
 -1.188500   3.379590   1.795540  -2.428710   2.995240   2.293660
 -1.188500   3.379590   1.795540  -0.119240   3.869540   2.599110
 -0.647620   1.563920   2.224670  -1.188500   3.379590   1.795540
 -0.247960   0.162870   2.502890  -0.647620   1.563920   2.224670
 -0.247960   0.162870   2.502890  -1.157140  -0.495690   3.595280
 -0.247960   0.162870   2.502890   1.208880   0.081130   3.082260
 -0.230160  -0.781220   1.223250  -0.247960   0.162870   2.502890
 -0.305800  -0.189290  -0.059360  -0.230160  -0.781220   1.223250
 -0.305800  -0.189290  -0.059360  -1.176030  -0.655290  -0.592110
 -0.305800  -0.189290  -0.059360  -0.439510   0.924860   0.019110
 -0.305800  -0.189290  -0.059360   0.635700  -0.445460  -0.612000
