33 atoms follow (x y z r g b radiusScale)
 -0.051740   0.028840  -0.000260   0.000000   1.000000   0.000000   1.850000
  1.051570  -0.098360  -0.143060   1.000000   1.000000   1.000000   1.200000
 -0.331080   1.114080   0.089420   1.000000   1.000000   1.000000   1.200000
 -0.598090  -0.444940  -0.855090   1.000000   1.000000   1.000000   1.200000
 -0.439330  -0.672870   1.162920   1.000000   0.000000   0.000000   1.400000
 -0.309140   0.135470   2.525510   0.500000   0.500000   0.500000   1.900000
  1.193320  -0.053050   2.956950   1.000000   0.000000   0.000000   1.400000
 -1.181830  -0.681070   3.539450   1.000000   0.000000   0.000000   1.400000
 -0.662380   1.572050   2.409640   1.000000   0.000000   0.000000   1.400000
 -1.193990   3.437810   1.928110   1.000000   1.000000   0.000000   1.850000
 -0.130750   3.923860   2.728570   1.000000   0.000000   0.000000   1.400000
 -2.447810   3.122180   2.427490   1.000000   0.000000   0.000000   1.400000
 -0.749690   3.113210   0.620870   1.000000   0.000000   0.000000   1.400000
 -1.530810   5.109180   1.379740   1.000000   0.000000   0.000000   1.400000
 -2.801900   5.647030   1.322910   0.000000   1.000000   0.000000   1.850000
 -3.290270   5.381050   0.347700   1.000000   1.000000   1.000000   1.200000
 -2.722080   6.763270   1.397800   1.000000   1.000000   1.000000   1.200000
 -3.435130   5.263510   2.165580   1.000000   1.000000   1.000000   1.200000
  0.922110   5.306570   0.492790   0.000000   0.000000   1.000000   1.540000
  0.644000   5.432840   1.491510   1.000000   1.000000   1.000000   1.200000
  1.363850   6.127890   0.113680   1.000000   1.000000   1.000000   1.200000
  0.022320   5.082590   0.010340   1.000000   1.000000   1.000000   1.200000
  1.513770   4.486040   0.433470   1.000000   1.000000   1.000000   1.200000
  1.547400   2.297060   4.706230   0.000000   0.000000   1.000000   1.540000
  1.592280   0.636240   3.507160   1.000000   1.000000   1.000000   1.200000
  1.023360   2.894660   4.090740   1.000000   1.000000   1.000000   1.200000
  2.461500   2.677730   4.829430   1.000000   1.000000   1.000000   1.200000
  1.093040   2.270240   5.594590   1.000000   1.000000   1.000000   1.200000
 -3.596810   0.954900   3.753580   0.000000   0.000000   1.000000   1.540000
 -2.072190  -0.346850   3.747450   1.000000   1.000000   1.000000   1.200000
 -3.840900   1.171330   2.806490   1.000000   1.000000   1.000000   1.200000
 -3.152890   1.771270   4.131210   1.000000   1.000000   1.000000   1.200000
 -4.432650   0.773700   4.268320   1.000000   1.000000   1.000000   1.200000
28 bonds follow (x1 y1 z1 x2 y2 z2)
 -3.596810   0.954900   3.753580  -4.432650   0.773700   4.268320
 -3.596810   0.954900   3.753580  -3.152890   1.771270   4.131210
 -3.596810   0.954900   3.753580  -3.840900   1.171330   2.806490
 -1.181830  -0.681070   3.539450  -2.072190  -0.346850   3.747450
  1.547400   2.297060   4.706230   1.093040   2.270240   5.594590
  1.547400   2.297060   4.706230   2.461500   2.677730   4.829430
  1.547400   2.297060   4.706230   1.023360   2.894660   4.090740
  1.193320  -0.053050   2.956950   1.592280   0.636240   3.507160
  0.922110   5.306570   0.492790   1.513770   4.486040   0.433470
  0.922110   5.306570   0.492790   0.022320   5.082590   0.010340
  0.922110   5.306570   0.492790   1.363850   6.127890   0.113680
  0.922110   5.306570   0.492790   0.644000   5.432840   1.491510
 -2.801900   5.647030   1.322910  -3.435130   5.263510   2.165580
 -2.801900   5.647030   1.322910  -2.722080   6.763270   1.397800
 -2.801900   5.647030   1.322910  -3.290270   5.381050   0.347700
 -1.530810   5.109180   1.379740  -2.801900   5.647030   1.322910
 -1.193990   3.437810   1.928110  -1.530810   5.109180   1.379740
 -1.193990   3.437810   1.928110  -0.749690   3.113210   0.620870
 -1.193990   3.437810   1.928110  -2.447810   3.122180   2.427490
 -1.193990   3.437810   1.928110  -0.130750   3.923860   2.728570
 -0.309140   0.135470   2.525510  -0.662380   1.572050   2.409640
 -0.309140   0.135470   2.525510  -1.181830  -0.681070   3.539450
 -0.309140   0.135470   2.525510   1.193320  -0.053050   2.956950
 -0.439330  -0.672870   1.162920  -0.309140   0.135470   2.525510
 -0.051740   0.028840  -0.000260  -0.439330  -0.672870   1.162920
 -0.051740   0.028840  -0.000260  -0.598090  -0.444940  -0.855090
 -0.051740   0.028840  -0.000260  -0.331080   1.114080   0.089420
 -0.051740   0.028840  -0.000260   1.051570  -0.098360  -0.143060
