33 atoms follow (x y z r g b radiusScale)
 -0.068500  -0.055440  -0.027750   0.000000   1.000000   0.000000   1.850000
  1.008730  -0.273230  -0.248400   1.000000   1.000000   1.000000   1.200000
 -0.259610   1.049750   0.042340   1.000000   1.000000   1.000000   1.200000
 -0.705710  -0.517240  -0.825850   1.000000   1.000000   1.000000   1.200000
 -0.428520  -0.685470   1.181660   1.000000   0.000000   0.000000   1.400000
 -0.304560   0.132050   2.539850   0.500000   0.500000   0.500000   1.900000
  1.188270  -0.044680   3.005110   1.000000   0.000000   0.000000   1.400000
 -1.146960  -0.701750   3.573220   1.000000   0.000000   0.000000   1.400000
 -0.701380   1.553540   2.418980   1.000000   0.000000   0.000000   1.400000
 -1.185610   3.470210   1.878270   1.000000   1.000000   0.000000   1.850000
 -0.108750   3.890860   2.694100   1.000000   0.000000   0.000000   1.400000
 -2.463290   3.129500   2.286460   1.000000   0.000000   0.000000   1.400000
 -0.650720   3.178110   0.589950   1.000000   0.000000   0.000000   1.400000
 -1.576390   5.145970   1.442400   1.000000   0.000000   0.000000   1.400000
 -2.829490   5.734910   1.462060   0.000000   1.000000   0.000000   1.850000
 -3.405140   5.445330   0.543690   1.000000   1.000000   1.000000   1.200000
 -2.687240   6.847820   1.472360   1.000000   1.000000   1.000000   1.200000
 -3.405530   5.422450   2.370790   1.000000   1.000000   1.000000   1.200000
  0.861190   5.240270   0.498000   0.000000   0.000000   1.000000   1.540000
  0.685250   5.473670   1.495140   1.000000   1.000000   1.000000   1.200000
  1.571120   5.819630   0.080200   1.000000   1.000000   1.000000   1.200000
 -0.057690   5.328150   0.022830   1.000000   1.000000   1.000000   1.200000
  1.097950   4.225930   0.467990   1.000000   1.000000   1.000000   1.200000
  1.519950   2.311530   4.711790   0.000000   0.000000   1.000000   1.540000
  1.523360   0.577880   3.669510   1.000000   1.000000   1.000000   1.200000
  0.983230   2.908900   4.108410   1.000000   1.000000   1.000000   1.200000
  2.424150   2.711120   4.845850   1.000000   1.000000   1.000000   1.200000
  1.065310   2.248910   5.598360   1.000000   1.000000   1.000000   1.200000
 -3.546920   0.930700   3.736740   0.000000   0.000000   1.000000   1.540000
 -2.071980  -0.453070   3.727150   1.000000   1.000000   1.000000   1.200000
 -3.763790   1.110260   2.774690   1.000000   1.000000   1.000000   1.200000
 -3.030150   1.725110   4.066650   1.000000   1.000000   1.000000   1.200000
 -4.402110   0.874010   4.249040   1.000000   1.000000   1.000000   1.200000
28 bonds follow (x1 y1 z1 x2 y2 z2)
 -3.546920   0.930700   3.736740  -4.402110   0.874010   4.249040
 -3.546920   0.930700   3.736740  -3.030150   1.725110   4.066650
 -3.546920   0.930700   3.736740  -3.763790   1.110260   2.774690
 -1.146960  -0.701750   3.573220  -2.071980  -0.453070   3.727150
  1.519950   2.311530   4.711790   1.065310   2.248910   5.598360
  1.519950   2.311530   4.711790   2.424150   2.711120   4.845850
  1.519950   2.311530   4.711790   0.983230   2.908900   4.108410
  1.188270  -0.044680   3.005110   1.523360   0.577880   3.669510
  0.861190   5.240270   0.498000   1.097950   4.225930   0.467990
  0.861190   5.240270   0.498000  -0.057690   5.328150   0.022830
  0.861190   5.240270   0.498000   1.571120   5.819630   0.080200
  0.861190   5.240270   0.498000   0.685250   5.473670   1.495140
 -2.829490   5.734910   1.462060  -3.405530   5.422450   2.370790
 -2.829490   5.734910   1.462060  -2.687240   6.847820   1.472360
 -2.829490   5.734910   1.462060  -3.405140   5.445330   0.543690
 -1.576390   5.145970   1.442400  -2.829490   5.734910   1.462060
 -1.185610   3.470210   1.878270  -1.576390   5.145970   1.442400
 -1.185610   3.470210   1.878270  -0.650720   3.178110   0.589950
 -1.185610   3.470210   1.878270  -2.463290   3.129500   2.286460
 -1.185610   3.470210   1.878270  -0.108750   3.890860   2.694100
 -0.304560   0.132050   2.539850  -0.701380   1.553540   2.418980
 -0.304560   0.132050   2.539850  -1.146960  -0.701750   3.573220
 -0.304560   0.132050   2.539850   1.188270  -0.044680   3.005110
 -0.428520  -0.685470   1.181660  -0.304560   0.132050   2.539850
 -0.068500  -0.055440  -0.027750  -0.428520  -0.685470   1.181660
 -0.068500  -0.055440  -0.027750  -0.705710  -0.517240  -0.825850
 -0.068500  -0.055440  -0.027750  -0.259610   1.049750   0.042340
 -0.068500  -0.055440  -0.027750   1.008730  -0.273230  -0.248400
