33 atoms follow (x y z r g b radiusScale)
 -0.469670  -0.082720  -0.055030   0.000000   1.000000   0.000000   1.850000
  0.466970  -0.102250  -0.672500   1.000000   1.000000   1.000000   1.200000
 -0.822870   0.971400   0.099710   1.000000   1.000000   1.000000   1.200000
 -1.252420  -0.700070  -0.569250   1.000000   1.000000   1.000000   1.200000
 -0.196570  -0.705320   1.182540   1.000000   0.000000   0.000000   1.400000
 -0.206610   0.148870   2.526300   0.500000   0.500000   0.500000   1.900000
  1.260450  -0.056140   3.062550   1.000000   0.000000   0.000000   1.400000
 -1.050230  -0.633790   3.595840   1.000000   0.000000   0.000000   1.400000
 -0.585940   1.572030   2.381800   1.000000   0.000000   0.000000   1.400000
 -1.191970   3.455880   1.863710   1.000000   1.000000   0.000000   1.850000
 -0.044810   3.956590   2.527810   1.000000   0.000000   0.000000   1.400000
 -2.381120   3.109110   2.476740   1.000000   0.000000   0.000000   1.400000
 -0.901050   3.109830   0.522760   1.000000   0.000000   0.000000   1.400000
 -1.592390   5.120580   1.347490   1.000000   0.000000   0.000000   1.400000
 -2.550050   5.944820   1.899770   0.000000   1.000000   0.000000   1.850000
 -3.225480   5.377200   2.592160   1.000000   1.000000   1.000000   1.200000
 -3.162640   6.394570   1.073250   1.000000   1.000000   1.000000   1.200000
 -2.049510   6.773680   2.469840   1.000000   1.000000   1.000000   1.200000
  0.906690   5.094410   0.296530   0.000000   0.000000   1.000000   1.540000
  1.287610   4.448740   1.022550   1.000000   1.000000   1.000000   1.200000
  1.630880   5.583060  -0.204810   1.000000   1.000000   1.000000   1.200000
  0.273540   5.743510   0.807450   1.000000   1.000000   1.000000   1.200000
  0.307630   4.532380  -0.321780   1.000000   1.000000   1.000000   1.200000
  1.043460   2.466150   5.019570   0.000000   0.000000   1.000000   1.540000
  1.462790   0.283120   3.936340   1.000000   1.000000   1.000000   1.200000
  0.938760   2.927970   4.133550   1.000000   1.000000   1.000000   1.200000
  1.828270   2.861480   5.494410   1.000000   1.000000   1.000000   1.200000
  0.225450   2.648550   5.563700   1.000000   1.000000   1.000000   1.200000
 -3.524660   0.762030   3.394410   0.000000   0.000000   1.000000   1.540000
 -1.992110  -0.411860   3.702530   1.000000   1.000000   1.000000   1.200000
 -3.795400   0.898570   2.441670   1.000000   1.000000   1.000000   1.200000
 -3.169740   1.637720   3.735390   1.000000   1.000000   1.000000   1.200000
 -4.331140   0.511580   3.926520   1.000000   1.000000   1.000000   1.200000
28 bonds follow (x1 y1 z1 x2 y2 z2)
 -3.524660   0.762030   3.394410  -4.331140   0.511580   3.926520
 -3.524660   0.762030   3.394410  -3.169740   1.637720   3.735390
 -3.524660   0.762030   3.394410  -3.795400   0.898570   2.441670
 -1.050230  -0.633790   3.595840  -1.992110  -0.411860   3.702530
  1.043460   2.466150   5.019570   0.225450   2.648550   5.563700
  1.043460   2.466150   5.019570   1.828270   2.861480   5.494410
  1.043460   2.466150   5.019570   0.938760   2.927970   4.133550
  1.260450  -0.056140   3.062550   1.462790   0.283120   3.936340
  0.906690   5.094410   0.296530   0.307630   4.532380  -0.321780
  0.906690   5.094410   0.296530   0.273540   5.743510   0.807450
  0.906690   5.094410   0.296530   1.630880   5.583060  -0.204810
  0.906690   5.094410   0.296530   1.287610   4.448740   1.022550
 -2.550050   5.944820   1.899770  -2.049510   6.773680   2.469840
 -2.550050   5.944820   1.899770  -3.162640   6.394570   1.073250
 -2.550050   5.944820   1.899770  -3.225480   5.377200   2.592160
 -1.592390   5.120580   1.347490  -2.550050   5.944820   1.899770
 -1.191970   3.455880   1.863710  -1.592390   5.120580   1.347490
 -1.191970   3.455880   1.863710  -0.901050   3.109830   0.522760
 -1.191970   3.455880   1.863710  -2.381120   3.109110   2.476740
 -1.191970   3.455880   1.863710  -0.044810   3.956590   2.527810
 -0.206610   0.148870   2.526300  -0.585940   1.572030   2.381800
 -0.206610   0.148870   2.526300  -1.050230  -0.633790   3.595840
 -0.206610   0.148870   2.526300   1.260450  -0.056140   3.062550
 -0.196570  -0.705320   1.182540  -0.206610   0.148870   2.526300
 -0.469670  -0.082720  -0.055030  -0.196570  -0.705320   1.182540
 -0.469670  -0.082720  -0.055030  -1.252420  -0.700070  -0.569250
 -0.469670  -0.082720  -0.055030  -0.822870   0.971400   0.099710
 -0.469670  -0.082720  -0.055030   0.466970  -0.102250  -0.672500
