33 atoms follow (x y z r g b radiusScale)
 -0.065380  -0.040950  -0.020600   0.000000   1.000000   0.000000   1.850000
  1.018170  -0.245350  -0.221620   1.000000   1.000000   1.000000   1.200000
 -0.269020   1.062060   0.052770   1.000000   1.000000   1.000000   1.200000
 -0.683560  -0.503040  -0.832960   1.000000   1.000000   1.000000   1.200000
 -0.440240  -0.682370   1.178780   1.000000   0.000000   0.000000   1.400000
 -0.299080   0.128790   2.539150   0.500000   0.500000   0.500000   1.900000
  1.196800  -0.044140   2.998750   1.000000   0.000000   0.000000   1.400000
 -1.152990  -0.703300   3.563570   1.000000   0.000000   0.000000   1.400000
 -0.703560   1.547490   2.423960   1.000000   0.000000   0.000000   1.400000
 -1.183890   3.468270   1.884750   1.000000   1.000000   0.000000   1.850000
 -0.114970   3.898660   2.707490   1.000000   0.000000   0.000000   1.400000
 -2.461140   3.139450   2.299130   1.000000   0.000000   0.000000   1.400000
 -0.667570   3.172940   0.589940   1.000000   0.000000   0.000000   1.400000
 -1.562110   5.143310   1.434340   1.000000   0.000000   0.000000   1.400000
 -2.821010   5.714480   1.441470   0.000000   1.000000   0.000000   1.850000
 -3.380060   5.426840   0.511860   1.000000   1.000000   1.000000   1.200000
 -2.693320   6.829610   1.463780   1.000000   1.000000   1.000000   1.200000
 -3.407060   5.386660   2.338680   1.000000   1.000000   1.000000   1.200000
  0.862630   5.248830   0.492970   0.000000   0.000000   1.000000   1.540000
  0.642200   5.475380   1.479120   1.000000   1.000000   1.000000   1.200000
  1.534290   5.885620   0.091010   1.000000   1.000000   1.000000   1.200000
 -0.049440   5.271440   0.001160   1.000000   1.000000   1.000000   1.200000
  1.170120   4.264730   0.474780   1.000000   1.000000   1.000000   1.200000
  1.524020   2.313560   4.704200   0.000000   0.000000   1.000000   1.540000
  1.521110   0.537200   3.703090   1.000000   1.000000   1.000000   1.200000
  0.983280   2.934700   4.129570   1.000000   1.000000   1.000000   1.200000
  2.426840   2.709070   4.857090   1.000000   1.000000   1.000000   1.200000
  1.070630   2.205630   5.587060   1.000000   1.000000   1.000000   1.200000
 -3.557870   0.931910   3.742640   0.000000   0.000000   1.000000   1.540000
 -2.078140  -0.447080   3.708730   1.000000   1.000000   1.000000   1.200000
 -3.778070   1.120760   2.783290   1.000000   1.000000   1.000000   1.200000
 -3.046550   1.726170   4.080610   1.000000   1.000000   1.000000   1.200000
 -4.410590   0.858930   4.256830   1.000000   1.000000   1.000000   1.200000
28 bonds follow (x1 y1 z1 x2 y2 z2)
 -3.557870   0.931910   3.742640  -4.410590   0.858930   4.256830
 -3.557870   0.931910   3.742640  -3.046550   1.726170   4.080610
 -3.557870   0.931910   3.742640  -3.778070   1.120760   2.783290
 -1.152990  -0.703300   3.563570  -2.078140  -0.447080   3.708730
  1.524020   2.313560   4.704200   1.070630   2.205630   5.587060
  1.524020   2.313560   4.704200   2.426840   2.709070   4.857090
  1.524020   2.313560   4.704200   0.983280   2.934700   4.129570
  1.196800  -0.044140   2.998750   1.521110   0.537200   3.703090
  0.862630   5.248830   0.492970   1.170120   4.264730   0.474780
  0.862630   5.248830   0.492970  -0.049440   5.271440   0.001160
  0.862630   5.248830   0.492970   1.534290   5.885620   0.091010
  0.862630   5.248830   0.492970   0.642200   5.475380   1.479120
 -2.821010   5.714480   1.441470  -3.407060   5.386660   2.338680
 -2.821010   5.714480   1.441470  -2.693320   6.829610   1.463780
 -2.821010   5.714480   1.441470  -3.380060   5.426840   0.511860
 -1.562110   5.143310   1.434340  -2.821010   5.714480   1.441470
 -1.183890   3.468270   1.884750  -1.562110   5.143310   1.434340
 -1.183890   3.468270   1.884750  -0.667570   3.172940   0.589940
 -1.183890   3.468270   1.884750  -2.461140   3.139450   2.299130
 -1.183890   3.468270   1.884750  -0.114970   3.898660   2.707490
 -0.299080   0.128790   2.539150  -0.703560   1.547490   2.423960
 -0.299080   0.128790   2.539150  -1.152990  -0.703300   3.563570
 -0.299080   0.128790   2.539150   1.196800  -0.044140   2.998750
 -0.440240  -0.682370   1.178780  -0.299080   0.128790   2.539150
 -0.065380  -0.040950  -0.020600  -0.440240  -0.682370   1.178780
 -0.065380  -0.040950  -0.020600  -0.683560  -0.503040  -0.832960
 -0.065380  -0.040950  -0.020600  -0.269020   1.062060   0.052770
 -0.065380  -0.040950  -0.020600   1.018170  -0.245350  -0.221620
