33 atoms follow (x y z r g b radiusScale)
  0.007660  -0.003030  -0.010260   0.000000   1.000000   0.000000   1.850000
  1.126190  -0.008440   0.001860   1.000000   1.000000   1.000000   1.200000
 -0.396940   1.045570  -0.024160   1.000000   1.000000   1.000000   1.200000
 -0.376100  -0.593040  -0.880250   1.000000   1.000000   1.000000   1.200000
 -0.455270  -0.672900   1.148700   1.000000   0.000000   0.000000   1.400000
 -0.313450   0.081660   2.524320   0.500000   0.500000   0.500000   1.900000
  1.164020  -0.049850   3.002450   1.000000   0.000000   0.000000   1.400000
 -1.253970  -0.616140   3.548800   1.000000   0.000000   0.000000   1.400000
 -0.676310   1.530740   2.375100   1.000000   0.000000   0.000000   1.400000
 -1.095390   3.260300   2.003600   1.000000   1.000000   0.000000   1.850000
 -0.080920   3.800350   2.775670   1.000000   0.000000   0.000000   1.400000
 -2.371230   3.219920   2.506620   1.000000   0.000000   0.000000   1.400000
 -0.938900   3.104630   0.631590   1.000000   0.000000   0.000000   1.400000
 -1.664570   5.356440   1.619410   1.000000   0.000000   0.000000   1.400000
 -2.845910   5.706940   0.905730   0.000000   1.000000   0.000000   1.850000
 -2.773250   5.342370  -0.148370   1.000000   1.000000   1.000000   1.200000
 -2.989370   6.813920   0.940970   1.000000   1.000000   1.000000   1.200000
 -3.660020   5.166500   1.465510   1.000000   1.000000   1.000000   1.200000
  0.999610   5.558600   0.376800   0.000000   0.000000   1.000000   1.540000
  1.368050   5.202690   1.237010   1.000000   1.000000   1.000000   1.200000
 -0.958950   5.948370   1.181420   1.000000   1.000000   1.000000   1.200000
  0.664680   4.781310  -0.159420   1.000000   1.000000   1.000000   1.200000
  1.723970   6.021760  -0.129180   1.000000   1.000000   1.000000   1.200000
  1.623070   2.226030   4.679070   0.000000   0.000000   1.000000   1.540000
  1.502220   0.599280   3.653970   1.000000   1.000000   1.000000   1.200000
  1.234120   2.952110   4.104890   1.000000   1.000000   1.000000   1.200000
  2.594270   2.407110   4.823130   1.000000   1.000000   1.000000   1.200000
  1.163160   2.230740   5.565110   1.000000   1.000000   1.000000   1.200000
 -3.585810   0.972070   3.757230   0.000000   0.000000   1.000000   1.540000
 -2.151290  -0.243240   3.714430   1.000000   1.000000   1.000000   1.200000
 -3.860760   1.207680   2.823890   1.000000   1.000000   1.000000   1.200000
 -3.195200   1.799340   4.168200   1.000000   1.000000   1.000000   1.200000
 -4.390870   0.692400   4.276350   1.000000   1.000000   1.000000   1.200000
28 bonds follow (x1 y1 z1 x2 y2 z2)
 -3.585810   0.972070   3.757230  -4.390870   0.692400   4.276350
 -3.585810   0.972070   3.757230  -3.195200   1.799340   4.168200
 -3.585810   0.972070   3.757230  -3.860760   1.207680   2.823890
 -1.253970  -0.616140   3.548800  -2.151290  -0.243240   3.714430
  1.623070   2.226030   4.679070   1.163160   2.230740   5.565110
  1.623070   2.226030   4.679070   2.594270   2.407110   4.823130
  1.623070   2.226030   4.679070   1.234120   2.952110   4.104890
  1.164020  -0.049850   3.002450   1.502220   0.599280   3.653970
  0.999610   5.558600   0.376800   1.723970   6.021760  -0.129180
  0.999610   5.558600   0.376800   0.664680   4.781310  -0.159420
 -1.664570   5.356440   1.619410  -0.958950   5.948370   1.181420
  0.999610   5.558600   0.376800   1.368050   5.202690   1.237010
 -2.845910   5.706940   0.905730  -3.660020   5.166500   1.465510
 -2.845910   5.706940   0.905730  -2.989370   6.813920   0.940970
 -2.845910   5.706940   0.905730  -2.773250   5.342370  -0.148370
 -1.664570   5.356440   1.619410  -2.845910   5.706940   0.905730
 -1.095390   3.260300   2.003600  -0.938900   3.104630   0.631590
 -1.095390   3.260300   2.003600  -2.371230   3.219920   2.506620
 -1.095390   3.260300   2.003600  -0.080920   3.800350   2.775670
 -0.676310   1.530740   2.375100  -1.095390   3.260300   2.003600
 -0.313450   0.081660   2.524320  -0.676310   1.530740   2.375100
 -0.313450   0.081660   2.524320  -1.253970  -0.616140   3.548800
 -0.313450   0.081660   2.524320   1.164020  -0.049850   3.002450
 -0.455270  -0.672900   1.148700  -0.313450   0.081660   2.524320
  0.007660  -0.003030  -0.010260  -0.455270  -0.672900   1.148700
  0.007660  -0.003030  -0.010260  -0.376100  -0.593040  -0.880250
  0.007660  -0.003030  -0.010260  -0.396940   1.045570  -0.024160
  0.007660  -0.003030  -0.010260   1.126190  -0.008440   0.001860
