33 atoms follow (x y z r g b radiusScale)
 -0.256490  -0.160930  -0.044770   0.000000   1.000000   0.000000   1.850000
  0.681510  -0.454890  -0.585190   1.000000   1.000000   1.000000   1.200000
 -0.335540   0.955020   0.058220   1.000000   1.000000   1.000000   1.200000
 -1.139800  -0.560370  -0.609820   1.000000   1.000000   1.000000   1.200000
 -0.245660  -0.786960   1.222780   1.000000   0.000000   0.000000   1.400000
 -0.237260   0.156160   2.503020   0.500000   0.500000   0.500000   1.900000
  1.265040   0.128390   2.956500   1.000000   0.000000   0.000000   1.400000
 -1.061070  -0.598630   3.605540   1.000000   0.000000   0.000000   1.400000
 -0.680050   1.547840   2.261250   1.000000   0.000000   0.000000   1.400000
 -1.133030   3.415670   1.906940   1.000000   1.000000   0.000000   1.850000
  0.105130   3.763940   2.518560   1.000000   0.000000   0.000000   1.400000
 -2.297640   3.173690   2.617130   1.000000   0.000000   0.000000   1.400000
 -0.956710   3.125170   0.521700   1.000000   0.000000   0.000000   1.400000
 -1.474260   5.116060   1.554350   1.000000   0.000000   0.000000   1.400000
 -2.634150   5.808370   1.847040   0.000000   1.000000   0.000000   1.850000
 -3.058200   5.489390   2.833880   1.000000   1.000000   1.000000   1.200000
 -3.398970   5.635960   1.044470   1.000000   1.000000   1.000000   1.200000
 -2.382970   6.901860   1.884050   1.000000   1.000000   1.000000   1.200000
  0.821420   5.152140   0.284360   0.000000   0.000000   1.000000   1.540000
  1.136850   4.757610   1.196790   1.000000   1.000000   1.000000   1.200000
  1.590040   5.488620  -0.276840   1.000000   1.000000   1.000000   1.200000
  0.142530   5.901920   0.505650   1.000000   1.000000   1.000000   1.200000
  0.294940   4.404130  -0.196300   1.000000   1.000000   1.000000   1.200000
  0.978380   2.508170   4.923740   0.000000   0.000000   1.000000   1.540000
  1.553190   0.752220   3.628540   1.000000   1.000000   1.000000   1.200000
  1.325580   3.055790   4.157560   1.000000   1.000000   1.000000   1.200000
  1.367450   2.862010   5.772650   1.000000   1.000000   1.000000   1.200000
 -0.013630   2.637310   4.954980   1.000000   1.000000   1.000000   1.200000
 -3.678980   0.882690   3.381270   0.000000   0.000000   1.000000   1.540000
 -1.969710  -0.304890   3.770630   1.000000   1.000000   1.000000   1.200000
 -3.634500   1.334200   2.487290   1.000000   1.000000   1.000000   1.200000
 -3.490950   1.584990   4.070310   1.000000   1.000000   1.000000   1.200000
 -4.602560   0.530660   3.521840   1.000000   1.000000   1.000000   1.200000
28 bonds follow (x1 y1 z1 x2 y2 z2)
 -3.678980   0.882690   3.381270  -4.602560   0.530660   3.521840
 -3.678980   0.882690   3.381270  -3.490950   1.584990   4.070310
 -3.678980   0.882690   3.381270  -3.634500   1.334200   2.487290
 -1.061070  -0.598630   3.605540  -1.969710  -0.304890   3.770630
  0.978380   2.508170   4.923740  -0.013630   2.637310   4.954980
  0.978380   2.508170   4.923740   1.367450   2.862010   5.772650
  0.978380   2.508170   4.923740   1.325580   3.055790   4.157560
  1.265040   0.128390   2.956500   1.553190   0.752220   3.628540
  0.821420   5.152140   0.284360   0.294940   4.404130  -0.196300
  0.821420   5.152140   0.284360   0.142530   5.901920   0.505650
  0.821420   5.152140   0.284360   1.590040   5.488620  -0.276840
  0.821420   5.152140   0.284360   1.136850   4.757610   1.196790
 -2.634150   5.808370   1.847040  -2.382970   6.901860   1.884050
 -2.634150   5.808370   1.847040  -3.398970   5.635960   1.044470
 -2.634150   5.808370   1.847040  -3.058200   5.489390   2.833880
 -1.474260   5.116060   1.554350  -2.634150   5.808370   1.847040
 -1.133030   3.415670   1.906940  -1.474260   5.116060   1.554350
 -1.133030   3.415670   1.906940  -0.956710   3.125170   0.521700
 -1.133030   3.415670   1.906940  -2.297640   3.173690   2.617130
 -1.133030   3.415670   1.906940   0.105130   3.763940   2.518560
 -0.237260   0.156160   2.503020  -0.680050   1.547840   2.261250
 -0.237260   0.156160   2.503020  -1.061070  -0.598630   3.605540
 -0.237260   0.156160   2.503020   1.265040   0.128390   2.956500
 -0.245660  -0.786960   1.222780  -0.237260   0.156160   2.503020
 -0.256490  -0.160930  -0.044770  -0.245660  -0.786960   1.222780
 -0.256490  -0.160930  -0.044770  -1.139800  -0.560370  -0.609820
 -0.256490  -0.160930  -0.044770  -0.335540   0.955020   0.058220
 -0.256490  -0.160930  -0.044770   0.681510  -0.454890  -0.585190
