33 atoms follow (x y z r g b radiusScale)
 -0.432210  -0.233210  -0.006200   0.000000   1.000000   0.000000   1.850000
  0.502950  -0.379710  -0.608640   1.000000   1.000000   1.000000   1.200000
 -0.686410   0.858330   0.071090   1.000000   1.000000   1.000000   1.200000
 -1.267370  -0.804290  -0.490270   1.000000   1.000000   1.000000   1.200000
 -0.223890  -0.799030   1.269720   1.000000   0.000000   0.000000   1.400000
 -0.211390   0.159900   2.537230   0.500000   0.500000   0.500000   1.900000
  1.243200   0.055920   3.128750   1.000000   0.000000   0.000000   1.400000
 -1.153380  -0.600740   3.537380   1.000000   0.000000   0.000000   1.400000
 -0.633880   1.543700   2.210080   1.000000   0.000000   0.000000   1.400000
 -1.190590   3.407470   1.765930   1.000000   1.000000   0.000000   1.850000
 -0.124590   3.838710   2.602780   1.000000   0.000000   0.000000   1.400000
 -2.460480   3.073770   2.216920   1.000000   0.000000   0.000000   1.400000
 -0.703450   3.200050   0.445510   1.000000   0.000000   0.000000   1.400000
 -1.605350   5.099820   1.388600   1.000000   0.000000   0.000000   1.400000
 -2.680520   5.781510   1.932450   0.000000   1.000000   0.000000   1.850000
 -3.639030   5.440990   1.462340   1.000000   1.000000   1.000000   1.200000
 -2.534640   6.875380   1.727150   1.000000   1.000000   1.000000   1.200000
 -2.738560   5.616640   3.039920   1.000000   1.000000   1.000000   1.200000
  0.947480   5.291980   0.559810   0.000000   0.000000   1.000000   1.540000
  1.468580   4.595730   1.115280   1.000000   1.000000   1.000000   1.200000
  1.553450   5.936140   0.076420   1.000000   1.000000   1.000000   1.200000
  0.302720   5.769120   1.216280   1.000000   1.000000   1.000000   1.200000
  0.341570   4.764570  -0.092870   1.000000   1.000000   1.000000   1.200000
  1.326180   2.460110   4.840810   0.000000   0.000000   1.000000   1.540000
  1.470770   0.625930   3.876440   1.000000   1.000000   1.000000   1.200000
  0.889220   3.083820   4.186940   1.000000   1.000000   1.000000   1.200000
  2.245870   2.788360   5.045350   1.000000   1.000000   1.000000   1.200000
  0.797250   2.448150   5.687180   1.000000   1.000000   1.000000   1.200000
 -3.603460   0.953730   3.662630   0.000000   0.000000   1.000000   1.540000
 -2.066450  -0.282330   3.657080   1.000000   1.000000   1.000000   1.200000
 -3.715560   1.222600   2.702780   1.000000   1.000000   1.000000   1.200000
 -3.321240   1.773560   4.162820   1.000000   1.000000   1.000000   1.200000
 -4.481410   0.641100   4.020260   1.000000   1.000000   1.000000   1.200000
28 bonds follow (x1 y1 z1 x2 y2 z2)
 -3.603460   0.953730   3.662630  -4.481410   0.641100   4.020260
 -3.603460   0.953730   3.662630  -3.321240   1.773560   4.162820
 -3.603460   0.953730   3.662630  -3.715560   1.222600   2.702780
 -1.153380  -0.600740   3.537380  -2.066450  -0.282330   3.657080
  1.326180   2.460110   4.840810   0.797250   2.448150   5.687180
  1.326180   2.460110   4.840810   2.245870   2.788360   5.045350
  1.326180   2.460110   4.840810   0.889220   3.083820   4.186940
  1.243200   0.055920   3.128750   1.470770   0.625930   3.876440
  0.947480   5.291980   0.559810   0.341570   4.764570  -0.092870
  0.947480   5.291980   0.559810   0.302720   5.769120   1.216280
  0.947480   5.291980   0.559810   1.553450   5.936140   0.076420
  0.947480   5.291980   0.559810   1.468580   4.595730   1.115280
 -2.680520   5.781510   1.932450  -2.738560   5.616640   3.039920
 -2.680520   5.781510   1.932450  -2.534640   6.875380   1.727150
 -2.680520   5.781510   1.932450  -3.639030   5.440990   1.462340
 -1.605350   5.099820   1.388600  -2.680520   5.781510   1.932450
 -1.190590   3.407470   1.765930  -1.605350   5.099820   1.388600
 -1.190590   3.407470   1.765930  -0.703450   3.200050   0.445510
 -1.190590   3.407470   1.765930  -2.460480   3.073770   2.216920
 -1.190590   3.407470   1.765930  -0.124590   3.838710   2.602780
 -0.211390   0.159900   2.537230  -0.633880   1.543700   2.210080
 -0.211390   0.159900   2.537230  -1.153380  -0.600740   3.537380
 -0.211390   0.159900   2.537230   1.243200   0.055920   3.128750
 -0.223890  -0.799030   1.269720  -0.211390   0.159900   2.537230
 -0.432210  -0.233210  -0.006200  -0.223890  -0.799030   1.269720
 -0.432210  -0.233210  -0.006200  -1.267370  -0.804290  -0.490270
 -0.432210  -0.233210  -0.006200  -0.686410   0.858330   0.071090
 -0.432210  -0.233210  -0.006200   0.502950  -0.379710  -0.608640
