33 atoms follow (x y z r g b radiusScale)
 -0.514900  -0.098280  -0.022680   0.000000   1.000000   0.000000   1.850000
  0.383470  -0.172490  -0.690750   1.000000   1.000000   1.000000   1.200000
 -0.811220   0.974380   0.126350   1.000000   1.000000   1.000000   1.200000
 -1.353090  -0.684840  -0.483290   1.000000   1.000000   1.000000   1.200000
 -0.196480  -0.715210   1.204540   1.000000   0.000000   0.000000   1.400000
 -0.163880   0.161670   2.528640   0.500000   0.500000   0.500000   1.900000
  1.306750  -0.038950   3.072450   1.000000   0.000000   0.000000   1.400000
 -1.107370  -0.599650   3.519670   1.000000   0.000000   0.000000   1.400000
 -0.583740   1.564960   2.334660   1.000000   0.000000   0.000000   1.400000
 -1.188440   3.474740   1.855260   1.000000   1.000000   0.000000   1.850000
 -0.064380   3.917690   2.601260   1.000000   0.000000   0.000000   1.400000
 -2.401410   3.163670   2.442880   1.000000   0.000000   0.000000   1.400000
 -0.814750   3.074360   0.544710   1.000000   0.000000   0.000000   1.400000
 -1.622940   5.105990   1.298390   1.000000   0.000000   0.000000   1.400000
 -2.545800   5.924990   1.930000   0.000000   1.000000   0.000000   1.850000
 -3.314520   5.322720   2.479410   1.000000   1.000000   1.000000   1.200000
 -3.052710   6.552450   1.150570   1.000000   1.000000   1.000000   1.200000
 -2.016650   6.601020   2.653870   1.000000   1.000000   1.000000   1.200000
  0.886080   5.103680   0.301640   0.000000   0.000000   1.000000   1.540000
  1.141560   4.781890   1.264270   1.000000   1.000000   1.000000   1.200000
  1.665590   5.522580  -0.175720   1.000000   1.000000   1.000000   1.200000
  0.087620   5.750230   0.404350   1.000000   1.000000   1.000000   1.200000
  0.516350   4.274520  -0.203030   1.000000   1.000000   1.000000   1.200000
  1.054310   2.432710   4.989550   0.000000   0.000000   1.000000   1.540000
  1.574410   0.491760   3.826360   1.000000   1.000000   1.000000   1.200000
  0.895010   2.982750   4.164810   1.000000   1.000000   1.000000   1.200000
  1.868060   2.778470   5.453450   1.000000   1.000000   1.000000   1.200000
  0.272970   2.545140   5.601510   1.000000   1.000000   1.000000   1.200000
 -3.578380   0.739350   3.456810   0.000000   0.000000   1.000000   1.540000
 -2.023180  -0.288610   3.656610   1.000000   1.000000   1.000000   1.200000
 -3.772990   0.830010   2.479920   1.000000   1.000000   1.000000   1.200000
 -3.174780   1.607570   3.762770   1.000000   1.000000   1.000000   1.200000
 -4.437730   0.592620   3.942250   1.000000   1.000000   1.000000   1.200000
28 bonds follow (x1 y1 z1 x2 y2 z2)
 -3.578380   0.739350   3.456810  -4.437730   0.592620   3.942250
 -3.578380   0.739350   3.456810  -3.174780   1.607570   3.762770
 -3.578380   0.739350   3.456810  -3.772990   0.830010   2.479920
 -1.107370  -0.599650   3.519670  -2.023180  -0.288610   3.656610
  1.054310   2.432710   4.989550   0.272970   2.545140   5.601510
  1.054310   2.432710   4.989550   1.868060   2.778470   5.453450
  1.054310   2.432710   4.989550   0.895010   2.982750   4.164810
  1.306750  -0.038950   3.072450   1.574410   0.491760   3.826360
  0.886080   5.103680   0.301640   0.516350   4.274520  -0.203030
  0.886080   5.103680   0.301640   0.087620   5.750230   0.404350
  0.886080   5.103680   0.301640   1.665590   5.522580  -0.175720
  0.886080   5.103680   0.301640   1.141560   4.781890   1.264270
 -2.545800   5.924990   1.930000  -2.016650   6.601020   2.653870
 -2.545800   5.924990   1.930000  -3.052710   6.552450   1.150570
 -2.545800   5.924990   1.930000  -3.314520   5.322720   2.479410
 -1.622940   5.105990   1.298390  -2.545800   5.924990   1.930000
 -1.188440   3.474740   1.855260  -1.622940   5.105990   1.298390
 -1.188440   3.474740   1.855260  -0.814750   3.074360   0.544710
 -1.188440   3.474740   1.855260  -2.401410   3.163670   2.442880
 -1.188440   3.474740   1.855260  -0.064380   3.917690   2.601260
 -0.163880   0.161670   2.528640  -0.583740   1.564960   2.334660
 -0.163880   0.161670   2.528640  -1.107370  -0.599650   3.519670
 -0.163880   0.161670   2.528640   1.306750  -0.038950   3.072450
 -0.196480  -0.715210   1.204540  -0.163880   0.161670   2.528640
 -0.514900  -0.098280  -0.022680  -0.196480  -0.715210   1.204540
 -0.514900  -0.098280  -0.022680  -1.353090  -0.684840  -0.483290
 -0.514900  -0.098280  -0.022680  -0.811220   0.974380   0.126350
 -0.514900  -0.098280  -0.022680   0.383470  -0.172490  -0.690750
