33 atoms follow (x y z r g b radiusScale)
  0.217210  -0.185270   0.022430   0.000000   1.000000   0.000000   1.850000
  1.325750  -0.225200   0.163710   1.000000   1.000000   1.000000   1.200000
 -0.144270   0.873510  -0.069100   1.000000   1.000000   1.000000   1.200000
 -0.091990  -0.796190  -0.862030   1.000000   1.000000   1.000000   1.200000
 -0.401300  -0.786620   1.148840   1.000000   0.000000   0.000000   1.400000
 -0.311690   0.003720   2.512620   0.500000   0.500000   0.500000   1.900000
  1.169020  -0.133550   2.969850   1.000000   0.000000   0.000000   1.400000
 -1.266930  -0.662220   3.550990   1.000000   0.000000   0.000000   1.400000
 -0.592780   1.470580   2.316220   1.000000   0.000000   0.000000   1.400000
 -1.143440   3.173020   2.138850   1.000000   1.000000   0.000000   1.850000
 -0.252320   3.730800   3.024910   1.000000   0.000000   0.000000   1.400000
 -2.441650   3.006230   2.548560   1.000000   0.000000   0.000000   1.400000
 -0.843880   3.266400   0.804640   1.000000   0.000000   0.000000   1.400000
 -2.286970   6.117360   1.524580   1.000000   0.000000   0.000000   1.400000
 -3.519840   6.104560   0.855690   0.000000   1.000000   0.000000   1.850000
 -3.476240   6.661760  -0.110500   1.000000   1.000000   1.000000   1.200000
 -4.308100   6.561600   1.506310   1.000000   1.000000   1.000000   1.200000
 -3.776470   5.044590   0.646910   1.000000   1.000000   1.000000   1.200000
  2.144790   5.410370  -0.107890   0.000000   0.000000   1.000000   1.540000
  2.260740   6.094720   0.609780   1.000000   1.000000   1.000000   1.200000
 -1.905310   7.101220   1.775560   1.000000   1.000000   1.000000   1.200000
  2.045040   5.879710  -0.981850   1.000000   1.000000   1.000000   1.200000
  1.301070   4.910040   0.080710   1.000000   1.000000   1.000000   1.200000
  1.799870   2.200470   4.551980   0.000000   0.000000   1.000000   1.540000
  1.565010   0.563550   3.534270   1.000000   1.000000   1.000000   1.200000
  1.538680   2.925070   3.907220   1.000000   1.000000   1.000000   1.200000
  2.758760   2.314630   4.805240   1.000000   1.000000   1.000000   1.200000
  1.238260   2.288750   5.372820   1.000000   1.000000   1.000000   1.200000
 -3.660080   0.823590   3.846630   0.000000   0.000000   1.000000   1.540000
 -2.162490  -0.285290   3.720950   1.000000   1.000000   1.000000   1.200000
 -3.776010   1.286230   2.963780   1.000000   1.000000   1.000000   1.200000
 -3.432510   1.523700   4.524540   1.000000   1.000000   1.000000   1.200000
 -4.520530   0.388710   4.105390   1.000000   1.000000   1.000000   1.200000
28 bonds follow (x1 y1 z1 x2 y2 z2)
 -3.660080   0.823590   3.846630  -4.520530   0.388710   4.105390
 -3.660080   0.823590   3.846630  -3.432510   1.523700   4.524540
 -3.660080   0.823590   3.846630  -3.776010   1.286230   2.963780
 -1.266930  -0.662220   3.550990  -2.162490  -0.285290   3.720950
  1.799870   2.200470   4.551980   1.238260   2.288750   5.372820
  1.799870   2.200470   4.551980   2.758760   2.314630   4.805240
  1.799870   2.200470   4.551980   1.538680   2.925070   3.907220
  1.169020  -0.133550   2.969850   1.565010   0.563550   3.534270
  2.144790   5.410370  -0.107890   1.301070   4.910040   0.080710
  2.144790   5.410370  -0.107890   2.045040   5.879710  -0.981850
 -2.286970   6.117360   1.524580  -1.905310   7.101220   1.775560
  2.144790   5.410370  -0.107890   2.260740   6.094720   0.609780
 -3.519840   6.104560   0.855690  -3.776470   5.044590   0.646910
 -3.519840   6.104560   0.855690  -4.308100   6.561600   1.506310
 -3.519840   6.104560   0.855690  -3.476240   6.661760  -0.110500
 -2.286970   6.117360   1.524580  -3.519840   6.104560   0.855690
 -1.143440   3.173020   2.138850  -0.843880   3.266400   0.804640
 -1.143440   3.173020   2.138850  -2.441650   3.006230   2.548560
 -1.143440   3.173020   2.138850  -0.252320   3.730800   3.024910
 -0.592780   1.470580   2.316220  -1.143440   3.173020   2.138850
 -0.311690   0.003720   2.512620  -0.592780   1.470580   2.316220
 -0.311690   0.003720   2.512620  -1.266930  -0.662220   3.550990
 -0.311690   0.003720   2.512620   1.169020  -0.133550   2.969850
 -0.401300  -0.786620   1.148840  -0.311690   0.003720   2.512620
  0.217210  -0.185270   0.022430  -0.401300  -0.786620   1.148840
  0.217210  -0.185270   0.022430  -0.091990  -0.796190  -0.862030
  0.217210  -0.185270   0.022430  -0.144270   0.873510  -0.069100
  0.217210  -0.185270   0.022430   1.325750  -0.225200   0.163710
