33 atoms follow (x y z r g b radiusScale)
 -0.043130   0.037190  -0.024320   0.000000   1.000000   0.000000   1.850000
  1.066890  -0.041900  -0.148200   1.000000   1.000000   1.000000   1.200000
 -0.370270   1.110570   0.040770   1.000000   1.000000   1.000000   1.200000
 -0.553760  -0.484180  -0.873640   1.000000   1.000000   1.000000   1.200000
 -0.421360  -0.655140   1.148510   1.000000   0.000000   0.000000   1.400000
 -0.324490   0.141920   2.519150   0.500000   0.500000   0.500000   1.900000
  1.179510  -0.050130   2.935690   1.000000   0.000000   0.000000   1.400000
 -1.207880  -0.647560   3.549470   1.000000   0.000000   0.000000   1.400000
 -0.627130   1.591690   2.409100   1.000000   0.000000   0.000000   1.400000
 -1.193620   3.428490   1.944940   1.000000   1.000000   0.000000   1.850000
 -0.097260   3.919380   2.706710   1.000000   0.000000   0.000000   1.400000
 -2.434750   3.116750   2.490090   1.000000   0.000000   0.000000   1.400000
 -0.750410   3.108540   0.629830   1.000000   0.000000   0.000000   1.400000
 -1.569710   5.074030   1.374440   1.000000   0.000000   0.000000   1.400000
 -2.817410   5.646090   1.259150   0.000000   1.000000   0.000000   1.850000
 -3.265400   5.404950   0.257810   1.000000   1.000000   1.000000   1.200000
 -2.703810   6.760620   1.343080   1.000000   1.000000   1.000000   1.200000
 -3.506100   5.281950   2.065450   1.000000   1.000000   1.000000   1.200000
  0.929130   5.287310   0.528980   0.000000   0.000000   1.000000   1.540000
  0.707380   5.349700   1.546210   1.000000   1.000000   1.000000   1.200000
  1.213270   6.173610   0.148880   1.000000   1.000000   1.000000   1.200000
  0.038830   4.943710   0.093230   1.000000   1.000000   1.000000   1.200000
  1.647340   4.572900   0.393120   1.000000   1.000000   1.000000   1.200000
  1.559110   2.293680   4.706420   0.000000   0.000000   1.000000   1.540000
  1.566730   0.619230   3.518460   1.000000   1.000000   1.000000   1.200000
  1.041130   2.888930   4.083690   1.000000   1.000000   1.000000   1.200000
  2.478630   2.663290   4.821930   1.000000   1.000000   1.000000   1.200000
  1.107190   2.282990   5.596200   1.000000   1.000000   1.000000   1.200000
 -3.602690   0.952480   3.760560   0.000000   0.000000   1.000000   1.540000
 -2.096230  -0.305090   3.762560   1.000000   1.000000   1.000000   1.200000
 -3.814760   1.154620   2.802510   1.000000   1.000000   1.000000   1.200000
 -3.168600   1.773520   4.140770   1.000000   1.000000   1.000000   1.200000
 -4.456650   0.783220   4.248750   1.000000   1.000000   1.000000   1.200000
28 bonds follow (x1 y1 z1 x2 y2 z2)
 -3.602690   0.952480   3.760560  -4.456650   0.783220   4.248750
 -3.602690   0.952480   3.760560  -3.168600   1.773520   4.140770
 -3.602690   0.952480   3.760560  -3.814760   1.154620   2.802510
 -1.207880  -0.647560   3.549470  -2.096230  -0.305090   3.762560
  1.559110   2.293680   4.706420   1.107190   2.282990   5.596200
  1.559110   2.293680   4.706420   2.478630   2.663290   4.821930
  1.559110   2.293680   4.706420   1.041130   2.888930   4.083690
  1.179510  -0.050130   2.935690   1.566730   0.619230   3.518460
  0.929130   5.287310   0.528980   1.647340   4.572900   0.393120
  0.929130   5.287310   0.528980   0.038830   4.943710   0.093230
  0.929130   5.287310   0.528980   1.213270   6.173610   0.148880
  0.929130   5.287310   0.528980   0.707380   5.349700   1.546210
 -2.817410   5.646090   1.259150  -3.506100   5.281950   2.065450
 -2.817410   5.646090   1.259150  -2.703810   6.760620   1.343080
 -2.817410   5.646090   1.259150  -3.265400   5.404950   0.257810
 -1.569710   5.074030   1.374440  -2.817410   5.646090   1.259150
 -1.193620   3.428490   1.944940  -1.569710   5.074030   1.374440
 -1.193620   3.428490   1.944940  -0.750410   3.108540   0.629830
 -1.193620   3.428490   1.944940  -2.434750   3.116750   2.490090
 -1.193620   3.428490   1.944940  -0.097260   3.919380   2.706710
 -0.324490   0.141920   2.519150  -0.627130   1.591690   2.409100
 -0.324490   0.141920   2.519150  -1.207880  -0.647560   3.549470
 -0.324490   0.141920   2.519150   1.179510  -0.050130   2.935690
 -0.421360  -0.655140   1.148510  -0.324490   0.141920   2.519150
 -0.043130   0.037190  -0.024320  -0.421360  -0.655140   1.148510
 -0.043130   0.037190  -0.024320  -0.553760  -0.484180  -0.873640
 -0.043130   0.037190  -0.024320  -0.370270   1.110570   0.040770
 -0.043130   0.037190  -0.024320   1.066890  -0.041900  -0.148200
