33 atoms follow (x y z r g b radiusScale)
 -0.217440  -0.239760  -0.074010   0.000000   1.000000   0.000000   1.850000
  0.824400  -0.320850  -0.482470   1.000000   1.000000   1.000000   1.200000
 -0.553550   0.831280  -0.032530   1.000000   1.000000   1.000000   1.200000
 -0.906070  -0.848020  -0.716940   1.000000   1.000000   1.000000   1.200000
 -0.249340  -0.812130   1.214630   1.000000   0.000000   0.000000   1.400000
 -0.270510   0.151760   2.480650   0.500000   0.500000   0.500000   1.900000
  1.196360   0.010190   3.017530   1.000000   0.000000   0.000000   1.400000
 -1.090530  -0.614290   3.571120   1.000000   0.000000   0.000000   1.400000
 -0.648110   1.564360   2.254670   1.000000   0.000000   0.000000   1.400000
 -1.098250   3.449640   1.925360   1.000000   1.000000   0.000000   1.850000
  0.134240   3.842870   2.524430   1.000000   0.000000   0.000000   1.400000
 -2.243670   3.185160   2.652650   1.000000   0.000000   0.000000   1.400000
 -0.951200   3.195670   0.538580   1.000000   0.000000   0.000000   1.400000
 -1.498430   5.167970   1.594510   1.000000   0.000000   0.000000   1.400000
 -2.728670   5.762400   1.800080   0.000000   1.000000   0.000000   1.850000
 -3.027330   5.693750   2.878540   1.000000   1.000000   1.000000   1.200000
 -3.516650   5.266870   1.173720   1.000000   1.000000   1.000000   1.200000
 -2.649470   6.842170   1.505150   1.000000   1.000000   1.000000   1.200000
  0.797550   5.161890   0.250700   0.000000   0.000000   1.000000   1.540000
  0.880840   5.202260   1.293400   1.000000   1.000000   1.000000   1.200000
  1.456730   5.774700  -0.207140   1.000000   1.000000   1.000000   1.200000
 -0.200130   5.414270   0.036320   1.000000   1.000000   1.000000   1.200000
  0.914570   4.187290  -0.022970   1.000000   1.000000   1.000000   1.200000
  0.971210   2.506160   4.908300   0.000000   0.000000   1.000000   1.540000
  1.427870   0.459550   3.832690   1.000000   1.000000   1.000000   1.200000
  1.584500   2.911580   4.227150   1.000000   1.000000   1.000000   1.200000
  1.228600   2.848400   5.811060   1.000000   1.000000   1.000000   1.200000
  0.048050   2.836130   4.696390   1.000000   1.000000   1.000000   1.200000
 -3.599760   0.889870   3.398360   0.000000   0.000000   1.000000   1.540000
 -2.041220  -0.462570   3.658370   1.000000   1.000000   1.000000   1.200000
 -3.762960   1.304050   2.501260   1.000000   1.000000   1.000000   1.200000
 -3.165780   1.595030   3.966080   1.000000   1.000000   1.000000   1.200000
 -4.478520   0.646300   3.804980   1.000000   1.000000   1.000000   1.200000
28 bonds follow (x1 y1 z1 x2 y2 z2)
 -3.599760   0.889870   3.398360  -4.478520   0.646300   3.804980
 -3.599760   0.889870   3.398360  -3.165780   1.595030   3.966080
 -3.599760   0.889870   3.398360  -3.762960   1.304050   2.501260
 -1.090530  -0.614290   3.571120  -2.041220  -0.462570   3.658370
  0.971210   2.506160   4.908300   0.048050   2.836130   4.696390
  0.971210   2.506160   4.908300   1.228600   2.848400   5.811060
  0.971210   2.506160   4.908300   1.584500   2.911580   4.227150
  1.196360   0.010190   3.017530   1.427870   0.459550   3.832690
  0.797550   5.161890   0.250700   0.914570   4.187290  -0.022970
  0.797550   5.161890   0.250700  -0.200130   5.414270   0.036320
  0.797550   5.161890   0.250700   1.456730   5.774700  -0.207140
  0.797550   5.161890   0.250700   0.880840   5.202260   1.293400
 -2.728670   5.762400   1.800080  -2.649470   6.842170   1.505150
 -2.728670   5.762400   1.800080  -3.516650   5.266870   1.173720
 -2.728670   5.762400   1.800080  -3.027330   5.693750   2.878540
 -1.498430   5.167970   1.594510  -2.728670   5.762400   1.800080
 -1.098250   3.449640   1.925360  -1.498430   5.167970   1.594510
 -1.098250   3.449640   1.925360  -0.951200   3.195670   0.538580
 -1.098250   3.449640   1.925360  -2.243670   3.185160   2.652650
 -1.098250   3.449640   1.925360   0.134240   3.842870   2.524430
 -0.270510   0.151760   2.480650  -0.648110   1.564360   2.254670
 -0.270510   0.151760   2.480650  -1.090530  -0.614290   3.571120
 -0.270510   0.151760   2.480650   1.196360   0.010190   3.017530
 -0.249340  -0.812130   1.214630  -0.270510   0.151760   2.480650
 -0.217440  -0.239760  -0.074010  -0.249340  -0.812130   1.214630
 -0.217440  -0.239760  -0.074010  -0.906070  -0.848020  -0.716940
 -0.217440  -0.239760  -0.074010  -0.553550   0.831280  -0.032530
 -0.217440  -0.239760  -0.074010   0.824400  -0.320850  -0.482470
