33 atoms follow (x y z r g b radiusScale)
  0.421800  -0.038090   0.105760   0.000000   1.000000   0.000000   1.850000
  1.496190  -0.175410   0.384900   1.000000   1.000000   1.000000   1.200000
  0.150010   1.049970   0.051360   1.000000   1.000000   1.000000   1.200000
  0.191010  -0.557950  -0.857430   1.000000   1.000000   1.000000   1.200000
 -0.381260  -0.658680   1.094890   1.000000   0.000000   0.000000   1.400000
 -0.316980  -0.015340   2.533960   0.500000   0.500000   0.500000   1.900000
  1.187060  -0.101310   2.924320   1.000000   0.000000   0.000000   1.400000
 -1.217130  -0.879610   3.482940   1.000000   0.000000   0.000000   1.400000
 -0.743310   1.429340   2.473540   1.000000   0.000000   0.000000   1.400000
 -1.130690   3.187690   2.218110   1.000000   1.000000   0.000000   1.850000
 -0.550700   3.695970   3.359100   1.000000   0.000000   0.000000   1.400000
 -2.488020   3.040080   2.219910   1.000000   0.000000   0.000000   1.400000
 -0.431620   3.297870   1.032950   1.000000   0.000000   0.000000   1.400000
 -2.580600   6.645120   1.390290   1.000000   0.000000   0.000000   1.400000
 -3.909230   6.280120   1.041900   0.000000   1.000000   0.000000   1.850000
 -4.601650   7.153810   0.917910   1.000000   1.000000   1.000000   1.200000
 -4.302880   5.576210   1.831930   1.000000   1.000000   1.000000   1.200000
 -3.749950   5.751470   0.080590   1.000000   1.000000   1.000000   1.200000
  2.404990   4.647030  -0.264820   0.000000   0.000000   1.000000   1.540000
  2.112570   5.275530   0.456840   1.000000   1.000000   1.000000   1.200000
 -2.753030   7.321630   2.229730   1.000000   1.000000   1.000000   1.200000
  2.014350   4.962810  -1.129180   1.000000   1.000000   1.000000   1.200000
  2.036450   3.740040  -0.063420   1.000000   1.000000   1.000000   1.200000
  1.912090   2.357490   4.266990   0.000000   0.000000   1.000000   1.540000
  1.620220   0.655170   3.372300   1.000000   1.000000   1.000000   1.200000
  1.557720   3.006200   3.589110   1.000000   1.000000   1.000000   1.200000
  2.884160   2.536220   4.411720   1.000000   1.000000   1.000000   1.200000
  1.422980   2.515280   5.124500   1.000000   1.000000   1.000000   1.200000
 -3.569270   0.764770   3.745210   0.000000   0.000000   1.000000   1.540000
 -2.096170  -0.530860   3.742130   1.000000   1.000000   1.000000   1.200000
 -3.561170   1.341390   2.923430   1.000000   1.000000   1.000000   1.200000
 -3.418900   1.353560   4.539310   1.000000   1.000000   1.000000   1.200000
 -4.467920   0.337740   3.831980   1.000000   1.000000   1.000000   1.200000
28 bonds follow (x1 y1 z1 x2 y2 z2)
 -3.569270   0.764770   3.745210  -4.467920   0.337740   3.831980
 -3.569270   0.764770   3.745210  -3.418900   1.353560   4.539310
 -3.569270   0.764770   3.745210  -3.561170   1.341390   2.923430
 -1.217130  -0.879610   3.482940  -2.096170  -0.530860   3.742130
  1.912090   2.357490   4.266990   1.422980   2.515280   5.124500
  1.912090   2.357490   4.266990   2.884160   2.536220   4.411720
  1.912090   2.357490   4.266990   1.557720   3.006200   3.589110
  1.187060  -0.101310   2.924320   1.620220   0.655170   3.372300
  2.404990   4.647030  -0.264820   2.036450   3.740040  -0.063420
  2.404990   4.647030  -0.264820   2.014350   4.962810  -1.129180
 -2.580600   6.645120   1.390290  -2.753030   7.321630   2.229730
  2.404990   4.647030  -0.264820   2.112570   5.275530   0.456840
 -3.909230   6.280120   1.041900  -3.749950   5.751470   0.080590
 -3.909230   6.280120   1.041900  -4.302880   5.576210   1.831930
 -3.909230   6.280120   1.041900  -4.601650   7.153810   0.917910
 -2.580600   6.645120   1.390290  -3.909230   6.280120   1.041900
 -1.130690   3.187690   2.218110  -0.431620   3.297870   1.032950
 -1.130690   3.187690   2.218110  -2.488020   3.040080   2.219910
 -1.130690   3.187690   2.218110  -0.550700   3.695970   3.359100
 -0.743310   1.429340   2.473540  -1.130690   3.187690   2.218110
 -0.316980  -0.015340   2.533960  -0.743310   1.429340   2.473540
 -0.316980  -0.015340   2.533960  -1.217130  -0.879610   3.482940
 -0.316980  -0.015340   2.533960   1.187060  -0.101310   2.924320
 -0.381260  -0.658680   1.094890  -0.316980  -0.015340   2.533960
  0.421800  -0.038090   0.105760  -0.381260  -0.658680   1.094890
  0.421800  -0.038090   0.105760   0.191010  -0.557950  -0.857430
  0.421800  -0.038090   0.105760   0.150010   1.049970   0.051360
  0.421800  -0.038090   0.105760   1.496190  -0.175410   0.384900
