33 atoms follow (x y z r g b radiusScale)
  0.171960  -0.192240   0.012810   0.000000   1.000000   0.000000   1.850000
  1.280710  -0.179710   0.158950   1.000000   1.000000   1.000000   1.200000
 -0.232550   0.846720  -0.117720   1.000000   1.000000   1.000000   1.200000
 -0.105330  -0.846850  -0.850780   1.000000   1.000000   1.000000   1.200000
 -0.424130  -0.776540   1.155690   1.000000   0.000000   0.000000   1.400000
 -0.295670   0.014530   2.513610   0.500000   0.500000   0.500000   1.900000
  1.158830  -0.143690   3.035910   1.000000   0.000000   0.000000   1.400000
 -1.273670  -0.633580   3.530250   1.000000   0.000000   0.000000   1.400000
 -0.625570   1.470140   2.307170   1.000000   0.000000   0.000000   1.400000
 -1.123120   3.192710   2.113020   1.000000   1.000000   0.000000   1.850000
 -0.214730   3.729070   2.997100   1.000000   0.000000   0.000000   1.400000
 -2.413220   3.029440   2.563320   1.000000   0.000000   0.000000   1.400000
 -0.887170   3.249100   0.761200   1.000000   0.000000   0.000000   1.400000
 -2.241420   6.050350   1.553080   1.000000   0.000000   0.000000   1.400000
 -3.455240   6.068580   0.839190   0.000000   1.000000   0.000000   1.850000
 -3.299450   6.459550  -0.196480   1.000000   1.000000   1.000000   1.200000
 -4.199390   6.711850   1.379740   1.000000   1.000000   1.000000   1.200000
 -3.825920   5.027720   0.764360   1.000000   1.000000   1.000000   1.200000
  2.060910   5.478950  -0.074560   0.000000   0.000000   1.000000   1.540000
  2.180340   6.139350   0.663250   1.000000   1.000000   1.000000   1.200000
 -1.882140   7.036380   1.802860   1.000000   1.000000   1.000000   1.200000
  1.796500   5.957910  -0.907150   1.000000   1.000000   1.000000   1.200000
  1.337650   4.839200   0.181110   1.000000   1.000000   1.000000   1.200000
  1.766780   2.178400   4.570270   0.000000   0.000000   1.000000   1.540000
  1.551380   0.590860   3.559430   1.000000   1.000000   1.000000   1.200000
  1.472430   2.873120   3.907170   1.000000   1.000000   1.000000   1.200000
  2.726270   2.334800   4.798510   1.000000   1.000000   1.000000   1.200000
  1.219050   2.280220   5.399070   1.000000   1.000000   1.000000   1.200000
 -3.623900   0.795970   3.847880   0.000000   0.000000   1.000000   1.540000
 -2.167060  -0.250550   3.722830   1.000000   1.000000   1.000000   1.200000
 -3.740940   1.196130   2.935550   1.000000   1.000000   1.000000   1.200000
 -3.361150   1.535910   4.468820   1.000000   1.000000   1.000000   1.200000
 -4.488600   0.401590   4.151420   1.000000   1.000000   1.000000   1.200000
28 bonds follow (x1 y1 z1 x2 y2 z2)
 -3.623900   0.795970   3.847880  -4.488600   0.401590   4.151420
 -3.623900   0.795970   3.847880  -3.361150   1.535910   4.468820
 -3.623900   0.795970   3.847880  -3.740940   1.196130   2.935550
 -1.273670  -0.633580   3.530250  -2.167060  -0.250550   3.722830
  1.766780   2.178400   4.570270   1.219050   2.280220   5.399070
  1.766780   2.178400   4.570270   2.726270   2.334800   4.798510
  1.766780   2.178400   4.570270   1.472430   2.873120   3.907170
  1.158830  -0.143690   3.035910   1.551380   0.590860   3.559430
  2.060910   5.478950  -0.074560   1.337650   4.839200   0.181110
  2.060910   5.478950  -0.074560   1.796500   5.957910  -0.907150
 -2.241420   6.050350   1.553080  -1.882140   7.036380   1.802860
  2.060910   5.478950  -0.074560   2.180340   6.139350   0.663250
 -3.455240   6.068580   0.839190  -3.825920   5.027720   0.764360
 -3.455240   6.068580   0.839190  -4.199390   6.711850   1.379740
 -3.455240   6.068580   0.839190  -3.299450   6.459550  -0.196480
 -2.241420   6.050350   1.553080  -3.455240   6.068580   0.839190
 -1.123120   3.192710   2.113020  -0.887170   3.249100   0.761200
 -1.123120   3.192710   2.113020  -2.413220   3.029440   2.563320
 -1.123120   3.192710   2.113020  -0.214730   3.729070   2.997100
 -0.625570   1.470140   2.307170  -1.123120   3.192710   2.113020
 -0.295670   0.014530   2.513610  -0.625570   1.470140   2.307170
 -0.295670   0.014530   2.513610  -1.273670  -0.633580   3.530250
 -0.295670   0.014530   2.513610   1.158830  -0.143690   3.035910
 -0.424130  -0.776540   1.155690  -0.295670   0.014530   2.513610
  0.171960  -0.192240   0.012810  -0.424130  -0.776540   1.155690
  0.171960  -0.192240   0.012810  -0.105330  -0.846850  -0.850780
  0.171960  -0.192240   0.012810  -0.232550   0.846720  -0.117720
  0.171960  -0.192240   0.012810   1.280710  -0.179710   0.158950
