33 atoms follow (x y z r g b radiusScale)
 -0.548970  -0.208250  -0.012600   0.000000   1.000000   0.000000   1.850000
  0.240490  -0.473900  -0.762430   1.000000   1.000000   1.000000   1.200000
 -0.665680   0.907780   0.062160   1.000000   1.000000   1.000000   1.200000
 -1.513120  -0.693960  -0.316630   1.000000   1.000000   1.000000   1.200000
 -0.145590  -0.755070   1.226890   1.000000   0.000000   0.000000   1.400000
 -0.208320   0.157250   2.533510   0.500000   0.500000   0.500000   1.900000
  1.230230   0.083100   3.148010   1.000000   0.000000   0.000000   1.400000
 -1.126520  -0.591450   3.556300   1.000000   0.000000   0.000000   1.400000
 -0.648930   1.545700   2.253250   1.000000   0.000000   0.000000   1.400000
 -1.185080   3.400860   1.775120   1.000000   1.000000   0.000000   1.850000
 -0.118310   3.836790   2.603770   1.000000   0.000000   0.000000   1.400000
 -2.440280   3.101690   2.286940   1.000000   0.000000   0.000000   1.400000
 -0.747420   3.132070   0.455250   1.000000   0.000000   0.000000   1.400000
 -1.572600   5.086100   1.326720   1.000000   0.000000   0.000000   1.400000
 -2.574720   5.774300   1.989470   0.000000   1.000000   0.000000   1.850000
 -3.573520   5.308840   1.784540   1.000000   1.000000   1.000000   1.200000
 -2.575390   6.833890   1.622870   1.000000   1.000000   1.000000   1.200000
 -2.389370   5.765300   3.096570   1.000000   1.000000   1.000000   1.200000
  0.899120   5.341850   0.466100   0.000000   0.000000   1.000000   1.540000
  0.934510   5.106080   1.473260   1.000000   1.000000   1.000000   1.200000
  1.724480   5.832020   0.156400   1.000000   1.000000   1.000000   1.200000
  0.038360   5.898070   0.335060   1.000000   1.000000   1.000000   1.200000
  0.740660   4.438420  -0.035690   1.000000   1.000000   1.000000   1.200000
  1.241790   2.418930   4.928260   0.000000   0.000000   1.000000   1.540000
  1.439100   0.672870   3.887990   1.000000   1.000000   1.000000   1.200000
  0.924160   3.006230   4.177320   1.000000   1.000000   1.000000   1.200000
  2.104590   2.775100   5.280450   1.000000   1.000000   1.000000   1.200000
  0.565600   2.437260   5.662200   1.000000   1.000000   1.000000   1.200000
 -3.550160   0.911160   3.559510   0.000000   0.000000   1.000000   1.540000
 -2.021960  -0.234580   3.717670   1.000000   1.000000   1.000000   1.200000
 -3.717030   1.091750   2.588190   1.000000   1.000000   1.000000   1.200000
 -3.221550   1.770720   3.959090   1.000000   1.000000   1.000000   1.200000
 -4.411100   0.655160   3.995060   1.000000   1.000000   1.000000   1.200000
28 bonds follow (x1 y1 z1 x2 y2 z2)
 -3.550160   0.911160   3.559510  -4.411100   0.655160   3.995060
 -3.550160   0.911160   3.559510  -3.221550   1.770720   3.959090
 -3.550160   0.911160   3.559510  -3.717030   1.091750   2.588190
 -1.126520  -0.591450   3.556300  -2.021960  -0.234580   3.717670
  1.241790   2.418930   4.928260   0.565600   2.437260   5.662200
  1.241790   2.418930   4.928260   2.104590   2.775100   5.280450
  1.241790   2.418930   4.928260   0.924160   3.006230   4.177320
  1.230230   0.083100   3.148010   1.439100   0.672870   3.887990
  0.899120   5.341850   0.466100   0.740660   4.438420  -0.035690
  0.899120   5.341850   0.466100   0.038360   5.898070   0.335060
  0.899120   5.341850   0.466100   1.724480   5.832020   0.156400
  0.899120   5.341850   0.466100   0.934510   5.106080   1.473260
 -2.574720   5.774300   1.989470  -2.389370   5.765300   3.096570
 -2.574720   5.774300   1.989470  -2.575390   6.833890   1.622870
 -2.574720   5.774300   1.989470  -3.573520   5.308840   1.784540
 -1.572600   5.086100   1.326720  -2.574720   5.774300   1.989470
 -1.185080   3.400860   1.775120  -1.572600   5.086100   1.326720
 -1.185080   3.400860   1.775120  -0.747420   3.132070   0.455250
 -1.185080   3.400860   1.775120  -2.440280   3.101690   2.286940
 -1.185080   3.400860   1.775120  -0.118310   3.836790   2.603770
 -0.208320   0.157250   2.533510  -0.648930   1.545700   2.253250
 -0.208320   0.157250   2.533510  -1.126520  -0.591450   3.556300
 -0.208320   0.157250   2.533510   1.230230   0.083100   3.148010
 -0.145590  -0.755070   1.226890  -0.208320   0.157250   2.533510
 -0.548970  -0.208250  -0.012600  -0.145590  -0.755070   1.226890
 -0.548970  -0.208250  -0.012600  -1.513120  -0.693960  -0.316630
 -0.548970  -0.208250  -0.012600  -0.665680   0.907780   0.062160
 -0.548970  -0.208250  -0.012600   0.240490  -0.473900  -0.762430
