33 atoms follow (x y z r g b radiusScale)
 -0.219840  -0.248210  -0.070230   0.000000   1.000000   0.000000   1.850000
  0.811730  -0.400300  -0.485190   1.000000   1.000000   1.000000   1.200000
 -0.492340   0.840830  -0.036880   1.000000   1.000000   1.000000   1.200000
 -0.950950  -0.823150  -0.697360   1.000000   1.000000   1.000000   1.200000
 -0.272400  -0.808560   1.222720   1.000000   0.000000   0.000000   1.400000
 -0.240110   0.145030   2.488890   0.500000   0.500000   0.500000   1.900000
  1.258950   0.075650   2.987800   1.000000   0.000000   0.000000   1.400000
 -1.119740  -0.592730   3.565570   1.000000   0.000000   0.000000   1.400000
 -0.698420   1.533410   2.255020   1.000000   0.000000   0.000000   1.400000
 -1.125320   3.450150   1.931230   1.000000   1.000000   0.000000   1.850000
  0.120150   3.807740   2.525200   1.000000   0.000000   0.000000   1.400000
 -2.278040   3.199060   2.659890   1.000000   0.000000   0.000000   1.400000
 -0.935030   3.167520   0.550070   1.000000   0.000000   0.000000   1.400000
 -1.459280   5.163810   1.601580   1.000000   0.000000   0.000000   1.400000
 -2.697510   5.733880   1.829580   0.000000   1.000000   0.000000   1.850000
 -3.032580   5.546190   2.883060   1.000000   1.000000   1.000000   1.200000
 -3.458130   5.305530   1.124410   1.000000   1.000000   1.000000   1.200000
 -2.612230   6.838180   1.656140   1.000000   1.000000   1.000000   1.200000
  0.819040   5.172530   0.234370   0.000000   0.000000   1.000000   1.540000
  0.891160   5.154710   1.280190   1.000000   1.000000   1.000000   1.200000
  1.515410   5.768270  -0.181370   1.000000   1.000000   1.000000   1.200000
 -0.156030   5.487620   0.023240   1.000000   1.000000   1.000000   1.200000
  0.883800   4.201270  -0.083560   1.000000   1.000000   1.000000   1.200000
  0.958620   2.514790   4.879520   0.000000   0.000000   1.000000   1.540000
  1.481390   0.598550   3.763400   1.000000   1.000000   1.000000   1.200000
  1.522290   3.047000   4.244570   1.000000   1.000000   1.000000   1.200000
  1.246620   2.711810   5.814820   1.000000   1.000000   1.000000   1.200000
  0.013210   2.824060   4.760520   1.000000   1.000000   1.000000   1.200000
 -3.613060   0.892980   3.388430   0.000000   0.000000   1.000000   1.540000
 -2.034250  -0.290880   3.700400   1.000000   1.000000   1.000000   1.200000
 -3.585260   1.268080   2.458930   1.000000   1.000000   1.000000   1.200000
 -3.244570   1.604000   3.993910   1.000000   1.000000   1.000000   1.200000
 -4.565710   0.726750   3.636950   1.000000   1.000000   1.000000   1.200000
28 bonds follow (x1 y1 z1 x2 y2 z2)
 -3.613060   0.892980   3.388430  -4.565710   0.726750   3.636950
 -3.613060   0.892980   3.388430  -3.244570   1.604000   3.993910
 -3.613060   0.892980   3.388430  -3.585260   1.268080   2.458930
 -1.119740  -0.592730   3.565570  -2.034250  -0.290880   3.700400
  0.958620   2.514790   4.879520   0.013210   2.824060   4.760520
  0.958620   2.514790   4.879520   1.246620   2.711810   5.814820
  0.958620   2.514790   4.879520   1.522290   3.047000   4.244570
  1.258950   0.075650   2.987800   1.481390   0.598550   3.763400
  0.819040   5.172530   0.234370   0.883800   4.201270  -0.083560
  0.819040   5.172530   0.234370  -0.156030   5.487620   0.023240
  0.819040   5.172530   0.234370   1.515410   5.768270  -0.181370
  0.819040   5.172530   0.234370   0.891160   5.154710   1.280190
 -2.697510   5.733880   1.829580  -2.612230   6.838180   1.656140
 -2.697510   5.733880   1.829580  -3.458130   5.305530   1.124410
 -2.697510   5.733880   1.829580  -3.032580   5.546190   2.883060
 -1.459280   5.163810   1.601580  -2.697510   5.733880   1.829580
 -1.125320   3.450150   1.931230  -1.459280   5.163810   1.601580
 -1.125320   3.450150   1.931230  -0.935030   3.167520   0.550070
 -1.125320   3.450150   1.931230  -2.278040   3.199060   2.659890
 -1.125320   3.450150   1.931230   0.120150   3.807740   2.525200
 -0.240110   0.145030   2.488890  -0.698420   1.533410   2.255020
 -0.240110   0.145030   2.488890  -1.119740  -0.592730   3.565570
 -0.240110   0.145030   2.488890   1.258950   0.075650   2.987800
 -0.272400  -0.808560   1.222720  -0.240110   0.145030   2.488890
 -0.219840  -0.248210  -0.070230  -0.272400  -0.808560   1.222720
 -0.219840  -0.248210  -0.070230  -0.950950  -0.823150  -0.697360
 -0.219840  -0.248210  -0.070230  -0.492340   0.840830  -0.036880
 -0.219840  -0.248210  -0.070230   0.811730  -0.400300  -0.485190
