33 atoms follow (x y z r g b radiusScale)
 -0.549730  -0.138640  -0.025740   0.000000   1.000000   0.000000   1.850000
  0.262690  -0.364230  -0.765920   1.000000   1.000000   1.000000   1.200000
 -0.697840   0.969960   0.079250   1.000000   1.000000   1.000000   1.200000
 -1.494630  -0.640510  -0.364170   1.000000   1.000000   1.000000   1.200000
 -0.167430  -0.715540   1.204580   1.000000   0.000000   0.000000   1.400000
 -0.164840   0.178480   2.517360   0.500000   0.500000   0.500000   1.900000
  1.295710   0.045620   3.080040   1.000000   0.000000   0.000000   1.400000
 -1.083640  -0.616340   3.509850   1.000000   0.000000   0.000000   1.400000
 -0.589880   1.583830   2.312690   1.000000   0.000000   0.000000   1.400000
 -1.187280   3.421390   1.860960   1.000000   1.000000   0.000000   1.850000
 -0.092760   3.942820   2.612540   1.000000   0.000000   0.000000   1.400000
 -2.412440   3.100580   2.431900   1.000000   0.000000   0.000000   1.400000
 -0.786390   3.098960   0.532160   1.000000   0.000000   0.000000   1.400000
 -1.568740   5.071900   1.294770   1.000000   0.000000   0.000000   1.400000
 -2.491540   5.880710   1.922650   0.000000   1.000000   0.000000   1.850000
 -3.385340   5.285360   2.249410   1.000000   1.000000   1.000000   1.200000
 -2.820230   6.674700   1.201040   1.000000   1.000000   1.000000   1.200000
 -2.029310   6.372360   2.821150   1.000000   1.000000   1.000000   1.200000
  0.884450   5.183440   0.310410   0.000000   0.000000   1.000000   1.540000
  0.887530   5.198770   1.353530   1.000000   1.000000   1.000000   1.200000
  1.632240   5.728130  -0.089570   1.000000   1.000000   1.000000   1.200000
 -0.056410   5.530330   0.028690   1.000000   1.000000   1.000000   1.200000
  0.911640   4.196350   0.034880   1.000000   1.000000   1.000000   1.200000
  1.101470   2.406900   4.968360   0.000000   0.000000   1.000000   1.540000
  1.551310   0.616560   3.814290   1.000000   1.000000   1.000000   1.200000
  0.831320   3.053950   4.248650   1.000000   1.000000   1.000000   1.200000
  1.845050   2.802980   5.502840   1.000000   1.000000   1.000000   1.200000
  0.322980   2.254430   5.574990   1.000000   1.000000   1.000000   1.200000
 -3.691270   0.801370   3.508420   0.000000   0.000000   1.000000   1.540000
 -2.005490  -0.332980   3.621040   1.000000   1.000000   1.000000   1.200000
 -3.988700   0.946820   2.565430   1.000000   1.000000   1.000000   1.200000
 -3.418310   1.692090   3.878850   1.000000   1.000000   1.000000   1.200000
 -4.455150   0.438580   4.038510   1.000000   1.000000   1.000000   1.200000
28 bonds follow (x1 y1 z1 x2 y2 z2)
 -3.691270   0.801370   3.508420  -4.455150   0.438580   4.038510
 -3.691270   0.801370   3.508420  -3.418310   1.692090   3.878850
 -3.691270   0.801370   3.508420  -3.988700   0.946820   2.565430
 -1.083640  -0.616340   3.509850  -2.005490  -0.332980   3.621040
  1.101470   2.406900   4.968360   0.322980   2.254430   5.574990
  1.101470   2.406900   4.968360   1.845050   2.802980   5.502840
  1.101470   2.406900   4.968360   0.831320   3.053950   4.248650
  1.295710   0.045620   3.080040   1.551310   0.616560   3.814290
  0.884450   5.183440   0.310410   0.911640   4.196350   0.034880
  0.884450   5.183440   0.310410  -0.056410   5.530330   0.028690
  0.884450   5.183440   0.310410   1.632240   5.728130  -0.089570
  0.884450   5.183440   0.310410   0.887530   5.198770   1.353530
 -2.491540   5.880710   1.922650  -2.029310   6.372360   2.821150
 -2.491540   5.880710   1.922650  -2.820230   6.674700   1.201040
 -2.491540   5.880710   1.922650  -3.385340   5.285360   2.249410
 -1.568740   5.071900   1.294770  -2.491540   5.880710   1.922650
 -1.187280   3.421390   1.860960  -1.568740   5.071900   1.294770
 -1.187280   3.421390   1.860960  -0.786390   3.098960   0.532160
 -1.187280   3.421390   1.860960  -2.412440   3.100580   2.431900
 -1.187280   3.421390   1.860960  -0.092760   3.942820   2.612540
 -0.164840   0.178480   2.517360  -0.589880   1.583830   2.312690
 -0.164840   0.178480   2.517360  -1.083640  -0.616340   3.509850
 -0.164840   0.178480   2.517360   1.295710   0.045620   3.080040
 -0.167430  -0.715540   1.204580  -0.164840   0.178480   2.517360
 -0.549730  -0.138640  -0.025740  -0.167430  -0.715540   1.204580
 -0.549730  -0.138640  -0.025740  -1.494630  -0.640510  -0.364170
 -0.549730  -0.138640  -0.025740  -0.697840   0.969960   0.079250
 -0.549730  -0.138640  -0.025740   0.262690  -0.364230  -0.765920
