33 atoms follow (x y z r g b radiusScale)
 -0.173410  -0.130180  -0.041550   0.000000   1.000000   0.000000   1.850000
  0.784630  -0.498480  -0.494040   1.000000   1.000000   1.000000   1.200000
 -0.183140   0.989510   0.051510   1.000000   1.000000   1.000000   1.200000
 -1.029960  -0.472390  -0.680280   1.000000   1.000000   1.000000   1.200000
 -0.326260  -0.743630   1.221310   1.000000   0.000000   0.000000   1.400000
 -0.250650   0.163700   2.520670   0.500000   0.500000   0.500000   1.900000
  1.228360   0.007670   3.044960   1.000000   0.000000   0.000000   1.400000
 -1.190250  -0.506660   3.573740   1.000000   0.000000   0.000000   1.400000
 -0.661410   1.564640   2.251910   1.000000   0.000000   0.000000   1.400000
 -1.208930   3.400880   1.816370   1.000000   1.000000   0.000000   1.850000
 -0.142820   3.821490   2.665410   1.000000   0.000000   0.000000   1.400000
 -2.453760   3.122240   2.353770   1.000000   0.000000   0.000000   1.400000
 -0.741150   3.117030   0.510050   1.000000   0.000000   0.000000   1.400000
 -1.590670   5.080960   1.301370   1.000000   0.000000   0.000000   1.400000
 -2.750390   5.726660   1.686040   0.000000   1.000000   0.000000   1.850000
 -3.580500   5.490560   0.969250   1.000000   1.000000   1.000000   1.200000
 -2.562640   6.833240   1.675910   1.000000   1.000000   1.000000   1.200000
 -3.063110   5.415100   2.717650   1.000000   1.000000   1.000000   1.200000
  0.933720   5.285000   0.635920   0.000000   0.000000   1.000000   1.540000
  1.122860   4.646780   1.430120   1.000000   1.000000   1.000000   1.200000
  1.776680   5.705840   0.273170   1.000000   1.000000   1.000000   1.200000
  0.264820   5.985130   0.986740   1.000000   1.000000   1.000000   1.200000
  0.419470   4.718870  -0.078810   1.000000   1.000000   1.000000   1.200000
  1.472470   2.364110   4.787710   0.000000   0.000000   1.000000   1.540000
  1.567280   0.688530   3.645170   1.000000   1.000000   1.000000   1.200000
  0.937790   2.905780   4.131210   1.000000   1.000000   1.000000   1.200000
  2.377950   2.773590   4.880120   1.000000   1.000000   1.000000   1.200000
  1.017800   2.396070   5.675780   1.000000   1.000000   1.000000   1.200000
 -3.606790   0.952710   3.725680   0.000000   0.000000   1.000000   1.540000
 -2.088110  -0.138910   3.715980   1.000000   1.000000   1.000000   1.200000
 -3.806270   1.141260   2.762150   1.000000   1.000000   1.000000   1.200000
 -3.202480   1.787430   4.107880   1.000000   1.000000   1.000000   1.200000
 -4.460450   0.755440   4.202840   1.000000   1.000000   1.000000   1.200000
28 bonds follow (x1 y1 z1 x2 y2 z2)
 -3.606790   0.952710   3.725680  -4.460450   0.755440   4.202840
 -3.606790   0.952710   3.725680  -3.202480   1.787430   4.107880
 -3.606790   0.952710   3.725680  -3.806270   1.141260   2.762150
 -1.190250  -0.506660   3.573740  -2.088110  -0.138910   3.715980
  1.472470   2.364110   4.787710   1.017800   2.396070   5.675780
  1.472470   2.364110   4.787710   2.377950   2.773590   4.880120
  1.472470   2.364110   4.787710   0.937790   2.905780   4.131210
  1.228360   0.007670   3.044960   1.567280   0.688530   3.645170
  0.933720   5.285000   0.635920   0.419470   4.718870  -0.078810
  0.933720   5.285000   0.635920   0.264820   5.985130   0.986740
  0.933720   5.285000   0.635920   1.776680   5.705840   0.273170
  0.933720   5.285000   0.635920   1.122860   4.646780   1.430120
 -2.750390   5.726660   1.686040  -3.063110   5.415100   2.717650
 -2.750390   5.726660   1.686040  -2.562640   6.833240   1.675910
 -2.750390   5.726660   1.686040  -3.580500   5.490560   0.969250
 -1.590670   5.080960   1.301370  -2.750390   5.726660   1.686040
 -1.208930   3.400880   1.816370  -1.590670   5.080960   1.301370
 -1.208930   3.400880   1.816370  -0.741150   3.117030   0.510050
 -1.208930   3.400880   1.816370  -2.453760   3.122240   2.353770
 -1.208930   3.400880   1.816370  -0.142820   3.821490   2.665410
 -0.250650   0.163700   2.520670  -0.661410   1.564640   2.251910
 -0.250650   0.163700   2.520670  -1.190250  -0.506660   3.573740
 -0.250650   0.163700   2.520670   1.228360   0.007670   3.044960
 -0.326260  -0.743630   1.221310  -0.250650   0.163700   2.520670
 -0.173410  -0.130180  -0.041550  -0.326260  -0.743630   1.221310
 -0.173410  -0.130180  -0.041550  -1.029960  -0.472390  -0.680280
 -0.173410  -0.130180  -0.041550  -0.183140   0.989510   0.051510
 -0.173410  -0.130180  -0.041550   0.784630  -0.498480  -0.494040
