33 atoms follow (x y z r g b radiusScale)
  0.373210  -0.131910   0.099990   0.000000   1.000000   0.000000   1.850000
  1.443750  -0.236500   0.411980   1.000000   1.000000   1.000000   1.200000
  0.088750   0.946030  -0.028660   1.000000   1.000000   1.000000   1.200000
  0.174020  -0.710640  -0.835630   1.000000   1.000000   1.000000   1.200000
 -0.439670  -0.692920   1.113170   1.000000   0.000000   0.000000   1.400000
 -0.298760   0.019190   2.517930   0.500000   0.500000   0.500000   1.900000
  1.166570  -0.141380   2.999430   1.000000   0.000000   0.000000   1.400000
 -1.179750  -0.778170   3.522450   1.000000   0.000000   0.000000   1.400000
 -0.749780   1.456170   2.445880   1.000000   0.000000   0.000000   1.400000
 -1.152940   3.199840   2.198920   1.000000   1.000000   0.000000   1.850000
 -0.453300   3.690910   3.284430   1.000000   0.000000   0.000000   1.400000
 -2.513050   3.094330   2.320000   1.000000   0.000000   0.000000   1.400000
 -0.629380   3.291340   0.928840   1.000000   0.000000   0.000000   1.400000
 -2.468600   6.467430   1.401450   1.000000   0.000000   0.000000   1.400000
 -3.797320   6.230150   0.976740   0.000000   1.000000   0.000000   1.850000
 -4.199000   7.134300   0.456190   1.000000   1.000000   1.000000   1.200000
 -4.452830   5.966370   1.830270   1.000000   1.000000   1.000000   1.200000
 -3.711830   5.366350   0.254650   1.000000   1.000000   1.000000   1.200000
  2.415120   4.984410  -0.239200   0.000000   0.000000   1.000000   1.540000
  2.031250   5.537980   0.494690   1.000000   1.000000   1.000000   1.200000
 -2.541940   7.098700   2.130690   1.000000   1.000000   1.000000   1.200000
  2.110260   5.342820  -1.116010   1.000000   1.000000   1.000000   1.200000
  2.072770   4.050190  -0.135230   1.000000   1.000000   1.000000   1.200000
  1.850260   2.201470   4.303430   0.000000   0.000000   1.000000   1.540000
  1.579130   0.579880   3.536190   1.000000   1.000000   1.000000   1.200000
  1.538790   2.917850   3.674070   1.000000   1.000000   1.000000   1.200000
  2.814860   2.347800   4.516550   1.000000   1.000000   1.000000   1.200000
  1.314960   2.274100   5.144670   1.000000   1.000000   1.000000   1.200000
 -3.514520   0.719990   3.772080   0.000000   0.000000   1.000000   1.540000
 -2.078310  -0.440330   3.731160   1.000000   1.000000   1.000000   1.200000
 -3.685620   1.281570   2.959060   1.000000   1.000000   1.000000   1.200000
 -3.306780   1.331090   4.535230   1.000000   1.000000   1.000000   1.200000
 -4.328710   0.185800   3.991860   1.000000   1.000000   1.000000   1.200000
28 bonds follow (x1 y1 z1 x2 y2 z2)
 -3.514520   0.719990   3.772080  -4.328710   0.185800   3.991860
 -3.514520   0.719990   3.772080  -3.306780   1.331090   4.535230
 -3.514520   0.719990   3.772080  -3.685620   1.281570   2.959060
 -1.179750  -0.778170   3.522450  -2.078310  -0.440330   3.731160
  1.850260   2.201470   4.303430   1.314960   2.274100   5.144670
  1.850260   2.201470   4.303430   2.814860   2.347800   4.516550
  1.850260   2.201470   4.303430   1.538790   2.917850   3.674070
  1.166570  -0.141380   2.999430   1.579130   0.579880   3.536190
  2.415120   4.984410  -0.239200   2.072770   4.050190  -0.135230
  2.415120   4.984410  -0.239200   2.110260   5.342820  -1.116010
 -2.468600   6.467430   1.401450  -2.541940   7.098700   2.130690
  2.415120   4.984410  -0.239200   2.031250   5.537980   0.494690
 -3.797320   6.230150   0.976740  -3.711830   5.366350   0.254650
 -3.797320   6.230150   0.976740  -4.452830   5.966370   1.830270
 -3.797320   6.230150   0.976740  -4.199000   7.134300   0.456190
 -2.468600   6.467430   1.401450  -3.797320   6.230150   0.976740
 -1.152940   3.199840   2.198920  -0.629380   3.291340   0.928840
 -1.152940   3.199840   2.198920  -2.513050   3.094330   2.320000
 -1.152940   3.199840   2.198920  -0.453300   3.690910   3.284430
 -0.749780   1.456170   2.445880  -1.152940   3.199840   2.198920
 -0.298760   0.019190   2.517930  -0.749780   1.456170   2.445880
 -0.298760   0.019190   2.517930  -1.179750  -0.778170   3.522450
 -0.298760   0.019190   2.517930   1.166570  -0.141380   2.999430
 -0.439670  -0.692920   1.113170  -0.298760   0.019190   2.517930
  0.373210  -0.131910   0.099990  -0.439670  -0.692920   1.113170
  0.373210  -0.131910   0.099990   0.174020  -0.710640  -0.835630
  0.373210  -0.131910   0.099990   0.088750   0.946030  -0.028660
  0.373210  -0.131910   0.099990   1.443750  -0.236500   0.411980
