33 atoms follow (x y z r g b radiusScale)
  0.223370  -0.183350   0.027040   0.000000   1.000000   0.000000   1.850000
  1.331200  -0.232100   0.170110   1.000000   1.000000   1.000000   1.200000
 -0.129920   0.879140  -0.055100   1.000000   1.000000   1.000000   1.200000
 -0.088210  -0.783270  -0.864150   1.000000   1.000000   1.000000   1.200000
 -0.401350  -0.790520   1.147570   1.000000   0.000000   0.000000   1.400000
 -0.308550   0.000860   2.511610   0.500000   0.500000   0.500000   1.900000
  1.172350  -0.134270   2.962340   1.000000   0.000000   0.000000   1.400000
 -1.265500  -0.666190   3.551640   1.000000   0.000000   0.000000   1.400000
 -0.598290   1.467050   2.322440   1.000000   0.000000   0.000000   1.400000
 -1.145830   3.177920   2.141620   1.000000   1.000000   0.000000   1.850000
 -0.256860   3.731240   3.032410   1.000000   0.000000   0.000000   1.400000
 -2.442540   2.999240   2.542420   1.000000   0.000000   0.000000   1.400000
 -0.840750   3.268750   0.809400   1.000000   0.000000   0.000000   1.400000
 -2.288100   6.132520   1.524100   1.000000   0.000000   0.000000   1.400000
 -3.531390   6.112700   0.857480   0.000000   1.000000   0.000000   1.850000
 -3.505620   6.685010  -0.103290   1.000000   1.000000   1.000000   1.200000
 -4.318330   6.544160   1.537680   1.000000   1.000000   1.000000   1.200000
 -3.756260   5.044350   0.623550   1.000000   1.000000   1.000000   1.200000
  2.156090   5.400110  -0.112560   0.000000   0.000000   1.000000   1.540000
  2.271700   6.086110   0.604570   1.000000   1.000000   1.000000   1.200000
 -1.989060   7.000830   1.725350   1.000000   1.000000   1.000000   1.200000
  2.077660   5.866010  -0.993710   1.000000   1.000000   1.000000   1.200000
  1.307430   4.900550   0.062830   1.000000   1.000000   1.000000   1.200000
  1.804160   2.202590   4.546980   0.000000   0.000000   1.000000   1.540000
  1.552130   0.559930   3.542650   1.000000   1.000000   1.000000   1.200000
  1.545220   2.932470   3.906950   1.000000   1.000000   1.000000   1.200000
  2.762080   2.314650   4.804670   1.000000   1.000000   1.000000   1.200000
  1.239510   2.285210   5.366360   1.000000   1.000000   1.000000   1.200000
 -3.664360   0.828110   3.845220   0.000000   0.000000   1.000000   1.540000
 -2.161940  -0.291530   3.723280   1.000000   1.000000   1.000000   1.200000
 -3.786350   1.302110   2.969390   1.000000   1.000000   1.000000   1.200000
 -3.439390   1.518380   4.533200   1.000000   1.000000   1.000000   1.200000
 -4.518760   0.379870   4.100830   1.000000   1.000000   1.000000   1.200000
28 bonds follow (x1 y1 z1 x2 y2 z2)
 -3.664360   0.828110   3.845220  -4.518760   0.379870   4.100830
 -3.664360   0.828110   3.845220  -3.439390   1.518380   4.533200
 -3.664360   0.828110   3.845220  -3.786350   1.302110   2.969390
 -1.265500  -0.666190   3.551640  -2.161940  -0.291530   3.723280
  1.804160   2.202590   4.546980   1.239510   2.285210   5.366360
  1.804160   2.202590   4.546980   2.762080   2.314650   4.804670
  1.804160   2.202590   4.546980   1.545220   2.932470   3.906950
  1.172350  -0.134270   2.962340   1.552130   0.559930   3.542650
  2.156090   5.400110  -0.112560   1.307430   4.900550   0.062830
  2.156090   5.400110  -0.112560   2.077660   5.866010  -0.993710
 -2.288100   6.132520   1.524100  -1.989060   7.000830   1.725350
  2.156090   5.400110  -0.112560   2.271700   6.086110   0.604570
 -3.531390   6.112700   0.857480  -3.756260   5.044350   0.623550
 -3.531390   6.112700   0.857480  -4.318330   6.544160   1.537680
 -3.531390   6.112700   0.857480  -3.505620   6.685010  -0.103290
 -2.288100   6.132520   1.524100  -3.531390   6.112700   0.857480
 -1.145830   3.177920   2.141620  -0.840750   3.268750   0.809400
 -1.145830   3.177920   2.141620  -2.442540   2.999240   2.542420
 -1.145830   3.177920   2.141620  -0.256860   3.731240   3.032410
 -0.598290   1.467050   2.322440  -1.145830   3.177920   2.141620
 -0.308550   0.000860   2.511610  -0.598290   1.467050   2.322440
 -0.308550   0.000860   2.511610  -1.265500  -0.666190   3.551640
 -0.308550   0.000860   2.511610   1.172350  -0.134270   2.962340
 -0.401350  -0.790520   1.147570  -0.308550   0.000860   2.511610
  0.223370  -0.183350   0.027040  -0.401350  -0.790520   1.147570
  0.223370  -0.183350   0.027040  -0.088210  -0.783270  -0.864150
  0.223370  -0.183350   0.027040  -0.129920   0.879140  -0.055100
  0.223370  -0.183350   0.027040   1.331200  -0.232100   0.170110
