33 atoms follow (x y z r g b radiusScale)
 -0.216940  -0.247250  -0.074080   0.000000   1.000000   0.000000   1.850000
  0.821500  -0.341580  -0.486770   1.000000   1.000000   1.000000   1.200000
 -0.539280   0.828960  -0.031160   1.000000   1.000000   1.000000   1.200000
 -0.915180  -0.843900  -0.717160   1.000000   1.000000   1.000000   1.200000
 -0.252890  -0.818790   1.215020   1.000000   0.000000   0.000000   1.400000
 -0.264520   0.151050   2.482360   0.500000   0.500000   0.500000   1.900000
  1.209740   0.031290   3.006770   1.000000   0.000000   0.000000   1.400000
 -1.093500  -0.607020   3.570970   1.000000   0.000000   0.000000   1.400000
 -0.667920   1.560340   2.263340   1.000000   0.000000   0.000000   1.400000
 -1.102390   3.446010   1.926080   1.000000   1.000000   0.000000   1.850000
  0.128260   3.839750   2.526980   1.000000   0.000000   0.000000   1.400000
 -2.253720   3.188010   2.656250   1.000000   0.000000   0.000000   1.400000
 -0.950610   3.192350   0.536160   1.000000   0.000000   0.000000   1.400000
 -1.485450   5.164020   1.601030   1.000000   0.000000   0.000000   1.400000
 -2.719690   5.752890   1.810270   0.000000   1.000000   0.000000   1.850000
 -3.033190   5.650180   2.881510   1.000000   1.000000   1.000000   1.200000
 -3.498650   5.279140   1.155860   1.000000   1.000000   1.000000   1.200000
 -2.633670   6.841760   1.549800   1.000000   1.000000   1.000000   1.200000
  0.804160   5.163690   0.244840   0.000000   0.000000   1.000000   1.540000
  0.859200   5.183690   1.288660   1.000000   1.000000   1.000000   1.200000
  1.478130   5.779640  -0.179560   1.000000   1.000000   1.000000   1.200000
 -0.170500   5.418800   0.020750   1.000000   1.000000   1.000000   1.200000
  0.913670   4.183890  -0.047210   1.000000   1.000000   1.000000   1.200000
  0.966300   2.509300   4.898830   0.000000   0.000000   1.000000   1.540000
  1.448920   0.507170   3.805350   1.000000   1.000000   1.000000   1.200000
  1.571490   2.955170   4.236240   1.000000   1.000000   1.000000   1.200000
  1.235710   2.788920   5.819080   1.000000   1.000000   1.000000   1.200000
  0.040320   2.849240   4.719290   1.000000   1.000000   1.000000   1.200000
 -3.601260   0.893410   3.391810   0.000000   0.000000   1.000000   1.540000
 -2.037260  -0.405850   3.658140   1.000000   1.000000   1.000000   1.200000
 -3.715930   1.311130   2.488420   1.000000   1.000000   1.000000   1.200000
 -3.183700   1.592790   3.978870   1.000000   1.000000   1.000000   1.200000
 -4.501730   0.664760   3.757650   1.000000   1.000000   1.000000   1.200000
28 bonds follow (x1 y1 z1 x2 y2 z2)
 -3.601260   0.893410   3.391810  -4.501730   0.664760   3.757650
 -3.601260   0.893410   3.391810  -3.183700   1.592790   3.978870
 -3.601260   0.893410   3.391810  -3.715930   1.311130   2.488420
 -1.093500  -0.607020   3.570970  -2.037260  -0.405850   3.658140
  0.966300   2.509300   4.898830   0.040320   2.849240   4.719290
  0.966300   2.509300   4.898830   1.235710   2.788920   5.819080
  0.966300   2.509300   4.898830   1.571490   2.955170   4.236240
  1.209740   0.031290   3.006770   1.448920   0.507170   3.805350
  0.804160   5.163690   0.244840   0.913670   4.183890  -0.047210
  0.804160   5.163690   0.244840  -0.170500   5.418800   0.020750
  0.804160   5.163690   0.244840   1.478130   5.779640  -0.179560
  0.804160   5.163690   0.244840   0.859200   5.183690   1.288660
 -2.719690   5.752890   1.810270  -2.633670   6.841760   1.549800
 -2.719690   5.752890   1.810270  -3.498650   5.279140   1.155860
 -2.719690   5.752890   1.810270  -3.033190   5.650180   2.881510
 -1.485450   5.164020   1.601030  -2.719690   5.752890   1.810270
 -1.102390   3.446010   1.926080  -1.485450   5.164020   1.601030
 -1.102390   3.446010   1.926080  -0.950610   3.192350   0.536160
 -1.102390   3.446010   1.926080  -2.253720   3.188010   2.656250
 -1.102390   3.446010   1.926080   0.128260   3.839750   2.526980
 -0.264520   0.151050   2.482360  -0.667920   1.560340   2.263340
 -0.264520   0.151050   2.482360  -1.093500  -0.607020   3.570970
 -0.264520   0.151050   2.482360   1.209740   0.031290   3.006770
 -0.252890  -0.818790   1.215020  -0.264520   0.151050   2.482360
 -0.216940  -0.247250  -0.074080  -0.252890  -0.818790   1.215020
 -0.216940  -0.247250  -0.074080  -0.915180  -0.843900  -0.717160
 -0.216940  -0.247250  -0.074080  -0.539280   0.828960  -0.031160
 -0.216940  -0.247250  -0.074080   0.821500  -0.341580  -0.486770
