33 atoms follow (x y z r g b radiusScale)
 -0.032530   0.027140  -0.045160   0.000000   1.000000   0.000000   1.850000
  1.083730  -0.016740  -0.115880   1.000000   1.000000   1.000000   1.200000
 -0.400030   1.089040  -0.025350   1.000000   1.000000   1.000000   1.200000
 -0.489030  -0.538010  -0.896890   1.000000   1.000000   1.000000   1.200000
 -0.438380  -0.638750   1.132490   1.000000   0.000000   0.000000   1.400000
 -0.310990   0.156720   2.499900   0.500000   0.500000   0.500000   1.900000
  1.179770  -0.066810   2.951850   1.000000   0.000000   0.000000   1.400000
 -1.232540  -0.572760   3.529160   1.000000   0.000000   0.000000   1.400000
 -0.661230   1.597680   2.413870   1.000000   0.000000   0.000000   1.400000
 -1.163560   3.424520   1.953430   1.000000   1.000000   0.000000   1.850000
 -0.060610   3.929060   2.705890   1.000000   0.000000   0.000000   1.400000
 -2.375090   3.121650   2.538890   1.000000   0.000000   0.000000   1.400000
 -0.791860   3.095630   0.618730   1.000000   0.000000   0.000000   1.400000
 -1.621300   5.071150   1.409080   1.000000   0.000000   0.000000   1.400000
 -2.863360   5.630380   1.174170   0.000000   1.000000   0.000000   1.850000
 -3.203680   5.397500   0.129250   1.000000   1.000000   1.000000   1.200000
 -2.768450   6.745030   1.278830   1.000000   1.000000   1.000000   1.200000
 -3.627500   5.254450   1.901900   1.000000   1.000000   1.000000   1.200000
  0.939710   5.239150   0.578160   0.000000   0.000000   1.000000   1.540000
  0.766390   5.207640   1.615180   1.000000   1.000000   1.000000   1.200000
  0.960500   6.199620   0.268800   1.000000   1.000000   1.000000   1.200000
  0.114670   4.750080   0.143360   1.000000   1.000000   1.000000   1.200000
  1.797200   4.745640   0.348840   1.000000   1.000000   1.000000   1.200000
  1.577510   2.292260   4.696790   0.000000   0.000000   1.000000   1.540000
  1.523810   0.494580   3.661270   1.000000   1.000000   1.000000   1.200000
  1.061500   2.909620   4.095470   1.000000   1.000000   1.000000   1.200000
  2.496650   2.657250   4.828950   1.000000   1.000000   1.000000   1.200000
  1.122900   2.249660   5.584640   1.000000   1.000000   1.000000   1.200000
 -3.611260   0.934950   3.773490   0.000000   0.000000   1.000000   1.540000
 -2.119280  -0.196800   3.718660   1.000000   1.000000   1.000000   1.200000
 -3.823320   1.172440   2.823860   1.000000   1.000000   1.000000   1.200000
 -3.193380   1.746700   4.189680   1.000000   1.000000   1.000000   1.200000
 -4.458710   0.718360   4.253240   1.000000   1.000000   1.000000   1.200000
29 bonds follow (x1 y1 z1 x2 y2 z2)
 -3.611260   0.934950   3.773490  -4.458710   0.718360   4.253240
 -3.611260   0.934950   3.773490  -3.193380   1.746700   4.189680
 -3.611260   0.934950   3.773490  -3.823320   1.172440   2.823860
 -1.232540  -0.572760   3.529160  -2.119280  -0.196800   3.718660
  1.577510   2.292260   4.696790   1.122900   2.249660   5.584640
  1.577510   2.292260   4.696790   2.496650   2.657250   4.828950
  1.577510   2.292260   4.696790   1.061500   2.909620   4.095470
  1.179770  -0.066810   2.951850   1.523810   0.494580   3.661270
  0.939710   5.239150   0.578160   1.797200   4.745640   0.348840
  0.939710   5.239150   0.578160   0.114670   4.750080   0.143360
  0.939710   5.239150   0.578160   0.960500   6.199620   0.268800
  0.939710   5.239150   0.578160   0.766390   5.207640   1.615180
 -2.863360   5.630380   1.174170  -3.627500   5.254450   1.901900
 -2.863360   5.630380   1.174170  -2.768450   6.745030   1.278830
 -2.863360   5.630380   1.174170  -3.203680   5.397500   0.129250
 -1.621300   5.071150   1.409080  -2.863360   5.630380   1.174170
 -1.163560   3.424520   1.953430  -1.621300   5.071150   1.409080
 -1.163560   3.424520   1.953430  -0.791860   3.095630   0.618730
 -1.163560   3.424520   1.953430  -2.375090   3.121650   2.538890
 -1.163560   3.424520   1.953430  -0.060610   3.929060   2.705890
 -0.661230   1.597680   2.413870  -1.163560   3.424520   1.953430
 -0.310990   0.156720   2.499900  -0.661230   1.597680   2.413870
 -0.310990   0.156720   2.499900  -1.232540  -0.572760   3.529160
 -0.310990   0.156720   2.499900   1.179770  -0.066810   2.951850
 -0.438380  -0.638750   1.132490  -0.310990   0.156720   2.499900
 -0.032530   0.027140  -0.045160  -0.438380  -0.638750   1.132490
 -0.032530   0.027140  -0.045160  -0.489030  -0.538010  -0.896890
 -0.032530   0.027140  -0.045160  -0.400030   1.089040  -0.025350
 -0.032530   0.027140  -0.045160   1.083730  -0.016740  -0.115880
