33 atoms follow (x y z r g b radiusScale)
 -0.490010  -0.262010  -0.022720   0.000000   1.000000   0.000000   1.850000
  0.387250  -0.453820  -0.695460   1.000000   1.000000   1.000000   1.200000
 -0.714870   0.836800   0.034700   1.000000   1.000000   1.000000   1.200000
 -1.373080  -0.834350  -0.412250   1.000000   1.000000   1.000000   1.200000
 -0.170750  -0.776550   1.250390   1.000000   0.000000   0.000000   1.400000
 -0.228390   0.167530   2.527840   0.500000   0.500000   0.500000   1.900000
  1.204100   0.022670   3.159390   1.000000   0.000000   0.000000   1.400000
 -1.134340  -0.581990   3.562770   1.000000   0.000000   0.000000   1.400000
 -0.671550   1.556220   2.257910   1.000000   0.000000   0.000000   1.400000
 -1.184920   3.427780   1.762740   1.000000   1.000000   0.000000   1.850000
 -0.110890   3.871580   2.585120   1.000000   0.000000   0.000000   1.400000
 -2.439220   3.049810   2.201980   1.000000   0.000000   0.000000   1.400000
 -0.734300   3.145650   0.455190   1.000000   0.000000   0.000000   1.400000
 -1.591900   5.135800   1.366710   1.000000   0.000000   0.000000   1.400000
 -2.651590   5.770220   1.990620   0.000000   1.000000   0.000000   1.850000
 -3.626870   5.352310   1.628420   1.000000   1.000000   1.000000   1.200000
 -2.604520   6.864320   1.750400   1.000000   1.000000   1.000000   1.200000
 -2.591850   5.636000   3.103330   1.000000   1.000000   1.000000   1.200000
  0.926850   5.306650   0.529960   0.000000   0.000000   1.000000   1.540000
  1.191550   4.706440   1.345530   1.000000   1.000000   1.000000   1.200000
  1.732830   5.680060   0.050070   1.000000   1.000000   1.000000   1.200000
  0.305250   6.036800   0.894820   1.000000   1.000000   1.000000   1.200000
  0.339970   4.712200  -0.085680   1.000000   1.000000   1.000000   1.200000
  1.296110   2.449590   4.885340   0.000000   0.000000   1.000000   1.540000
  1.487630   0.688820   3.799470   1.000000   1.000000   1.000000   1.200000
  0.884100   3.023850   4.171930   1.000000   1.000000   1.000000   1.200000
  2.159620   2.858120   5.173460   1.000000   1.000000   1.000000   1.200000
  0.681850   2.417980   5.671580   1.000000   1.000000   1.000000   1.200000
 -3.513270   0.916710   3.594630   0.000000   0.000000   1.000000   1.540000
 -2.060660  -0.294070   3.674690   1.000000   1.000000   1.000000   1.200000
 -3.624700   1.253990   2.655900   1.000000   1.000000   1.000000   1.200000
 -3.107780   1.663840   4.124920   1.000000   1.000000   1.000000   1.200000
 -4.411020   0.702990   3.974410   1.000000   1.000000   1.000000   1.200000
28 bonds follow (x1 y1 z1 x2 y2 z2)
 -3.513270   0.916710   3.594630  -4.411020   0.702990   3.974410
 -3.513270   0.916710   3.594630  -3.107780   1.663840   4.124920
 -3.513270   0.916710   3.594630  -3.624700   1.253990   2.655900
 -1.134340  -0.581990   3.562770  -2.060660  -0.294070   3.674690
  1.296110   2.449590   4.885340   0.681850   2.417980   5.671580
  1.296110   2.449590   4.885340   2.159620   2.858120   5.173460
  1.296110   2.449590   4.885340   0.884100   3.023850   4.171930
  1.204100   0.022670   3.159390   1.487630   0.688820   3.799470
  0.926850   5.306650   0.529960   0.339970   4.712200  -0.085680
  0.926850   5.306650   0.529960   0.305250   6.036800   0.894820
  0.926850   5.306650   0.529960   1.732830   5.680060   0.050070
  0.926850   5.306650   0.529960   1.191550   4.706440   1.345530
 -2.651590   5.770220   1.990620  -2.591850   5.636000   3.103330
 -2.651590   5.770220   1.990620  -2.604520   6.864320   1.750400
 -2.651590   5.770220   1.990620  -3.626870   5.352310   1.628420
 -1.591900   5.135800   1.366710  -2.651590   5.770220   1.990620
 -1.184920   3.427780   1.762740  -1.591900   5.135800   1.366710
 -1.184920   3.427780   1.762740  -0.734300   3.145650   0.455190
 -1.184920   3.427780   1.762740  -2.439220   3.049810   2.201980
 -1.184920   3.427780   1.762740  -0.110890   3.871580   2.585120
 -0.228390   0.167530   2.527840  -0.671550   1.556220   2.257910
 -0.228390   0.167530   2.527840  -1.134340  -0.581990   3.562770
 -0.228390   0.167530   2.527840   1.204100   0.022670   3.159390
 -0.170750  -0.776550   1.250390  -0.228390   0.167530   2.527840
 -0.490010  -0.262010  -0.022720  -0.170750  -0.776550   1.250390
 -0.490010  -0.262010  -0.022720  -1.373080  -0.834350  -0.412250
 -0.490010  -0.262010  -0.022720  -0.714870   0.836800   0.034700
 -0.490010  -0.262010  -0.022720   0.387250  -0.453820  -0.695460
