33 atoms follow (x y z r g b radiusScale)
 -0.449850  -0.244210  -0.004320   0.000000   1.000000   0.000000   1.850000
  0.472750  -0.392820  -0.625200   1.000000   1.000000   1.000000   1.200000
 -0.703930   0.847490   0.070000   1.000000   1.000000   1.000000   1.200000
 -1.293480  -0.817330  -0.470900   1.000000   1.000000   1.000000   1.200000
 -0.214750  -0.797760   1.271510   1.000000   0.000000   0.000000   1.400000
 -0.211260   0.169340   2.537810   0.500000   0.500000   0.500000   1.900000
  1.233130   0.034950   3.140390   1.000000   0.000000   0.000000   1.400000
 -1.139650  -0.603510   3.532850   1.000000   0.000000   0.000000   1.400000
 -0.659990   1.544960   2.218660   1.000000   0.000000   0.000000   1.400000
 -1.187680   3.420280   1.766410   1.000000   1.000000   0.000000   1.850000
 -0.118370   3.849050   2.596600   1.000000   0.000000   0.000000   1.400000
 -2.456130   3.060050   2.205730   1.000000   0.000000   0.000000   1.400000
 -0.704250   3.191790   0.443010   1.000000   0.000000   0.000000   1.400000
 -1.608430   5.105180   1.387220   1.000000   0.000000   0.000000   1.400000
 -2.674190   5.778800   1.952120   0.000000   1.000000   0.000000   1.850000
 -3.641440   5.422440   1.511960   1.000000   1.000000   1.000000   1.200000
 -2.548410   6.872610   1.736100   1.000000   1.000000   1.000000   1.200000
 -2.702140   5.623720   3.062860   1.000000   1.000000   1.000000   1.200000
  0.943490   5.290200   0.553060   0.000000   0.000000   1.000000   1.540000
  1.426440   4.625760   1.171500   1.000000   1.000000   1.000000   1.200000
  1.579940   5.842150   0.001430   1.000000   1.000000   1.000000   1.200000
  0.333550   5.869820   1.154550   1.000000   1.000000   1.000000   1.200000
  0.290480   4.731990  -0.042090   1.000000   1.000000   1.000000   1.200000
  1.316900   2.462020   4.850040   0.000000   0.000000   1.000000   1.540000
  1.477540   0.625920   3.865630   1.000000   1.000000   1.000000   1.200000
  0.883320   3.088330   4.196460   1.000000   1.000000   1.000000   1.200000
  2.223010   2.806770   5.085570   1.000000   1.000000   1.000000   1.200000
  0.765610   2.422750   5.681270   1.000000   1.000000   1.000000   1.200000
 -3.575740   0.952070   3.638490   0.000000   0.000000   1.000000   1.540000
 -2.056710  -0.291920   3.641220   1.000000   1.000000   1.000000   1.200000
 -3.732520   1.264730   2.698710   1.000000   1.000000   1.000000   1.200000
 -3.278480   1.747470   4.167640   1.000000   1.000000   1.000000   1.200000
 -4.430910   0.607160   4.020010   1.000000   1.000000   1.000000   1.200000
28 bonds follow (x1 y1 z1 x2 y2 z2)
 -3.575740   0.952070   3.638490  -4.430910   0.607160   4.020010
 -3.575740   0.952070   3.638490  -3.278480   1.747470   4.167640
 -3.575740   0.952070   3.638490  -3.732520   1.264730   2.698710
 -1.139650  -0.603510   3.532850  -2.056710  -0.291920   3.641220
  1.316900   2.462020   4.850040   0.765610   2.422750   5.681270
  1.316900   2.462020   4.850040   2.223010   2.806770   5.085570
  1.316900   2.462020   4.850040   0.883320   3.088330   4.196460
  1.233130   0.034950   3.140390   1.477540   0.625920   3.865630
  0.943490   5.290200   0.553060   0.290480   4.731990  -0.042090
  0.943490   5.290200   0.553060   0.333550   5.869820   1.154550
  0.943490   5.290200   0.553060   1.579940   5.842150   0.001430
  0.943490   5.290200   0.553060   1.426440   4.625760   1.171500
 -2.674190   5.778800   1.952120  -2.702140   5.623720   3.062860
 -2.674190   5.778800   1.952120  -2.548410   6.872610   1.736100
 -2.674190   5.778800   1.952120  -3.641440   5.422440   1.511960
 -1.608430   5.105180   1.387220  -2.674190   5.778800   1.952120
 -1.187680   3.420280   1.766410  -1.608430   5.105180   1.387220
 -1.187680   3.420280   1.766410  -0.704250   3.191790   0.443010
 -1.187680   3.420280   1.766410  -2.456130   3.060050   2.205730
 -1.187680   3.420280   1.766410  -0.118370   3.849050   2.596600
 -0.211260   0.169340   2.537810  -0.659990   1.544960   2.218660
 -0.211260   0.169340   2.537810  -1.139650  -0.603510   3.532850
 -0.211260   0.169340   2.537810   1.233130   0.034950   3.140390
 -0.214750  -0.797760   1.271510  -0.211260   0.169340   2.537810
 -0.449850  -0.244210  -0.004320  -0.214750  -0.797760   1.271510
 -0.449850  -0.244210  -0.004320  -1.293480  -0.817330  -0.470900
 -0.449850  -0.244210  -0.004320  -0.703930   0.847490   0.070000
 -0.449850  -0.244210  -0.004320   0.472750  -0.392820  -0.625200
