33 atoms follow (x y z r g b radiusScale)
 -0.297500  -0.122490  -0.078970   0.000000   1.000000   0.000000   1.850000
  0.628550  -0.423210  -0.634590   1.000000   1.000000   1.000000   1.200000
 -0.381080   0.994950   0.013570   1.000000   1.000000   1.000000   1.200000
 -1.191220  -0.541640  -0.611900   1.000000   1.000000   1.000000   1.200000
 -0.249040  -0.726520   1.197460   1.000000   0.000000   0.000000   1.400000
 -0.229420   0.157710   2.515910   0.500000   0.500000   0.500000   1.900000
  1.263210   0.084560   2.990840   1.000000   0.000000   0.000000   1.400000
 -1.027660  -0.609180   3.629040   1.000000   0.000000   0.000000   1.400000
 -0.658660   1.551900   2.289380   1.000000   0.000000   0.000000   1.400000
 -1.157610   3.404140   1.888050   1.000000   1.000000   0.000000   1.850000
  0.076880   3.793380   2.479150   1.000000   0.000000   0.000000   1.400000
 -2.320230   3.134400   2.601660   1.000000   0.000000   0.000000   1.400000
 -0.974480   3.091390   0.518380   1.000000   0.000000   0.000000   1.400000
 -1.483830   5.134050   1.494050   1.000000   0.000000   0.000000   1.400000
 -2.597520   5.868910   1.845360   0.000000   1.000000   0.000000   1.850000
 -3.052780   5.482700   2.794480   1.000000   1.000000   1.000000   1.200000
 -3.365110   5.822110   1.026830   1.000000   1.000000   1.000000   1.200000
 -2.291700   6.940130   1.990640   1.000000   1.000000   1.000000   1.200000
  0.865330   5.168400   0.289080   0.000000   0.000000   1.000000   1.540000
  1.240640   4.482920   0.972210   1.000000   1.000000   1.000000   1.200000
  1.585910   5.579210  -0.277380   1.000000   1.000000   1.000000   1.200000
  0.337140   5.870070   0.844550   1.000000   1.000000   1.000000   1.200000
  0.143860   4.654970  -0.275310   1.000000   1.000000   1.000000   1.200000
  0.998820   2.516470   4.987990   0.000000   0.000000   1.000000   1.540000
  1.517140   0.530870   3.800920   1.000000   1.000000   1.000000   1.200000
  1.275300   3.013500   4.160910   1.000000   1.000000   1.000000   1.200000
  1.540520   2.842710   5.760830   1.000000   1.000000   1.000000   1.200000
  0.037840   2.731360   5.161350   1.000000   1.000000   1.000000   1.200000
 -3.694890   0.813650   3.388820   0.000000   0.000000   1.000000   1.540000
 -1.950440  -0.373800   3.791000   1.000000   1.000000   1.000000   1.200000
 -3.625440   1.305920   2.517220   1.000000   1.000000   1.000000   1.200000
 -3.352700   1.436980   4.095800   1.000000   1.000000   1.000000   1.200000
 -4.658920   0.629120   3.574540   1.000000   1.000000   1.000000   1.200000
28 bonds follow (x1 y1 z1 x2 y2 z2)
 -3.694890   0.813650   3.388820  -4.658920   0.629120   3.574540
 -3.694890   0.813650   3.388820  -3.352700   1.436980   4.095800
 -3.694890   0.813650   3.388820  -3.625440   1.305920   2.517220
 -1.027660  -0.609180   3.629040  -1.950440  -0.373800   3.791000
  0.998820   2.516470   4.987990   0.037840   2.731360   5.161350
  0.998820   2.516470   4.987990   1.540520   2.842710   5.760830
  0.998820   2.516470   4.987990   1.275300   3.013500   4.160910
  1.263210   0.084560   2.990840   1.517140   0.530870   3.800920
  0.865330   5.168400   0.289080   0.143860   4.654970  -0.275310
  0.865330   5.168400   0.289080   0.337140   5.870070   0.844550
  0.865330   5.168400   0.289080   1.585910   5.579210  -0.277380
  0.865330   5.168400   0.289080   1.240640   4.482920   0.972210
 -2.597520   5.868910   1.845360  -2.291700   6.940130   1.990640
 -2.597520   5.868910   1.845360  -3.365110   5.822110   1.026830
 -2.597520   5.868910   1.845360  -3.052780   5.482700   2.794480
 -1.483830   5.134050   1.494050  -2.597520   5.868910   1.845360
 -1.157610   3.404140   1.888050  -1.483830   5.134050   1.494050
 -1.157610   3.404140   1.888050  -0.974480   3.091390   0.518380
 -1.157610   3.404140   1.888050  -2.320230   3.134400   2.601660
 -1.157610   3.404140   1.888050   0.076880   3.793380   2.479150
 -0.229420   0.157710   2.515910  -0.658660   1.551900   2.289380
 -0.229420   0.157710   2.515910  -1.027660  -0.609180   3.629040
 -0.229420   0.157710   2.515910   1.263210   0.084560   2.990840
 -0.249040  -0.726520   1.197460  -0.229420   0.157710   2.515910
 -0.297500  -0.122490  -0.078970  -0.249040  -0.726520   1.197460
 -0.297500  -0.122490  -0.078970  -1.191220  -0.541640  -0.611900
 -0.297500  -0.122490  -0.078970  -0.381080   0.994950   0.013570
 -0.297500  -0.122490  -0.078970   0.628550  -0.423210  -0.634590
