33 atoms follow (x y z r g b radiusScale)
  0.300120  -0.169400   0.074300   0.000000   1.000000   0.000000   1.850000
  1.394740  -0.298840   0.266070   1.000000   1.000000   1.000000   1.200000
  0.020390   0.916770   0.013260   1.000000   1.000000   1.000000   1.200000
 -0.008820  -0.711740  -0.853710   1.000000   1.000000   1.000000   1.200000
 -0.406600  -0.766910   1.145860   1.000000   0.000000   0.000000   1.400000
 -0.284600   0.000130   2.518870   0.500000   0.500000   0.500000   1.900000
  1.210770  -0.152390   2.948850   1.000000   0.000000   0.000000   1.400000
 -1.220070  -0.723790   3.521990   1.000000   0.000000   0.000000   1.400000
 -0.692220   1.447110   2.400670   1.000000   0.000000   0.000000   1.400000
 -1.154590   3.188830   2.170270   1.000000   1.000000   0.000000   1.850000
 -0.346460   3.725910   3.132650   1.000000   0.000000   0.000000   1.400000
 -2.496830   3.034800   2.450110   1.000000   0.000000   0.000000   1.400000
 -0.759990   3.324240   0.868210   1.000000   0.000000   0.000000   1.400000
 -2.371580   6.284020   1.453300   1.000000   0.000000   0.000000   1.400000
 -3.664640   6.168290   0.912840   0.000000   1.000000   0.000000   1.850000
 -3.808010   6.982410   0.150300   1.000000   1.000000   1.000000   1.200000
 -4.463000   6.269720   1.700840   1.000000   1.000000   1.000000   1.200000
 -3.748750   5.177830   0.417200   1.000000   1.000000   1.000000   1.200000
  2.315390   5.228310  -0.180900   0.000000   0.000000   1.000000   1.540000
  2.162260   5.909790   0.530840   1.000000   1.000000   1.000000   1.200000
 -2.238040   7.153290   1.903210   1.000000   1.000000   1.000000   1.200000
  2.245560   5.682310  -1.065330   1.000000   1.000000   1.000000   1.200000
  1.606130   4.523600  -0.121240   1.000000   1.000000   1.000000   1.200000
  1.827090   2.180210   4.432200   0.000000   0.000000   1.000000   1.540000
  1.634280   0.519050   3.526600   1.000000   1.000000   1.000000   1.200000
  1.527150   2.877140   3.775060   1.000000   1.000000   1.000000   1.200000
  2.775160   2.360830   4.689210   1.000000   1.000000   1.000000   1.200000
  1.253750   2.254450   5.247410   1.000000   1.000000   1.000000   1.200000
 -3.658180   0.791230   3.842800   0.000000   0.000000   1.000000   1.540000
 -2.110470  -0.350670   3.713340   1.000000   1.000000   1.000000   1.200000
 -3.666640   1.259990   2.955100   1.000000   1.000000   1.000000   1.200000
 -3.448940   1.475750   4.541780   1.000000   1.000000   1.000000   1.200000
 -4.568750   0.421640   4.021330   1.000000   1.000000   1.000000   1.200000
28 bonds follow (x1 y1 z1 x2 y2 z2)
 -3.658180   0.791230   3.842800  -4.568750   0.421640   4.021330
 -3.658180   0.791230   3.842800  -3.448940   1.475750   4.541780
 -3.658180   0.791230   3.842800  -3.666640   1.259990   2.955100
 -1.220070  -0.723790   3.521990  -2.110470  -0.350670   3.713340
  1.827090   2.180210   4.432200   1.253750   2.254450   5.247410
  1.827090   2.180210   4.432200   2.775160   2.360830   4.689210
  1.827090   2.180210   4.432200   1.527150   2.877140   3.775060
  1.210770  -0.152390   2.948850   1.634280   0.519050   3.526600
  2.315390   5.228310  -0.180900   1.606130   4.523600  -0.121240
  2.315390   5.228310  -0.180900   2.245560   5.682310  -1.065330
 -2.371580   6.284020   1.453300  -2.238040   7.153290   1.903210
  2.315390   5.228310  -0.180900   2.162260   5.909790   0.530840
 -3.664640   6.168290   0.912840  -3.748750   5.177830   0.417200
 -3.664640   6.168290   0.912840  -4.463000   6.269720   1.700840
 -3.664640   6.168290   0.912840  -3.808010   6.982410   0.150300
 -2.371580   6.284020   1.453300  -3.664640   6.168290   0.912840
 -1.154590   3.188830   2.170270  -0.759990   3.324240   0.868210
 -1.154590   3.188830   2.170270  -2.496830   3.034800   2.450110
 -1.154590   3.188830   2.170270  -0.346460   3.725910   3.132650
 -0.692220   1.447110   2.400670  -1.154590   3.188830   2.170270
 -0.284600   0.000130   2.518870  -0.692220   1.447110   2.400670
 -0.284600   0.000130   2.518870  -1.220070  -0.723790   3.521990
 -0.284600   0.000130   2.518870   1.210770  -0.152390   2.948850
 -0.406600  -0.766910   1.145860  -0.284600   0.000130   2.518870
  0.300120  -0.169400   0.074300  -0.406600  -0.766910   1.145860
  0.300120  -0.169400   0.074300  -0.008820  -0.711740  -0.853710
  0.300120  -0.169400   0.074300   0.020390   0.916770   0.013260
  0.300120  -0.169400   0.074300   1.394740  -0.298840   0.266070
