33 atoms follow (x y z r g b radiusScale)
 -0.553340  -0.197930  -0.004880   0.000000   1.000000   0.000000   1.850000
  0.229930  -0.469180  -0.760080   1.000000   1.000000   1.000000   1.200000
 -0.658750   0.917800   0.071970   1.000000   1.000000   1.000000   1.200000
 -1.524450  -0.672010  -0.306040   1.000000   1.000000   1.000000   1.200000
 -0.150050  -0.754880   1.230390   1.000000   0.000000   0.000000   1.400000
 -0.200620   0.162000   2.532510   0.500000   0.500000   0.500000   1.900000
  1.239740   0.084900   3.149560   1.000000   0.000000   0.000000   1.400000
 -1.121680  -0.596130   3.546290   1.000000   0.000000   0.000000   1.400000
 -0.661330   1.543350   2.243830   1.000000   0.000000   0.000000   1.400000
 -1.183150   3.396070   1.781560   1.000000   1.000000   0.000000   1.850000
 -0.113790   3.833840   2.605560   1.000000   0.000000   0.000000   1.400000
 -2.434610   3.095740   2.293300   1.000000   0.000000   0.000000   1.400000
 -0.746830   3.130520   0.458380   1.000000   0.000000   0.000000   1.400000
 -1.574650   5.085910   1.320270   1.000000   0.000000   0.000000   1.400000
 -2.567020   5.781810   1.984880   0.000000   1.000000   0.000000   1.850000
 -3.569350   5.315120   1.799010   1.000000   1.000000   1.000000   1.200000
 -2.574080   6.837960   1.607900   1.000000   1.000000   1.000000   1.200000
 -2.368860   5.786900   3.089960   1.000000   1.000000   1.000000   1.200000
  0.892480   5.339840   0.461000   0.000000   0.000000   1.000000   1.540000
  0.927490   5.156730   1.486280   1.000000   1.000000   1.000000   1.200000
  1.698140   5.846370   0.130700   1.000000   1.000000   1.000000   1.200000
  0.009630   5.851250   0.294170   1.000000   1.000000   1.000000   1.200000
  0.783290   4.414950   0.007780   1.000000   1.000000   1.000000   1.200000
  1.234270   2.415050   4.931640   0.000000   0.000000   1.000000   1.540000
  1.453150   0.680440   3.883340   1.000000   1.000000   1.000000   1.200000
  0.930160   3.007150   4.179030   1.000000   1.000000   1.000000   1.200000
  2.101380   2.757610   5.287180   1.000000   1.000000   1.000000   1.200000
  0.555210   2.447350   5.662580   1.000000   1.000000   1.000000   1.200000
 -3.563440   0.916060   3.555410   0.000000   0.000000   1.000000   1.540000
 -2.009570  -0.227190   3.722320   1.000000   1.000000   1.000000   1.200000
 -3.759510   1.088400   2.588640   1.000000   1.000000   1.000000   1.200000
 -3.253100   1.785280   3.947660   1.000000   1.000000   1.000000   1.200000
 -4.402540   0.628640   4.013120   1.000000   1.000000   1.000000   1.200000
28 bonds follow (x1 y1 z1 x2 y2 z2)
 -3.563440   0.916060   3.555410  -4.402540   0.628640   4.013120
 -3.563440   0.916060   3.555410  -3.253100   1.785280   3.947660
 -3.563440   0.916060   3.555410  -3.759510   1.088400   2.588640
 -1.121680  -0.596130   3.546290  -2.009570  -0.227190   3.722320
  1.234270   2.415050   4.931640   0.555210   2.447350   5.662580
  1.234270   2.415050   4.931640   2.101380   2.757610   5.287180
  1.234270   2.415050   4.931640   0.930160   3.007150   4.179030
  1.239740   0.084900   3.149560   1.453150   0.680440   3.883340
  0.892480   5.339840   0.461000   0.783290   4.414950   0.007780
  0.892480   5.339840   0.461000   0.009630   5.851250   0.294170
  0.892480   5.339840   0.461000   1.698140   5.846370   0.130700
  0.892480   5.339840   0.461000   0.927490   5.156730   1.486280
 -2.567020   5.781810   1.984880  -2.368860   5.786900   3.089960
 -2.567020   5.781810   1.984880  -2.574080   6.837960   1.607900
 -2.567020   5.781810   1.984880  -3.569350   5.315120   1.799010
 -1.574650   5.085910   1.320270  -2.567020   5.781810   1.984880
 -1.183150   3.396070   1.781560  -1.574650   5.085910   1.320270
 -1.183150   3.396070   1.781560  -0.746830   3.130520   0.458380
 -1.183150   3.396070   1.781560  -2.434610   3.095740   2.293300
 -1.183150   3.396070   1.781560  -0.113790   3.833840   2.605560
 -0.200620   0.162000   2.532510  -0.661330   1.543350   2.243830
 -0.200620   0.162000   2.532510  -1.121680  -0.596130   3.546290
 -0.200620   0.162000   2.532510   1.239740   0.084900   3.149560
 -0.150050  -0.754880   1.230390  -0.200620   0.162000   2.532510
 -0.553340  -0.197930  -0.004880  -0.150050  -0.754880   1.230390
 -0.553340  -0.197930  -0.004880  -1.524450  -0.672010  -0.306040
 -0.553340  -0.197930  -0.004880  -0.658750   0.917800   0.071970
 -0.553340  -0.197930  -0.004880   0.229930  -0.469180  -0.760080
