33 atoms follow (x y z r g b radiusScale)
  0.142420  -0.188280   0.019510   0.000000   1.000000   0.000000   1.850000
  1.250120  -0.148010   0.174230   1.000000   1.000000   1.000000   1.200000
 -0.284290   0.842280  -0.109000   1.000000   1.000000   1.000000   1.200000
 -0.110710  -0.840880  -0.852320   1.000000   1.000000   1.000000   1.200000
 -0.443040  -0.789430   1.158230   1.000000   0.000000   0.000000   1.400000
 -0.283940   0.017720   2.512690   0.500000   0.500000   0.500000   1.900000
  1.167940  -0.150290   3.076870   1.000000   0.000000   0.000000   1.400000
 -1.267460  -0.634520   3.518170   1.000000   0.000000   0.000000   1.400000
 -0.662480   1.463710   2.320610   1.000000   0.000000   0.000000   1.400000
 -1.119490   3.224480   2.095980   1.000000   1.000000   0.000000   1.850000
 -0.182760   3.733510   2.965800   1.000000   0.000000   0.000000   1.400000
 -2.394110   3.036970   2.557290   1.000000   0.000000   0.000000   1.400000
 -0.910910   3.249750   0.742490   1.000000   0.000000   0.000000   1.400000
 -2.207360   6.003800   1.577170   1.000000   0.000000   0.000000   1.400000
 -3.407940   6.062570   0.830110   0.000000   1.000000   0.000000   1.850000
 -3.183250   6.346030  -0.226290   1.000000   1.000000   1.000000   1.200000
 -4.150970   6.767230   1.268910   1.000000   1.000000   1.000000   1.200000
 -3.776020   5.003980   0.919750   1.000000   1.000000   1.000000   1.200000
  2.005810   5.517720  -0.052920   0.000000   0.000000   1.000000   1.540000
  2.067930   6.160230   0.711030   1.000000   1.000000   1.000000   1.200000
 -2.015280   6.852280   1.682940   1.000000   1.000000   1.000000   1.200000
  1.586270   5.991600  -0.828450   1.000000   1.000000   1.000000   1.200000
  1.398420   4.763310   0.219160   1.000000   1.000000   1.000000   1.200000
  1.744700   2.164500   4.569620   0.000000   0.000000   1.000000   1.540000
  1.522440   0.511320   3.712240   1.000000   1.000000   1.000000   1.200000
  1.439740   2.878780   3.934810   1.000000   1.000000   1.000000   1.200000
  2.703130   2.320810   4.801760   1.000000   1.000000   1.000000   1.200000
  1.197860   2.219270   5.403520   1.000000   1.000000   1.000000   1.200000
 -3.598260   0.792500   3.839190   0.000000   0.000000   1.000000   1.540000
 -2.158100  -0.219390   3.664210   1.000000   1.000000   1.000000   1.200000
 -3.775830   1.181390   2.932740   1.000000   1.000000   1.000000   1.200000
 -3.324100   1.542790   4.441560   1.000000   1.000000   1.000000   1.200000
 -4.427700   0.365320   4.192490   1.000000   1.000000   1.000000   1.200000
28 bonds follow (x1 y1 z1 x2 y2 z2)
 -3.598260   0.792500   3.839190  -4.427700   0.365320   4.192490
 -3.598260   0.792500   3.839190  -3.324100   1.542790   4.441560
 -3.598260   0.792500   3.839190  -3.775830   1.181390   2.932740
 -1.267460  -0.634520   3.518170  -2.158100  -0.219390   3.664210
  1.744700   2.164500   4.569620   1.197860   2.219270   5.403520
  1.744700   2.164500   4.569620   2.703130   2.320810   4.801760
  1.744700   2.164500   4.569620   1.439740   2.878780   3.934810
  1.167940  -0.150290   3.076870   1.522440   0.511320   3.712240
  2.005810   5.517720  -0.052920   1.398420   4.763310   0.219160
  2.005810   5.517720  -0.052920   1.586270   5.991600  -0.828450
 -2.207360   6.003800   1.577170  -2.015280   6.852280   1.682940
  2.005810   5.517720  -0.052920   2.067930   6.160230   0.711030
 -3.407940   6.062570   0.830110  -3.776020   5.003980   0.919750
 -3.407940   6.062570   0.830110  -4.150970   6.767230   1.268910
 -3.407940   6.062570   0.830110  -3.183250   6.346030  -0.226290
 -2.207360   6.003800   1.577170  -3.407940   6.062570   0.830110
 -1.119490   3.224480   2.095980  -0.910910   3.249750   0.742490
 -1.119490   3.224480   2.095980  -2.394110   3.036970   2.557290
 -1.119490   3.224480   2.095980  -0.182760   3.733510   2.965800
 -0.662480   1.463710   2.320610  -1.119490   3.224480   2.095980
 -0.283940   0.017720   2.512690  -0.662480   1.463710   2.320610
 -0.283940   0.017720   2.512690  -1.267460  -0.634520   3.518170
 -0.283940   0.017720   2.512690   1.167940  -0.150290   3.076870
 -0.443040  -0.789430   1.158230  -0.283940   0.017720   2.512690
  0.142420  -0.188280   0.019510  -0.443040  -0.789430   1.158230
  0.142420  -0.188280   0.019510  -0.110710  -0.840880  -0.852320
  0.142420  -0.188280   0.019510  -0.284290   0.842280  -0.109000
  0.142420  -0.188280   0.019510   1.250120  -0.148010   0.174230
