33 atoms follow (x y z r g b radiusScale)
 -0.027630   0.018680  -0.036980   0.000000   1.000000   0.000000   1.850000
  1.090440  -0.019030  -0.075510   1.000000   1.000000   1.000000   1.200000
 -0.399140   1.080150  -0.027420   1.000000   1.000000   1.000000   1.200000
 -0.459310  -0.548520  -0.899560   1.000000   1.000000   1.000000   1.200000
 -0.457330  -0.644520   1.133020   1.000000   0.000000   0.000000   1.400000
 -0.299940   0.164770   2.491930   0.500000   0.500000   0.500000   1.900000
  1.177940  -0.086610   2.977680   1.000000   0.000000   0.000000   1.400000
 -1.230060  -0.560760   3.515370   1.000000   0.000000   0.000000   1.400000
 -0.657040   1.601170   2.385310   1.000000   0.000000   0.000000   1.400000
 -1.188590   3.443030   1.958660   1.000000   1.000000   0.000000   1.850000
 -0.058470   3.915000   2.695650   1.000000   0.000000   0.000000   1.400000
 -2.394370   3.124810   2.565450   1.000000   0.000000   0.000000   1.400000
 -0.806630   3.101850   0.623740   1.000000   0.000000   0.000000   1.400000
 -1.590050   5.093740   1.438260   1.000000   0.000000   0.000000   1.400000
 -2.854780   5.567260   1.150090   0.000000   1.000000   0.000000   1.850000
 -3.127150   5.322200   0.088160   1.000000   1.000000   1.000000   1.200000
 -2.850460   6.683030   1.273120   1.000000   1.000000   1.000000   1.200000
 -3.621360   5.122510   1.836690   1.000000   1.000000   1.000000   1.200000
  0.964700   5.259670   0.564880   0.000000   0.000000   1.000000   1.540000
  0.807150   5.185380   1.594620   1.000000   1.000000   1.000000   1.200000
  0.896330   6.234850   0.276310   1.000000   1.000000   1.000000   1.200000
  0.185600   4.709490   0.133790   1.000000   1.000000   1.000000   1.200000
  1.856030   4.856000   0.315580   1.000000   1.000000   1.000000   1.200000
  1.586160   2.283150   4.695400   0.000000   0.000000   1.000000   1.540000
  1.532820   0.510200   3.653100   1.000000   1.000000   1.000000   1.200000
  1.074110   2.886350   4.075810   1.000000   1.000000   1.000000   1.200000
  2.506570   2.647950   4.819010   1.000000   1.000000   1.000000   1.200000
  1.129240   2.267910   5.582900   1.000000   1.000000   1.000000   1.200000
 -3.616360   0.933040   3.777830   0.000000   0.000000   1.000000   1.540000
 -2.119960  -0.181950   3.683020   1.000000   1.000000   1.000000   1.200000
 -3.864620   1.200760   2.845790   1.000000   1.000000   1.000000   1.200000
 -3.222530   1.741420   4.221270   1.000000   1.000000   1.000000   1.200000
 -4.435640   0.648650   4.270400   1.000000   1.000000   1.000000   1.200000
28 bonds follow (x1 y1 z1 x2 y2 z2)
 -3.616360   0.933040   3.777830  -4.435640   0.648650   4.270400
 -3.616360   0.933040   3.777830  -3.222530   1.741420   4.221270
 -3.616360   0.933040   3.777830  -3.864620   1.200760   2.845790
 -1.230060  -0.560760   3.515370  -2.119960  -0.181950   3.683020
  1.586160   2.283150   4.695400   1.129240   2.267910   5.582900
  1.586160   2.283150   4.695400   2.506570   2.647950   4.819010
  1.586160   2.283150   4.695400   1.074110   2.886350   4.075810
  1.177940  -0.086610   2.977680   1.532820   0.510200   3.653100
  0.964700   5.259670   0.564880   1.856030   4.856000   0.315580
  0.964700   5.259670   0.564880   0.185600   4.709490   0.133790
  0.964700   5.259670   0.564880   0.896330   6.234850   0.276310
  0.964700   5.259670   0.564880   0.807150   5.185380   1.594620
 -2.854780   5.567260   1.150090  -3.621360   5.122510   1.836690
 -2.854780   5.567260   1.150090  -2.850460   6.683030   1.273120
 -2.854780   5.567260   1.150090  -3.127150   5.322200   0.088160
 -1.590050   5.093740   1.438260  -2.854780   5.567260   1.150090
 -1.188590   3.443030   1.958660  -1.590050   5.093740   1.438260
 -1.188590   3.443030   1.958660  -0.806630   3.101850   0.623740
 -1.188590   3.443030   1.958660  -2.394370   3.124810   2.565450
 -1.188590   3.443030   1.958660  -0.058470   3.915000   2.695650
 -0.299940   0.164770   2.491930  -0.657040   1.601170   2.385310
 -0.299940   0.164770   2.491930  -1.230060  -0.560760   3.515370
 -0.299940   0.164770   2.491930   1.177940  -0.086610   2.977680
 -0.457330  -0.644520   1.133020  -0.299940   0.164770   2.491930
 -0.027630   0.018680  -0.036980  -0.457330  -0.644520   1.133020
 -0.027630   0.018680  -0.036980  -0.459310  -0.548520  -0.899560
 -0.027630   0.018680  -0.036980  -0.399140   1.080150  -0.027420
 -0.027630   0.018680  -0.036980   1.090440  -0.019030  -0.075510
