33 atoms follow (x y z r g b radiusScale)
  0.229050  -0.181380   0.032510   0.000000   1.000000   0.000000   1.850000
  1.336520  -0.239230   0.178610   1.000000   1.000000   1.000000   1.200000
 -0.114990   0.884270  -0.040300   1.000000   1.000000   1.000000   1.200000
 -0.084000  -0.769600  -0.866210   1.000000   1.000000   1.000000   1.200000
 -0.402160  -0.794450   1.146320   1.000000   0.000000   0.000000   1.400000
 -0.305320  -0.002080   2.510300   0.500000   0.500000   0.500000   1.900000
  1.176960  -0.135380   2.956640   1.000000   0.000000   0.000000   1.400000
 -1.263190  -0.669560   3.550920   1.000000   0.000000   0.000000   1.400000
 -0.606540   1.462430   2.329800   1.000000   0.000000   0.000000   1.400000
 -1.146340   3.184240   2.143990   1.000000   1.000000   0.000000   1.850000
 -0.261910   3.731630   3.040670   1.000000   0.000000   0.000000   1.400000
 -2.444700   2.991810   2.536080   1.000000   0.000000   0.000000   1.400000
 -0.838670   3.271130   0.813310   1.000000   0.000000   0.000000   1.400000
 -2.288620   6.138030   1.522520   1.000000   0.000000   0.000000   1.400000
 -3.543940   6.125560   0.860870   0.000000   1.000000   0.000000   1.850000
 -3.525310   6.715720  -0.090430   1.000000   1.000000   1.000000   1.200000
 -4.328150   6.519060   1.553810   1.000000   1.000000   1.000000   1.200000
 -3.722090   5.036120   0.616090   1.000000   1.000000   1.000000   1.200000
  2.167010   5.390040  -0.117230   0.000000   0.000000   1.000000   1.540000
  2.283610   6.077480   0.597040   1.000000   1.000000   1.000000   1.200000
 -2.093480   7.004830   1.669340   1.000000   1.000000   1.000000   1.200000
  2.109640   5.851560  -1.001380   1.000000   1.000000   1.000000   1.200000
  1.315600   4.882860   0.044220   1.000000   1.000000   1.000000   1.200000
  1.808090   2.204170   4.541460   0.000000   0.000000   1.000000   1.540000
  1.544310   0.555710   3.549270   1.000000   1.000000   1.000000   1.200000
  1.550100   2.936790   3.905580   1.000000   1.000000   1.000000   1.200000
  2.765250   2.315750   4.803240   1.000000   1.000000   1.000000   1.200000
  1.240580   2.282240   5.359700   1.000000   1.000000   1.000000   1.200000
 -3.668240   0.832110   3.843750   0.000000   0.000000   1.000000   1.540000
 -2.157240  -0.294740   3.722380   1.000000   1.000000   1.000000   1.200000
 -3.795790   1.316460   2.975140   1.000000   1.000000   1.000000   1.200000
 -3.444550   1.512590   4.541340   1.000000   1.000000   1.000000   1.200000
 -4.517120   0.371500   4.096160   1.000000   1.000000   1.000000   1.200000
28 bonds follow (x1 y1 z1 x2 y2 z2)
 -3.668240   0.832110   3.843750  -4.517120   0.371500   4.096160
 -3.668240   0.832110   3.843750  -3.444550   1.512590   4.541340
 -3.668240   0.832110   3.843750  -3.795790   1.316460   2.975140
 -1.263190  -0.669560   3.550920  -2.157240  -0.294740   3.722380
  1.808090   2.204170   4.541460   1.240580   2.282240   5.359700
  1.808090   2.204170   4.541460   2.765250   2.315750   4.803240
  1.808090   2.204170   4.541460   1.550100   2.936790   3.905580
  1.176960  -0.135380   2.956640   1.544310   0.555710   3.549270
  2.167010   5.390040  -0.117230   1.315600   4.882860   0.044220
  2.167010   5.390040  -0.117230   2.109640   5.851560  -1.001380
 -2.288620   6.138030   1.522520  -2.093480   7.004830   1.669340
  2.167010   5.390040  -0.117230   2.283610   6.077480   0.597040
 -3.543940   6.125560   0.860870  -3.722090   5.036120   0.616090
 -3.543940   6.125560   0.860870  -4.328150   6.519060   1.553810
 -3.543940   6.125560   0.860870  -3.525310   6.715720  -0.090430
 -2.288620   6.138030   1.522520  -3.543940   6.125560   0.860870
 -1.146340   3.184240   2.143990  -0.838670   3.271130   0.813310
 -1.146340   3.184240   2.143990  -2.444700   2.991810   2.536080
 -1.146340   3.184240   2.143990  -0.261910   3.731630   3.040670
 -0.606540   1.462430   2.329800  -1.146340   3.184240   2.143990
 -0.305320  -0.002080   2.510300  -0.606540   1.462430   2.329800
 -0.305320  -0.002080   2.510300  -1.263190  -0.669560   3.550920
 -0.305320  -0.002080   2.510300   1.176960  -0.135380   2.956640
 -0.402160  -0.794450   1.146320  -0.305320  -0.002080   2.510300
  0.229050  -0.181380   0.032510  -0.402160  -0.794450   1.146320
  0.229050  -0.181380   0.032510  -0.084000  -0.769600  -0.866210
  0.229050  -0.181380   0.032510  -0.114990   0.884270  -0.040300
  0.229050  -0.181380   0.032510   1.336520  -0.239230   0.178610
