33 atoms follow (x y z r g b radiusScale)
 -0.204480  -0.150250  -0.058790   0.000000   1.000000   0.000000   1.850000
  0.740760  -0.512770  -0.541710   1.000000   1.000000   1.000000   1.200000
 -0.225650   0.970480   0.017230   1.000000   1.000000   1.000000   1.200000
 -1.079590  -0.516930  -0.657100   1.000000   1.000000   1.000000   1.200000
 -0.295410  -0.741510   1.221080   1.000000   0.000000   0.000000   1.400000
 -0.246050   0.178520   2.516520   0.500000   0.500000   0.500000   1.900000
  1.220340   0.016370   3.054850   1.000000   0.000000   0.000000   1.400000
 -1.178330  -0.483850   3.581040   1.000000   0.000000   0.000000   1.400000
 -0.664320   1.570780   2.227300   1.000000   0.000000   0.000000   1.400000
 -1.197890   3.392860   1.808320   1.000000   1.000000   0.000000   1.850000
 -0.122450   3.811450   2.649050   1.000000   0.000000   0.000000   1.400000
 -2.444740   3.110980   2.346560   1.000000   0.000000   0.000000   1.400000
 -0.729200   3.099530   0.494680   1.000000   0.000000   0.000000   1.400000
 -1.615110   5.051810   1.304190   1.000000   0.000000   0.000000   1.400000
 -2.740700   5.744430   1.719120   0.000000   1.000000   0.000000   1.850000
 -3.604850   5.520440   1.041140   1.000000   1.000000   1.000000   1.200000
 -2.510910   6.842720   1.671610   1.000000   1.000000   1.000000   1.200000
 -3.019280   5.469820   2.769570   1.000000   1.000000   1.000000   1.200000
  0.928670   5.279150   0.666670   0.000000   0.000000   1.000000   1.540000
  1.204340   4.555490   1.361920   1.000000   1.000000   1.000000   1.200000
  1.719280   5.660270   0.179210   1.000000   1.000000   1.000000   1.200000
  0.381170   5.992970   1.177660   1.000000   1.000000   1.000000   1.200000
  0.258050   4.807900   0.021420   1.000000   1.000000   1.000000   1.200000
  1.459690   2.384720   4.793480   0.000000   0.000000   1.000000   1.540000
  1.567640   0.684430   3.664120   1.000000   1.000000   1.000000   1.200000
  0.907680   2.947960   4.171140   1.000000   1.000000   1.000000   1.200000
  2.348870   2.819810   4.919150   1.000000   1.000000   1.000000   1.200000
  1.002200   2.336390   5.679630   1.000000   1.000000   1.000000   1.200000
 -3.641960   0.957170   3.728800   0.000000   0.000000   1.000000   1.540000
 -2.084200  -0.134050   3.702210   1.000000   1.000000   1.000000   1.200000
 -3.854570   1.192130   2.778480   1.000000   1.000000   1.000000   1.200000
 -3.247670   1.776560   4.150660   1.000000   1.000000   1.000000   1.200000
 -4.485290   0.717130   4.204920   1.000000   1.000000   1.000000   1.200000
29 bonds follow (x1 y1 z1 x2 y2 z2)
 -3.641960   0.957170   3.728800  -4.485290   0.717130   4.204920
 -3.641960   0.957170   3.728800  -3.247670   1.776560   4.150660
 -3.641960   0.957170   3.728800  -3.854570   1.192130   2.778480
 -1.178330  -0.483850   3.581040  -2.084200  -0.134050   3.702210
  1.459690   2.384720   4.793480   1.002200   2.336390   5.679630
  1.459690   2.384720   4.793480   2.348870   2.819810   4.919150
  1.459690   2.384720   4.793480   0.907680   2.947960   4.171140
  1.220340   0.016370   3.054850   1.567640   0.684430   3.664120
  0.928670   5.279150   0.666670   0.258050   4.807900   0.021420
  0.928670   5.279150   0.666670   0.381170   5.992970   1.177660
  0.928670   5.279150   0.666670   1.719280   5.660270   0.179210
  0.928670   5.279150   0.666670   1.204340   4.555490   1.361920
 -2.740700   5.744430   1.719120  -3.019280   5.469820   2.769570
 -2.740700   5.744430   1.719120  -2.510910   6.842720   1.671610
 -2.740700   5.744430   1.719120  -3.604850   5.520440   1.041140
 -1.615110   5.051810   1.304190  -2.740700   5.744430   1.719120
 -1.197890   3.392860   1.808320  -1.615110   5.051810   1.304190
 -1.197890   3.392860   1.808320  -0.729200   3.099530   0.494680
 -1.197890   3.392860   1.808320  -2.444740   3.110980   2.346560
 -1.197890   3.392860   1.808320  -0.122450   3.811450   2.649050
 -0.664320   1.570780   2.227300  -1.197890   3.392860   1.808320
 -0.246050   0.178520   2.516520  -0.664320   1.570780   2.227300
 -0.246050   0.178520   2.516520  -1.178330  -0.483850   3.581040
 -0.246050   0.178520   2.516520   1.220340   0.016370   3.054850
 -0.295410  -0.741510   1.221080  -0.246050   0.178520   2.516520
 -0.204480  -0.150250  -0.058790  -0.295410  -0.741510   1.221080
 -0.204480  -0.150250  -0.058790  -1.079590  -0.516930  -0.657100
 -0.204480  -0.150250  -0.058790  -0.225650   0.970480   0.017230
 -0.204480  -0.150250  -0.058790   0.740760  -0.512770  -0.541710
