33 atoms follow (x y z r g b radiusScale)
 -0.221630  -0.244860  -0.068190   0.000000   1.000000   0.000000   1.850000
  0.803970  -0.417100  -0.487710   1.000000   1.000000   1.000000   1.200000
 -0.474170   0.850930  -0.034710   1.000000   1.000000   1.000000   1.200000
 -0.965550  -0.805000  -0.692960   1.000000   1.000000   1.000000   1.200000
 -0.279290  -0.804220   1.224790   1.000000   0.000000   0.000000   1.400000
 -0.231220   0.143660   2.495410   0.500000   0.500000   0.500000   1.900000
  1.270860   0.089070   2.981730   1.000000   0.000000   0.000000   1.400000
 -1.125300  -0.586350   3.560220   1.000000   0.000000   0.000000   1.400000
 -0.704750   1.521680   2.247450   1.000000   0.000000   0.000000   1.400000
 -1.131010   3.449890   1.932170   1.000000   1.000000   0.000000   1.850000
  0.118300   3.793080   2.524460   1.000000   0.000000   0.000000   1.400000
 -2.286440   3.204320   2.659140   1.000000   0.000000   0.000000   1.400000
 -0.930070   3.158200   0.559150   1.000000   0.000000   0.000000   1.400000
 -1.451650   5.166700   1.596900   1.000000   0.000000   0.000000   1.400000
 -2.693570   5.731580   1.835600   0.000000   1.000000   0.000000   1.850000
 -3.032740   5.515610   2.882220   1.000000   1.000000   1.000000   1.200000
 -3.449770   5.320580   1.115040   1.000000   1.000000   1.000000   1.200000
 -2.608180   6.840640   1.691490   1.000000   1.000000   1.000000   1.200000
  0.821970   5.176630   0.233240   0.000000   0.000000   1.000000   1.540000
  0.910950   5.145830   1.267970   1.000000   1.000000   1.000000   1.200000
  1.526020   5.759530  -0.194280   1.000000   1.000000   1.000000   1.200000
 -0.132410   5.506930   0.051970   1.000000   1.000000   1.000000   1.200000
  0.851140   4.193980  -0.095310   1.000000   1.000000   1.000000   1.200000
  0.957360   2.515250   4.874800   0.000000   0.000000   1.000000   1.540000
  1.501920   0.626920   3.745240   1.000000   1.000000   1.000000   1.200000
  1.499300   3.070230   4.240330   1.000000   1.000000   1.000000   1.200000
  1.248540   2.709610   5.809660   1.000000   1.000000   1.000000   1.200000
  0.002500   2.799150   4.768510   1.000000   1.000000   1.000000   1.200000
 -3.619020   0.891950   3.389920   0.000000   0.000000   1.000000   1.540000
 -2.031580  -0.265580   3.703830   1.000000   1.000000   1.000000   1.200000
 -3.542350   1.241680   2.453140   1.000000   1.000000   1.000000   1.200000
 -3.275450   1.616350   3.994100   1.000000   1.000000   1.000000   1.200000
 -4.584810   0.741400   3.593970   1.000000   1.000000   1.000000   1.200000
28 bonds follow (x1 y1 z1 x2 y2 z2)
 -3.619020   0.891950   3.389920  -4.584810   0.741400   3.593970
 -3.619020   0.891950   3.389920  -3.275450   1.616350   3.994100
 -3.619020   0.891950   3.389920  -3.542350   1.241680   2.453140
 -1.125300  -0.586350   3.560220  -2.031580  -0.265580   3.703830
  0.957360   2.515250   4.874800   0.002500   2.799150   4.768510
  0.957360   2.515250   4.874800   1.248540   2.709610   5.809660
  0.957360   2.515250   4.874800   1.499300   3.070230   4.240330
  1.270860   0.089070   2.981730   1.501920   0.626920   3.745240
  0.821970   5.176630   0.233240   0.851140   4.193980  -0.095310
  0.821970   5.176630   0.233240  -0.132410   5.506930   0.051970
  0.821970   5.176630   0.233240   1.526020   5.759530  -0.194280
  0.821970   5.176630   0.233240   0.910950   5.145830   1.267970
 -2.693570   5.731580   1.835600  -2.608180   6.840640   1.691490
 -2.693570   5.731580   1.835600  -3.449770   5.320580   1.115040
 -2.693570   5.731580   1.835600  -3.032740   5.515610   2.882220
 -1.451650   5.166700   1.596900  -2.693570   5.731580   1.835600
 -1.131010   3.449890   1.932170  -1.451650   5.166700   1.596900
 -1.131010   3.449890   1.932170  -0.930070   3.158200   0.559150
 -1.131010   3.449890   1.932170  -2.286440   3.204320   2.659140
 -1.131010   3.449890   1.932170   0.118300   3.793080   2.524460
 -0.231220   0.143660   2.495410  -0.704750   1.521680   2.247450
 -0.231220   0.143660   2.495410  -1.125300  -0.586350   3.560220
 -0.231220   0.143660   2.495410   1.270860   0.089070   2.981730
 -0.279290  -0.804220   1.224790  -0.231220   0.143660   2.495410
 -0.221630  -0.244860  -0.068190  -0.279290  -0.804220   1.224790
 -0.221630  -0.244860  -0.068190  -0.965550  -0.805000  -0.692960
 -0.221630  -0.244860  -0.068190  -0.474170   0.850930  -0.034710
 -0.221630  -0.244860  -0.068190   0.803970  -0.417100  -0.487710
