33 atoms follow (x y z r g b radiusScale)
 -0.557150  -0.154650  -0.039220   0.000000   1.000000   0.000000   1.850000
  0.219640  -0.432630  -0.798840   1.000000   1.000000   1.000000   1.200000
 -0.656160   0.961820   0.042550   1.000000   1.000000   1.000000   1.200000
 -1.532430  -0.624320  -0.334370   1.000000   1.000000   1.000000   1.200000
 -0.150180  -0.711790   1.192840   1.000000   0.000000   0.000000   1.400000
 -0.179640   0.182520   2.508750   0.500000   0.500000   0.500000   1.900000
  1.278150   0.078160   3.089190   1.000000   0.000000   0.000000   1.400000
 -1.078580  -0.606070   3.525810   1.000000   0.000000   0.000000   1.400000
 -0.598120   1.591520   2.322680   1.000000   0.000000   0.000000   1.400000
 -1.177670   3.420040   1.855510   1.000000   1.000000   0.000000   1.850000
 -0.080780   3.931500   2.608720   1.000000   0.000000   0.000000   1.400000
 -2.395020   3.045680   2.414610   1.000000   0.000000   0.000000   1.400000
 -0.786330   3.090980   0.531500   1.000000   0.000000   0.000000   1.400000
 -1.566070   5.064920   1.298310   1.000000   0.000000   0.000000   1.400000
 -2.485390   5.886400   1.918900   0.000000   1.000000   0.000000   1.850000
 -3.420630   5.319090   2.167810   1.000000   1.000000   1.000000   1.200000
 -2.734530   6.728100   1.220390   1.000000   1.000000   1.000000   1.200000
 -2.049850   6.312650   2.862780   1.000000   1.000000   1.000000   1.200000
  0.868140   5.204090   0.332890   0.000000   0.000000   1.000000   1.540000
  0.782780   5.259860   1.368280   1.000000   1.000000   1.000000   1.200000
  1.606430   5.786250  -0.026700   1.000000   1.000000   1.000000   1.200000
 -0.063900   5.473970  -0.038720   1.000000   1.000000   1.000000   1.200000
  1.002500   4.210800   0.100270   1.000000   1.000000   1.000000   1.200000
  1.118690   2.394640   4.970740   0.000000   0.000000   1.000000   1.540000
  1.532120   0.721440   3.765400   1.000000   1.000000   1.000000   1.200000
  0.845850   3.014860   4.228270   1.000000   1.000000   1.000000   1.200000
  1.850250   2.820550   5.498690   1.000000   1.000000   1.000000   1.200000
  0.336170   2.250600   5.574170   1.000000   1.000000   1.000000   1.200000
 -3.712620   0.806470   3.521080   0.000000   0.000000   1.000000   1.540000
 -1.985750  -0.294700   3.670910   1.000000   1.000000   1.000000   1.200000
 -4.004530   0.995430   2.583520   1.000000   1.000000   1.000000   1.200000
 -3.330920   1.658930   3.888040   1.000000   1.000000   1.000000   1.200000
 -4.510440   0.543990   4.061230   1.000000   1.000000   1.000000   1.200000
28 bonds follow (x1 y1 z1 x2 y2 z2)
 -3.712620   0.806470   3.521080  -4.510440   0.543990   4.061230
 -3.712620   0.806470   3.521080  -3.330920   1.658930   3.888040
 -3.712620   0.806470   3.521080  -4.004530   0.995430   2.583520
 -1.078580  -0.606070   3.525810  -1.985750  -0.294700   3.670910
  1.118690   2.394640   4.970740   0.336170   2.250600   5.574170
  1.118690   2.394640   4.970740   1.850250   2.820550   5.498690
  1.118690   2.394640   4.970740   0.845850   3.014860   4.228270
  1.278150   0.078160   3.089190   1.532120   0.721440   3.765400
  0.868140   5.204090   0.332890   1.002500   4.210800   0.100270
  0.868140   5.204090   0.332890  -0.063900   5.473970  -0.038720
  0.868140   5.204090   0.332890   1.606430   5.786250  -0.026700
  0.868140   5.204090   0.332890   0.782780   5.259860   1.368280
 -2.485390   5.886400   1.918900  -2.049850   6.312650   2.862780
 -2.485390   5.886400   1.918900  -2.734530   6.728100   1.220390
 -2.485390   5.886400   1.918900  -3.420630   5.319090   2.167810
 -1.566070   5.064920   1.298310  -2.485390   5.886400   1.918900
 -1.177670   3.420040   1.855510  -1.566070   5.064920   1.298310
 -1.177670   3.420040   1.855510  -0.786330   3.090980   0.531500
 -1.177670   3.420040   1.855510  -2.395020   3.045680   2.414610
 -1.177670   3.420040   1.855510  -0.080780   3.931500   2.608720
 -0.179640   0.182520   2.508750  -0.598120   1.591520   2.322680
 -0.179640   0.182520   2.508750  -1.078580  -0.606070   3.525810
 -0.179640   0.182520   2.508750   1.278150   0.078160   3.089190
 -0.150180  -0.711790   1.192840  -0.179640   0.182520   2.508750
 -0.557150  -0.154650  -0.039220  -0.150180  -0.711790   1.192840
 -0.557150  -0.154650  -0.039220  -1.532430  -0.624320  -0.334370
 -0.557150  -0.154650  -0.039220  -0.656160   0.961820   0.042550
 -0.557150  -0.154650  -0.039220   0.219640  -0.432630  -0.798840
