33 atoms follow (x y z r g b radiusScale)
 -0.505430  -0.094790  -0.028960   0.000000   1.000000   0.000000   1.850000
  0.405080  -0.150080  -0.682910   1.000000   1.000000   1.000000   1.200000
 -0.823460   0.971260   0.122310   1.000000   1.000000   1.000000   1.200000
 -1.325030  -0.696970  -0.502540   1.000000   1.000000   1.000000   1.200000
 -0.194810  -0.712350   1.200230   1.000000   0.000000   0.000000   1.400000
 -0.174550   0.156510   2.524920   0.500000   0.500000   0.500000   1.900000
  1.298920  -0.049550   3.071500   1.000000   0.000000   0.000000   1.400000
 -1.101020  -0.599830   3.537350   1.000000   0.000000   0.000000   1.400000
 -0.585990   1.567860   2.350610   1.000000   0.000000   0.000000   1.400000
 -1.189220   3.478680   1.858990   1.000000   1.000000   0.000000   1.850000
 -0.053570   3.926630   2.581030   1.000000   0.000000   0.000000   1.400000
 -2.398640   3.143820   2.447030   1.000000   0.000000   0.000000   1.400000
 -0.832470   3.081640   0.543540   1.000000   0.000000   0.000000   1.400000
 -1.621360   5.113410   1.303950   1.000000   0.000000   0.000000   1.400000
 -2.548630   5.932470   1.924000   0.000000   1.000000   0.000000   1.850000
 -3.293640   5.332120   2.509010   1.000000   1.000000   1.000000   1.200000
 -3.085320   6.522370   1.135010   1.000000   1.000000   1.000000   1.200000
 -2.020010   6.643750   2.614880   1.000000   1.000000   1.000000   1.200000
  0.885930   5.092390   0.304950   0.000000   0.000000   1.000000   1.540000
  1.165810   4.687730   1.219670   1.000000   1.000000   1.000000   1.200000
  1.663040   5.519070  -0.174160   1.000000   1.000000   1.000000   1.200000
  0.128480   5.778220   0.503410   1.000000   1.000000   1.000000   1.200000
  0.459320   4.327200  -0.247850   1.000000   1.000000   1.000000   1.200000
  1.049810   2.437500   4.998850   0.000000   0.000000   1.000000   1.540000
  1.545510   0.479310   3.833960   1.000000   1.000000   1.000000   1.200000
  0.910890   2.947640   4.145020   1.000000   1.000000   1.000000   1.200000
  1.866240   2.788880   5.453730   1.000000   1.000000   1.000000   1.200000
  0.264230   2.600310   5.593790   1.000000   1.000000   1.000000   1.200000
 -3.555630   0.737330   3.441160   0.000000   0.000000   1.000000   1.540000
 -2.018260  -0.293220   3.670970   1.000000   1.000000   1.000000   1.200000
 -3.756250   0.826880   2.465370   1.000000   1.000000   1.000000   1.200000
 -3.128520   1.597720   3.738480   1.000000   1.000000   1.000000   1.200000
 -4.414660   0.619840   3.934910   1.000000   1.000000   1.000000   1.200000
28 bonds follow (x1 y1 z1 x2 y2 z2)
 -3.555630   0.737330   3.441160  -4.414660   0.619840   3.934910
 -3.555630   0.737330   3.441160  -3.128520   1.597720   3.738480
 -3.555630   0.737330   3.441160  -3.756250   0.826880   2.465370
 -1.101020  -0.599830   3.537350  -2.018260  -0.293220   3.670970
  1.049810   2.437500   4.998850   0.264230   2.600310   5.593790
  1.049810   2.437500   4.998850   1.866240   2.788880   5.453730
  1.049810   2.437500   4.998850   0.910890   2.947640   4.145020
  1.298920  -0.049550   3.071500   1.545510   0.479310   3.833960
  0.885930   5.092390   0.304950   0.459320   4.327200  -0.247850
  0.885930   5.092390   0.304950   0.128480   5.778220   0.503410
  0.885930   5.092390   0.304950   1.663040   5.519070  -0.174160
  0.885930   5.092390   0.304950   1.165810   4.687730   1.219670
 -2.548630   5.932470   1.924000  -2.020010   6.643750   2.614880
 -2.548630   5.932470   1.924000  -3.085320   6.522370   1.135010
 -2.548630   5.932470   1.924000  -3.293640   5.332120   2.509010
 -1.621360   5.113410   1.303950  -2.548630   5.932470   1.924000
 -1.189220   3.478680   1.858990  -1.621360   5.113410   1.303950
 -1.189220   3.478680   1.858990  -0.832470   3.081640   0.543540
 -1.189220   3.478680   1.858990  -2.398640   3.143820   2.447030
 -1.189220   3.478680   1.858990  -0.053570   3.926630   2.581030
 -0.174550   0.156510   2.524920  -0.585990   1.567860   2.350610
 -0.174550   0.156510   2.524920  -1.101020  -0.599830   3.537350
 -0.174550   0.156510   2.524920   1.298920  -0.049550   3.071500
 -0.194810  -0.712350   1.200230  -0.174550   0.156510   2.524920
 -0.505430  -0.094790  -0.028960  -0.194810  -0.712350   1.200230
 -0.505430  -0.094790  -0.028960  -1.325030  -0.696970  -0.502540
 -0.505430  -0.094790  -0.028960  -0.823460   0.971260   0.122310
 -0.505430  -0.094790  -0.028960   0.405080  -0.150080  -0.682910
