33 atoms follow (x y z r g b radiusScale)
 -0.565780  -0.166590  -0.048740   0.000000   1.000000   0.000000   1.850000
  0.176400  -0.501320  -0.819130   1.000000   1.000000   1.000000   1.200000
 -0.618330   0.955210   0.002600   1.000000   1.000000   1.000000   1.200000
 -1.567080  -0.607770  -0.296510   1.000000   1.000000   1.000000   1.200000
 -0.134060  -0.702350   1.184830   1.000000   0.000000   0.000000   1.400000
 -0.192100   0.176260   2.501710   0.500000   0.500000   0.500000   1.900000
  1.259670   0.119170   3.097460   1.000000   0.000000   0.000000   1.400000
 -1.088080  -0.583160   3.543750   1.000000   0.000000   0.000000   1.400000
 -0.599850   1.591070   2.327340   1.000000   0.000000   0.000000   1.400000
 -1.159020   3.399810   1.842710   1.000000   1.000000   0.000000   1.850000
 -0.068790   3.902420   2.605210   1.000000   0.000000   0.000000   1.400000
 -2.375750   3.031260   2.386290   1.000000   0.000000   0.000000   1.400000
 -0.766220   3.079670   0.515940   1.000000   0.000000   0.000000   1.400000
 -1.590920   5.064980   1.310480   1.000000   0.000000   0.000000   1.400000
 -2.495570   5.907520   1.921610   0.000000   1.000000   0.000000   1.850000
 -3.478750   5.390870   2.075060   1.000000   1.000000   1.000000   1.200000
 -2.648710   6.804500   1.263970   1.000000   1.000000   1.000000   1.200000
 -2.103800   6.250210   2.917120   1.000000   1.000000   1.000000   1.200000
  0.844280   5.223200   0.367840   0.000000   0.000000   1.000000   1.540000
  0.684480   5.310760   1.396080   1.000000   1.000000   1.000000   1.200000
  1.583920   5.825740   0.040390   1.000000   1.000000   1.000000   1.200000
 -0.065470   5.427900  -0.074460   1.000000   1.000000   1.000000   1.200000
  1.036560   4.228020   0.184290   1.000000   1.000000   1.000000   1.200000
  1.138560   2.385120   4.972280   0.000000   0.000000   1.000000   1.540000
  1.501160   0.809260   3.734450   1.000000   1.000000   1.000000   1.200000
  0.882670   2.992170   4.213240   1.000000   1.000000   1.000000   1.200000
  1.896620   2.794230   5.475450   1.000000   1.000000   1.000000   1.200000
  0.358610   2.293890   5.588710   1.000000   1.000000   1.000000   1.200000
 -3.725530   0.805520   3.542260   0.000000   0.000000   1.000000   1.540000
 -1.998790  -0.300520   3.706360   1.000000   1.000000   1.000000   1.200000
 -3.942260   1.003930   2.585080   1.000000   1.000000   1.000000   1.200000
 -3.187620   1.583740   3.881270   1.000000   1.000000   1.000000   1.200000
 -4.580120   0.765130   4.058300   1.000000   1.000000   1.000000   1.200000
28 bonds follow (x1 y1 z1 x2 y2 z2)
 -3.725530   0.805520   3.542260  -4.580120   0.765130   4.058300
 -3.725530   0.805520   3.542260  -3.187620   1.583740   3.881270
 -3.725530   0.805520   3.542260  -3.942260   1.003930   2.585080
 -1.088080  -0.583160   3.543750  -1.998790  -0.300520   3.706360
  1.138560   2.385120   4.972280   0.358610   2.293890   5.588710
  1.138560   2.385120   4.972280   1.896620   2.794230   5.475450
  1.138560   2.385120   4.972280   0.882670   2.992170   4.213240
  1.259670   0.119170   3.097460   1.501160   0.809260   3.734450
  0.844280   5.223200   0.367840   1.036560   4.228020   0.184290
  0.844280   5.223200   0.367840  -0.065470   5.427900  -0.074460
  0.844280   5.223200   0.367840   1.583920   5.825740   0.040390
  0.844280   5.223200   0.367840   0.684480   5.310760   1.396080
 -2.495570   5.907520   1.921610  -2.103800   6.250210   2.917120
 -2.495570   5.907520   1.921610  -2.648710   6.804500   1.263970
 -2.495570   5.907520   1.921610  -3.478750   5.390870   2.075060
 -1.590920   5.064980   1.310480  -2.495570   5.907520   1.921610
 -1.159020   3.399810   1.842710  -1.590920   5.064980   1.310480
 -1.159020   3.399810   1.842710  -0.766220   3.079670   0.515940
 -1.159020   3.399810   1.842710  -2.375750   3.031260   2.386290
 -1.159020   3.399810   1.842710  -0.068790   3.902420   2.605210
 -0.192100   0.176260   2.501710  -0.599850   1.591070   2.327340
 -0.192100   0.176260   2.501710  -1.088080  -0.583160   3.543750
 -0.192100   0.176260   2.501710   1.259670   0.119170   3.097460
 -0.134060  -0.702350   1.184830  -0.192100   0.176260   2.501710
 -0.565780  -0.166590  -0.048740  -0.134060  -0.702350   1.184830
 -0.565780  -0.166590  -0.048740  -1.567080  -0.607770  -0.296510
 -0.565780  -0.166590  -0.048740  -0.618330   0.955210   0.002600
 -0.565780  -0.166590  -0.048740   0.176400  -0.501320  -0.819130
