33 atoms follow (x y z r g b radiusScale)
  0.024070  -0.037720   0.031750   0.000000   1.000000   0.000000   1.850000
  1.142490  -0.017050   0.053460   1.000000   1.000000   1.000000   1.200000
 -0.404490   1.001240   0.043990   1.000000   1.000000   1.000000   1.200000
 -0.340490  -0.601490  -0.863360   1.000000   1.000000   1.000000   1.200000
 -0.424830  -0.753860   1.167950   1.000000   0.000000   0.000000   1.400000
 -0.305980   0.033910   2.528810   0.500000   0.500000   0.500000   1.900000
  1.164510  -0.102270   3.027740   1.000000   0.000000   0.000000   1.400000
 -1.242980  -0.672210   3.546950   1.000000   0.000000   0.000000   1.400000
 -0.709060   1.479280   2.381650   1.000000   0.000000   0.000000   1.400000
 -1.111620   3.208990   2.036670   1.000000   1.000000   0.000000   1.850000
 -0.084870   3.797320   2.738680   1.000000   0.000000   0.000000   1.400000
 -2.392580   3.137190   2.545070   1.000000   0.000000   0.000000   1.400000
 -0.906940   3.174210   0.675590   1.000000   0.000000   0.000000   1.400000
 -1.923580   5.672460   1.685450   1.000000   0.000000   0.000000   1.400000
 -3.061160   5.832050   0.834830   0.000000   1.000000   0.000000   1.850000
 -2.804310   5.529200  -0.212110   1.000000   1.000000   1.000000   1.200000
 -3.458800   6.873670   0.864560   1.000000   1.000000   1.000000   1.200000
 -3.780040   5.092140   1.294490   1.000000   1.000000   1.000000   1.200000
  1.434970   5.665600   0.169160   0.000000   0.000000   1.000000   1.540000
  1.348690   5.579470   1.160230   1.000000   1.000000   1.000000   1.200000
 -1.407210   6.347440   1.438610   1.000000   1.000000   1.000000   1.200000
  0.562810   5.391170  -0.234340   1.000000   1.000000   1.000000   1.200000
  2.141810   5.039410  -0.153690   1.000000   1.000000   1.000000   1.200000
  1.662600   2.177140   4.664900   0.000000   0.000000   1.000000   1.540000
  1.539100   0.583580   3.621440   1.000000   1.000000   1.000000   1.200000
  1.309540   2.896740   4.059390   1.000000   1.000000   1.000000   1.200000
  2.617820   2.371770   4.881120   1.000000   1.000000   1.000000   1.200000
  1.136080   2.181680   5.513480   1.000000   1.000000   1.000000   1.200000
 -3.555850   0.967690   3.749330   0.000000   0.000000   1.000000   1.540000
 -2.122000  -0.271540   3.738070   1.000000   1.000000   1.000000   1.200000
 -3.809830   1.181710   2.804380   1.000000   1.000000   1.000000   1.200000
 -3.168230   1.804310   4.144850   1.000000   1.000000   1.000000   1.200000
 -4.379670   0.721510   4.256770   1.000000   1.000000   1.000000   1.200000
28 bonds follow (x1 y1 z1 x2 y2 z2)
 -3.555850   0.967690   3.749330  -4.379670   0.721510   4.256770
 -3.555850   0.967690   3.749330  -3.168230   1.804310   4.144850
 -3.555850   0.967690   3.749330  -3.809830   1.181710   2.804380
 -1.242980  -0.672210   3.546950  -2.122000  -0.271540   3.738070
  1.662600   2.177140   4.664900   1.136080   2.181680   5.513480
  1.662600   2.177140   4.664900   2.617820   2.371770   4.881120
  1.662600   2.177140   4.664900   1.309540   2.896740   4.059390
  1.164510  -0.102270   3.027740   1.539100   0.583580   3.621440
  1.434970   5.665600   0.169160   2.141810   5.039410  -0.153690
  1.434970   5.665600   0.169160   0.562810   5.391170  -0.234340
 -1.923580   5.672460   1.685450  -1.407210   6.347440   1.438610
  1.434970   5.665600   0.169160   1.348690   5.579470   1.160230
 -3.061160   5.832050   0.834830  -3.780040   5.092140   1.294490
 -3.061160   5.832050   0.834830  -3.458800   6.873670   0.864560
 -3.061160   5.832050   0.834830  -2.804310   5.529200  -0.212110
 -1.923580   5.672460   1.685450  -3.061160   5.832050   0.834830
 -1.111620   3.208990   2.036670  -0.906940   3.174210   0.675590
 -1.111620   3.208990   2.036670  -2.392580   3.137190   2.545070
 -1.111620   3.208990   2.036670  -0.084870   3.797320   2.738680
 -0.709060   1.479280   2.381650  -1.111620   3.208990   2.036670
 -0.305980   0.033910   2.528810  -0.709060   1.479280   2.381650
 -0.305980   0.033910   2.528810  -1.242980  -0.672210   3.546950
 -0.305980   0.033910   2.528810   1.164510  -0.102270   3.027740
 -0.424830  -0.753860   1.167950  -0.305980   0.033910   2.528810
  0.024070  -0.037720   0.031750  -0.424830  -0.753860   1.167950
  0.024070  -0.037720   0.031750  -0.340490  -0.601490  -0.863360
  0.024070  -0.037720   0.031750  -0.404490   1.001240   0.043990
  0.024070  -0.037720   0.031750   1.142490  -0.017050   0.053460
