33 atoms follow (x y z r g b radiusScale)
 -0.564090  -0.165160  -0.047350   0.000000   1.000000   0.000000   1.850000
  0.184120  -0.493220  -0.814950   1.000000   1.000000   1.000000   1.200000
 -0.623820   0.956390   0.007000   1.000000   1.000000   1.000000   1.200000
 -1.561320  -0.611920  -0.301060   1.000000   1.000000   1.000000   1.200000
 -0.136230  -0.703050   1.186070   1.000000   0.000000   0.000000   1.400000
 -0.191240   0.177980   2.500350   0.500000   0.500000   0.500000   1.900000
  1.264130   0.111890   3.097280   1.000000   0.000000   0.000000   1.400000
 -1.086140  -0.587610   3.542130   1.000000   0.000000   0.000000   1.400000
 -0.600470   1.593040   2.328230   1.000000   0.000000   0.000000   1.400000
 -1.161950   3.405080   1.845710   1.000000   1.000000   0.000000   1.850000
 -0.070990   3.907610   2.605980   1.000000   0.000000   0.000000   1.400000
 -2.376810   3.028390   2.391190   1.000000   0.000000   0.000000   1.400000
 -0.772150   3.080480   0.520140   1.000000   0.000000   0.000000   1.400000
 -1.585500   5.065760   1.307360   1.000000   0.000000   0.000000   1.400000
 -2.492460   5.903730   1.920270   0.000000   1.000000   0.000000   1.850000
 -3.467090   5.376120   2.090660   1.000000   1.000000   1.000000   1.200000
 -2.663570   6.791270   1.255470   1.000000   1.000000   1.000000   1.200000
 -2.092070   6.260990   2.907390   1.000000   1.000000   1.000000   1.200000
  0.848940   5.220990   0.361600   0.000000   0.000000   1.000000   1.540000
  0.697380   5.299690   1.382970   1.000000   1.000000   1.000000   1.200000
  1.586520   5.823480   0.034000   1.000000   1.000000   1.000000   1.200000
 -0.066440   5.430210  -0.073270   1.000000   1.000000   1.000000   1.200000
  1.033310   4.215310   0.168590   1.000000   1.000000   1.000000   1.200000
  1.135090   2.385860   4.972540   0.000000   0.000000   1.000000   1.540000
  1.503610   0.804430   3.732030   1.000000   1.000000   1.000000   1.200000
  0.876070   2.990260   4.212250   1.000000   1.000000   1.000000   1.200000
  1.884710   2.805180   5.479910   1.000000   1.000000   1.000000   1.200000
  0.353080   2.284400   5.584740   1.000000   1.000000   1.000000   1.200000
 -3.724580   0.805110   3.538170   0.000000   0.000000   1.000000   1.540000
 -1.994500  -0.297410   3.709010   1.000000   1.000000   1.000000   1.200000
 -3.957470   1.007940   2.585990   1.000000   1.000000   1.000000   1.200000
 -3.209370   1.595890   3.882830   1.000000   1.000000   1.000000   1.200000
 -4.571400   0.724400   4.062190   1.000000   1.000000   1.000000   1.200000
28 bonds follow (x1 y1 z1 x2 y2 z2)
 -3.724580   0.805110   3.538170  -4.571400   0.724400   4.062190
 -3.724580   0.805110   3.538170  -3.209370   1.595890   3.882830
 -3.724580   0.805110   3.538170  -3.957470   1.007940   2.585990
 -1.086140  -0.587610   3.542130  -1.994500  -0.297410   3.709010
  1.135090   2.385860   4.972540   0.353080   2.284400   5.584740
  1.135090   2.385860   4.972540   1.884710   2.805180   5.479910
  1.135090   2.385860   4.972540   0.876070   2.990260   4.212250
  1.264130   0.111890   3.097280   1.503610   0.804430   3.732030
  0.848940   5.220990   0.361600   1.033310   4.215310   0.168590
  0.848940   5.220990   0.361600  -0.066440   5.430210  -0.073270
  0.848940   5.220990   0.361600   1.586520   5.823480   0.034000
  0.848940   5.220990   0.361600   0.697380   5.299690   1.382970
 -2.492460   5.903730   1.920270  -2.092070   6.260990   2.907390
 -2.492460   5.903730   1.920270  -2.663570   6.791270   1.255470
 -2.492460   5.903730   1.920270  -3.467090   5.376120   2.090660
 -1.585500   5.065760   1.307360  -2.492460   5.903730   1.920270
 -1.161950   3.405080   1.845710  -1.585500   5.065760   1.307360
 -1.161950   3.405080   1.845710  -0.772150   3.080480   0.520140
 -1.161950   3.405080   1.845710  -2.376810   3.028390   2.391190
 -1.161950   3.405080   1.845710  -0.070990   3.907610   2.605980
 -0.191240   0.177980   2.500350  -0.600470   1.593040   2.328230
 -0.191240   0.177980   2.500350  -1.086140  -0.587610   3.542130
 -0.191240   0.177980   2.500350   1.264130   0.111890   3.097280
 -0.136230  -0.703050   1.186070  -0.191240   0.177980   2.500350
 -0.564090  -0.165160  -0.047350  -0.136230  -0.703050   1.186070
 -0.564090  -0.165160  -0.047350  -1.561320  -0.611920  -0.301060
 -0.564090  -0.165160  -0.047350  -0.623820   0.956390   0.007000
 -0.564090  -0.165160  -0.047350   0.184120  -0.493220  -0.814950
