33 atoms follow (x y z r g b radiusScale)
  0.312310  -0.168930   0.067810   0.000000   1.000000   0.000000   1.850000
  1.406900  -0.294410   0.262680   1.000000   1.000000   1.000000   1.200000
  0.033190   0.914510  -0.012990   1.000000   1.000000   1.000000   1.200000
  0.004030  -0.734080  -0.847190   1.000000   1.000000   1.000000   1.200000
 -0.401670  -0.747010   1.146250   1.000000   0.000000   0.000000   1.400000
 -0.288940   0.002320   2.526570   0.500000   0.500000   0.500000   1.900000
  1.204970  -0.148790   2.949200   1.000000   0.000000   0.000000   1.400000
 -1.218530  -0.738180   3.528100   1.000000   0.000000   0.000000   1.400000
 -0.679450   1.455090   2.399370   1.000000   0.000000   0.000000   1.400000
 -1.166920   3.188950   2.172090   1.000000   1.000000   0.000000   1.850000
 -0.354640   3.714510   3.144970   1.000000   0.000000   0.000000   1.400000
 -2.509730   3.053220   2.442180   1.000000   0.000000   0.000000   1.400000
 -0.730680   3.322460   0.879010   1.000000   0.000000   0.000000   1.400000
 -2.374770   6.302580   1.446450   1.000000   0.000000   0.000000   1.400000
 -3.691080   6.190150   0.921230   0.000000   1.000000   0.000000   1.850000
 -3.879920   6.986710   0.164210   1.000000   1.000000   1.000000   1.200000
 -4.444360   6.237000   1.732760   1.000000   1.000000   1.000000   1.200000
 -3.679680   5.181600   0.414170   1.000000   1.000000   1.000000   1.200000
  2.335980   5.200200  -0.189320   0.000000   0.000000   1.000000   1.540000
  2.121160   5.870750   0.523390   1.000000   1.000000   1.000000   1.200000
 -2.373840   7.085590   1.893570   1.000000   1.000000   1.000000   1.200000
  2.229610   5.653840  -1.077200   1.000000   1.000000   1.000000   1.200000
  1.657930   4.462990  -0.132340   1.000000   1.000000   1.000000   1.200000
  1.825120   2.175530   4.410330   0.000000   0.000000   1.000000   1.540000
  1.631270   0.510500   3.539700   1.000000   1.000000   1.000000   1.200000
  1.523130   2.880890   3.761720   1.000000   1.000000   1.000000   1.200000
  2.776120   2.346860   4.661500   1.000000   1.000000   1.000000   1.200000
  1.259070   2.243310   5.230800   1.000000   1.000000   1.000000   1.200000
 -3.644210   0.777730   3.841370   0.000000   0.000000   1.000000   1.540000
 -2.115910  -0.387970   3.713860   1.000000   1.000000   1.000000   1.200000
 -3.637580   1.232340   2.945750   1.000000   1.000000   1.000000   1.200000
 -3.444550   1.473620   4.531540   1.000000   1.000000   1.000000   1.200000
 -4.559670   0.415310   4.008740   1.000000   1.000000   1.000000   1.200000
28 bonds follow (x1 y1 z1 x2 y2 z2)
 -3.644210   0.777730   3.841370  -4.559670   0.415310   4.008740
 -3.644210   0.777730   3.841370  -3.444550   1.473620   4.531540
 -3.644210   0.777730   3.841370  -3.637580   1.232340   2.945750
 -1.218530  -0.738180   3.528100  -2.115910  -0.387970   3.713860
  1.825120   2.175530   4.410330   1.259070   2.243310   5.230800
  1.825120   2.175530   4.410330   2.776120   2.346860   4.661500
  1.825120   2.175530   4.410330   1.523130   2.880890   3.761720
  1.204970  -0.148790   2.949200   1.631270   0.510500   3.539700
  2.335980   5.200200  -0.189320   1.657930   4.462990  -0.132340
  2.335980   5.200200  -0.189320   2.229610   5.653840  -1.077200
 -2.374770   6.302580   1.446450  -2.373840   7.085590   1.893570
  2.335980   5.200200  -0.189320   2.121160   5.870750   0.523390
 -3.691080   6.190150   0.921230  -3.679680   5.181600   0.414170
 -3.691080   6.190150   0.921230  -4.444360   6.237000   1.732760
 -3.691080   6.190150   0.921230  -3.879920   6.986710   0.164210
 -2.374770   6.302580   1.446450  -3.691080   6.190150   0.921230
 -1.166920   3.188950   2.172090  -0.730680   3.322460   0.879010
 -1.166920   3.188950   2.172090  -2.509730   3.053220   2.442180
 -1.166920   3.188950   2.172090  -0.354640   3.714510   3.144970
 -0.679450   1.455090   2.399370  -1.166920   3.188950   2.172090
 -0.288940   0.002320   2.526570  -0.679450   1.455090   2.399370
 -0.288940   0.002320   2.526570  -1.218530  -0.738180   3.528100
 -0.288940   0.002320   2.526570   1.204970  -0.148790   2.949200
 -0.401670  -0.747010   1.146250  -0.288940   0.002320   2.526570
  0.312310  -0.168930   0.067810  -0.401670  -0.747010   1.146250
  0.312310  -0.168930   0.067810   0.004030  -0.734080  -0.847190
  0.312310  -0.168930   0.067810   0.033190   0.914510  -0.012990
  0.312310  -0.168930   0.067810   1.406900  -0.294410   0.262680
