33 atoms follow (x y z r g b radiusScale)
 -0.114460  -0.099610  -0.020450   0.000000   1.000000   0.000000   1.850000
  0.892500  -0.423420  -0.393250   1.000000   1.000000   1.000000   1.200000
 -0.171440   1.016990   0.097580   1.000000   1.000000   1.000000   1.200000
 -0.899040  -0.452090  -0.740300   1.000000   1.000000   1.000000   1.200000
 -0.365390  -0.745490   1.210460   1.000000   0.000000   0.000000   1.400000
 -0.296550   0.141610   2.528010   0.500000   0.500000   0.500000   1.900000
  1.196980   0.002510   3.009460   1.000000   0.000000   0.000000   1.400000
 -1.168690  -0.620370   3.587410   1.000000   0.000000   0.000000   1.400000
 -0.663300   1.564820   2.330290   1.000000   0.000000   0.000000   1.400000
 -1.207860   3.430840   1.848280   1.000000   1.000000   0.000000   1.850000
 -0.152050   3.910440   2.677210   1.000000   0.000000   0.000000   1.400000
 -2.467380   3.076040   2.304250   1.000000   0.000000   0.000000   1.400000
 -0.752700   3.143080   0.538350   1.000000   0.000000   0.000000   1.400000
 -1.571950   5.108720   1.392350   1.000000   0.000000   0.000000   1.400000
 -2.785540   5.736090   1.600070   0.000000   1.000000   0.000000   1.850000
 -3.504780   5.469230   0.781240   1.000000   1.000000   1.000000   1.200000
 -2.610890   6.844830   1.589010   1.000000   1.000000   1.000000   1.200000
 -3.227490   5.439430   2.587200   1.000000   1.000000   1.000000   1.200000
  0.953830   5.291290   0.548640   0.000000   0.000000   1.000000   1.540000
  1.041950   5.077310   1.557660   1.000000   1.000000   1.000000   1.200000
  1.735680   5.822180   0.195670   1.000000   1.000000   1.000000   1.200000
  0.056660   5.790540   0.436540   1.000000   1.000000   1.000000   1.200000
  0.842490   4.380760   0.058440   1.000000   1.000000   1.000000   1.200000
  1.497220   2.339130   4.757760   0.000000   0.000000   1.000000   1.540000
  1.466500   0.529680   3.774140   1.000000   1.000000   1.000000   1.200000
  1.003110   2.986100   4.168900   1.000000   1.000000   1.000000   1.200000
  2.443920   2.635700   4.859860   1.000000   1.000000   1.000000   1.200000
  1.069220   2.318180   5.658810   1.000000   1.000000   1.000000   1.200000
 -3.532750   0.964550   3.704180   0.000000   0.000000   1.000000   1.540000
 -2.061840  -0.271830   3.780600   1.000000   1.000000   1.000000   1.200000
 -3.781200   1.101480   2.743420   1.000000   1.000000   1.000000   1.200000
 -3.149880   1.832220   4.031270   1.000000   1.000000   1.000000   1.200000
 -4.356500   0.752800   4.225890   1.000000   1.000000   1.000000   1.200000
28 bonds follow (x1 y1 z1 x2 y2 z2)
 -3.532750   0.964550   3.704180  -4.356500   0.752800   4.225890
 -3.532750   0.964550   3.704180  -3.149880   1.832220   4.031270
 -3.532750   0.964550   3.704180  -3.781200   1.101480   2.743420
 -1.168690  -0.620370   3.587410  -2.061840  -0.271830   3.780600
  1.497220   2.339130   4.757760   1.069220   2.318180   5.658810
  1.497220   2.339130   4.757760   2.443920   2.635700   4.859860
  1.497220   2.339130   4.757760   1.003110   2.986100   4.168900
  1.196980   0.002510   3.009460   1.466500   0.529680   3.774140
  0.953830   5.291290   0.548640   0.842490   4.380760   0.058440
  0.953830   5.291290   0.548640   0.056660   5.790540   0.436540
  0.953830   5.291290   0.548640   1.735680   5.822180   0.195670
  0.953830   5.291290   0.548640   1.041950   5.077310   1.557660
 -2.785540   5.736090   1.600070  -3.227490   5.439430   2.587200
 -2.785540   5.736090   1.600070  -2.610890   6.844830   1.589010
 -2.785540   5.736090   1.600070  -3.504780   5.469230   0.781240
 -1.571950   5.108720   1.392350  -2.785540   5.736090   1.600070
 -1.207860   3.430840   1.848280  -1.571950   5.108720   1.392350
 -1.207860   3.430840   1.848280  -0.752700   3.143080   0.538350
 -1.207860   3.430840   1.848280  -2.467380   3.076040   2.304250
 -1.207860   3.430840   1.848280  -0.152050   3.910440   2.677210
 -0.296550   0.141610   2.528010  -0.663300   1.564820   2.330290
 -0.296550   0.141610   2.528010  -1.168690  -0.620370   3.587410
 -0.296550   0.141610   2.528010   1.196980   0.002510   3.009460
 -0.365390  -0.745490   1.210460  -0.296550   0.141610   2.528010
 -0.114460  -0.099610  -0.020450  -0.365390  -0.745490   1.210460
 -0.114460  -0.099610  -0.020450  -0.899040  -0.452090  -0.740300
 -0.114460  -0.099610  -0.020450  -0.171440   1.016990   0.097580
 -0.114460  -0.099610  -0.020450   0.892500  -0.423420  -0.393250
