33 atoms follow (x y z r g b radiusScale)
  0.225310  -0.182680   0.028780   0.000000   1.000000   0.000000   1.850000
  1.333020  -0.234430   0.172720   1.000000   1.000000   1.000000   1.200000
 -0.124960   0.880850  -0.050220   1.000000   1.000000   1.000000   1.200000
 -0.086860  -0.778820  -0.864900   1.000000   1.000000   1.000000   1.200000
 -0.401550  -0.791840   1.147150   1.000000   0.000000   0.000000   1.400000
 -0.307450  -0.000120   2.511200   0.500000   0.500000   0.500000   1.900000
  1.173740  -0.134610   2.960220   1.000000   0.000000   0.000000   1.400000
 -1.264850  -0.667380   3.551560   1.000000   0.000000   0.000000   1.400000
 -0.600750   1.465610   2.324780   1.000000   0.000000   0.000000   1.400000
 -1.146200   3.179900   2.142440   1.000000   1.000000   0.000000   1.850000
 -0.258490   3.731370   3.035080   1.000000   0.000000   0.000000   1.400000
 -2.443120   2.996780   2.540330   1.000000   0.000000   0.000000   1.400000
 -0.839950   3.269530   0.810810   1.000000   0.000000   0.000000   1.400000
 -2.287630   6.137110   1.524160   1.000000   0.000000   0.000000   1.400000
 -3.535450   6.116870   0.858530   0.000000   1.000000   0.000000   1.850000
 -3.513230   6.694720  -0.100240   1.000000   1.000000   1.000000   1.200000
 -4.321600   6.536700   1.544850   1.000000   1.000000   1.000000   1.200000
 -3.746060   5.040130   0.619140   1.000000   1.000000   1.000000   1.200000
  2.159800   5.396760  -0.114100   0.000000   0.000000   1.000000   1.540000
  2.275890   6.083470   0.602380   1.000000   1.000000   1.000000   1.200000
 -2.033430   6.960930   1.699530   1.000000   1.000000   1.000000   1.200000
  2.088510   5.861500  -0.997130   1.000000   1.000000   1.000000   1.200000
  1.309120   4.894730   0.056770   1.000000   1.000000   1.000000   1.200000
  1.805510   2.203190   4.545190   0.000000   0.000000   1.000000   1.540000
  1.548740   0.558650   3.545120   1.000000   1.000000   1.000000   1.200000
  1.547050   2.934210   3.906710   1.000000   1.000000   1.000000   1.200000
  2.763190   2.314910   4.804320   1.000000   1.000000   1.000000   1.200000
  1.239860   2.284150   5.364170   1.000000   1.000000   1.000000   1.200000
 -3.665700   0.829520   3.844730   0.000000   0.000000   1.000000   1.540000
 -2.160820  -0.293040   3.723420   1.000000   1.000000   1.000000   1.200000
 -3.789620   1.307070   2.971340   1.000000   1.000000   1.000000   1.200000
 -3.441280   1.516460   4.535960   1.000000   1.000000   1.000000   1.200000
 -4.518200   0.376940   4.099310   1.000000   1.000000   1.000000   1.200000
28 bonds follow (x1 y1 z1 x2 y2 z2)
 -3.665700   0.829520   3.844730  -4.518200   0.376940   4.099310
 -3.665700   0.829520   3.844730  -3.441280   1.516460   4.535960
 -3.665700   0.829520   3.844730  -3.789620   1.307070   2.971340
 -1.264850  -0.667380   3.551560  -2.160820  -0.293040   3.723420
  1.805510   2.203190   4.545190   1.239860   2.284150   5.364170
  1.805510   2.203190   4.545190   2.763190   2.314910   4.804320
  1.805510   2.203190   4.545190   1.547050   2.934210   3.906710
  1.173740  -0.134610   2.960220   1.548740   0.558650   3.545120
  2.159800   5.396760  -0.114100   1.309120   4.894730   0.056770
  2.159800   5.396760  -0.114100   2.088510   5.861500  -0.997130
 -2.287630   6.137110   1.524160  -2.033430   6.960930   1.699530
  2.159800   5.396760  -0.114100   2.275890   6.083470   0.602380
 -3.535450   6.116870   0.858530  -3.746060   5.040130   0.619140
 -3.535450   6.116870   0.858530  -4.321600   6.536700   1.544850
 -3.535450   6.116870   0.858530  -3.513230   6.694720  -0.100240
 -2.287630   6.137110   1.524160  -3.535450   6.116870   0.858530
 -1.146200   3.179900   2.142440  -0.839950   3.269530   0.810810
 -1.146200   3.179900   2.142440  -2.443120   2.996780   2.540330
 -1.146200   3.179900   2.142440  -0.258490   3.731370   3.035080
 -0.600750   1.465610   2.324780  -1.146200   3.179900   2.142440
 -0.307450  -0.000120   2.511200  -0.600750   1.465610   2.324780
 -0.307450  -0.000120   2.511200  -1.264850  -0.667380   3.551560
 -0.307450  -0.000120   2.511200   1.173740  -0.134610   2.960220
 -0.401550  -0.791840   1.147150  -0.307450  -0.000120   2.511200
  0.225310  -0.182680   0.028780  -0.401550  -0.791840   1.147150
  0.225310  -0.182680   0.028780  -0.086860  -0.778820  -0.864900
  0.225310  -0.182680   0.028780  -0.124960   0.880850  -0.050220
  0.225310  -0.182680   0.028780   1.333020  -0.234430   0.172720
