33 atoms follow (x y z r g b radiusScale)
  0.246420  -0.175370   0.054110   0.000000   1.000000   0.000000   1.850000
  1.349960  -0.265890   0.215460   1.000000   1.000000   1.000000   1.200000
 -0.070170   0.901110   0.007600   1.000000   1.000000   1.000000   1.200000
 -0.068040  -0.722760  -0.869090   1.000000   1.000000   1.000000   1.200000
 -0.408420  -0.805920   1.142240   1.000000   0.000000   0.000000   1.400000
 -0.296740  -0.010530   2.505170   0.500000   0.500000   0.500000   1.900000
  1.198270  -0.140500   2.950360   1.000000   0.000000   0.000000   1.400000
 -1.248360  -0.678660   3.540260   1.000000   0.000000   0.000000   1.400000
 -0.647370   1.446220   2.358560   1.000000   0.000000   0.000000   1.400000
 -1.141570   3.204590   2.151090   1.000000   1.000000   0.000000   1.850000
 -0.280300   3.734860   3.073630   1.000000   0.000000   0.000000   1.400000
 -2.454230   2.972370   2.512430   1.000000   0.000000   0.000000   1.400000
 -0.835130   3.281660   0.819620   1.000000   0.000000   0.000000   1.400000
 -2.312650   6.172320   1.503370   1.000000   0.000000   0.000000   1.400000
 -3.571960   6.137830   0.877480   0.000000   1.000000   0.000000   1.850000
 -3.568090   6.826150  -0.010090   1.000000   1.000000   1.000000   1.200000
 -4.396030   6.437830   1.576210   1.000000   1.000000   1.000000   1.200000
 -3.724850   5.064660   0.569500   1.000000   1.000000   1.000000   1.200000
  2.205750   5.353790  -0.134410   0.000000   0.000000   1.000000   1.540000
  2.280210   6.039840   0.585550   1.000000   1.000000   1.000000   1.200000
 -2.118940   7.057640   1.668770   1.000000   1.000000   1.000000   1.200000
  2.185440   5.803490  -1.024030   1.000000   1.000000   1.000000   1.200000
  1.362190   4.827380  -0.003030   1.000000   1.000000   1.000000   1.200000
  1.818250   2.204680   4.520810   0.000000   0.000000   1.000000   1.540000
  1.577520   0.535550   3.549200   1.000000   1.000000   1.000000   1.200000
  1.556360   2.933440   3.882980   1.000000   1.000000   1.000000   1.200000
  2.772620   2.327540   4.787820   1.000000   1.000000   1.000000   1.200000
  1.244720   2.277430   5.335380   1.000000   1.000000   1.000000   1.200000
 -3.677230   0.838220   3.840080   0.000000   0.000000   1.000000   1.540000
 -2.133060  -0.272470   3.698180   1.000000   1.000000   1.000000   1.200000
 -3.813090   1.350300   2.988950   1.000000   1.000000   1.000000   1.200000
 -3.455040   1.494010   4.560790   1.000000   1.000000   1.000000   1.200000
 -4.520370   0.360950   4.080120   1.000000   1.000000   1.000000   1.200000
28 bonds follow (x1 y1 z1 x2 y2 z2)
 -3.677230   0.838220   3.840080  -4.520370   0.360950   4.080120
 -3.677230   0.838220   3.840080  -3.455040   1.494010   4.560790
 -3.677230   0.838220   3.840080  -3.813090   1.350300   2.988950
 -1.248360  -0.678660   3.540260  -2.133060  -0.272470   3.698180
  1.818250   2.204680   4.520810   1.244720   2.277430   5.335380
  1.818250   2.204680   4.520810   2.772620   2.327540   4.787820
  1.818250   2.204680   4.520810   1.556360   2.933440   3.882980
  1.198270  -0.140500   2.950360   1.577520   0.535550   3.549200
  2.205750   5.353790  -0.134410   1.362190   4.827380  -0.003030
  2.205750   5.353790  -0.134410   2.185440   5.803490  -1.024030
 -2.312650   6.172320   1.503370  -2.118940   7.057640   1.668770
  2.205750   5.353790  -0.134410   2.280210   6.039840   0.585550
 -3.571960   6.137830   0.877480  -3.724850   5.064660   0.569500
 -3.571960   6.137830   0.877480  -4.396030   6.437830   1.576210
 -3.571960   6.137830   0.877480  -3.568090   6.826150  -0.010090
 -2.312650   6.172320   1.503370  -3.571960   6.137830   0.877480
 -1.141570   3.204590   2.151090  -0.835130   3.281660   0.819620
 -1.141570   3.204590   2.151090  -2.454230   2.972370   2.512430
 -1.141570   3.204590   2.151090  -0.280300   3.734860   3.073630
 -0.647370   1.446220   2.358560  -1.141570   3.204590   2.151090
 -0.296740  -0.010530   2.505170  -0.647370   1.446220   2.358560
 -0.296740  -0.010530   2.505170  -1.248360  -0.678660   3.540260
 -0.296740  -0.010530   2.505170   1.198270  -0.140500   2.950360
 -0.408420  -0.805920   1.142240  -0.296740  -0.010530   2.505170
  0.246420  -0.175370   0.054110  -0.408420  -0.805920   1.142240
  0.246420  -0.175370   0.054110  -0.068040  -0.722760  -0.869090
  0.246420  -0.175370   0.054110  -0.070170   0.901110   0.007600
  0.246420  -0.175370   0.054110   1.349960  -0.265890   0.215460
