33 atoms follow (x y z r g b radiusScale)
 -0.000070   0.000020   0.000080   0.000000   1.000000   0.000000   1.850000
  1.118940  -0.000050  -0.000080   1.000000   1.000000   1.000000   1.200000
 -0.405330   1.049330   0.000280   1.000000   1.000000   1.000000   1.200000
 -0.386660  -0.578350  -0.876020   1.000000   1.000000   1.000000   1.200000
 -0.445550  -0.680470   1.156050   1.000000   0.000000   0.000000   1.400000
 -0.328800   0.129090   2.516270   0.500000   0.500000   0.500000   1.900000
  1.153460  -0.065900   2.993730   1.000000   0.000000   0.000000   1.400000
 -1.241200  -0.623280   3.539860   1.000000   0.000000   0.000000   1.400000
 -0.679790   1.568900   2.367090   1.000000   0.000000   0.000000   1.400000
 -1.150590   3.397360   1.975850   1.000000   1.000000   0.000000   1.850000
 -0.030660   3.843270   2.701740   1.000000   0.000000   0.000000   1.400000
 -2.396780   3.161050   2.528650   1.000000   0.000000   0.000000   1.400000
 -0.858190   3.160870   0.617260   1.000000   0.000000   0.000000   1.400000
 -1.531840   5.169010   1.568120   1.000000   0.000000   0.000000   1.400000
 -2.705670   5.611950   0.976340   0.000000   1.000000   0.000000   1.850000
 -2.734660   5.315040  -0.105390   1.000000   1.000000   1.000000   1.200000
 -2.750480   6.729430   1.054100   1.000000   1.000000   1.000000   1.200000
 -3.581600   5.161840   1.511380   1.000000   1.000000   1.000000   1.200000
  0.756380   5.418330   0.511720   0.000000   0.000000   1.000000   1.540000
  1.274660   5.145500   1.346090   1.000000   1.000000   1.000000   1.200000
 -0.304690   5.582990   0.862680   1.000000   1.000000   1.000000   1.200000
  0.712440   4.623060  -0.124770   1.000000   1.000000   1.000000   1.200000
  1.154170   6.229420   0.072980   1.000000   1.000000   1.000000   1.200000
  1.620770   2.232130   4.685590   0.000000   0.000000   1.000000   1.540000
  1.513420   0.571670   3.635290   1.000000   1.000000   1.000000   1.200000
  1.172630   2.894020   4.076890   1.000000   1.000000   1.000000   1.200000
  2.569100   2.506720   4.829380   1.000000   1.000000   1.000000   1.200000
  1.151660   2.229480   5.566550   1.000000   1.000000   1.000000   1.200000
 -3.597450   0.959200   3.767110   0.000000   0.000000   1.000000   1.540000
 -2.135500  -0.268350   3.722680   1.000000   1.000000   1.000000   1.200000
 -3.832940   1.195360   2.822680   1.000000   1.000000   1.000000   1.200000
 -3.168370   1.771020   4.171450   1.000000   1.000000   1.000000   1.200000
 -4.434670   0.748710   4.267680   1.000000   1.000000   1.000000   1.200000
29 bonds follow (x1 y1 z1 x2 y2 z2)
 -3.597450   0.959200   3.767110  -4.434670   0.748710   4.267680
 -3.597450   0.959200   3.767110  -3.168370   1.771020   4.171450
 -3.597450   0.959200   3.767110  -3.832940   1.195360   2.822680
 -1.241200  -0.623280   3.539860  -2.135500  -0.268350   3.722680
  1.620770   2.232130   4.685590   1.151660   2.229480   5.566550
  1.620770   2.232130   4.685590   2.569100   2.506720   4.829380
  1.620770   2.232130   4.685590   1.172630   2.894020   4.076890
  1.153460  -0.065900   2.993730   1.513420   0.571670   3.635290
  0.756380   5.418330   0.511720   1.154170   6.229420   0.072980
  0.756380   5.418330   0.511720   0.712440   4.623060  -0.124770
  0.756380   5.418330   0.511720  -0.304690   5.582990   0.862680
  0.756380   5.418330   0.511720   1.274660   5.145500   1.346090
 -2.705670   5.611950   0.976340  -3.581600   5.161840   1.511380
 -2.705670   5.611950   0.976340  -2.750480   6.729430   1.054100
 -2.705670   5.611950   0.976340  -2.734660   5.315040  -0.105390
 -1.531840   5.169010   1.568120  -2.705670   5.611950   0.976340
 -1.150590   3.397360   1.975850  -1.531840   5.169010   1.568120
 -1.150590   3.397360   1.975850  -0.858190   3.160870   0.617260
 -1.150590   3.397360   1.975850  -2.396780   3.161050   2.528650
 -1.150590   3.397360   1.975850  -0.030660   3.843270   2.701740
 -0.679790   1.568900   2.367090  -1.150590   3.397360   1.975850
 -0.328800   0.129090   2.516270  -0.679790   1.568900   2.367090
 -0.328800   0.129090   2.516270  -1.241200  -0.623280   3.539860
 -0.328800   0.129090   2.516270   1.153460  -0.065900   2.993730
 -0.445550  -0.680470   1.156050  -0.328800   0.129090   2.516270
 -0.000070   0.000020   0.000080  -0.445550  -0.680470   1.156050
 -0.000070   0.000020   0.000080  -0.386660  -0.578350  -0.876020
 -0.000070   0.000020   0.000080  -0.405330   1.049330   0.000280
 -0.000070   0.000020   0.000080   1.118940  -0.000050  -0.000080
