33 atoms follow (x y z r g b radiusScale)
 -0.220170  -0.247690  -0.069870   0.000000   1.000000   0.000000   1.850000
  0.810310  -0.403920  -0.485510   1.000000   1.000000   1.000000   1.200000
 -0.488820   0.842910  -0.036940   1.000000   1.000000   1.000000   1.200000
 -0.953700  -0.820020  -0.696270   1.000000   1.000000   1.000000   1.200000
 -0.273840  -0.807580   1.223230   1.000000   0.000000   0.000000   1.400000
 -0.238290   0.144720   2.490040   0.500000   0.500000   0.500000   1.900000
  1.261650   0.078430   2.986550   1.000000   0.000000   0.000000   1.400000
 -1.121130  -0.591480   3.564560   1.000000   0.000000   0.000000   1.400000
 -0.699780   1.530940   2.253590   1.000000   0.000000   0.000000   1.400000
 -1.126710   3.450260   1.931460   1.000000   1.000000   0.000000   1.850000
  0.119810   3.804850   2.525000   1.000000   0.000000   0.000000   1.400000
 -2.279700   3.200060   2.659810   1.000000   0.000000   0.000000   1.400000
 -0.933920   3.165590   0.551890   1.000000   0.000000   0.000000   1.400000
 -1.457560   5.164250   1.600790   1.000000   0.000000   0.000000   1.400000
 -2.696670   5.733270   1.830830   0.000000   1.000000   0.000000   1.850000
 -3.032590   5.539760   2.882970   1.000000   1.000000   1.000000   1.200000
 -3.456150   5.308130   1.122500   1.000000   1.000000   1.000000   1.200000
 -2.611390   6.838430   1.663320   1.000000   1.000000   1.000000   1.200000
  0.819760   5.173660   0.234110   0.000000   0.000000   1.000000   1.540000
  0.895130   5.153460   1.276000   1.000000   1.000000   1.000000   1.200000
  1.516410   5.765870  -0.182120   1.000000   1.000000   1.000000   1.200000
 -0.151060   5.490610   0.028110   1.000000   1.000000   1.000000   1.200000
  0.877840   4.197840  -0.086870   1.000000   1.000000   1.000000   1.200000
  0.958310   2.514940   4.878470   0.000000   0.000000   1.000000   1.540000
  1.484840   0.604260   3.760120   1.000000   1.000000   1.000000   1.200000
  1.517950   3.052160   4.244060   1.000000   1.000000   1.000000   1.200000
  1.247050   2.710360   5.813860   1.000000   1.000000   1.000000   1.200000
  0.011090   2.819660   4.762360   1.000000   1.000000   1.000000   1.200000
 -3.614190   0.892770   3.388640   0.000000   0.000000   1.000000   1.540000
 -2.033950  -0.285240   3.702300   1.000000   1.000000   1.000000   1.200000
 -3.576310   1.263060   2.457550   1.000000   1.000000   1.000000   1.200000
 -3.250270   1.606130   3.994180   1.000000   1.000000   1.000000   1.200000
 -4.569750   0.730240   3.628370   1.000000   1.000000   1.000000   1.200000
28 bonds follow (x1 y1 z1 x2 y2 z2)
 -3.614190   0.892770   3.388640  -4.569750   0.730240   3.628370
 -3.614190   0.892770   3.388640  -3.250270   1.606130   3.994180
 -3.614190   0.892770   3.388640  -3.576310   1.263060   2.457550
 -1.121130  -0.591480   3.564560  -2.033950  -0.285240   3.702300
  0.958310   2.514940   4.878470   0.011090   2.819660   4.762360
  0.958310   2.514940   4.878470   1.247050   2.710360   5.813860
  0.958310   2.514940   4.878470   1.517950   3.052160   4.244060
  1.261650   0.078430   2.986550   1.484840   0.604260   3.760120
  0.819760   5.173660   0.234110   0.877840   4.197840  -0.086870
  0.819760   5.173660   0.234110  -0.151060   5.490610   0.028110
  0.819760   5.173660   0.234110   1.516410   5.765870  -0.182120
  0.819760   5.173660   0.234110   0.895130   5.153460   1.276000
 -2.696670   5.733270   1.830830  -2.611390   6.838430   1.663320
 -2.696670   5.733270   1.830830  -3.456150   5.308130   1.122500
 -2.696670   5.733270   1.830830  -3.032590   5.539760   2.882970
 -1.457560   5.164250   1.600790  -2.696670   5.733270   1.830830
 -1.126710   3.450260   1.931460  -1.457560   5.164250   1.600790
 -1.126710   3.450260   1.931460  -0.933920   3.165590   0.551890
 -1.126710   3.450260   1.931460  -2.279700   3.200060   2.659810
 -1.126710   3.450260   1.931460   0.119810   3.804850   2.525000
 -0.238290   0.144720   2.490040  -0.699780   1.530940   2.253590
 -0.238290   0.144720   2.490040  -1.121130  -0.591480   3.564560
 -0.238290   0.144720   2.490040   1.261650   0.078430   2.986550
 -0.273840  -0.807580   1.223230  -0.238290   0.144720   2.490040
 -0.220170  -0.247690  -0.069870  -0.273840  -0.807580   1.223230
 -0.220170  -0.247690  -0.069870  -0.953700  -0.820020  -0.696270
 -0.220170  -0.247690  -0.069870  -0.488820   0.842910  -0.036940
 -0.220170  -0.247690  -0.069870   0.810310  -0.403920  -0.485510
