33 atoms follow (x y z r g b radiusScale)
  0.060760  -0.110430   0.023770   0.000000   1.000000   0.000000   1.850000
  1.175700  -0.026360   0.056170   1.000000   1.000000   1.000000   1.200000
 -0.417600   0.904170  -0.024690   1.000000   1.000000   1.000000   1.200000
 -0.257960  -0.751760  -0.836180   1.000000   1.000000   1.000000   1.200000
 -0.378300  -0.780070   1.190530   1.000000   0.000000   0.000000   1.400000
 -0.322880   0.014900   2.553310   0.500000   0.500000   0.500000   1.900000
  1.152510  -0.153810   3.039690   1.000000   0.000000   0.000000   1.400000
 -1.246480  -0.738490   3.564980   1.000000   0.000000   0.000000   1.400000
 -0.653170   1.472570   2.336550   1.000000   0.000000   0.000000   1.400000
 -1.114300   3.262060   2.035140   1.000000   1.000000   0.000000   1.850000
 -0.119950   3.792130   2.832870   1.000000   0.000000   0.000000   1.400000
 -2.374070   3.127840   2.546530   1.000000   0.000000   0.000000   1.400000
 -0.943330   3.228860   0.669850   1.000000   0.000000   0.000000   1.400000
 -2.096880   5.845660   1.675680   1.000000   0.000000   0.000000   1.400000
 -3.202120   5.914590   0.821020   0.000000   1.000000   0.000000   1.850000
 -2.875430   5.876250  -0.248320   1.000000   1.000000   1.000000   1.200000
 -3.779830   6.855430   1.005790   1.000000   1.000000   1.000000   1.200000
 -3.853700   5.037780   1.045110   1.000000   1.000000   1.000000   1.200000
  1.701230   5.639250   0.058650   0.000000   0.000000   1.000000   1.540000
  1.558920   5.958310   0.997630   1.000000   1.000000   1.000000   1.200000
 -1.298410   6.550180   1.458520   1.000000   1.000000   1.000000   1.200000
  0.848290   5.788680  -0.443380   1.000000   1.000000   1.000000   1.200000
  1.865500   4.653750   0.086480   1.000000   1.000000   1.000000   1.200000
  1.682280   2.136680   4.624930   0.000000   0.000000   1.000000   1.540000
  1.522190   0.498950   3.667630   1.000000   1.000000   1.000000   1.200000
  1.395530   2.858990   3.988760   1.000000   1.000000   1.000000   1.200000
  2.653070   2.245940   4.831190   1.000000   1.000000   1.000000   1.200000
  1.162110   2.227770   5.472220   1.000000   1.000000   1.000000   1.200000
 -3.557140   0.873540   3.786430   0.000000   0.000000   1.000000   1.540000
 -2.154670  -0.403990   3.733140   1.000000   1.000000   1.000000   1.200000
 -3.767680   1.173370   2.853670   1.000000   1.000000   1.000000   1.200000
 -3.144570   1.654860   4.260550   1.000000   1.000000   1.000000   1.200000
 -4.406300   0.624220   4.247920   1.000000   1.000000   1.000000   1.200000
28 bonds follow (x1 y1 z1 x2 y2 z2)
 -3.557140   0.873540   3.786430  -4.406300   0.624220   4.247920
 -3.557140   0.873540   3.786430  -3.144570   1.654860   4.260550
 -3.557140   0.873540   3.786430  -3.767680   1.173370   2.853670
 -1.246480  -0.738490   3.564980  -2.154670  -0.403990   3.733140
  1.682280   2.136680   4.624930   1.162110   2.227770   5.472220
  1.682280   2.136680   4.624930   2.653070   2.245940   4.831190
  1.682280   2.136680   4.624930   1.395530   2.858990   3.988760
  1.152510  -0.153810   3.039690   1.522190   0.498950   3.667630
  1.701230   5.639250   0.058650   1.865500   4.653750   0.086480
  1.701230   5.639250   0.058650   0.848290   5.788680  -0.443380
 -2.096880   5.845660   1.675680  -1.298410   6.550180   1.458520
  1.701230   5.639250   0.058650   1.558920   5.958310   0.997630
 -3.202120   5.914590   0.821020  -3.853700   5.037780   1.045110
 -3.202120   5.914590   0.821020  -3.779830   6.855430   1.005790
 -3.202120   5.914590   0.821020  -2.875430   5.876250  -0.248320
 -2.096880   5.845660   1.675680  -3.202120   5.914590   0.821020
 -1.114300   3.262060   2.035140  -0.943330   3.228860   0.669850
 -1.114300   3.262060   2.035140  -2.374070   3.127840   2.546530
 -1.114300   3.262060   2.035140  -0.119950   3.792130   2.832870
 -0.653170   1.472570   2.336550  -1.114300   3.262060   2.035140
 -0.322880   0.014900   2.553310  -0.653170   1.472570   2.336550
 -0.322880   0.014900   2.553310  -1.246480  -0.738490   3.564980
 -0.322880   0.014900   2.553310   1.152510  -0.153810   3.039690
 -0.378300  -0.780070   1.190530  -0.322880   0.014900   2.553310
  0.060760  -0.110430   0.023770  -0.378300  -0.780070   1.190530
  0.060760  -0.110430   0.023770  -0.257960  -0.751760  -0.836180
  0.060760  -0.110430   0.023770  -0.417600   0.904170  -0.024690
  0.060760  -0.110430   0.023770   1.175700  -0.026360   0.056170
