33 atoms follow (x y z r g b radiusScale)
 -0.066210  -0.045300  -0.022900   0.000000   1.000000   0.000000   1.850000
  1.015660  -0.253290  -0.229280   1.000000   1.000000   1.000000   1.200000
 -0.266510   1.058640   0.049200   1.000000   1.000000   1.000000   1.200000
 -0.689440  -0.507670  -0.831140   1.000000   1.000000   1.000000   1.200000
 -0.437120  -0.683030   1.179490   1.000000   0.000000   0.000000   1.400000
 -0.300520   0.129610   2.539500   0.500000   0.500000   0.500000   1.900000
  1.194400  -0.044210   3.000600   1.000000   0.000000   0.000000   1.400000
 -1.151350  -0.703040   3.566460   1.000000   0.000000   0.000000   1.400000
 -0.702940   1.548950   2.422880   1.000000   0.000000   0.000000   1.400000
 -1.184620   3.469520   1.882790   1.000000   1.000000   0.000000   1.850000
 -0.112860   3.895940   2.703240   1.000000   0.000000   0.000000   1.400000
 -2.461810   3.137050   2.295100   1.000000   0.000000   0.000000   1.400000
 -0.661640   3.175000   0.590030   1.000000   0.000000   0.000000   1.400000
 -1.566090   5.143640   1.437010   1.000000   0.000000   0.000000   1.400000
 -2.823620   5.720340   1.447410   0.000000   1.000000   0.000000   1.850000
 -3.386680   5.432010   0.520640   1.000000   1.000000   1.000000   1.200000
 -2.690340   6.834970   1.466140   1.000000   1.000000   1.000000   1.200000
 -3.406770   5.397330   2.347800   1.000000   1.000000   1.000000   1.200000
  0.862160   5.245080   0.494250   0.000000   0.000000   1.000000   1.540000
  0.651590   5.475590   1.484660   1.000000   1.000000   1.000000   1.200000
  1.541750   5.866930   0.088660   1.000000   1.000000   1.000000   1.200000
 -0.054990   5.286470   0.007180   1.000000   1.000000   1.000000   1.200000
  1.143810   4.261540   0.474910   1.000000   1.000000   1.000000   1.200000
  1.522820   2.313120   4.706110   0.000000   0.000000   1.000000   1.540000
  1.521320   0.547150   3.695740   1.000000   1.000000   1.000000   1.200000
  0.982920   2.928160   4.124030   1.000000   1.000000   1.000000   1.200000
  2.425830   2.710030   4.854310   1.000000   1.000000   1.000000   1.200000
  1.069080   2.216350   5.590050   1.000000   1.000000   1.000000   1.200000
 -3.554710   0.931320   3.741110   0.000000   0.000000   1.000000   1.540000
 -2.076840  -0.450350   3.713270   1.000000   1.000000   1.000000   1.200000
 -3.773440   1.117170   2.780810   1.000000   1.000000   1.000000   1.200000
 -3.041160   1.725260   4.076590   1.000000   1.000000   1.000000   1.200000
 -4.408440   0.864170   4.254470   1.000000   1.000000   1.000000   1.200000
28 bonds follow (x1 y1 z1 x2 y2 z2)
 -3.554710   0.931320   3.741110  -4.408440   0.864170   4.254470
 -3.554710   0.931320   3.741110  -3.041160   1.725260   4.076590
 -3.554710   0.931320   3.741110  -3.773440   1.117170   2.780810
 -1.151350  -0.703040   3.566460  -2.076840  -0.450350   3.713270
  1.522820   2.313120   4.706110   1.069080   2.216350   5.590050
  1.522820   2.313120   4.706110   2.425830   2.710030   4.854310
  1.522820   2.313120   4.706110   0.982920   2.928160   4.124030
  1.194400  -0.044210   3.000600   1.521320   0.547150   3.695740
  0.862160   5.245080   0.494250   1.143810   4.261540   0.474910
  0.862160   5.245080   0.494250  -0.054990   5.286470   0.007180
  0.862160   5.245080   0.494250   1.541750   5.866930   0.088660
  0.862160   5.245080   0.494250   0.651590   5.475590   1.484660
 -2.823620   5.720340   1.447410  -3.406770   5.397330   2.347800
 -2.823620   5.720340   1.447410  -2.690340   6.834970   1.466140
 -2.823620   5.720340   1.447410  -3.386680   5.432010   0.520640
 -1.566090   5.143640   1.437010  -2.823620   5.720340   1.447410
 -1.184620   3.469520   1.882790  -1.566090   5.143640   1.437010
 -1.184620   3.469520   1.882790  -0.661640   3.175000   0.590030
 -1.184620   3.469520   1.882790  -2.461810   3.137050   2.295100
 -1.184620   3.469520   1.882790  -0.112860   3.895940   2.703240
 -0.300520   0.129610   2.539500  -0.702940   1.548950   2.422880
 -0.300520   0.129610   2.539500  -1.151350  -0.703040   3.566460
 -0.300520   0.129610   2.539500   1.194400  -0.044210   3.000600
 -0.437120  -0.683030   1.179490  -0.300520   0.129610   2.539500
 -0.066210  -0.045300  -0.022900  -0.437120  -0.683030   1.179490
 -0.066210  -0.045300  -0.022900  -0.689440  -0.507670  -0.831140
 -0.066210  -0.045300  -0.022900  -0.266510   1.058640   0.049200
 -0.066210  -0.045300  -0.022900   1.015660  -0.253290  -0.229280
