33 atoms follow (x y z r g b radiusScale)
 -0.522530  -0.102400  -0.019790   0.000000   1.000000   0.000000   1.850000
  0.364070  -0.194190  -0.700810   1.000000   1.000000   1.000000   1.200000
 -0.797100   0.976950   0.129770   1.000000   1.000000   1.000000   1.200000
 -1.378430  -0.673380  -0.466130   1.000000   1.000000   1.000000   1.200000
 -0.196260  -0.718570   1.206510   1.000000   0.000000   0.000000   1.400000
 -0.156660   0.165500   2.532340   0.500000   0.500000   0.500000   1.900000
  1.310130  -0.027380   3.072340   1.000000   0.000000   0.000000   1.400000
 -1.107760  -0.603190   3.508440   1.000000   0.000000   0.000000   1.400000
 -0.582160   1.565680   2.322540   1.000000   0.000000   0.000000   1.400000
 -1.187980   3.465230   1.854300   1.000000   1.000000   0.000000   1.850000
 -0.076450   3.915540   2.613030   1.000000   0.000000   0.000000   1.400000
 -2.403470   3.176610   2.440700   1.000000   0.000000   0.000000   1.400000
 -0.802770   3.073860   0.544010   1.000000   0.000000   0.000000   1.400000
 -1.619380   5.099390   1.295300   1.000000   0.000000   0.000000   1.400000
 -2.541270   5.917720   1.933470   0.000000   1.000000   0.000000   1.850000
 -3.330040   5.311990   2.449920   1.000000   1.000000   1.000000   1.200000
 -3.021950   6.574880   1.162590   1.000000   1.000000   1.000000   1.200000
 -2.015320   6.563590   2.687140   1.000000   1.000000   1.000000   1.200000
  0.887690   5.114500   0.299650   0.000000   0.000000   1.000000   1.540000
  1.109830   4.876910   1.276230   1.000000   1.000000   1.000000   1.200000
  1.667530   5.542450  -0.178520   1.000000   1.000000   1.000000   1.200000
  0.057700   5.734760   0.330400   1.000000   1.000000   1.000000   1.200000
  0.583430   4.228790  -0.167360   1.000000   1.000000   1.000000   1.200000
  1.059780   2.429270   4.982240   0.000000   0.000000   1.000000   1.540000
  1.590060   0.495840   3.827190   1.000000   1.000000   1.000000   1.200000
  0.879490   3.013800   4.186040   1.000000   1.000000   1.000000   1.200000
  1.867010   2.773270   5.458430   1.000000   1.000000   1.000000   1.200000
  0.279900   2.487940   5.603610   1.000000   1.000000   1.000000   1.200000
 -3.599760   0.746420   3.469250   0.000000   0.000000   1.000000   1.540000
 -2.025230  -0.293420   3.630130   1.000000   1.000000   1.000000   1.200000
 -3.798680   0.838790   2.493440   1.000000   1.000000   1.000000   1.200000
 -3.234050   1.627650   3.783880   1.000000   1.000000   1.000000   1.200000
 -4.450100   0.551650   3.953840   1.000000   1.000000   1.000000   1.200000
28 bonds follow (x1 y1 z1 x2 y2 z2)
 -3.599760   0.746420   3.469250  -4.450100   0.551650   3.953840
 -3.599760   0.746420   3.469250  -3.234050   1.627650   3.783880
 -3.599760   0.746420   3.469250  -3.798680   0.838790   2.493440
 -1.107760  -0.603190   3.508440  -2.025230  -0.293420   3.630130
  1.059780   2.429270   4.982240   0.279900   2.487940   5.603610
  1.059780   2.429270   4.982240   1.867010   2.773270   5.458430
  1.059780   2.429270   4.982240   0.879490   3.013800   4.186040
  1.310130  -0.027380   3.072340   1.590060   0.495840   3.827190
  0.887690   5.114500   0.299650   0.583430   4.228790  -0.167360
  0.887690   5.114500   0.299650   0.057700   5.734760   0.330400
  0.887690   5.114500   0.299650   1.667530   5.542450  -0.178520
  0.887690   5.114500   0.299650   1.109830   4.876910   1.276230
 -2.541270   5.917720   1.933470  -2.015320   6.563590   2.687140
 -2.541270   5.917720   1.933470  -3.021950   6.574880   1.162590
 -2.541270   5.917720   1.933470  -3.330040   5.311990   2.449920
 -1.619380   5.099390   1.295300  -2.541270   5.917720   1.933470
 -1.187980   3.465230   1.854300  -1.619380   5.099390   1.295300
 -1.187980   3.465230   1.854300  -0.802770   3.073860   0.544010
 -1.187980   3.465230   1.854300  -2.403470   3.176610   2.440700
 -1.187980   3.465230   1.854300  -0.076450   3.915540   2.613030
 -0.156660   0.165500   2.532340  -0.582160   1.565680   2.322540
 -0.156660   0.165500   2.532340  -1.107760  -0.603190   3.508440
 -0.156660   0.165500   2.532340   1.310130  -0.027380   3.072340
 -0.196260  -0.718570   1.206510  -0.156660   0.165500   2.532340
 -0.522530  -0.102400  -0.019790  -0.196260  -0.718570   1.206510
 -0.522530  -0.102400  -0.019790  -1.378430  -0.673380  -0.466130
 -0.522530  -0.102400  -0.019790  -0.797100   0.976950   0.129770
 -0.522530  -0.102400  -0.019790   0.364070  -0.194190  -0.700810
