33 atoms follow (x y z r g b radiusScale)
 -0.037240   0.034230  -0.040430   0.000000   1.000000   0.000000   1.850000
  1.076210  -0.021140  -0.143340   1.000000   1.000000   1.000000   1.200000
 -0.391320   1.099800  -0.000130   1.000000   1.000000   1.000000   1.200000
 -0.521030  -0.516810  -0.886880   1.000000   1.000000   1.000000   1.200000
 -0.422020  -0.643270   1.138860   1.000000   0.000000   0.000000   1.400000
 -0.323710   0.146560   2.511530   0.500000   0.500000   0.500000   1.900000
  1.176980  -0.052790   2.933950   1.000000   0.000000   0.000000   1.400000
 -1.224500  -0.610920   3.545500   1.000000   0.000000   0.000000   1.400000
 -0.633830   1.598180   2.415700   1.000000   0.000000   0.000000   1.400000
 -1.173550   3.417000   1.953810   1.000000   1.000000   0.000000   1.850000
 -0.076270   3.926180   2.701110   1.000000   0.000000   0.000000   1.400000
 -2.404630   3.122900   2.516390   1.000000   0.000000   0.000000   1.400000
 -0.766660   3.107690   0.622370   1.000000   0.000000   0.000000   1.400000
 -1.605190   5.066220   1.384430   1.000000   0.000000   0.000000   1.400000
 -2.844260   5.650830   1.213130   0.000000   1.000000   0.000000   1.850000
 -3.246180   5.416100   0.190940   1.000000   1.000000   1.000000   1.200000
 -2.725080   6.764000   1.306330   1.000000   1.000000   1.000000   1.200000
 -3.571250   5.290210   1.986240   1.000000   1.000000   1.000000   1.200000
  0.930160   5.255160   0.560770   0.000000   0.000000   1.000000   1.540000
  0.739650   5.273280   1.583400   1.000000   1.000000   1.000000   1.200000
  1.077890   6.191200   0.209000   1.000000   1.000000   1.000000   1.200000
  0.068690   4.837180   0.135400   1.000000   1.000000   1.000000   1.200000
  1.721340   4.659570   0.370750   1.000000   1.000000   1.000000   1.200000
  1.568150   2.294770   4.701800   0.000000   0.000000   1.000000   1.540000
  1.540440   0.546670   3.601830   1.000000   1.000000   1.000000   1.200000
  1.051230   2.906480   4.094920   1.000000   1.000000   1.000000   1.200000
  2.488140   2.659740   4.827580   1.000000   1.000000   1.000000   1.200000
  1.116190   2.260140   5.591130   1.000000   1.000000   1.000000   1.200000
 -3.606780   0.943100   3.767700   0.000000   0.000000   1.000000   1.540000
 -2.112580  -0.254950   3.751520   1.000000   1.000000   1.000000   1.200000
 -3.803230   1.152030   2.807670   1.000000   1.000000   1.000000   1.200000
 -3.174610   1.760350   4.158760   1.000000   1.000000   1.000000   1.200000
 -4.468540   0.774250   4.241910   1.000000   1.000000   1.000000   1.200000
28 bonds follow (x1 y1 z1 x2 y2 z2)
 -3.606780   0.943100   3.767700  -4.468540   0.774250   4.241910
 -3.606780   0.943100   3.767700  -3.174610   1.760350   4.158760
 -3.606780   0.943100   3.767700  -3.803230   1.152030   2.807670
 -1.224500  -0.610920   3.545500  -2.112580  -0.254950   3.751520
  1.568150   2.294770   4.701800   1.116190   2.260140   5.591130
  1.568150   2.294770   4.701800   2.488140   2.659740   4.827580
  1.568150   2.294770   4.701800   1.051230   2.906480   4.094920
  1.176980  -0.052790   2.933950   1.540440   0.546670   3.601830
  0.930160   5.255160   0.560770   1.721340   4.659570   0.370750
  0.930160   5.255160   0.560770   0.068690   4.837180   0.135400
  0.930160   5.255160   0.560770   1.077890   6.191200   0.209000
  0.930160   5.255160   0.560770   0.739650   5.273280   1.583400
 -2.844260   5.650830   1.213130  -3.571250   5.290210   1.986240
 -2.844260   5.650830   1.213130  -2.725080   6.764000   1.306330
 -2.844260   5.650830   1.213130  -3.246180   5.416100   0.190940
 -1.605190   5.066220   1.384430  -2.844260   5.650830   1.213130
 -1.173550   3.417000   1.953810  -1.605190   5.066220   1.384430
 -1.173550   3.417000   1.953810  -0.766660   3.107690   0.622370
 -1.173550   3.417000   1.953810  -2.404630   3.122900   2.516390
 -1.173550   3.417000   1.953810  -0.076270   3.926180   2.701110
 -0.323710   0.146560   2.511530  -0.633830   1.598180   2.415700
 -0.323710   0.146560   2.511530  -1.224500  -0.610920   3.545500
 -0.323710   0.146560   2.511530   1.176980  -0.052790   2.933950
 -0.422020  -0.643270   1.138860  -0.323710   0.146560   2.511530
 -0.037240   0.034230  -0.040430  -0.422020  -0.643270   1.138860
 -0.037240   0.034230  -0.040430  -0.521030  -0.516810  -0.886880
 -0.037240   0.034230  -0.040430  -0.391320   1.099800  -0.000130
 -0.037240   0.034230  -0.040430   1.076210  -0.021140  -0.143340
