33 atoms follow (x y z r g b radiusScale)
  0.249880  -0.174240   0.058310   0.000000   1.000000   0.000000   1.850000
  1.352720  -0.271020   0.222480   1.000000   1.000000   1.000000   1.200000
 -0.062480   0.903500   0.016050   1.000000   1.000000   1.000000   1.200000
 -0.064510  -0.714440  -0.869080   1.000000   1.000000   1.000000   1.200000
 -0.410050  -0.807600   1.141530   1.000000   0.000000   0.000000   1.400000
 -0.294720  -0.011460   2.504380   0.500000   0.500000   0.500000   1.900000
  1.202060  -0.141870   2.950450   1.000000   0.000000   0.000000   1.400000
 -1.245290  -0.680460   3.537530   1.000000   0.000000   0.000000   1.400000
 -0.656510   1.443920   2.364270   1.000000   0.000000   0.000000   1.400000
 -1.141250   3.206770   2.152590   1.000000   1.000000   0.000000   1.850000
 -0.283760   3.736210   3.080980   1.000000   0.000000   0.000000   1.400000
 -2.454790   2.970900   2.507000   1.000000   0.000000   0.000000   1.400000
 -0.834130   3.284510   0.820070   1.000000   0.000000   0.000000   1.400000
 -2.320720   6.175910   1.498110   1.000000   0.000000   0.000000   1.400000
 -3.578080   6.135960   0.879950   0.000000   1.000000   0.000000   1.850000
 -3.585890   6.837870   0.004720   1.000000   1.000000   1.000000   1.200000
 -4.397100   6.423630   1.578960   1.000000   1.000000   1.000000   1.200000
 -3.743320   5.074610   0.546970   1.000000   1.000000   1.000000   1.200000
  2.214130   5.345730  -0.137900   0.000000   0.000000   1.000000   1.540000
  2.271650   6.032400   0.582200   1.000000   1.000000   1.000000   1.200000
 -2.050280   7.174170   1.720290   1.000000   1.000000   1.000000   1.200000
  2.192820   5.795090  -1.025360   1.000000   1.000000   1.000000   1.200000
  1.374050   4.818710  -0.012110   1.000000   1.000000   1.000000   1.200000
  1.819800   2.203940   4.516300   0.000000   0.000000   1.000000   1.540000
  1.589400   0.532790   3.545060   1.000000   1.000000   1.000000   1.200000
  1.556010   2.929730   3.875700   1.000000   1.000000   1.000000   1.200000
  2.773560   2.331470   4.783020   1.000000   1.000000   1.000000   1.200000
  1.245480   2.277530   5.330170   1.000000   1.000000   1.000000   1.200000
 -3.678240   0.837810   3.839670   0.000000   0.000000   1.000000   1.540000
 -2.126080  -0.267450   3.693340   1.000000   1.000000   1.000000   1.200000
 -3.812250   1.353510   2.990310   1.000000   1.000000   1.000000   1.200000
 -3.456080   1.490980   4.563050   1.000000   1.000000   1.000000   1.200000
 -4.523030   0.362450   4.077130   1.000000   1.000000   1.000000   1.200000
28 bonds follow (x1 y1 z1 x2 y2 z2)
 -3.678240   0.837810   3.839670  -4.523030   0.362450   4.077130
 -3.678240   0.837810   3.839670  -3.456080   1.490980   4.563050
 -3.678240   0.837810   3.839670  -3.812250   1.353510   2.990310
 -1.245290  -0.680460   3.537530  -2.126080  -0.267450   3.693340
  1.819800   2.203940   4.516300   1.245480   2.277530   5.330170
  1.819800   2.203940   4.516300   2.773560   2.331470   4.783020
  1.819800   2.203940   4.516300   1.556010   2.929730   3.875700
  1.202060  -0.141870   2.950450   1.589400   0.532790   3.545060
  2.214130   5.345730  -0.137900   1.374050   4.818710  -0.012110
  2.214130   5.345730  -0.137900   2.192820   5.795090  -1.025360
 -2.320720   6.175910   1.498110  -2.050280   7.174170   1.720290
  2.214130   5.345730  -0.137900   2.271650   6.032400   0.582200
 -3.578080   6.135960   0.879950  -3.743320   5.074610   0.546970
 -3.578080   6.135960   0.879950  -4.397100   6.423630   1.578960
 -3.578080   6.135960   0.879950  -3.585890   6.837870   0.004720
 -2.320720   6.175910   1.498110  -3.578080   6.135960   0.879950
 -1.141250   3.206770   2.152590  -0.834130   3.284510   0.820070
 -1.141250   3.206770   2.152590  -2.454790   2.970900   2.507000
 -1.141250   3.206770   2.152590  -0.283760   3.736210   3.080980
 -0.656510   1.443920   2.364270  -1.141250   3.206770   2.152590
 -0.294720  -0.011460   2.504380  -0.656510   1.443920   2.364270
 -0.294720  -0.011460   2.504380  -1.245290  -0.680460   3.537530
 -0.294720  -0.011460   2.504380   1.202060  -0.141870   2.950450
 -0.410050  -0.807600   1.141530  -0.294720  -0.011460   2.504380
  0.249880  -0.174240   0.058310  -0.410050  -0.807600   1.141530
  0.249880  -0.174240   0.058310  -0.064510  -0.714440  -0.869080
  0.249880  -0.174240   0.058310  -0.062480   0.903500   0.016050
  0.249880  -0.174240   0.058310   1.352720  -0.271020   0.222480
