33 atoms follow (x y z r g b radiusScale)
  0.375490  -0.128270   0.103270   0.000000   1.000000   0.000000   1.850000
  1.444270  -0.232940   0.421750   1.000000   1.000000   1.000000   1.200000
  0.090770   0.950080  -0.022710   1.000000   1.000000   1.000000   1.200000
  0.183470  -0.703160  -0.835740   1.000000   1.000000   1.000000   1.200000
 -0.442420  -0.693710   1.110920   1.000000   0.000000   0.000000   1.400000
 -0.300350   0.017860   2.516260   0.500000   0.500000   0.500000   1.900000
  1.167370  -0.140390   2.999600   1.000000   0.000000   0.000000   1.400000
 -1.178740  -0.778560   3.520470   1.000000   0.000000   0.000000   1.400000
 -0.753470   1.455130   2.449420   1.000000   0.000000   0.000000   1.400000
 -1.151070   3.197250   2.201080   1.000000   1.000000   0.000000   1.850000
 -0.456750   3.693480   3.286240   1.000000   0.000000   0.000000   1.400000
 -2.515810   3.094570   2.313590   1.000000   0.000000   0.000000   1.400000
 -0.623000   3.293400   0.934160   1.000000   0.000000   0.000000   1.400000
 -2.467770   6.469210   1.393950   1.000000   0.000000   0.000000   1.400000
 -3.807200   6.231670   0.982710   0.000000   1.000000   0.000000   1.850000
 -4.200210   7.141640   0.473270   1.000000   1.000000   1.000000   1.200000
 -4.463120   5.952570   1.829460   1.000000   1.000000   1.000000   1.200000
 -3.691020   5.393280   0.245490   1.000000   1.000000   1.000000   1.200000
  2.417140   4.972530  -0.240990   0.000000   0.000000   1.000000   1.540000
  2.029650   5.524710   0.494130   1.000000   1.000000   1.000000   1.200000
 -2.595780   7.179100   2.202810   1.000000   1.000000   1.000000   1.200000
  2.103430   5.326590  -1.117620   1.000000   1.000000   1.000000   1.200000
  2.085530   4.037390  -0.134940   1.000000   1.000000   1.000000   1.200000
  1.854300   2.207280   4.300600   0.000000   0.000000   1.000000   1.540000
  1.574700   0.572290   3.550680   1.000000   1.000000   1.000000   1.200000
  1.541480   2.925950   3.674370   1.000000   1.000000   1.000000   1.200000
  2.817840   2.355840   4.516450   1.000000   1.000000   1.000000   1.200000
  1.316960   2.273160   5.141140   1.000000   1.000000   1.000000   1.200000
 -3.509860   0.718410   3.769450   0.000000   0.000000   1.000000   1.540000
 -2.079100  -0.440950   3.725010   1.000000   1.000000   1.000000   1.200000
 -3.675680   1.283010   2.956990   1.000000   1.000000   1.000000   1.200000
 -3.303100   1.327570   4.534750   1.000000   1.000000   1.000000   1.200000
 -4.327960   0.188930   3.985350   1.000000   1.000000   1.000000   1.200000
28 bonds follow (x1 y1 z1 x2 y2 z2)
 -3.509860   0.718410   3.769450  -4.327960   0.188930   3.985350
 -3.509860   0.718410   3.769450  -3.303100   1.327570   4.534750
 -3.509860   0.718410   3.769450  -3.675680   1.283010   2.956990
 -1.178740  -0.778560   3.520470  -2.079100  -0.440950   3.725010
  1.854300   2.207280   4.300600   1.316960   2.273160   5.141140
  1.854300   2.207280   4.300600   2.817840   2.355840   4.516450
  1.854300   2.207280   4.300600   1.541480   2.925950   3.674370
  1.167370  -0.140390   2.999600   1.574700   0.572290   3.550680
  2.417140   4.972530  -0.240990   2.085530   4.037390  -0.134940
  2.417140   4.972530  -0.240990   2.103430   5.326590  -1.117620
 -2.467770   6.469210   1.393950  -2.595780   7.179100   2.202810
  2.417140   4.972530  -0.240990   2.029650   5.524710   0.494130
 -3.807200   6.231670   0.982710  -3.691020   5.393280   0.245490
 -3.807200   6.231670   0.982710  -4.463120   5.952570   1.829460
 -3.807200   6.231670   0.982710  -4.200210   7.141640   0.473270
 -2.467770   6.469210   1.393950  -3.807200   6.231670   0.982710
 -1.151070   3.197250   2.201080  -0.623000   3.293400   0.934160
 -1.151070   3.197250   2.201080  -2.515810   3.094570   2.313590
 -1.151070   3.197250   2.201080  -0.456750   3.693480   3.286240
 -0.753470   1.455130   2.449420  -1.151070   3.197250   2.201080
 -0.300350   0.017860   2.516260  -0.753470   1.455130   2.449420
 -0.300350   0.017860   2.516260  -1.178740  -0.778560   3.520470
 -0.300350   0.017860   2.516260   1.167370  -0.140390   2.999600
 -0.442420  -0.693710   1.110920  -0.300350   0.017860   2.516260
  0.375490  -0.128270   0.103270  -0.442420  -0.693710   1.110920
  0.375490  -0.128270   0.103270   0.183470  -0.703160  -0.835740
  0.375490  -0.128270   0.103270   0.090770   0.950080  -0.022710
  0.375490  -0.128270   0.103270   1.444270  -0.232940   0.421750
