33 atoms follow (x y z r g b radiusScale)
 -0.193080  -0.143060  -0.053110   0.000000   1.000000   0.000000   1.850000
  0.755890  -0.510230  -0.524920   1.000000   1.000000   1.000000   1.200000
 -0.207550   0.977850   0.027510   1.000000   1.000000   1.000000   1.200000
 -1.062550  -0.499920  -0.665660   1.000000   1.000000   1.000000   1.200000
 -0.307210  -0.741140   1.221360   1.000000   0.000000   0.000000   1.400000
 -0.246250   0.174290   2.518270   0.500000   0.500000   0.500000   1.900000
  1.223250   0.012470   3.052980   1.000000   0.000000   0.000000   1.400000
 -1.183310  -0.489340   3.577030   1.000000   0.000000   0.000000   1.400000
 -0.663830   1.567780   2.234550   1.000000   0.000000   0.000000   1.400000
 -1.202110   3.396540   1.810020   1.000000   1.000000   0.000000   1.850000
 -0.129920   3.809620   2.658350   1.000000   0.000000   0.000000   1.400000
 -2.445380   3.119170   2.349990   1.000000   0.000000   0.000000   1.400000
 -0.733410   3.102530   0.500500   1.000000   0.000000   0.000000   1.400000
 -1.607800   5.061170   1.300530   1.000000   0.000000   0.000000   1.400000
 -2.746330   5.738900   1.708160   0.000000   1.000000   0.000000   1.850000
 -3.598350   5.510480   1.016280   1.000000   1.000000   1.000000   1.200000
 -2.529610   6.839770   1.674480   1.000000   1.000000   1.000000   1.200000
 -3.034670   5.447820   2.751900   1.000000   1.000000   1.000000   1.200000
  0.929740   5.281490   0.657680   0.000000   0.000000   1.000000   1.540000
  1.174590   4.585350   1.385160   1.000000   1.000000   1.000000   1.200000
  1.750720   5.669210   0.212270   1.000000   1.000000   1.000000   1.200000
  0.347340   5.990450   1.110260   1.000000   1.000000   1.000000   1.200000
  0.306360   4.788300  -0.024310   1.000000   1.000000   1.000000   1.200000
  1.464140   2.376380   4.791870   0.000000   0.000000   1.000000   1.540000
  1.587410   0.689710   3.640370   1.000000   1.000000   1.000000   1.200000
  0.917790   2.922480   4.149340   1.000000   1.000000   1.000000   1.200000
  2.357580   2.807200   4.901820   1.000000   1.000000   1.000000   1.200000
  1.005780   2.368070   5.678760   1.000000   1.000000   1.000000   1.200000
 -3.630270   0.954270   3.728350   0.000000   0.000000   1.000000   1.540000
 -2.085180  -0.130670   3.709160   1.000000   1.000000   1.000000   1.200000
 -3.836800   1.174760   2.773220   1.000000   1.000000   1.000000   1.200000
 -3.228100   1.777210   4.136370   1.000000   1.000000   1.000000   1.200000
 -4.478260   0.733230   4.205170   1.000000   1.000000   1.000000   1.200000
28 bonds follow (x1 y1 z1 x2 y2 z2)
 -3.630270   0.954270   3.728350  -4.478260   0.733230   4.205170
 -3.630270   0.954270   3.728350  -3.228100   1.777210   4.136370
 -3.630270   0.954270   3.728350  -3.836800   1.174760   2.773220
 -1.183310  -0.489340   3.577030  -2.085180  -0.130670   3.709160
  1.464140   2.376380   4.791870   1.005780   2.368070   5.678760
  1.464140   2.376380   4.791870   2.357580   2.807200   4.901820
  1.464140   2.376380   4.791870   0.917790   2.922480   4.149340
  1.223250   0.012470   3.052980   1.587410   0.689710   3.640370
  0.929740   5.281490   0.657680   0.306360   4.788300  -0.024310
  0.929740   5.281490   0.657680   0.347340   5.990450   1.110260
  0.929740   5.281490   0.657680   1.750720   5.669210   0.212270
  0.929740   5.281490   0.657680   1.174590   4.585350   1.385160
 -2.746330   5.738900   1.708160  -3.034670   5.447820   2.751900
 -2.746330   5.738900   1.708160  -2.529610   6.839770   1.674480
 -2.746330   5.738900   1.708160  -3.598350   5.510480   1.016280
 -1.607800   5.061170   1.300530  -2.746330   5.738900   1.708160
 -1.202110   3.396540   1.810020  -1.607800   5.061170   1.300530
 -1.202110   3.396540   1.810020  -0.733410   3.102530   0.500500
 -1.202110   3.396540   1.810020  -2.445380   3.119170   2.349990
 -1.202110   3.396540   1.810020  -0.129920   3.809620   2.658350
 -0.246250   0.174290   2.518270  -0.663830   1.567780   2.234550
 -0.246250   0.174290   2.518270  -1.183310  -0.489340   3.577030
 -0.246250   0.174290   2.518270   1.223250   0.012470   3.052980
 -0.307210  -0.741140   1.221360  -0.246250   0.174290   2.518270
 -0.193080  -0.143060  -0.053110  -0.307210  -0.741140   1.221360
 -0.193080  -0.143060  -0.053110  -1.062550  -0.499920  -0.665660
 -0.193080  -0.143060  -0.053110  -0.207550   0.977850   0.027510
 -0.193080  -0.143060  -0.053110   0.755890  -0.510230  -0.524920
