33 atoms follow (x y z r g b radiusScale)
 -0.016030   0.008970  -0.018680   0.000000   1.000000   0.000000   1.850000
  1.102610  -0.016840  -0.038730   1.000000   1.000000   1.000000   1.200000
 -0.396460   1.067960  -0.012600   1.000000   1.000000   1.000000   1.200000
 -0.429980  -0.561330  -0.887570   1.000000   1.000000   1.000000   1.200000
 -0.456640  -0.659690   1.144980   1.000000   0.000000   0.000000   1.400000
 -0.312240   0.157190   2.500180   0.500000   0.500000   0.500000   1.900000
  1.161940  -0.093980   2.988760   1.000000   0.000000   0.000000   1.400000
 -1.226540  -0.598030   3.522180   1.000000   0.000000   0.000000   1.400000
 -0.599460   1.605710   2.339870   1.000000   0.000000   0.000000   1.400000
 -1.202060   3.451520   1.968840   1.000000   1.000000   0.000000   1.850000
 -0.068480   3.888210   2.706040   1.000000   0.000000   0.000000   1.400000
 -2.434620   3.163470   2.549710   1.000000   0.000000   0.000000   1.400000
 -0.867110   3.172390   0.611850   1.000000   0.000000   0.000000   1.400000
 -1.531320   5.146870   1.491840   1.000000   0.000000   0.000000   1.400000
 -2.826450   5.465500   1.122450   0.000000   1.000000   0.000000   1.850000
 -2.992020   5.206870   0.041750   1.000000   1.000000   1.000000   1.200000
 -2.981650   6.566680   1.262150   1.000000   1.000000   1.000000   1.200000
 -3.577120   4.913740   1.747730   1.000000   1.000000   1.000000   1.200000
  0.984130   5.306820   0.521740   0.000000   0.000000   1.000000   1.540000
  0.848510   5.192720   1.557160   1.000000   1.000000   1.000000   1.200000
  0.770090   6.264250   0.262070   1.000000   1.000000   1.000000   1.200000
  0.261920   4.667340   0.096330   1.000000   1.000000   1.000000   1.200000
  1.914280   5.046210   0.242530   1.000000   1.000000   1.000000   1.200000
  1.594420   2.270340   4.689360   0.000000   0.000000   1.000000   1.540000
  1.534370   0.534260   3.626160   1.000000   1.000000   1.000000   1.200000
  1.099810   2.884610   4.066500   1.000000   1.000000   1.000000   1.200000
  2.526600   2.605720   4.807740   1.000000   1.000000   1.000000   1.200000
  1.140260   2.274100   5.578200   1.000000   1.000000   1.000000   1.200000
 -3.625600   0.926540   3.788480   0.000000   0.000000   1.000000   1.540000
 -2.130020  -0.265020   3.690610   1.000000   1.000000   1.000000   1.200000
 -3.866700   1.202420   2.856310   1.000000   1.000000   1.000000   1.200000
 -3.217940   1.727210   4.233750   1.000000   1.000000   1.000000   1.200000
 -4.456250   0.667600   4.277190   1.000000   1.000000   1.000000   1.200000
28 bonds follow (x1 y1 z1 x2 y2 z2)
 -3.625600   0.926540   3.788480  -4.456250   0.667600   4.277190
 -3.625600   0.926540   3.788480  -3.217940   1.727210   4.233750
 -3.625600   0.926540   3.788480  -3.866700   1.202420   2.856310
 -1.226540  -0.598030   3.522180  -2.130020  -0.265020   3.690610
  1.594420   2.270340   4.689360   1.140260   2.274100   5.578200
  1.594420   2.270340   4.689360   2.526600   2.605720   4.807740
  1.594420   2.270340   4.689360   1.099810   2.884610   4.066500
  1.161940  -0.093980   2.988760   1.534370   0.534260   3.626160
  0.984130   5.306820   0.521740   1.914280   5.046210   0.242530
  0.984130   5.306820   0.521740   0.261920   4.667340   0.096330
  0.984130   5.306820   0.521740   0.770090   6.264250   0.262070
  0.984130   5.306820   0.521740   0.848510   5.192720   1.557160
 -2.826450   5.465500   1.122450  -3.577120   4.913740   1.747730
 -2.826450   5.465500   1.122450  -2.981650   6.566680   1.262150
 -2.826450   5.465500   1.122450  -2.992020   5.206870   0.041750
 -1.531320   5.146870   1.491840  -2.826450   5.465500   1.122450
 -1.202060   3.451520   1.968840  -1.531320   5.146870   1.491840
 -1.202060   3.451520   1.968840  -0.867110   3.172390   0.611850
 -1.202060   3.451520   1.968840  -2.434620   3.163470   2.549710
 -1.202060   3.451520   1.968840  -0.068480   3.888210   2.706040
 -0.312240   0.157190   2.500180  -0.599460   1.605710   2.339870
 -0.312240   0.157190   2.500180  -1.226540  -0.598030   3.522180
 -0.312240   0.157190   2.500180   1.161940  -0.093980   2.988760
 -0.456640  -0.659690   1.144980  -0.312240   0.157190   2.500180
 -0.016030   0.008970  -0.018680  -0.456640  -0.659690   1.144980
 -0.016030   0.008970  -0.018680  -0.429980  -0.561330  -0.887570
 -0.016030   0.008970  -0.018680  -0.396460   1.067960  -0.012600
 -0.016030   0.008970  -0.018680   1.102610  -0.016840  -0.038730
