33 atoms follow (x y z r g b radiusScale)
  0.283350  -0.169510   0.078860   0.000000   1.000000   0.000000   1.850000
  1.380180  -0.295950   0.261330   1.000000   1.000000   1.000000   1.200000
 -0.000450   0.917190   0.042860   1.000000   1.000000   1.000000   1.200000
 -0.024230  -0.685780  -0.863990   1.000000   1.000000   1.000000   1.200000
 -0.414630  -0.794410   1.141960   1.000000   0.000000   0.000000   1.400000
 -0.275510  -0.002770   2.509060   0.500000   0.500000   0.500000   1.900000
  1.211600  -0.155630   2.948230   1.000000   0.000000   0.000000   1.400000
 -1.228470  -0.705910   3.521590   1.000000   0.000000   0.000000   1.400000
 -0.704590   1.438310   2.398760   1.000000   0.000000   0.000000   1.400000
 -1.147410   3.195500   2.165840   1.000000   1.000000   0.000000   1.850000
 -0.325560   3.739720   3.125340   1.000000   0.000000   0.000000   1.400000
 -2.469160   3.004270   2.461660   1.000000   0.000000   0.000000   1.400000
 -0.797890   3.316950   0.845730   1.000000   0.000000   0.000000   1.400000
 -2.352180   6.236470   1.470090   1.000000   0.000000   0.000000   1.400000
 -3.637640   6.172750   0.897700   0.000000   1.000000   0.000000   1.850000
 -3.773370   6.940590   0.091540   1.000000   1.000000   1.000000   1.200000
 -4.427800   6.299760   1.688880   1.000000   1.000000   1.000000   1.200000
 -3.693130   5.131790   0.486020   1.000000   1.000000   1.000000   1.200000
  2.285220   5.268680  -0.168320   0.000000   0.000000   1.000000   1.540000
  2.203370   5.951140   0.553240   1.000000   1.000000   1.000000   1.200000
 -2.257260   7.219140   1.798430   1.000000   1.000000   1.000000   1.200000
  2.247970   5.716930  -1.055770   1.000000   1.000000   1.000000   1.200000
  1.518850   4.630090  -0.089380   1.000000   1.000000   1.000000   1.200000
  1.828150   2.188080   4.463800   0.000000   0.000000   1.000000   1.540000
  1.612590   0.545780   3.508400   1.000000   1.000000   1.000000   1.200000
  1.536260   2.882340   3.799770   1.000000   1.000000   1.000000   1.200000
  2.774790   2.370250   4.725620   1.000000   1.000000   1.000000   1.200000
  1.249860   2.273190   5.274570   1.000000   1.000000   1.000000   1.200000
 -3.672960   0.812190   3.841540   0.000000   0.000000   1.000000   1.540000
 -2.107350  -0.312440   3.721670   1.000000   1.000000   1.000000   1.200000
 -3.724640   1.307230   2.970770   1.000000   1.000000   1.000000   1.200000
 -3.449250   1.472790   4.557750   1.000000   1.000000   1.000000   1.200000
 -4.560900   0.403390   4.043250   1.000000   1.000000   1.000000   1.200000
28 bonds follow (x1 y1 z1 x2 y2 z2)
 -3.672960   0.812190   3.841540  -4.560900   0.403390   4.043250
 -3.672960   0.812190   3.841540  -3.449250   1.472790   4.557750
 -3.672960   0.812190   3.841540  -3.724640   1.307230   2.970770
 -1.228470  -0.705910   3.521590  -2.107350  -0.312440   3.721670
  1.828150   2.188080   4.463800   1.249860   2.273190   5.274570
  1.828150   2.188080   4.463800   2.774790   2.370250   4.725620
  1.828150   2.188080   4.463800   1.536260   2.882340   3.799770
  1.211600  -0.155630   2.948230   1.612590   0.545780   3.508400
  2.285220   5.268680  -0.168320   1.518850   4.630090  -0.089380
  2.285220   5.268680  -0.168320   2.247970   5.716930  -1.055770
 -2.352180   6.236470   1.470090  -2.257260   7.219140   1.798430
  2.285220   5.268680  -0.168320   2.203370   5.951140   0.553240
 -3.637640   6.172750   0.897700  -3.693130   5.131790   0.486020
 -3.637640   6.172750   0.897700  -4.427800   6.299760   1.688880
 -3.637640   6.172750   0.897700  -3.773370   6.940590   0.091540
 -2.352180   6.236470   1.470090  -3.637640   6.172750   0.897700
 -1.147410   3.195500   2.165840  -0.797890   3.316950   0.845730
 -1.147410   3.195500   2.165840  -2.469160   3.004270   2.461660
 -1.147410   3.195500   2.165840  -0.325560   3.739720   3.125340
 -0.704590   1.438310   2.398760  -1.147410   3.195500   2.165840
 -0.275510  -0.002770   2.509060  -0.704590   1.438310   2.398760
 -0.275510  -0.002770   2.509060  -1.228470  -0.705910   3.521590
 -0.275510  -0.002770   2.509060   1.211600  -0.155630   2.948230
 -0.414630  -0.794410   1.141960  -0.275510  -0.002770   2.509060
  0.283350  -0.169510   0.078860  -0.414630  -0.794410   1.141960
  0.283350  -0.169510   0.078860  -0.024230  -0.685780  -0.863990
  0.283350  -0.169510   0.078860  -0.000450   0.917190   0.042860
  0.283350  -0.169510   0.078860   1.380180  -0.295950   0.261330
