33 atoms follow (x y z r g b radiusScale)
  0.364580  -0.144560   0.084380   0.000000   1.000000   0.000000   1.850000
  1.442640  -0.250320   0.365980   1.000000   1.000000   1.000000   1.200000
  0.083240   0.932790  -0.053300   1.000000   1.000000   1.000000   1.200000
  0.133130  -0.741650  -0.832750   1.000000   1.000000   1.000000   1.200000
 -0.426350  -0.690540   1.121970   1.000000   0.000000   0.000000   1.400000
 -0.299010   0.018990   2.526140   0.500000   0.500000   0.500000   1.900000
  1.171390  -0.142470   2.996120   1.000000   0.000000   0.000000   1.400000
 -1.184360  -0.777180   3.529980   1.000000   0.000000   0.000000   1.400000
 -0.727620   1.462070   2.430620   1.000000   0.000000   0.000000   1.400000
 -1.161350   3.211470   2.189940   1.000000   1.000000   0.000000   1.850000
 -0.437550   3.679090   3.266420   1.000000   0.000000   0.000000   1.400000
 -2.510600   3.091470   2.348750   1.000000   0.000000   0.000000   1.400000
 -0.648350   3.284930   0.915400   1.000000   0.000000   0.000000   1.400000
 -2.461880   6.436550   1.404760   1.000000   0.000000   0.000000   1.400000
 -3.767490   6.224350   0.956050   0.000000   1.000000   0.000000   1.850000
 -4.169700   7.092280   0.388310   1.000000   1.000000   1.000000   1.200000
 -4.434730   6.011390   1.827650   1.000000   1.000000   1.000000   1.200000
 -3.757930   5.307260   0.317270   1.000000   1.000000   1.000000   1.200000
  2.408230   5.028640  -0.230440   0.000000   0.000000   1.000000   1.540000
  2.025960   5.606400   0.488890   1.000000   1.000000   1.000000   1.200000
 -2.401430   7.123880   2.217840   1.000000   1.000000   1.000000   1.200000
  2.120360   5.411550  -1.105560   1.000000   1.000000   1.000000   1.200000
  2.006180   4.117260  -0.147240   1.000000   1.000000   1.000000   1.200000
  1.835510   2.182100   4.316880   0.000000   0.000000   1.000000   1.540000
  1.611170   0.594120   3.487030   1.000000   1.000000   1.000000   1.200000
  1.529120   2.890930   3.676140   1.000000   1.000000   1.000000   1.200000
  2.803860   2.317250   4.520070   1.000000   1.000000   1.000000   1.200000
  1.308380   2.279260   5.160400   1.000000   1.000000   1.000000   1.200000
 -3.536580   0.727230   3.785400   0.000000   0.000000   1.000000   1.540000
 -2.082110  -0.435900   3.734930   1.000000   1.000000   1.000000   1.200000
 -3.698570   1.268550   2.957190   1.000000   1.000000   1.000000   1.200000
 -3.334480   1.355540   4.536020   1.000000   1.000000   1.000000   1.200000
 -4.352330   0.198610   4.011270   1.000000   1.000000   1.000000   1.200000
28 bonds follow (x1 y1 z1 x2 y2 z2)
 -3.536580   0.727230   3.785400  -4.352330   0.198610   4.011270
 -3.536580   0.727230   3.785400  -3.334480   1.355540   4.536020
 -3.536580   0.727230   3.785400  -3.698570   1.268550   2.957190
 -1.184360  -0.777180   3.529980  -2.082110  -0.435900   3.734930
  1.835510   2.182100   4.316880   1.308380   2.279260   5.160400
  1.835510   2.182100   4.316880   2.803860   2.317250   4.520070
  1.835510   2.182100   4.316880   1.529120   2.890930   3.676140
  1.171390  -0.142470   2.996120   1.611170   0.594120   3.487030
  2.408230   5.028640  -0.230440   2.006180   4.117260  -0.147240
  2.408230   5.028640  -0.230440   2.120360   5.411550  -1.105560
 -2.461880   6.436550   1.404760  -2.401430   7.123880   2.217840
  2.408230   5.028640  -0.230440   2.025960   5.606400   0.488890
 -3.767490   6.224350   0.956050  -3.757930   5.307260   0.317270
 -3.767490   6.224350   0.956050  -4.434730   6.011390   1.827650
 -3.767490   6.224350   0.956050  -4.169700   7.092280   0.388310
 -2.461880   6.436550   1.404760  -3.767490   6.224350   0.956050
 -1.161350   3.211470   2.189940  -0.648350   3.284930   0.915400
 -1.161350   3.211470   2.189940  -2.510600   3.091470   2.348750
 -1.161350   3.211470   2.189940  -0.437550   3.679090   3.266420
 -0.727620   1.462070   2.430620  -1.161350   3.211470   2.189940
 -0.299010   0.018990   2.526140  -0.727620   1.462070   2.430620
 -0.299010   0.018990   2.526140  -1.184360  -0.777180   3.529980
 -0.299010   0.018990   2.526140   1.171390  -0.142470   2.996120
 -0.426350  -0.690540   1.121970  -0.299010   0.018990   2.526140
  0.364580  -0.144560   0.084380  -0.426350  -0.690540   1.121970
  0.364580  -0.144560   0.084380   0.133130  -0.741650  -0.832750
  0.364580  -0.144560   0.084380   0.083240   0.932790  -0.053300
  0.364580  -0.144560   0.084380   1.442640  -0.250320   0.365980
