33 atoms follow (x y z r g b radiusScale)
  0.051110  -0.092830   0.028400   0.000000   1.000000   0.000000   1.850000
  1.167180  -0.023180   0.052480   1.000000   1.000000   1.000000   1.200000
 -0.418790   0.926330  -0.003200   1.000000   1.000000   1.000000   1.200000
 -0.282140  -0.715430  -0.839820   1.000000   1.000000   1.000000   1.200000
 -0.381760  -0.776320   1.188620   1.000000   0.000000   0.000000   1.400000
 -0.321420   0.017210   2.550970   0.500000   0.500000   0.500000   1.900000
  1.157090  -0.144300   3.030570   1.000000   0.000000   0.000000   1.400000
 -1.245740  -0.732610   3.562970   1.000000   0.000000   0.000000   1.400000
 -0.677240   1.469050   2.349060   1.000000   0.000000   0.000000   1.400000
 -1.099210   3.261700   2.028190   1.000000   1.000000   0.000000   1.850000
 -0.120760   3.795750   2.824870   1.000000   0.000000   0.000000   1.400000
 -2.367180   3.123040   2.542630   1.000000   0.000000   0.000000   1.400000
 -0.955190   3.210800   0.663990   1.000000   0.000000   0.000000   1.400000
 -2.060020   5.807650   1.697530   1.000000   0.000000   0.000000   1.400000
 -3.174010   5.903610   0.813560   0.000000   1.000000   0.000000   1.850000
 -2.851250   5.792450  -0.248250   1.000000   1.000000   1.000000   1.200000
 -3.715590   6.868040   0.962360   1.000000   1.000000   1.000000   1.200000
 -3.806630   5.032450   1.107740   1.000000   1.000000   1.000000   1.200000
  1.643550   5.648470   0.081020   0.000000   0.000000   1.000000   1.540000
  1.513090   5.892670   1.040190   1.000000   1.000000   1.000000   1.200000
 -1.387570   6.509190   1.330030   1.000000   1.000000   1.000000   1.200000
  0.775770   5.729990  -0.403530   1.000000   1.000000   1.000000   1.200000
  1.948420   4.701730   0.038230   1.000000   1.000000   1.000000   1.200000
  1.679880   2.146150   4.631990   0.000000   0.000000   1.000000   1.540000
  1.514060   0.467730   3.703840   1.000000   1.000000   1.000000   1.200000
  1.377950   2.882370   4.019530   1.000000   1.000000   1.000000   1.200000
  2.643440   2.281920   4.855510   1.000000   1.000000   1.000000   1.200000
  1.146080   2.187830   5.474870   1.000000   1.000000   1.000000   1.200000
 -3.556110   0.895900   3.778490   0.000000   0.000000   1.000000   1.540000
 -2.150030  -0.387010   3.729060   1.000000   1.000000   1.000000   1.200000
 -3.760890   1.165320   2.835060   1.000000   1.000000   1.000000   1.200000
 -3.140950   1.691750   4.226230   1.000000   1.000000   1.000000   1.200000
 -4.411420   0.674120   4.243010   1.000000   1.000000   1.000000   1.200000
28 bonds follow (x1 y1 z1 x2 y2 z2)
 -3.556110   0.895900   3.778490  -4.411420   0.674120   4.243010
 -3.556110   0.895900   3.778490  -3.140950   1.691750   4.226230
 -3.556110   0.895900   3.778490  -3.760890   1.165320   2.835060
 -1.245740  -0.732610   3.562970  -2.150030  -0.387010   3.729060
  1.679880   2.146150   4.631990   1.146080   2.187830   5.474870
  1.679880   2.146150   4.631990   2.643440   2.281920   4.855510
  1.679880   2.146150   4.631990   1.377950   2.882370   4.019530
  1.157090  -0.144300   3.030570   1.514060   0.467730   3.703840
  1.643550   5.648470   0.081020   1.948420   4.701730   0.038230
  1.643550   5.648470   0.081020   0.775770   5.729990  -0.403530
 -2.060020   5.807650   1.697530  -1.387570   6.509190   1.330030
  1.643550   5.648470   0.081020   1.513090   5.892670   1.040190
 -3.174010   5.903610   0.813560  -3.806630   5.032450   1.107740
 -3.174010   5.903610   0.813560  -3.715590   6.868040   0.962360
 -3.174010   5.903610   0.813560  -2.851250   5.792450  -0.248250
 -2.060020   5.807650   1.697530  -3.174010   5.903610   0.813560
 -1.099210   3.261700   2.028190  -0.955190   3.210800   0.663990
 -1.099210   3.261700   2.028190  -2.367180   3.123040   2.542630
 -1.099210   3.261700   2.028190  -0.120760   3.795750   2.824870
 -0.677240   1.469050   2.349060  -1.099210   3.261700   2.028190
 -0.321420   0.017210   2.550970  -0.677240   1.469050   2.349060
 -0.321420   0.017210   2.550970  -1.245740  -0.732610   3.562970
 -0.321420   0.017210   2.550970   1.157090  -0.144300   3.030570
 -0.381760  -0.776320   1.188620  -0.321420   0.017210   2.550970
  0.051110  -0.092830   0.028400  -0.381760  -0.776320   1.188620
  0.051110  -0.092830   0.028400  -0.282140  -0.715430  -0.839820
  0.051110  -0.092830   0.028400  -0.418790   0.926330  -0.003200
  0.051110  -0.092830   0.028400   1.167180  -0.023180   0.052480
