33 atoms follow (x y z r g b radiusScale)
 -0.057320   0.009320   0.003900   0.000000   1.000000   0.000000   1.850000
  1.039860  -0.152430  -0.152520   1.000000   1.000000   1.000000   1.200000
 -0.302470   1.102870   0.095980   1.000000   1.000000   1.000000   1.200000
 -0.628340  -0.445500  -0.845240   1.000000   1.000000   1.000000   1.200000
 -0.452110  -0.679710   1.171370   1.000000   0.000000   0.000000   1.400000
 -0.296150   0.129400   2.530150   0.500000   0.500000   0.500000   1.900000
  1.205330  -0.052720   2.973650   1.000000   0.000000   0.000000   1.400000
 -1.169350  -0.696040   3.538270   1.000000   0.000000   0.000000   1.400000
 -0.693740   1.555620   2.418250   1.000000   0.000000   0.000000   1.400000
 -1.182150   3.441220   1.913240   1.000000   1.000000   0.000000   1.850000
 -0.139120   3.927140   2.739550   1.000000   0.000000   0.000000   1.400000
 -2.450630   3.137380   2.370740   1.000000   0.000000   0.000000   1.400000
 -0.739900   3.132190   0.602140   1.000000   0.000000   0.000000   1.400000
 -1.526550   5.137250   1.394870   1.000000   0.000000   0.000000   1.400000
 -2.804090   5.662170   1.369090   0.000000   1.000000   0.000000   1.850000
 -3.316480   5.380840   0.410400   1.000000   1.000000   1.000000   1.200000
 -2.734780   6.780200   1.431080   1.000000   1.000000   1.000000   1.200000
 -3.410750   5.280970   2.232140   1.000000   1.000000   1.000000   1.200000
  0.901200   5.295510   0.482380   0.000000   0.000000   1.000000   1.540000
  0.608590   5.464810   1.467720   1.000000   1.000000   1.000000   1.200000
  1.441720   6.060920   0.112360   1.000000   1.000000   1.000000   1.200000
  0.006960   5.156370  -0.031860   1.000000   1.000000   1.000000   1.200000
  1.413510   4.403160   0.454900   1.000000   1.000000   1.000000   1.200000
  1.538960   2.305850   4.701210   0.000000   0.000000   1.000000   1.540000
  1.559430   0.583950   3.614260   1.000000   1.000000   1.000000   1.200000
  1.005540   2.929800   4.121480   1.000000   1.000000   1.000000   1.200000
  2.446430   2.692990   4.849860   1.000000   1.000000   1.000000   1.200000
  1.084390   2.215590   5.585550   1.000000   1.000000   1.000000   1.200000
 -3.588200   0.947420   3.751240   0.000000   0.000000   1.000000   1.540000
 -2.071200  -0.380660   3.722560   1.000000   1.000000   1.000000   1.200000
 -3.835890   1.166900   2.805650   1.000000   1.000000   1.000000   1.200000
 -3.121580   1.754440   4.121150   1.000000   1.000000   1.000000   1.200000
 -4.422950   0.787780   4.274930   1.000000   1.000000   1.000000   1.200000
28 bonds follow (x1 y1 z1 x2 y2 z2)
 -3.588200   0.947420   3.751240  -4.422950   0.787780   4.274930
 -3.588200   0.947420   3.751240  -3.121580   1.754440   4.121150
 -3.588200   0.947420   3.751240  -3.835890   1.166900   2.805650
 -1.169350  -0.696040   3.538270  -2.071200  -0.380660   3.722560
  1.538960   2.305850   4.701210   1.084390   2.215590   5.585550
  1.538960   2.305850   4.701210   2.446430   2.692990   4.849860
  1.538960   2.305850   4.701210   1.005540   2.929800   4.121480
  1.205330  -0.052720   2.973650   1.559430   0.583950   3.614260
  0.901200   5.295510   0.482380   1.413510   4.403160   0.454900
  0.901200   5.295510   0.482380   0.006960   5.156370  -0.031860
  0.901200   5.295510   0.482380   1.441720   6.060920   0.112360
  0.901200   5.295510   0.482380   0.608590   5.464810   1.467720
 -2.804090   5.662170   1.369090  -3.410750   5.280970   2.232140
 -2.804090   5.662170   1.369090  -2.734780   6.780200   1.431080
 -2.804090   5.662170   1.369090  -3.316480   5.380840   0.410400
 -1.526550   5.137250   1.394870  -2.804090   5.662170   1.369090
 -1.182150   3.441220   1.913240  -1.526550   5.137250   1.394870
 -1.182150   3.441220   1.913240  -0.739900   3.132190   0.602140
 -1.182150   3.441220   1.913240  -2.450630   3.137380   2.370740
 -1.182150   3.441220   1.913240  -0.139120   3.927140   2.739550
 -0.296150   0.129400   2.530150  -0.693740   1.555620   2.418250
 -0.296150   0.129400   2.530150  -1.169350  -0.696040   3.538270
 -0.296150   0.129400   2.530150   1.205330  -0.052720   2.973650
 -0.452110  -0.679710   1.171370  -0.296150   0.129400   2.530150
 -0.057320   0.009320   0.003900  -0.452110  -0.679710   1.171370
 -0.057320   0.009320   0.003900  -0.628340  -0.445500  -0.845240
 -0.057320   0.009320   0.003900  -0.302470   1.102870   0.095980
 -0.057320   0.009320   0.003900   1.039860  -0.152430  -0.152520
