33 atoms follow (x y z r g b radiusScale)
 -0.558190  -0.156830  -0.040720   0.000000   1.000000   0.000000   1.850000
  0.213550  -0.443780  -0.801510   1.000000   1.000000   1.000000   1.200000
 -0.650200   0.961550   0.036140   1.000000   1.000000   1.000000   1.200000
 -1.537340  -0.622630  -0.328360   1.000000   1.000000   1.000000   1.200000
 -0.147640  -0.710320   1.191410   1.000000   0.000000   0.000000   1.400000
 -0.182170   0.182440   2.506500   0.500000   0.500000   0.500000   1.900000
  1.276570   0.083330   3.091040   1.000000   0.000000   0.000000   1.400000
 -1.079270  -0.603750   3.529020   1.000000   0.000000   0.000000   1.400000
 -0.599160   1.592660   2.324190   1.000000   0.000000   0.000000   1.400000
 -1.175110   3.418920   1.854240   1.000000   1.000000   0.000000   1.850000
 -0.079240   3.928060   2.608160   1.000000   0.000000   0.000000   1.400000
 -2.391590   3.039570   2.411120   1.000000   0.000000   0.000000   1.400000
 -0.785400   3.089040   0.530730   1.000000   0.000000   0.000000   1.400000
 -1.567660   5.064560   1.299080   1.000000   0.000000   0.000000   1.400000
 -2.486070   5.888940   1.918930   0.000000   1.000000   0.000000   1.850000
 -3.427030   5.326870   2.155000   1.000000   1.000000   1.000000   1.200000
 -2.721890   6.737950   1.225090   1.000000   1.000000   1.000000   1.200000
 -2.054930   6.304100   2.869560   1.000000   1.000000   1.000000   1.200000
  0.865000   5.207230   0.337410   0.000000   0.000000   1.000000   1.540000
  0.766040   5.268110   1.365740   1.000000   1.000000   1.000000   1.200000
  1.601650   5.795710  -0.015650   1.000000   1.000000   1.000000   1.200000
 -0.061800   5.467660  -0.044620   1.000000   1.000000   1.000000   1.200000
  1.013090   4.204300   0.109690   1.000000   1.000000   1.000000   1.200000
  1.121410   2.392800   4.971210   0.000000   0.000000   1.000000   1.540000
  1.525920   0.739610   3.757220   1.000000   1.000000   1.000000   1.200000
  0.849920   3.008480   4.224360   1.000000   1.000000   1.000000   1.200000
  1.853410   2.821270   5.496450   1.000000   1.000000   1.000000   1.200000
  0.338250   2.254350   5.575080   1.000000   1.000000   1.000000   1.200000
 -3.715220   0.806350   3.523500   0.000000   0.000000   1.000000   1.540000
 -1.985660  -0.291890   3.679710   1.000000   1.000000   1.000000   1.200000
 -4.000880   1.000590   2.584940   1.000000   1.000000   1.000000   1.200000
 -3.311570   1.650050   3.887930   1.000000   1.000000   1.000000   1.200000
 -4.521380   0.569390   4.063310   1.000000   1.000000   1.000000   1.200000
28 bonds follow (x1 y1 z1 x2 y2 z2)
 -3.715220   0.806350   3.523500  -4.521380   0.569390   4.063310
 -3.715220   0.806350   3.523500  -3.311570   1.650050   3.887930
 -3.715220   0.806350   3.523500  -4.000880   1.000590   2.584940
 -1.079270  -0.603750   3.529020  -1.985660  -0.291890   3.679710
  1.121410   2.392800   4.971210   0.338250   2.254350   5.575080
  1.121410   2.392800   4.971210   1.853410   2.821270   5.496450
  1.121410   2.392800   4.971210   0.849920   3.008480   4.224360
  1.276570   0.083330   3.091040   1.525920   0.739610   3.757220
  0.865000   5.207230   0.337410   1.013090   4.204300   0.109690
  0.865000   5.207230   0.337410  -0.061800   5.467660  -0.044620
  0.865000   5.207230   0.337410   1.601650   5.795710  -0.015650
  0.865000   5.207230   0.337410   0.766040   5.268110   1.365740
 -2.486070   5.888940   1.918930  -2.054930   6.304100   2.869560
 -2.486070   5.888940   1.918930  -2.721890   6.737950   1.225090
 -2.486070   5.888940   1.918930  -3.427030   5.326870   2.155000
 -1.567660   5.064560   1.299080  -2.486070   5.888940   1.918930
 -1.175110   3.418920   1.854240  -1.567660   5.064560   1.299080
 -1.175110   3.418920   1.854240  -0.785400   3.089040   0.530730
 -1.175110   3.418920   1.854240  -2.391590   3.039570   2.411120
 -1.175110   3.418920   1.854240  -0.079240   3.928060   2.608160
 -0.182170   0.182440   2.506500  -0.599160   1.592660   2.324190
 -0.182170   0.182440   2.506500  -1.079270  -0.603750   3.529020
 -0.182170   0.182440   2.506500   1.276570   0.083330   3.091040
 -0.147640  -0.710320   1.191410  -0.182170   0.182440   2.506500
 -0.558190  -0.156830  -0.040720  -0.147640  -0.710320   1.191410
 -0.558190  -0.156830  -0.040720  -1.537340  -0.622630  -0.328360
 -0.558190  -0.156830  -0.040720  -0.650200   0.961550   0.036140
 -0.558190  -0.156830  -0.040720   0.213550  -0.443780  -0.801510
