33 atoms follow (x y z r g b radiusScale)
 -0.314260  -0.191130  -0.056630   0.000000   1.000000   0.000000   1.850000
  0.628660  -0.438050  -0.611610   1.000000   1.000000   1.000000   1.200000
 -0.458530   0.920860   0.022200   1.000000   1.000000   1.000000   1.200000
 -1.180980  -0.666610  -0.586800   1.000000   1.000000   1.000000   1.200000
 -0.229000  -0.783900   1.224670   1.000000   0.000000   0.000000   1.400000
 -0.246250   0.159850   2.503320   0.500000   0.500000   0.500000   1.900000
  1.212420   0.084560   3.086950   1.000000   0.000000   0.000000   1.400000
 -1.159150  -0.500500   3.593930   1.000000   0.000000   0.000000   1.400000
 -0.643840   1.561610   2.224210   1.000000   0.000000   0.000000   1.400000
 -1.189020   3.382930   1.792320   1.000000   1.000000   0.000000   1.850000
 -0.121270   3.866430   2.604280   1.000000   0.000000   0.000000   1.400000
 -2.426930   2.993870   2.288550   1.000000   0.000000   0.000000   1.400000
 -0.751570   3.133230   0.465230   1.000000   0.000000   0.000000   1.400000
 -1.593490   5.067980   1.356170   1.000000   0.000000   0.000000   1.400000
 -2.688550   5.775850   1.812970   0.000000   1.000000   0.000000   1.850000
 -3.602820   5.500150   1.224840   1.000000   1.000000   1.000000   1.200000
 -2.481380   6.870650   1.676960   1.000000   1.000000   1.000000   1.200000
 -2.876310   5.566200   2.898880   1.000000   1.000000   1.000000   1.200000
  0.956660   5.300270   0.642390   0.000000   0.000000   1.000000   1.540000
  1.424670   4.509130   1.093490   1.000000   1.000000   1.000000   1.200000
  1.602160   5.945700   0.214890   1.000000   1.000000   1.000000   1.200000
  0.358420   5.739050   1.377800   1.000000   1.000000   1.000000   1.200000
  0.279200   4.884320  -0.043110   1.000000   1.000000   1.000000   1.200000
  1.403230   2.424290   4.821580   0.000000   0.000000   1.000000   1.540000
  1.450890   0.759620   3.745180   1.000000   1.000000   1.000000   1.200000
  0.891520   3.018450   4.192780   1.000000   1.000000   1.000000   1.200000
  2.316740   2.801090   4.957920   1.000000   1.000000   1.000000   1.200000
  0.934480   2.393750   5.702280   1.000000   1.000000   1.000000   1.200000
 -3.683810   0.962400   3.722700   0.000000   0.000000   1.000000   1.540000
 -2.041900  -0.123870   3.762690   1.000000   1.000000   1.000000   1.200000
 -3.780370   1.201460   2.753520   1.000000   1.000000   1.000000   1.200000
 -3.319460   1.772880   4.185460   1.000000   1.000000   1.000000   1.200000
 -4.585310   0.755240   4.097660   1.000000   1.000000   1.000000   1.200000
29 bonds follow (x1 y1 z1 x2 y2 z2)
 -3.683810   0.962400   3.722700  -4.585310   0.755240   4.097660
 -3.683810   0.962400   3.722700  -3.319460   1.772880   4.185460
 -3.683810   0.962400   3.722700  -3.780370   1.201460   2.753520
 -1.159150  -0.500500   3.593930  -2.041900  -0.123870   3.762690
  1.403230   2.424290   4.821580   0.934480   2.393750   5.702280
  1.403230   2.424290   4.821580   2.316740   2.801090   4.957920
  1.403230   2.424290   4.821580   0.891520   3.018450   4.192780
  1.212420   0.084560   3.086950   1.450890   0.759620   3.745180
  0.956660   5.300270   0.642390   0.279200   4.884320  -0.043110
  0.956660   5.300270   0.642390   0.358420   5.739050   1.377800
  0.956660   5.300270   0.642390   1.602160   5.945700   0.214890
  0.956660   5.300270   0.642390   1.424670   4.509130   1.093490
 -2.688550   5.775850   1.812970  -2.876310   5.566200   2.898880
 -2.688550   5.775850   1.812970  -2.481380   6.870650   1.676960
 -2.688550   5.775850   1.812970  -3.602820   5.500150   1.224840
 -1.593490   5.067980   1.356170  -2.688550   5.775850   1.812970
 -1.189020   3.382930   1.792320  -1.593490   5.067980   1.356170
 -1.189020   3.382930   1.792320  -0.751570   3.133230   0.465230
 -1.189020   3.382930   1.792320  -2.426930   2.993870   2.288550
 -1.189020   3.382930   1.792320  -0.121270   3.866430   2.604280
 -0.643840   1.561610   2.224210  -1.189020   3.382930   1.792320
 -0.246250   0.159850   2.503320  -0.643840   1.561610   2.224210
 -0.246250   0.159850   2.503320  -1.159150  -0.500500   3.593930
 -0.246250   0.159850   2.503320   1.212420   0.084560   3.086950
 -0.229000  -0.783900   1.224670  -0.246250   0.159850   2.503320
 -0.314260  -0.191130  -0.056630  -0.229000  -0.783900   1.224670
 -0.314260  -0.191130  -0.056630  -1.180980  -0.666610  -0.586800
 -0.314260  -0.191130  -0.056630  -0.458530   0.920860   0.022200
 -0.314260  -0.191130  -0.056630   0.628660  -0.438050  -0.611610
