33 atoms follow (x y z r g b radiusScale)
 -0.571150  -0.168300  -0.048340   0.000000   1.000000   0.000000   1.850000
  0.156560  -0.514140  -0.826990   1.000000   1.000000   1.000000   1.200000
 -0.604880   0.954510   0.001550   1.000000   1.000000   1.000000   1.200000
 -1.581710  -0.593980  -0.284070   1.000000   1.000000   1.000000   1.200000
 -0.131250  -0.704080   1.183210   1.000000   0.000000   0.000000   1.400000
 -0.191480   0.171340   2.509550   0.500000   0.500000   0.500000   1.900000
  1.254180   0.136740   3.098030   1.000000   0.000000   0.000000   1.400000
 -1.096580  -0.574430   3.546320   1.000000   0.000000   0.000000   1.400000
 -0.601120   1.582540   2.315400   1.000000   0.000000   0.000000   1.400000
 -1.151650   3.384110   1.830670   1.000000   1.000000   0.000000   1.850000
 -0.063380   3.887180   2.599690   1.000000   0.000000   0.000000   1.400000
 -2.383730   3.050410   2.373190   1.000000   0.000000   0.000000   1.400000
 -0.742530   3.082390   0.502680   1.000000   0.000000   0.000000   1.400000
 -1.605940   5.055850   1.323590   1.000000   0.000000   0.000000   1.400000
 -2.506710   5.913840   1.927890   0.000000   1.000000   0.000000   1.850000
 -3.513650   5.432960   2.025690   1.000000   1.000000   1.000000   1.200000
 -2.594600   6.834680   1.291010   1.000000   1.000000   1.000000   1.200000
 -2.141760   6.213330   2.946820   1.000000   1.000000   1.000000   1.200000
  0.832080   5.233170   0.389970   0.000000   0.000000   1.000000   1.540000
  0.664420   5.343980   1.408490   1.000000   1.000000   1.000000   1.200000
  1.567850   5.834360   0.052530   1.000000   1.000000   1.000000   1.200000
 -0.076900   5.430170  -0.057640   1.000000   1.000000   1.000000   1.200000
  1.026330   4.230060   0.231640   1.000000   1.000000   1.000000   1.200000
  1.149500   2.386100   4.969350   0.000000   0.000000   1.000000   1.540000
  1.480730   0.799230   3.771850   1.000000   1.000000   1.000000   1.200000
  0.904680   3.019710   4.228380   1.000000   1.000000   1.000000   1.200000
  1.942040   2.742860   5.459200   1.000000   1.000000   1.000000   1.200000
  0.383040   2.322650   5.605790   1.000000   1.000000   1.000000   1.200000
 -3.722870   0.813030   3.554510   0.000000   0.000000   1.000000   1.540000
 -2.020490  -0.314040   3.669700   1.000000   1.000000   1.000000   1.200000
 -3.896360   0.979470   2.581990   1.000000   1.000000   1.000000   1.200000
 -3.146600   1.571490   3.876230   1.000000   1.000000   1.000000   1.200000
 -4.595100   0.863690   4.039170   1.000000   1.000000   1.000000   1.200000
29 bonds follow (x1 y1 z1 x2 y2 z2)
 -3.722870   0.813030   3.554510  -4.595100   0.863690   4.039170
 -3.722870   0.813030   3.554510  -3.146600   1.571490   3.876230
 -3.722870   0.813030   3.554510  -3.896360   0.979470   2.581990
 -1.096580  -0.574430   3.546320  -2.020490  -0.314040   3.669700
  1.149500   2.386100   4.969350   0.383040   2.322650   5.605790
  1.149500   2.386100   4.969350   1.942040   2.742860   5.459200
  1.149500   2.386100   4.969350   0.904680   3.019710   4.228380
  1.254180   0.136740   3.098030   1.480730   0.799230   3.771850
  0.832080   5.233170   0.389970   1.026330   4.230060   0.231640
  0.832080   5.233170   0.389970  -0.076900   5.430170  -0.057640
  0.832080   5.233170   0.389970   1.567850   5.834360   0.052530
  0.832080   5.233170   0.389970   0.664420   5.343980   1.408490
 -2.506710   5.913840   1.927890  -2.141760   6.213330   2.946820
 -2.506710   5.913840   1.927890  -2.594600   6.834680   1.291010
 -2.506710   5.913840   1.927890  -3.513650   5.432960   2.025690
 -1.605940   5.055850   1.323590  -2.506710   5.913840   1.927890
 -1.151650   3.384110   1.830670  -1.605940   5.055850   1.323590
 -1.151650   3.384110   1.830670  -0.742530   3.082390   0.502680
 -1.151650   3.384110   1.830670  -2.383730   3.050410   2.373190
 -1.151650   3.384110   1.830670  -0.063380   3.887180   2.599690
 -0.601120   1.582540   2.315400  -1.151650   3.384110   1.830670
 -0.191480   0.171340   2.509550  -0.601120   1.582540   2.315400
 -0.191480   0.171340   2.509550  -1.096580  -0.574430   3.546320
 -0.191480   0.171340   2.509550   1.254180   0.136740   3.098030
 -0.131250  -0.704080   1.183210  -0.191480   0.171340   2.509550
 -0.571150  -0.168300  -0.048340  -0.131250  -0.704080   1.183210
 -0.571150  -0.168300  -0.048340  -1.581710  -0.593980  -0.284070
 -0.571150  -0.168300  -0.048340  -0.604880   0.954510   0.001550
 -0.571150  -0.168300  -0.048340   0.156560  -0.514140  -0.826990
