33 atoms follow (x y z r g b radiusScale)
  0.009180  -0.003780  -0.011880   0.000000   1.000000   0.000000   1.850000
  1.127590  -0.008470   0.003620   1.000000   1.000000   1.000000   1.200000
 -0.395900   1.043420  -0.024140   1.000000   1.000000   1.000000   1.200000
 -0.371960  -0.593150  -0.883520   1.000000   1.000000   1.000000   1.200000
 -0.456590  -0.676890   1.144750   1.000000   0.000000   0.000000   1.400000
 -0.310250   0.070520   2.526230   0.500000   0.500000   0.500000   1.900000
  1.169550  -0.048540   3.005570   1.000000   0.000000   0.000000   1.400000
 -1.259480  -0.619080   3.554040   1.000000   0.000000   0.000000   1.400000
 -0.673520   1.521670   2.376490   1.000000   0.000000   0.000000   1.400000
 -1.096330   3.260380   2.005460   1.000000   1.000000   0.000000   1.850000
 -0.082370   3.788070   2.771370   1.000000   0.000000   0.000000   1.400000
 -2.378600   3.213260   2.513510   1.000000   0.000000   0.000000   1.400000
 -0.933500   3.098380   0.638790   1.000000   0.000000   0.000000   1.400000
 -1.692380   5.402290   1.618410   1.000000   0.000000   0.000000   1.400000
 -2.869580   5.709420   0.906160   0.000000   1.000000   0.000000   1.850000
 -2.775420   5.357660  -0.151650   1.000000   1.000000   1.000000   1.200000
 -3.025160   6.817240   0.929010   1.000000   1.000000   1.000000   1.200000
 -3.716440   5.190980   1.416180   1.000000   1.000000   1.000000   1.200000
  1.046130   5.577730   0.354210   0.000000   0.000000   1.000000   1.540000
  1.358990   5.214950   1.231030   1.000000   1.000000   1.000000   1.200000
 -0.985780   5.870490   1.313500   1.000000   1.000000   1.000000   1.200000
  0.625070   4.824570  -0.155140   1.000000   1.000000   1.000000   1.200000
  1.819320   5.943450  -0.160150   1.000000   1.000000   1.000000   1.200000
  1.624830   2.223430   4.678060   0.000000   0.000000   1.000000   1.540000
  1.497220   0.610020   3.656010   1.000000   1.000000   1.000000   1.200000
  1.243850   2.955740   4.107520   1.000000   1.000000   1.000000   1.200000
  2.597860   2.392890   4.824270   1.000000   1.000000   1.000000   1.200000
  1.162940   2.226350   5.563100   1.000000   1.000000   1.000000   1.200000
 -3.582050   0.975280   3.754350   0.000000   0.000000   1.000000   1.540000
 -2.150740  -0.230990   3.713260   1.000000   1.000000   1.000000   1.200000
 -3.864120   1.209570   2.822990   1.000000   1.000000   1.000000   1.200000
 -3.198030   1.805630   4.164800   1.000000   1.000000   1.000000   1.200000
 -4.381040   0.685480   4.277380   1.000000   1.000000   1.000000   1.200000
28 bonds follow (x1 y1 z1 x2 y2 z2)
 -3.582050   0.975280   3.754350  -4.381040   0.685480   4.277380
 -3.582050   0.975280   3.754350  -3.198030   1.805630   4.164800
 -3.582050   0.975280   3.754350  -3.864120   1.209570   2.822990
 -1.259480  -0.619080   3.554040  -2.150740  -0.230990   3.713260
  1.624830   2.223430   4.678060   1.162940   2.226350   5.563100
  1.624830   2.223430   4.678060   2.597860   2.392890   4.824270
  1.624830   2.223430   4.678060   1.243850   2.955740   4.107520
  1.169550  -0.048540   3.005570   1.497220   0.610020   3.656010
  1.046130   5.577730   0.354210   1.819320   5.943450  -0.160150
  1.046130   5.577730   0.354210   0.625070   4.824570  -0.155140
 -1.692380   5.402290   1.618410  -0.985780   5.870490   1.313500
  1.046130   5.577730   0.354210   1.358990   5.214950   1.231030
 -2.869580   5.709420   0.906160  -3.716440   5.190980   1.416180
 -2.869580   5.709420   0.906160  -3.025160   6.817240   0.929010
 -2.869580   5.709420   0.906160  -2.775420   5.357660  -0.151650
 -1.692380   5.402290   1.618410  -2.869580   5.709420   0.906160
 -1.096330   3.260380   2.005460  -0.933500   3.098380   0.638790
 -1.096330   3.260380   2.005460  -2.378600   3.213260   2.513510
 -1.096330   3.260380   2.005460  -0.082370   3.788070   2.771370
 -0.673520   1.521670   2.376490  -1.096330   3.260380   2.005460
 -0.310250   0.070520   2.526230  -0.673520   1.521670   2.376490
 -0.310250   0.070520   2.526230  -1.259480  -0.619080   3.554040
 -0.310250   0.070520   2.526230   1.169550  -0.048540   3.005570
 -0.456590  -0.676890   1.144750  -0.310250   0.070520   2.526230
  0.009180  -0.003780  -0.011880  -0.456590  -0.676890   1.144750
  0.009180  -0.003780  -0.011880  -0.371960  -0.593150  -0.883520
  0.009180  -0.003780  -0.011880  -0.395900   1.043420  -0.024140
  0.009180  -0.003780  -0.011880   1.127590  -0.008470   0.003620
