33 atoms follow (x y z r g b radiusScale)
  0.192360  -0.190940   0.013060   0.000000   1.000000   0.000000   1.850000
  1.301890  -0.199480   0.154490   1.000000   1.000000   1.000000   1.200000
 -0.191970   0.856620  -0.106490   1.000000   1.000000   1.000000   1.200000
 -0.100790  -0.833450  -0.854470   1.000000   1.000000   1.000000   1.200000
 -0.409380  -0.776180   1.153720   1.000000   0.000000   0.000000   1.400000
 -0.310810   0.012200   2.513850   0.500000   0.500000   0.500000   1.900000
  1.161400  -0.136700   3.005260   1.000000   0.000000   0.000000   1.400000
 -1.270120  -0.644800   3.540760   1.000000   0.000000   0.000000   1.400000
 -0.598510   1.472950   2.304810   1.000000   0.000000   0.000000   1.400000
 -1.127220   3.173670   2.125370   1.000000   1.000000   0.000000   1.850000
 -0.235900   3.728810   3.005590   1.000000   0.000000   0.000000   1.400000
 -2.436810   3.023610   2.564540   1.000000   0.000000   0.000000   1.400000
 -0.864660   3.256710   0.781770   1.000000   0.000000   0.000000   1.400000
 -2.252390   6.065130   1.541310   1.000000   0.000000   0.000000   1.400000
 -3.487680   6.102500   0.849800   0.000000   1.000000   0.000000   1.850000
 -3.335470   6.572810  -0.151570   1.000000   1.000000   1.000000   1.200000
 -4.283270   6.642000   1.415650   1.000000   1.000000   1.000000   1.200000
 -3.731990   5.017210   0.770610   1.000000   1.000000   1.000000   1.200000
  2.098000   5.449450  -0.088810   0.000000   0.000000   1.000000   1.540000
  2.238730   6.124870   0.630940   1.000000   1.000000   1.000000   1.200000
 -2.090320   7.097400   1.682080   1.000000   1.000000   1.000000   1.200000
  1.924700   5.926290  -0.946410   1.000000   1.000000   1.000000   1.200000
  1.309720   4.876040   0.134500   1.000000   1.000000   1.000000   1.200000
  1.782250   2.188880   4.565570   0.000000   0.000000   1.000000   1.540000
  1.582950   0.585880   3.515230   1.000000   1.000000   1.000000   1.200000
  1.503450   2.890140   3.903090   1.000000   1.000000   1.000000   1.200000
  2.742830   2.325130   4.802070   1.000000   1.000000   1.000000   1.200000
  1.230690   2.297250   5.390960   1.000000   1.000000   1.000000   1.200000
 -3.641880   0.806630   3.849670   0.000000   0.000000   1.000000   1.540000
 -2.164690  -0.262210   3.721320   1.000000   1.000000   1.000000   1.200000
 -3.742410   1.227920   2.944620   1.000000   1.000000   1.000000   1.200000
 -3.393770   1.533570   4.491610   1.000000   1.000000   1.000000   1.200000
 -4.513800   0.407670   4.126310   1.000000   1.000000   1.000000   1.200000
28 bonds follow (x1 y1 z1 x2 y2 z2)
 -3.641880   0.806630   3.849670  -4.513800   0.407670   4.126310
 -3.641880   0.806630   3.849670  -3.393770   1.533570   4.491610
 -3.641880   0.806630   3.849670  -3.742410   1.227920   2.944620
 -1.270120  -0.644800   3.540760  -2.164690  -0.262210   3.721320
  1.782250   2.188880   4.565570   1.230690   2.297250   5.390960
  1.782250   2.188880   4.565570   2.742830   2.325130   4.802070
  1.782250   2.188880   4.565570   1.503450   2.890140   3.903090
  1.161400  -0.136700   3.005260   1.582950   0.585880   3.515230
  2.098000   5.449450  -0.088810   1.309720   4.876040   0.134500
  2.098000   5.449450  -0.088810   1.924700   5.926290  -0.946410
 -2.252390   6.065130   1.541310  -2.090320   7.097400   1.682080
  2.098000   5.449450  -0.088810   2.238730   6.124870   0.630940
 -3.487680   6.102500   0.849800  -3.731990   5.017210   0.770610
 -3.487680   6.102500   0.849800  -4.283270   6.642000   1.415650
 -3.487680   6.102500   0.849800  -3.335470   6.572810  -0.151570
 -2.252390   6.065130   1.541310  -3.487680   6.102500   0.849800
 -1.127220   3.173670   2.125370  -0.864660   3.256710   0.781770
 -1.127220   3.173670   2.125370  -2.436810   3.023610   2.564540
 -1.127220   3.173670   2.125370  -0.235900   3.728810   3.005590
 -0.598510   1.472950   2.304810  -1.127220   3.173670   2.125370
 -0.310810   0.012200   2.513850  -0.598510   1.472950   2.304810
 -0.310810   0.012200   2.513850  -1.270120  -0.644800   3.540760
 -0.310810   0.012200   2.513850   1.161400  -0.136700   3.005260
 -0.409380  -0.776180   1.153720  -0.310810   0.012200   2.513850
  0.192360  -0.190940   0.013060  -0.409380  -0.776180   1.153720
  0.192360  -0.190940   0.013060  -0.100790  -0.833450  -0.854470
  0.192360  -0.190940   0.013060  -0.191970   0.856620  -0.106490
  0.192360  -0.190940   0.013060   1.301890  -0.199480   0.154490
