33 atoms follow (x y z r g b radiusScale)
 -0.216950  -0.244670  -0.074260   0.000000   1.000000   0.000000   1.850000
  0.822360  -0.331880  -0.485460   1.000000   1.000000   1.000000   1.200000
 -0.546530   0.830670  -0.031450   1.000000   1.000000   1.000000   1.200000
 -0.910350  -0.845670  -0.717860   1.000000   1.000000   1.000000   1.200000
 -0.250730  -0.817040   1.214680   1.000000   0.000000   0.000000   1.400000
 -0.267660   0.151770   2.481730   0.500000   0.500000   0.500000   1.900000
  1.202470   0.022210   3.011070   1.000000   0.000000   0.000000   1.400000
 -1.090970  -0.609820   3.570910   1.000000   0.000000   0.000000   1.400000
 -0.659630   1.562430   2.260710   1.000000   0.000000   0.000000   1.400000
 -1.099960   3.446750   1.925520   1.000000   1.000000   0.000000   1.850000
  0.130840   3.842130   2.526300   1.000000   0.000000   0.000000   1.400000
 -2.249030   3.186700   2.654600   1.000000   0.000000   0.000000   1.400000
 -0.951620   3.194660   0.536770   1.000000   0.000000   0.000000   1.400000
 -1.490940   5.165510   1.598560   1.000000   0.000000   0.000000   1.400000
 -2.724070   5.757300   1.806010   0.000000   1.000000   0.000000   1.850000
 -3.031380   5.669550   2.880390   1.000000   1.000000   1.000000   1.200000
 -3.506680   5.273950   1.163310   1.000000   1.000000   1.000000   1.200000
 -2.640190   6.842400   1.530300   1.000000   1.000000   1.000000   1.200000
  0.800630   5.163400   0.247830   0.000000   0.000000   1.000000   1.540000
  0.867180   5.192480   1.284600   1.000000   1.000000   1.000000   1.200000
  1.468060   5.777080  -0.186490   1.000000   1.000000   1.000000   1.200000
 -0.175030   5.412380   0.027510   1.000000   1.000000   1.000000   1.200000
  0.915990   4.174710  -0.040700   1.000000   1.000000   1.000000   1.200000
  0.968340   2.507870   4.902960   0.000000   0.000000   1.000000   1.540000
  1.440660   0.487400   3.815700   1.000000   1.000000   1.000000   1.200000
  1.577920   2.936270   4.232560   1.000000   1.000000   1.000000   1.200000
  1.232720   2.813640   5.816450   1.000000   1.000000   1.000000   1.200000
  0.044090   2.845240   4.709430   1.000000   1.000000   1.000000   1.200000
 -3.600270   0.892270   3.394210   0.000000   0.000000   1.000000   1.540000
 -2.039390  -0.432200   3.657130   1.000000   1.000000   1.000000   1.200000
 -3.737660   1.310360   2.494350   1.000000   1.000000   1.000000   1.200000
 -3.175430   1.593560   3.973750   1.000000   1.000000   1.000000   1.200000
 -4.490680   0.655080   3.778650   1.000000   1.000000   1.000000   1.200000
28 bonds follow (x1 y1 z1 x2 y2 z2)
 -3.600270   0.892270   3.394210  -4.490680   0.655080   3.778650
 -3.600270   0.892270   3.394210  -3.175430   1.593560   3.973750
 -3.600270   0.892270   3.394210  -3.737660   1.310360   2.494350
 -1.090970  -0.609820   3.570910  -2.039390  -0.432200   3.657130
  0.968340   2.507870   4.902960   0.044090   2.845240   4.709430
  0.968340   2.507870   4.902960   1.232720   2.813640   5.816450
  0.968340   2.507870   4.902960   1.577920   2.936270   4.232560
  1.202470   0.022210   3.011070   1.440660   0.487400   3.815700
  0.800630   5.163400   0.247830   0.915990   4.174710  -0.040700
  0.800630   5.163400   0.247830  -0.175030   5.412380   0.027510
  0.800630   5.163400   0.247830   1.468060   5.777080  -0.186490
  0.800630   5.163400   0.247830   0.867180   5.192480   1.284600
 -2.724070   5.757300   1.806010  -2.640190   6.842400   1.530300
 -2.724070   5.757300   1.806010  -3.506680   5.273950   1.163310
 -2.724070   5.757300   1.806010  -3.031380   5.669550   2.880390
 -1.490940   5.165510   1.598560  -2.724070   5.757300   1.806010
 -1.099960   3.446750   1.925520  -1.490940   5.165510   1.598560
 -1.099960   3.446750   1.925520  -0.951620   3.194660   0.536770
 -1.099960   3.446750   1.925520  -2.249030   3.186700   2.654600
 -1.099960   3.446750   1.925520   0.130840   3.842130   2.526300
 -0.267660   0.151770   2.481730  -0.659630   1.562430   2.260710
 -0.267660   0.151770   2.481730  -1.090970  -0.609820   3.570910
 -0.267660   0.151770   2.481730   1.202470   0.022210   3.011070
 -0.250730  -0.817040   1.214680  -0.267660   0.151770   2.481730
 -0.216950  -0.244670  -0.074260  -0.250730  -0.817040   1.214680
 -0.216950  -0.244670  -0.074260  -0.910350  -0.845670  -0.717860
 -0.216950  -0.244670  -0.074260  -0.546530   0.830670  -0.031450
 -0.216950  -0.244670  -0.074260   0.822360  -0.331880  -0.485460
