33 atoms follow (x y z r g b radiusScale)
 -0.270390  -0.146900  -0.059830   0.000000   1.000000   0.000000   1.850000
  0.657160  -0.457000  -0.609510   1.000000   1.000000   1.000000   1.200000
 -0.340220   0.969910   0.033710   1.000000   1.000000   1.000000   1.200000
 -1.165790  -0.552200  -0.601620   1.000000   1.000000   1.000000   1.200000
 -0.237070  -0.758750   1.213460   1.000000   0.000000   0.000000   1.400000
 -0.245870   0.156400   2.506130   0.500000   0.500000   0.500000   1.900000
  1.265500   0.118380   2.961860   1.000000   0.000000   0.000000   1.400000
 -1.049580  -0.610150   3.623810   1.000000   0.000000   0.000000   1.400000
 -0.661590   1.559850   2.271450   1.000000   0.000000   0.000000   1.400000
 -1.145880   3.407570   1.900230   1.000000   1.000000   0.000000   1.850000
  0.099270   3.776630   2.494230   1.000000   0.000000   0.000000   1.400000
 -2.304510   3.142670   2.612320   1.000000   0.000000   0.000000   1.400000
 -0.962310   3.107510   0.520900   1.000000   0.000000   0.000000   1.400000
 -1.477690   5.126190   1.533640   1.000000   0.000000   0.000000   1.400000
 -2.617670   5.836030   1.845060   0.000000   1.000000   0.000000   1.850000
 -3.055000   5.493660   2.818910   1.000000   1.000000   1.000000   1.200000
 -3.385400   5.711140   1.035630   1.000000   1.000000   1.000000   1.200000
 -2.347810   6.923320   1.921050   1.000000   1.000000   1.000000   1.200000
  0.836350   5.157800   0.288910   0.000000   0.000000   1.000000   1.540000
  1.160240   4.623720   1.124430   1.000000   1.000000   1.000000   1.200000
  1.611270   5.502310  -0.261980   1.000000   1.000000   1.000000   1.200000
  0.229950   5.914610   0.645000   1.000000   1.000000   1.000000   1.200000
  0.219080   4.523010  -0.237120   1.000000   1.000000   1.000000   1.200000
  0.987530   2.511340   4.951230   0.000000   0.000000   1.000000   1.540000
  1.513490   0.682790   3.698970   1.000000   1.000000   1.000000   1.200000
  1.313810   3.044270   4.165920   1.000000   1.000000   1.000000   1.200000
  1.435670   2.843520   5.779230   1.000000   1.000000   1.000000   1.200000
  0.004200   2.674180   5.035140   1.000000   1.000000   1.000000   1.200000
 -3.686030   0.861370   3.377880   0.000000   0.000000   1.000000   1.540000
 -1.938690  -0.308340   3.847520   1.000000   1.000000   1.000000   1.200000
 -3.666950   1.370980   2.514460   1.000000   1.000000   1.000000   1.200000
 -3.428910   1.506860   4.099690   1.000000   1.000000   1.000000   1.200000
 -4.618770   0.547430   3.547020   1.000000   1.000000   1.000000   1.200000
29 bonds follow (x1 y1 z1 x2 y2 z2)
 -3.686030   0.861370   3.377880  -4.618770   0.547430   3.547020
 -3.686030   0.861370   3.377880  -3.428910   1.506860   4.099690
 -3.686030   0.861370   3.377880  -3.666950   1.370980   2.514460
 -1.049580  -0.610150   3.623810  -1.938690  -0.308340   3.847520
  0.987530   2.511340   4.951230   0.004200   2.674180   5.035140
  0.987530   2.511340   4.951230   1.435670   2.843520   5.779230
  0.987530   2.511340   4.951230   1.313810   3.044270   4.165920
  1.265500   0.118380   2.961860   1.513490   0.682790   3.698970
  0.836350   5.157800   0.288910   0.219080   4.523010  -0.237120
  0.836350   5.157800   0.288910   0.229950   5.914610   0.645000
  0.836350   5.157800   0.288910   1.611270   5.502310  -0.261980
  0.836350   5.157800   0.288910   1.160240   4.623720   1.124430
 -2.617670   5.836030   1.845060  -2.347810   6.923320   1.921050
 -2.617670   5.836030   1.845060  -3.385400   5.711140   1.035630
 -2.617670   5.836030   1.845060  -3.055000   5.493660   2.818910
 -1.477690   5.126190   1.533640  -2.617670   5.836030   1.845060
 -1.145880   3.407570   1.900230  -1.477690   5.126190   1.533640
 -1.145880   3.407570   1.900230  -0.962310   3.107510   0.520900
 -1.145880   3.407570   1.900230  -2.304510   3.142670   2.612320
 -1.145880   3.407570   1.900230   0.099270   3.776630   2.494230
 -0.661590   1.559850   2.271450  -1.145880   3.407570   1.900230
 -0.245870   0.156400   2.506130  -0.661590   1.559850   2.271450
 -0.245870   0.156400   2.506130  -1.049580  -0.610150   3.623810
 -0.245870   0.156400   2.506130   1.265500   0.118380   2.961860
 -0.237070  -0.758750   1.213460  -0.245870   0.156400   2.506130
 -0.270390  -0.146900  -0.059830  -0.237070  -0.758750   1.213460
 -0.270390  -0.146900  -0.059830  -1.165790  -0.552200  -0.601620
 -0.270390  -0.146900  -0.059830  -0.340220   0.969910   0.033710
 -0.270390  -0.146900  -0.059830   0.657160  -0.457000  -0.609510
