33 atoms follow (x y z r g b radiusScale)
  0.017290  -0.018420   0.007170   0.000000   1.000000   0.000000   1.850000
  1.135480  -0.008980   0.033120   1.000000   1.000000   1.000000   1.200000
 -0.396530   1.025330   0.018390   1.000000   1.000000   1.000000   1.200000
 -0.350150  -0.587030  -0.883230   1.000000   1.000000   1.000000   1.200000
 -0.447240  -0.723270   1.147360   1.000000   0.000000   0.000000   1.400000
 -0.300800   0.032940   2.529880   0.500000   0.500000   0.500000   1.900000
  1.174230  -0.070560   3.024370   1.000000   0.000000   0.000000   1.400000
 -1.259000  -0.643830   3.555840   1.000000   0.000000   0.000000   1.400000
 -0.683140   1.483910   2.382950   1.000000   0.000000   0.000000   1.400000
 -1.129920   3.232180   2.030470   1.000000   1.000000   0.000000   1.850000
 -0.069970   3.772740   2.724350   1.000000   0.000000   0.000000   1.400000
 -2.397620   3.158740   2.542950   1.000000   0.000000   0.000000   1.400000
 -0.886180   3.131340   0.676540   1.000000   0.000000   0.000000   1.400000
 -1.853810   5.584510   1.660390   1.000000   0.000000   0.000000   1.400000
 -2.997140   5.774980   0.866510   0.000000   1.000000   0.000000   1.850000
 -2.782280   5.441130  -0.181800   1.000000   1.000000   1.000000   1.200000
 -3.292550   6.854320   0.868060   1.000000   1.000000   1.000000   1.200000
 -3.814740   5.163450   1.304310   1.000000   1.000000   1.000000   1.200000
  1.300000   5.655500   0.230350   0.000000   0.000000   1.000000   1.540000
  1.338700   5.378170   1.197370   1.000000   1.000000   1.000000   1.200000
 -1.068230   6.313240   1.456460   1.000000   1.000000   1.000000   1.200000
  0.533290   5.148790  -0.179850   1.000000   1.000000   1.000000   1.200000
  2.146000   5.345270  -0.211040   1.000000   1.000000   1.000000   1.200000
  1.645820   2.195670   4.674520   0.000000   0.000000   1.000000   1.540000
  1.523270   0.648640   3.598670   1.000000   1.000000   1.000000   1.200000
  1.286560   2.920990   4.079200   1.000000   1.000000   1.000000   1.200000
  2.612680   2.366850   4.854520   1.000000   1.000000   1.000000   1.200000
  1.150100   2.206870   5.540650   1.000000   1.000000   1.000000   1.200000
 -3.561510   0.984270   3.742800   0.000000   0.000000   1.000000   1.540000
 -2.129330  -0.222890   3.741400   1.000000   1.000000   1.000000   1.200000
 -3.848000   1.199380   2.808370   1.000000   1.000000   1.000000   1.200000
 -3.185270   1.823250   4.142840   1.000000   1.000000   1.000000   1.200000
 -4.356320   0.695090   4.272200   1.000000   1.000000   1.000000   1.200000
28 bonds follow (x1 y1 z1 x2 y2 z2)
 -3.561510   0.984270   3.742800  -4.356320   0.695090   4.272200
 -3.561510   0.984270   3.742800  -3.185270   1.823250   4.142840
 -3.561510   0.984270   3.742800  -3.848000   1.199380   2.808370
 -1.259000  -0.643830   3.555840  -2.129330  -0.222890   3.741400
  1.645820   2.195670   4.674520   1.150100   2.206870   5.540650
  1.645820   2.195670   4.674520   2.612680   2.366850   4.854520
  1.645820   2.195670   4.674520   1.286560   2.920990   4.079200
  1.174230  -0.070560   3.024370   1.523270   0.648640   3.598670
  1.300000   5.655500   0.230350   2.146000   5.345270  -0.211040
  1.300000   5.655500   0.230350   0.533290   5.148790  -0.179850
 -1.853810   5.584510   1.660390  -1.068230   6.313240   1.456460
  1.300000   5.655500   0.230350   1.338700   5.378170   1.197370
 -2.997140   5.774980   0.866510  -3.814740   5.163450   1.304310
 -2.997140   5.774980   0.866510  -3.292550   6.854320   0.868060
 -2.997140   5.774980   0.866510  -2.782280   5.441130  -0.181800
 -1.853810   5.584510   1.660390  -2.997140   5.774980   0.866510
 -1.129920   3.232180   2.030470  -0.886180   3.131340   0.676540
 -1.129920   3.232180   2.030470  -2.397620   3.158740   2.542950
 -1.129920   3.232180   2.030470  -0.069970   3.772740   2.724350
 -0.683140   1.483910   2.382950  -1.129920   3.232180   2.030470
 -0.300800   0.032940   2.529880  -0.683140   1.483910   2.382950
 -0.300800   0.032940   2.529880  -1.259000  -0.643830   3.555840
 -0.300800   0.032940   2.529880   1.174230  -0.070560   3.024370
 -0.447240  -0.723270   1.147360  -0.300800   0.032940   2.529880
  0.017290  -0.018420   0.007170  -0.447240  -0.723270   1.147360
  0.017290  -0.018420   0.007170  -0.350150  -0.587030  -0.883230
  0.017290  -0.018420   0.007170  -0.396530   1.025330   0.018390
  0.017290  -0.018420   0.007170   1.135480  -0.008980   0.033120
