33 atoms follow (x y z r g b radiusScale)
  0.016290  -0.015470   0.001470   0.000000   1.000000   0.000000   1.850000
  1.134410  -0.007640   0.027320   1.000000   1.000000   1.000000   1.200000
 -0.396060   1.029680   0.010030   1.000000   1.000000   1.000000   1.200000
 -0.351180  -0.585240  -0.887900   1.000000   1.000000   1.000000   1.200000
 -0.450690  -0.716610   1.143290   1.000000   0.000000   0.000000   1.400000
 -0.301700   0.034820   2.530720   0.500000   0.500000   0.500000   1.900000
  1.177590  -0.064620   3.022980   1.000000   0.000000   0.000000   1.400000
 -1.262080  -0.639620   3.558190   1.000000   0.000000   0.000000   1.400000
 -0.677890   1.485950   2.382420   1.000000   0.000000   0.000000   1.400000
 -1.131530   3.238800   2.026780   1.000000   1.000000   0.000000   1.850000
 -0.068200   3.769930   2.729100   1.000000   0.000000   0.000000   1.400000
 -2.393930   3.165090   2.539910   1.000000   0.000000   0.000000   1.400000
 -0.888010   3.121710   0.674480   1.000000   0.000000   0.000000   1.400000
 -1.826730   5.562560   1.660840   1.000000   0.000000   0.000000   1.400000
 -2.981350   5.774710   0.864460   0.000000   1.000000   0.000000   1.850000
 -2.784630   5.417580  -0.176070   1.000000   1.000000   1.000000   1.200000
 -3.268870   6.852020   0.865550   1.000000   1.000000   1.000000   1.200000
 -3.779430   5.148550   1.346870   1.000000   1.000000   1.000000   1.200000
  1.268650   5.649700   0.245730   0.000000   0.000000   1.000000   1.540000
  1.337910   5.344220   1.198660   1.000000   1.000000   1.000000   1.200000
 -1.192850   6.191790   1.427410   1.000000   1.000000   1.000000   1.200000
  0.538910   5.099490  -0.171330   1.000000   1.000000   1.000000   1.200000
  2.128370   5.420910  -0.220120   1.000000   1.000000   1.000000   1.200000
  1.642250   2.200020   4.675230   0.000000   0.000000   1.000000   1.540000
  1.517460   0.650730   3.606380   1.000000   1.000000   1.000000   1.200000
  1.281700   2.928420   4.085770   1.000000   1.000000   1.000000   1.200000
  2.611430   2.364710   4.849130   1.000000   1.000000   1.000000   1.200000
  1.153050   2.209610   5.545130   1.000000   1.000000   1.000000   1.200000
 -3.563540   0.985030   3.743060   0.000000   0.000000   1.000000   1.540000
 -2.134130  -0.213760   3.736850   1.000000   1.000000   1.000000   1.200000
 -3.853740   1.202790   2.810580   1.000000   1.000000   1.000000   1.200000
 -3.188600   1.823700   4.144470   1.000000   1.000000   1.000000   1.200000
 -4.354970   0.689550   4.274230   1.000000   1.000000   1.000000   1.200000
28 bonds follow (x1 y1 z1 x2 y2 z2)
 -3.563540   0.985030   3.743060  -4.354970   0.689550   4.274230
 -3.563540   0.985030   3.743060  -3.188600   1.823700   4.144470
 -3.563540   0.985030   3.743060  -3.853740   1.202790   2.810580
 -1.262080  -0.639620   3.558190  -2.134130  -0.213760   3.736850
  1.642250   2.200020   4.675230   1.153050   2.209610   5.545130
  1.642250   2.200020   4.675230   2.611430   2.364710   4.849130
  1.642250   2.200020   4.675230   1.281700   2.928420   4.085770
  1.177590  -0.064620   3.022980   1.517460   0.650730   3.606380
  1.268650   5.649700   0.245730   2.128370   5.420910  -0.220120
  1.268650   5.649700   0.245730   0.538910   5.099490  -0.171330
 -1.826730   5.562560   1.660840  -1.192850   6.191790   1.427410
  1.268650   5.649700   0.245730   1.337910   5.344220   1.198660
 -2.981350   5.774710   0.864460  -3.779430   5.148550   1.346870
 -2.981350   5.774710   0.864460  -3.268870   6.852020   0.865550
 -2.981350   5.774710   0.864460  -2.784630   5.417580  -0.176070
 -1.826730   5.562560   1.660840  -2.981350   5.774710   0.864460
 -1.131530   3.238800   2.026780  -0.888010   3.121710   0.674480
 -1.131530   3.238800   2.026780  -2.393930   3.165090   2.539910
 -1.131530   3.238800   2.026780  -0.068200   3.769930   2.729100
 -0.677890   1.485950   2.382420  -1.131530   3.238800   2.026780
 -0.301700   0.034820   2.530720  -0.677890   1.485950   2.382420
 -0.301700   0.034820   2.530720  -1.262080  -0.639620   3.558190
 -0.301700   0.034820   2.530720   1.177590  -0.064620   3.022980
 -0.450690  -0.716610   1.143290  -0.301700   0.034820   2.530720
  0.016290  -0.015470   0.001470  -0.450690  -0.716610   1.143290
  0.016290  -0.015470   0.001470  -0.351180  -0.585240  -0.887900
  0.016290  -0.015470   0.001470  -0.396060   1.029680   0.010030
  0.016290  -0.015470   0.001470   1.134410  -0.007640   0.027320
