33 atoms follow (x y z r g b radiusScale)
 -0.064200  -0.034260  -0.016880   0.000000   1.000000   0.000000   1.850000
  1.021470  -0.233550  -0.210160   1.000000   1.000000   1.000000   1.200000
 -0.272830   1.067600   0.058870   1.000000   1.000000   1.000000   1.200000
 -0.675160  -0.495370  -0.835100   1.000000   1.000000   1.000000   1.200000
 -0.444430  -0.681660   1.177840   1.000000   0.000000   0.000000   1.400000
 -0.297190   0.127770   2.538420   0.500000   0.500000   0.500000   1.900000
  1.200220  -0.044360   2.995890   1.000000   0.000000   0.000000   1.400000
 -1.155310  -0.703440   3.559180   1.000000   0.000000   0.000000   1.400000
 -0.704400   1.545900   2.425050   1.000000   0.000000   0.000000   1.400000
 -1.182520   3.465530   1.887830   1.000000   1.000000   0.000000   1.850000
 -0.118530   3.903200   2.714090   1.000000   0.000000   0.000000   1.400000
 -2.460140   3.142260   2.305830   1.000000   0.000000   0.000000   1.400000
 -0.677610   3.169120   0.589940   1.000000   0.000000   0.000000   1.400000
 -1.556180   5.143270   1.429870   1.000000   0.000000   0.000000   1.400000
 -2.817300   5.705990   1.432470   0.000000   1.000000   0.000000   1.850000
 -3.370730   5.419230   0.499150   1.000000   1.000000   1.000000   1.200000
 -2.699710   6.821740   1.460380   1.000000   1.000000   1.000000   1.200000
 -3.407010   5.370430   2.324700   1.000000   1.000000   1.000000   1.200000
  0.864870   5.255080   0.490670   0.000000   0.000000   1.000000   1.540000
  0.630850   5.476020   1.479770   1.000000   1.000000   1.000000   1.200000
  1.522380   5.908040   0.096040   1.000000   1.000000   1.000000   1.200000
 -0.044230   5.250090  -0.012290   1.000000   1.000000   1.000000   1.200000
  1.209130   4.276720   0.472670   1.000000   1.000000   1.000000   1.200000
  1.525870   2.313920   4.701850   0.000000   0.000000   1.000000   1.540000
  1.521230   0.526430   3.709840   1.000000   1.000000   1.000000   1.200000
  0.984390   2.942690   4.136360   1.000000   1.000000   1.000000   1.200000
  2.428600   2.707380   4.860270   1.000000   1.000000   1.000000   1.200000
  1.072860   2.192820   5.583210   1.000000   1.000000   1.000000   1.200000
 -3.562570   0.933130   3.744650   0.000000   0.000000   1.000000   1.540000
 -2.078900  -0.440340   3.703290   1.000000   1.000000   1.000000   1.200000
 -3.785770   1.126820   2.786980   1.000000   1.000000   1.000000   1.200000
 -3.055520   1.728330   4.086720   1.000000   1.000000   1.000000   1.200000
 -4.413420   0.850140   4.260400   1.000000   1.000000   1.000000   1.200000
28 bonds follow (x1 y1 z1 x2 y2 z2)
 -3.562570   0.933130   3.744650  -4.413420   0.850140   4.260400
 -3.562570   0.933130   3.744650  -3.055520   1.728330   4.086720
 -3.562570   0.933130   3.744650  -3.785770   1.126820   2.786980
 -1.155310  -0.703440   3.559180  -2.078900  -0.440340   3.703290
  1.525870   2.313920   4.701850   1.072860   2.192820   5.583210
  1.525870   2.313920   4.701850   2.428600   2.707380   4.860270
  1.525870   2.313920   4.701850   0.984390   2.942690   4.136360
  1.200220  -0.044360   2.995890   1.521230   0.526430   3.709840
  0.864870   5.255080   0.490670   1.209130   4.276720   0.472670
  0.864870   5.255080   0.490670  -0.044230   5.250090  -0.012290
  0.864870   5.255080   0.490670   1.522380   5.908040   0.096040
  0.864870   5.255080   0.490670   0.630850   5.476020   1.479770
 -2.817300   5.705990   1.432470  -3.407010   5.370430   2.324700
 -2.817300   5.705990   1.432470  -2.699710   6.821740   1.460380
 -2.817300   5.705990   1.432470  -3.370730   5.419230   0.499150
 -1.556180   5.143270   1.429870  -2.817300   5.705990   1.432470
 -1.182520   3.465530   1.887830  -1.556180   5.143270   1.429870
 -1.182520   3.465530   1.887830  -0.677610   3.169120   0.589940
 -1.182520   3.465530   1.887830  -2.460140   3.142260   2.305830
 -1.182520   3.465530   1.887830  -0.118530   3.903200   2.714090
 -0.297190   0.127770   2.538420  -0.704400   1.545900   2.425050
 -0.297190   0.127770   2.538420  -1.155310  -0.703440   3.559180
 -0.297190   0.127770   2.538420   1.200220  -0.044360   2.995890
 -0.444430  -0.681660   1.177840  -0.297190   0.127770   2.538420
 -0.064200  -0.034260  -0.016880  -0.444430  -0.681660   1.177840
 -0.064200  -0.034260  -0.016880  -0.675160  -0.495370  -0.835100
 -0.064200  -0.034260  -0.016880  -0.272830   1.067600   0.058870
 -0.064200  -0.034260  -0.016880   1.021470  -0.233550  -0.210160
