33 atoms follow (x y z r g b radiusScale)
 -0.105610  -0.096750  -0.021500   0.000000   1.000000   0.000000   1.850000
  0.911610  -0.408530  -0.375810   1.000000   1.000000   1.000000   1.200000
 -0.179990   1.020070   0.089300   1.000000   1.000000   1.000000   1.200000
 -0.872830  -0.464720  -0.751730   1.000000   1.000000   1.000000   1.200000
 -0.370190  -0.737930   1.208360   1.000000   0.000000   0.000000   1.400000
 -0.304820   0.142370   2.529530   0.500000   0.500000   0.500000   1.900000
  1.188250  -0.007110   3.008440   1.000000   0.000000   0.000000   1.400000
 -1.158640  -0.640490   3.589000   1.000000   0.000000   0.000000   1.400000
 -0.671320   1.567450   2.343590   1.000000   0.000000   0.000000   1.400000
 -1.199610   3.436080   1.853720   1.000000   1.000000   0.000000   1.850000
 -0.147060   3.913940   2.682780   1.000000   0.000000   0.000000   1.400000
 -2.462680   3.072650   2.289600   1.000000   0.000000   0.000000   1.400000
 -0.744730   3.140470   0.545270   1.000000   0.000000   0.000000   1.400000
 -1.582760   5.118210   1.411130   1.000000   0.000000   0.000000   1.400000
 -2.800830   5.748440   1.582750   0.000000   1.000000   0.000000   1.850000
 -3.499690   5.477120   0.748190   1.000000   1.000000   1.000000   1.200000
 -2.623650   6.857220   1.566900   1.000000   1.000000   1.000000   1.200000
 -3.268000   5.459840   2.559640   1.000000   1.000000   1.000000   1.200000
  0.953160   5.285580   0.533040   0.000000   0.000000   1.000000   1.540000
  1.005710   5.178530   1.573700   1.000000   1.000000   1.000000   1.200000
  1.723680   5.814240   0.155680   1.000000   1.000000   1.000000   1.200000
  0.034060   5.744260   0.343780   1.000000   1.000000   1.000000   1.200000
  0.883740   4.333940   0.139060   1.000000   1.000000   1.000000   1.200000
  1.500560   2.332050   4.753320   0.000000   0.000000   1.000000   1.540000
  1.466790   0.556990   3.744410   1.000000   1.000000   1.000000   1.200000
  1.005290   2.966200   4.151600   1.000000   1.000000   1.000000   1.200000
  2.445360   2.636620   4.851160   1.000000   1.000000   1.000000   1.200000
  1.070800   2.328760   5.653900   1.000000   1.000000   1.000000   1.200000
 -3.525900   0.961750   3.702970   0.000000   0.000000   1.000000   1.540000
 -2.048040  -0.298830   3.800470   1.000000   1.000000   1.000000   1.200000
 -3.781710   1.106630   2.745280   1.000000   1.000000   1.000000   1.200000
 -3.125090   1.821650   4.029050   1.000000   1.000000   1.000000   1.200000
 -4.348790   0.764750   4.232000   1.000000   1.000000   1.000000   1.200000
28 bonds follow (x1 y1 z1 x2 y2 z2)
 -3.525900   0.961750   3.702970  -4.348790   0.764750   4.232000
 -3.525900   0.961750   3.702970  -3.125090   1.821650   4.029050
 -3.525900   0.961750   3.702970  -3.781710   1.106630   2.745280
 -1.158640  -0.640490   3.589000  -2.048040  -0.298830   3.800470
  1.500560   2.332050   4.753320   1.070800   2.328760   5.653900
  1.500560   2.332050   4.753320   2.445360   2.636620   4.851160
  1.500560   2.332050   4.753320   1.005290   2.966200   4.151600
  1.188250  -0.007110   3.008440   1.466790   0.556990   3.744410
  0.953160   5.285580   0.533040   0.883740   4.333940   0.139060
  0.953160   5.285580   0.533040   0.034060   5.744260   0.343780
  0.953160   5.285580   0.533040   1.723680   5.814240   0.155680
  0.953160   5.285580   0.533040   1.005710   5.178530   1.573700
 -2.800830   5.748440   1.582750  -3.268000   5.459840   2.559640
 -2.800830   5.748440   1.582750  -2.623650   6.857220   1.566900
 -2.800830   5.748440   1.582750  -3.499690   5.477120   0.748190
 -1.582760   5.118210   1.411130  -2.800830   5.748440   1.582750
 -1.199610   3.436080   1.853720  -1.582760   5.118210   1.411130
 -1.199610   3.436080   1.853720  -0.744730   3.140470   0.545270
 -1.199610   3.436080   1.853720  -2.462680   3.072650   2.289600
 -1.199610   3.436080   1.853720  -0.147060   3.913940   2.682780
 -0.304820   0.142370   2.529530  -0.671320   1.567450   2.343590
 -0.304820   0.142370   2.529530  -1.158640  -0.640490   3.589000
 -0.304820   0.142370   2.529530   1.188250  -0.007110   3.008440
 -0.370190  -0.737930   1.208360  -0.304820   0.142370   2.529530
 -0.105610  -0.096750  -0.021500  -0.370190  -0.737930   1.208360
 -0.105610  -0.096750  -0.021500  -0.872830  -0.464720  -0.751730
 -0.105610  -0.096750  -0.021500  -0.179990   1.020070   0.089300
 -0.105610  -0.096750  -0.021500   0.911610  -0.408530  -0.375810
