33 atoms follow (x y z r g b radiusScale)
 -0.456760  -0.075170  -0.054990   0.000000   1.000000   0.000000   1.850000
  0.489690  -0.105410  -0.656950   1.000000   1.000000   1.000000   1.200000
 -0.806160   0.982550   0.088610   1.000000   1.000000   1.000000   1.200000
 -1.235330  -0.691850  -0.576400   1.000000   1.000000   1.000000   1.200000
 -0.207270  -0.696760   1.186370   1.000000   0.000000   0.000000   1.400000
 -0.211180   0.148380   2.526400   0.500000   0.500000   0.500000   1.900000
  1.263210  -0.054920   3.062580   1.000000   0.000000   0.000000   1.400000
 -1.035050  -0.651340   3.603640   1.000000   0.000000   0.000000   1.400000
 -0.587810   1.572360   2.370970   1.000000   0.000000   0.000000   1.400000
 -1.190110   3.453230   1.860470   1.000000   1.000000   0.000000   1.850000
 -0.041340   3.943380   2.525040   1.000000   0.000000   0.000000   1.400000
 -2.377370   3.119090   2.490820   1.000000   0.000000   0.000000   1.400000
 -0.915310   3.103420   0.511590   1.000000   0.000000   0.000000   1.400000
 -1.582290   5.118460   1.363070   1.000000   0.000000   0.000000   1.400000
 -2.553400   5.946060   1.893630   0.000000   1.000000   0.000000   1.850000
 -3.208100   5.394570   2.617900   1.000000   1.000000   1.000000   1.200000
 -3.183900   6.348880   1.056600   1.000000   1.000000   1.000000   1.200000
 -2.060330   6.808020   2.419930   1.000000   1.000000   1.000000   1.200000
  0.912530   5.102320   0.293350   0.000000   0.000000   1.000000   1.540000
  1.330260   4.416650   0.937780   1.000000   1.000000   1.000000   1.200000
  1.605920   5.616680  -0.221530   1.000000   1.000000   1.000000   1.200000
  0.302710   5.714330   0.884430   1.000000   1.000000   1.000000   1.200000
  0.256970   4.577670  -0.317950   1.000000   1.000000   1.000000   1.200000
  1.042300   2.479560   5.020450   0.000000   0.000000   1.000000   1.540000
  1.417100   0.200130   3.974330   1.000000   1.000000   1.000000   1.200000
  0.935940   2.948880   4.138730   1.000000   1.000000   1.000000   1.200000
  1.805490   2.894010   5.513590   1.000000   1.000000   1.000000   1.200000
  0.210420   2.624140   5.554660   1.000000   1.000000   1.000000   1.200000
 -3.535520   0.764850   3.387690   0.000000   0.000000   1.000000   1.540000
 -1.971590  -0.426340   3.725090   1.000000   1.000000   1.000000   1.200000
 -3.814690   0.949540   2.445480   1.000000   1.000000   1.000000   1.200000
 -3.201790   1.629240   3.775220   1.000000   1.000000   1.000000   1.200000
 -4.332130   0.461090   3.906810   1.000000   1.000000   1.000000   1.200000
28 bonds follow (x1 y1 z1 x2 y2 z2)
 -3.535520   0.764850   3.387690  -4.332130   0.461090   3.906810
 -3.535520   0.764850   3.387690  -3.201790   1.629240   3.775220
 -3.535520   0.764850   3.387690  -3.814690   0.949540   2.445480
 -1.035050  -0.651340   3.603640  -1.971590  -0.426340   3.725090
  1.042300   2.479560   5.020450   0.210420   2.624140   5.554660
  1.042300   2.479560   5.020450   1.805490   2.894010   5.513590
  1.042300   2.479560   5.020450   0.935940   2.948880   4.138730
  1.263210  -0.054920   3.062580   1.417100   0.200130   3.974330
  0.912530   5.102320   0.293350   0.256970   4.577670  -0.317950
  0.912530   5.102320   0.293350   0.302710   5.714330   0.884430
  0.912530   5.102320   0.293350   1.605920   5.616680  -0.221530
  0.912530   5.102320   0.293350   1.330260   4.416650   0.937780
 -2.553400   5.946060   1.893630  -2.060330   6.808020   2.419930
 -2.553400   5.946060   1.893630  -3.183900   6.348880   1.056600
 -2.553400   5.946060   1.893630  -3.208100   5.394570   2.617900
 -1.582290   5.118460   1.363070  -2.553400   5.946060   1.893630
 -1.190110   3.453230   1.860470  -1.582290   5.118460   1.363070
 -1.190110   3.453230   1.860470  -0.915310   3.103420   0.511590
 -1.190110   3.453230   1.860470  -2.377370   3.119090   2.490820
 -1.190110   3.453230   1.860470  -0.041340   3.943380   2.525040
 -0.211180   0.148380   2.526400  -0.587810   1.572360   2.370970
 -0.211180   0.148380   2.526400  -1.035050  -0.651340   3.603640
 -0.211180   0.148380   2.526400   1.263210  -0.054920   3.062580
 -0.207270  -0.696760   1.186370  -0.211180   0.148380   2.526400
 -0.456760  -0.075170  -0.054990  -0.207270  -0.696760   1.186370
 -0.456760  -0.075170  -0.054990  -1.235330  -0.691850  -0.576400
 -0.456760  -0.075170  -0.054990  -0.806160   0.982550   0.088610
 -0.456760  -0.075170  -0.054990   0.489690  -0.105410  -0.656950
